# shadow point cont 2D ind 175  size 1172
# norm  0.1950903 -0.9807853  0.0000000
# angle  1.3744468
   3.48183641  -6.83683485
   3.49002227  -6.83531290
   3.50490256  -6.83306165
   3.51605956  -6.83028745
   3.51974921  -6.82912819
   3.53454282  -6.82429115
   3.54948999  -6.81990123
   3.56345510  -6.81534909
   3.56447247  -6.81471815
   3.57933291  -6.80992918
   3.59410960  -6.80507393
   3.60809978  -6.80050710
   3.60912404  -6.79981787
   3.62389053  -6.79507607
   3.63873325  -6.79118099
   3.65355345  -6.78636496
   3.65632323  -6.78538721
   3.66861005  -6.78047925
   3.68335553  -6.77635623
   3.69821493  -6.77166279
   3.70100227  -6.77069249
   3.71310356  -6.76616275
   3.72801252  -6.76172944
   3.74277791  -6.75758083
   3.74655331  -6.75584158
   3.75776106  -6.75153659
   3.77260701  -6.74764353
   3.78746775  -6.74295105
   3.79303948  -6.74113791
   3.80245736  -6.73767672
   3.81718104  -6.73263792
   3.83199672  -6.72692881
   3.83383319  -6.72597529
   3.84695607  -6.71876359
   3.86088109  -6.71128276
   3.86188605  -6.71047303
   3.87668948  -6.70204310
   3.88770977  -6.69622845
   3.89154818  -6.69364497
   3.90618402  -6.68579525
   3.91291246  -6.68154684
   3.92140848  -6.67622849
   3.93599111  -6.66830570
   3.93960384  -6.66628113
   3.95102237  -6.65931226
   3.96495265  -6.65183341
   3.96595763  -6.65102379
   3.98075751  -6.64259436
   3.99178180  -6.63678127
   3.99541718  -6.63478742
   4.01030942  -6.62643616
   4.01787411  -6.62201912
   4.02528458  -6.61736197
   4.03996675  -6.60959625
   4.04383037  -6.60707613
   4.05502163  -6.60064598
   4.06903045  -6.59239297
   4.07003546  -6.59158347
   4.08483185  -6.58315460
   4.09598141  -6.57753436
   4.09978771  -6.57488719
   4.11446727  -6.56623465
   4.12013241  -6.56263787
   4.12931040  -6.55598287
   4.13960992  -6.54770258
   4.14425141  -6.54305087
   4.15444443  -6.53279155
   4.15892076  -6.52799544
   4.16962371  -6.51723534
   4.17345253  -6.51364640
   4.18486577  -6.50281656
   4.18857903  -6.49909547
   4.19974188  -6.48794722
   4.20351721  -6.48429277
   4.21550290  -6.47305072
   4.21828788  -6.47026004
   4.23035614  -6.45816719
   4.23314113  -6.45537658
   4.24520947  -6.44328403
   4.24799449  -6.44049348
   4.26080075  -6.42818723
   4.26269067  -6.42636273
   4.27584743  -6.41352110
   4.27770414  -6.41166082
   4.29144129  -6.39842671
   4.29238753  -6.39751599
   4.30648584  -6.38375961
   4.30741421  -6.38282952
   4.32133971  -6.36887823
   4.32226808  -6.36794816
   4.33619369  -6.35399720
   4.33712206  -6.35306715
   4.35086547  -6.33904504
   4.35163882  -6.33802793
   4.35952879  -6.32405550
   4.36256838  -6.30937020
   4.36253142  -6.29444717
   4.36249453  -6.27952453
   4.36240059  -6.26469861
   4.36175037  -6.24968155
   4.36098807  -6.23475745
   4.36095152  -6.21983635
   4.36042394  -6.20494395
   4.35994780  -6.18999306
   4.35988766  -6.17513197
   4.35961921  -6.16022658
   4.35864482  -6.14530492
   4.35697395  -6.13065358
   4.35209866  -6.11578932
   4.35037348  -6.11325385
   4.34029343  -6.10101512
   4.33552403  -6.09458508
   4.32894416  -6.08619336
   4.32047482  -6.07503115
   4.31765381  -6.07130884
   4.30566003  -6.05713592
   4.30479442  -6.05615048
   4.29434822  -6.04133116
   4.29063849  -6.03666456
   4.28225933  -6.02643427
   4.27580857  -6.01882062
   4.26941259  -6.01137950
   4.26075136  -5.99927482
   4.25810543  -5.99635599
   4.24673494  -5.98157607
   4.24573656  -5.97975919
   4.23548808  -5.96659844
   4.23090768  -5.96092994
   4.22357721  -5.95153618
   4.21599182  -5.94233211
   4.21133904  -5.93682196
   4.20101236  -5.92360013
   4.19928840  -5.92162492
   4.18788789  -5.90685931
   4.18596614  -5.90403581
   4.17596025  -5.89174741
   4.17133313  -5.88613636
   4.16383418  -5.87681101
   4.15646558  -5.86640076
   4.15223339  -5.86145827
   4.14141765  -5.84791237
   4.14052028  -5.84694742
   4.12905147  -5.83215529
   4.12640758  -5.82922086
   4.11696494  -5.81726163
   4.11147559  -5.81054428
   4.10488524  -5.80236494
   4.09651941  -5.79091050
   4.09380241  -5.78712776
   4.08230899  -5.77254123
   4.08133776  -5.77153283
   4.07022548  -5.75746352
   4.06651974  -5.75279741
   4.05814074  -5.74257412
   4.05157633  -5.73412823
   4.04606998  -5.72768626
   4.03667227  -5.71542224
   4.03410418  -5.71246153
   4.02264472  -5.69774855
   4.02175326  -5.69678187
   4.01140966  -5.68278336
   4.00705213  -5.67793036
   3.99866426  -5.66767179
   3.99180758  -5.65861843
   3.98711968  -5.65288649
   3.97703608  -5.63975533
   3.97530270  -5.63774577
   3.96387434  -5.62310254
   3.96192090  -5.62026664
   3.95176841  -5.60818159
   3.94711817  -5.60250673
   3.93961520  -5.59323061
   3.93208258  -5.58294241
   3.92774709  -5.57804374
   3.91763535  -5.56486734
   3.91655235  -5.56311340
   3.90509914  -5.54843713
   3.90222862  -5.54478319
   3.89294925  -5.53348609
   3.88756491  -5.52677532
   3.88092336  -5.51861905
   3.87262736  -5.50715884
   3.86926351  -5.50322474
   3.85803086  -5.48922986
   3.85715549  -5.48825116
   3.84567600  -5.47354372
   3.84284573  -5.46983699
   3.83355263  -5.45861268
   3.82791176  -5.45118407
   3.82236666  -5.44369917
   3.81288339  -5.43169931
   3.81089497  -5.42900059
   3.79876872  -5.41406942
   3.79789348  -5.41309091
   3.78739127  -5.39930913
   3.78274984  -5.39366221
   3.77528563  -5.38440304
   3.76781957  -5.37500860
   3.76328809  -5.36924117
   3.75321156  -5.35610605
   3.75149105  -5.35410262
   3.74004514  -5.33946126
   3.73826831  -5.33751514
   3.72790950  -5.32452292
   3.72341671  -5.31875978
   3.71607437  -5.30937349
   3.70861675  -5.30004702
   3.70395334  -5.29443708
   3.69362304  -5.28050543
   3.69278432  -5.27957725
   3.68128738  -5.26482663
   3.67848440  -5.26108993
   3.66946545  -5.24969827
   3.66391950  -5.24313192
   3.65735037  -5.23478592
   3.64882054  -5.22465066
   3.64500941  -5.22012716
   3.63426305  -5.20568303
   3.63339864  -5.20470354
   3.62237131  -5.19048620
   3.61883552  -5.18649295
   3.60981440  -5.17508628
   3.60417703  -5.16766262
   3.59862952  -5.16018109
   3.58938129  -5.14893585
   3.58651934  -5.14530570
   3.57533366  -5.13039033
   3.57440219  -5.12945772
   3.56293873  -5.11566086
   3.55923327  -5.11096224
   3.55080012  -5.10071100
   3.54445318  -5.09219631
   3.53927081  -5.08537401
   3.52979480  -5.07338429
   3.52710895  -5.07049554
   3.51635026  -5.05600811
   3.51434879  -5.05332648
   3.50421527  -5.04106130
   3.49975082  -5.03532823
   3.49240282  -5.02594511
   3.48494961  -5.01662479
   3.48029577  -5.01102049
   3.47019644  -4.99786160
   3.46910170  -4.99616508
   3.45765784  -4.98145363
   3.45497916  -4.97855865
   3.44554012  -4.96653171
   3.44002759  -4.95994573
   3.43342722  -4.95161577
   3.42510071  -4.94131960
   3.42130976  -4.93669054
   3.41035528  -4.92254606
   3.40949858  -4.92155828
   3.39831611  -4.90665688
   3.39548926  -4.90295500
   3.38683932  -4.89195486
   3.38049513  -4.88344411
   3.37502524  -4.87684908
   3.36578226  -4.86561111
   3.36221686  -4.86175618
   3.35145852  -4.84725904
   3.35058426  -4.84628184
   3.33934093  -4.83232255
   3.33599158  -4.82833345
   3.32752179  -4.81722958
   3.32083578  -4.80898616
   3.31543175  -4.80230349
   3.30619316  -4.79013812
   3.30352231  -4.78721803
   3.29213532  -4.77251227
   3.29102013  -4.77080212
   3.28005116  -4.75758619
   3.27643712  -4.75284860
   3.26821488  -4.74247100
   3.26141176  -4.73338411
   3.25676730  -4.72778519
   3.24667370  -4.71463444
   3.24485128  -4.71270091
   3.23346660  -4.69800284
   3.23168175  -4.69607409
   3.22138688  -4.68307967
   3.21688087  -4.67738015
   3.20927228  -4.66818803
   3.20182431  -4.65887505
   3.19718230  -4.65327751
   3.18686573  -4.63936559
   3.18600949  -4.63837843
   3.17453984  -4.62370242
   3.17197118  -4.62074107
   3.16271394  -4.60859609
   3.15694498  -4.60129916
   3.15063509  -4.59368143
   3.14225641  -4.58250846
   3.13874688  -4.57861110
   3.12757686  -4.56464434
   3.12670305  -4.56366775
   3.11496540  -4.54923740
   3.11228882  -4.54634523
   3.10124187  -4.53413647
   3.09752002  -4.53041127
   3.08539618  -4.51926735
   3.08250629  -4.51658813
   3.06937791  -4.50456522
   3.06751709  -4.50270275
   3.05286924  -4.49035548
   3.05193739  -4.48943020
   3.03800035  -4.47637197
   3.03519012  -4.47450660
   3.02295697  -4.46351318
   3.01841989  -4.45965825
   3.00808015  -4.45046940
   3.00169012  -4.44474415
   2.99339009  -4.43721719
   2.98494425  -4.42984772
   2.97851784  -4.42416786
   2.96892078  -4.41518490
   2.96341758  -4.41044224
   2.95217915  -4.40029336
   2.94855805  -4.39738465
   2.93544028  -4.38536523
   2.93381364  -4.38420129
   2.91893259  -4.37116427
   2.91800386  -4.37023476
   2.90387827  -4.35738989
   2.90125834  -4.35533308
   2.88902387  -4.34432542
   2.88448738  -4.34047168
   2.87415008  -4.33128555
   2.86776457  -4.32556184
   2.85946649  -4.31803708
   2.85099460  -4.31069407
   2.84419404  -4.30453202
   2.83500111  -4.29601131
   2.82949917  -4.29127005
   2.81826163  -4.28112424
   2.81464134  -4.27821640
   2.80152122  -4.26624425
   2.79979863  -4.26514283
   2.78503149  -4.25200502
   2.78410156  -4.25107435
   2.76997238  -4.23823320
   2.76806222  -4.23641456
   2.75512181  -4.22517248
   2.75058588  -4.22131989
   2.74025093  -4.21213641
   2.73384317  -4.20643395
   2.72538739  -4.19909229
   2.71709797  -4.19155110
   2.71052810  -4.18604259
   2.70019584  -4.17684827
   2.69554689  -4.17219571
   2.68439093  -4.16195926
   2.68090540  -4.15893502
   2.66763470  -4.14711403
   2.66591245  -4.14601296
   2.65115914  -4.13287846
   2.65022943  -4.13194804
   2.63632784  -4.11977514
   2.63347867  -4.11705480
   2.62124973  -4.10605341
   2.61671432  -4.10220194
   2.60638165  -4.09302104
   2.59997415  -4.08732025
   2.59152022  -4.07998066
   2.58305674  -4.07264947
   2.57638760  -4.06631672
   2.56634204  -4.05774278
   2.56169414  -4.05309146
   2.55051698  -4.04288799
   2.54689822  -4.03998183
   2.53381133  -4.02797244
   2.53218568  -4.02680954
   2.51709470  -4.01400390
   2.51615425  -4.01308667
   2.50246449  -4.00072500
   2.49963289  -3.99796566
   2.48763800  -3.98763393
   2.48287164  -3.98311687
   2.47254116  -3.97393847
   2.46593766  -3.96847113
   2.45745933  -3.96116644
   2.44845604  -3.95336999
   2.44283513  -3.94877542
   2.43062546  -3.93870420
   2.42795260  -3.93670650
   2.41307024  -3.92554706
   2.41037310  -3.92354687
   2.39828165  -3.91519341
   2.39065186  -3.90896517
   2.38317882  -3.90343895
   2.37042600  -3.89382303
   2.36849114  -3.89205437
   2.35360776  -3.88089644
   2.35092941  -3.87889480
   2.33901997  -3.87030004
   2.33053553  -3.86390793
   2.32374526  -3.85875603
   2.31170689  -3.84940448
   2.30903446  -3.84740722
   2.29415005  -3.83625077
   2.29147229  -3.83424928
   2.27956377  -3.82565548
   2.27186315  -3.81947925
   2.26428834  -3.81411315
   2.25225469  -3.80476202
   2.24958246  -3.80276498
   2.23491974  -3.79223745
   2.23199730  -3.78961110
   2.21969056  -3.78064639
   2.21228353  -3.77503368
   2.20481226  -3.76950928
   2.19280710  -3.76012442
   2.19013508  -3.75812759
   2.17547126  -3.74760143
   2.17254800  -3.74497556
   2.16024220  -3.73601182
   2.15283667  -3.73039953
   2.14536596  -3.72487572
   2.13336405  -3.71549160
   2.13069222  -3.71349499
   2.11580466  -3.70234282
   2.11310321  -3.70034477
   2.10101636  -3.69199600
   2.09339428  -3.68577011
   2.08592413  -3.68024690
   2.07392544  -3.67086352
   2.07125381  -3.66886711
   2.05658776  -3.65834362
   2.05366285  -3.65571867
   2.04135889  -3.64675686
   2.03395629  -3.64114538
   2.02648669  -3.63562274
   2.01449120  -3.62624010
   2.01181976  -3.62424390
   1.99693002  -3.61309445
   1.99422684  -3.61109720
   1.98214171  -3.60275022
   1.97464371  -3.59633338
   1.96707171  -3.59097019
   1.95506124  -3.58162129
   1.95238999  -3.57962529
   1.93790146  -3.56891541
   1.93479509  -3.56648030
   1.92271080  -3.55813419
   1.91347084  -3.55152323
   1.90765017  -3.54726648
   1.89282081  -3.53788192
   1.89179897  -3.53713823
   1.87815301  -3.52926360
   1.86690717  -3.52199450
   1.86308864  -3.51937310
   1.84824753  -3.51096749
   1.84273248  -3.50715571
   1.83339163  -3.50167849
   1.81938185  -3.49252223
   1.81836009  -3.49177863
   1.80388368  -3.48371782
   1.79447743  -3.47739442
   1.78882515  -3.47381337
   1.77397883  -3.46542436
   1.77021809  -3.46272841
   1.75911981  -3.45615419
   1.74625377  -3.44761526
   1.74446891  -3.44657872
   1.72942681  -3.43843117
   1.72110313  -3.43282099
   1.71456998  -3.42916847
   1.69984221  -3.41973472
   1.69706714  -3.41778604
   1.68486341  -3.41059401
   1.67366573  -3.40326597
   1.67001045  -3.40130724
   1.65516067  -3.39293786
   1.64860968  -3.38839179
   1.64010378  -3.38307636
   1.62537183  -3.37451352
   1.62443873  -3.37363087
   1.61080942  -3.36569536
   1.59956659  -3.35842927
   1.59574911  -3.35580894
   1.58110839  -3.34711273
   1.57539320  -3.34359798
   1.56605475  -3.33812311
   1.55140939  -3.32949521
   1.55040950  -3.32867339
   1.53655936  -3.32016870
   1.52634870  -3.31364337
   1.52170831  -3.31085619
   1.50685572  -3.30246041
   1.50008076  -3.29916570
   1.49164519  -3.29566625
   1.47674726  -3.29364659
   1.46190532  -3.29271121
   1.44711137  -3.29267794
   1.43227052  -3.29267075
   1.41742976  -3.29266365
   1.40258781  -3.29209632
   1.38774725  -3.29209093
   1.37290677  -3.29208561
   1.35806638  -3.29208036
   1.34322608  -3.29207518
   1.32838587  -3.29207007
   1.31354575  -3.29206503
   1.29866084  -3.29170718
   1.28386599  -3.29167506
   1.26902612  -3.29166869
   1.25418633  -3.29166240
   1.23934663  -3.29165618
   1.22450700  -3.29165004
   1.20966746  -3.29164397
   1.19482799  -3.29163798
   1.17998861  -3.29163205
   1.16514930  -3.29162621
   1.15031007  -3.29162043
   1.13547091  -3.29161473
   1.12063183  -3.29160911
   1.10579282  -3.29160356
   1.09095271  -3.29106986
   1.07611503  -3.29159268
   1.06127624  -3.29158735
   1.04643752  -3.29158209
   1.03159771  -3.29105461
   1.01675914  -3.29105097
   1.00192177  -3.29156677
   0.98704084  -3.29065910
   0.97230837  -3.29102475
   0.95740550  -3.29103713
   0.94256838  -3.29154738
   0.92768839  -3.29063994
   0.91295521  -3.29101167
   0.89801255  -3.29063081
   0.88321510  -3.29060125
   0.86837716  -3.29059688
   0.85353928  -3.29059259
   0.83870146  -3.29058837
   0.82386370  -3.29058423
   0.80902599  -3.29058016
   0.79418833  -3.29057616
   0.77935074  -3.29057224
   0.76451214  -3.29007195
   0.74967570  -3.29056462
   0.73483722  -3.29006727
   0.71999983  -3.29006504
   0.70516353  -3.29055374
   0.69032521  -3.29006079
   0.67548797  -3.29005877
   0.66065078  -3.29005682
   0.64581364  -3.29005494
   0.63093915  -3.28963408
   0.61610144  -3.28870303
   0.60130183  -3.28867514
   0.58652721  -3.28910395
   0.57162876  -3.28959720
   0.55679187  -3.28959438
   0.54195502  -3.28959165
   0.52711822  -3.28958898
   0.51228145  -3.28958639
   0.49744472  -3.28958387
   0.48260803  -3.28958143
   0.46777044  -3.28910994
   0.45292822  -3.28913949
   0.43813020  -3.28954549
   0.42326068  -3.28910725
   0.40842417  -3.28910638
   0.39358768  -3.28910438
   0.37875122  -3.28910245
   0.36391480  -3.28910060
   0.34904410  -3.28865970
   0.33424216  -3.28863319
   0.31946533  -3.28906483
   0.30453555  -3.28865482
   0.28973320  -3.28862853
   0.27489693  -3.28862712
   0.26006068  -3.28862579
   0.24522445  -3.28862453
   0.23038825  -3.28862334
   0.21555206  -3.28862223
   0.20071590  -3.28862120
   0.18587975  -3.28862023
   0.17104282  -3.28815540
   0.15617453  -3.28771546
   0.14137073  -3.28768991
   0.12653466  -3.28768924
   0.11175586  -3.28812217
   0.09683090  -3.28771297
   0.08202651  -3.28768768
   0.06719049  -3.28768731
   0.05235447  -3.28768701
   0.03757493  -3.28812037
   0.02265165  -3.28771153
   0.00784649  -3.28768657
  -0.00698949  -3.28768656
  -0.02182682  -3.28724941
  -0.03663460  -3.28765829
  -0.05149740  -3.28768700
  -0.06636383  -3.28678433
  -0.08116925  -3.28722372
  -0.09595088  -3.28719393
  -0.11084191  -3.28722468
  -0.12567719  -3.28768921
  -0.14051381  -3.28722594
  -0.15537857  -3.28678773
  -0.17018501  -3.28722748
  -0.18502162  -3.28676443
  -0.19985758  -3.28676539
  -0.21469355  -3.28676642
  -0.22952953  -3.28676753
  -0.24436551  -3.28676871
  -0.25920151  -3.28676996
  -0.27403751  -3.28677129
  -0.28887352  -3.28677269
  -0.30370954  -3.28677417
  -0.31854558  -3.28677572
  -0.33338162  -3.28677734
  -0.34821825  -3.28631511
  -0.36308087  -3.28587814
  -0.37789038  -3.28585477
  -0.39272648  -3.28585669
  -0.40756205  -3.28632262
  -0.42239873  -3.28586075
  -0.43723489  -3.28586289
  -0.45207106  -3.28586511
  -0.46690726  -3.28586740
  -0.48174348  -3.28586976
  -0.49657972  -3.28587219
  -0.51141598  -3.28587470
  -0.52625227  -3.28587729
  -0.54108858  -3.28587995
  -0.55592492  -3.28588268
  -0.57075667  -3.28544884
  -0.58557692  -3.28585999
  -0.60042916  -3.28545473
  -0.61527056  -3.28543038
  -0.63010704  -3.28543348
  -0.64494356  -3.28543665
  -0.65978010  -3.28543990
  -0.66441696  -3.28497700
  -0.67461753  -3.28451536
  -0.68945413  -3.28451876
  -0.70429077  -3.28452223
  -0.71356328  -3.28498837
  -0.71912663  -3.28545363
  -0.72098162  -3.28499015
  -0.73396415  -3.28452939
  -0.74880090  -3.28453308
  -0.76363768  -3.28453685
  -0.77847450  -3.28454069
  -0.79331137  -3.28454460
  -0.80814827  -3.28454859
  -0.82298522  -3.28455265
  -0.83782221  -3.28455678
  -0.85265925  -3.28456099
  -0.86749633  -3.28456527
  -0.88233345  -3.28456963
  -0.89716208  -3.28367590
  -0.91200796  -3.28365060
  -0.92684523  -3.28365517
  -0.94168255  -3.28365982
  -0.95651992  -3.28366455
  -0.97135734  -3.28366934
  -0.98619482  -3.28367421
  -1.00103234  -3.28367916
  -1.01587019  -3.28322024
  -1.03070756  -3.28368927
  -1.04554551  -3.28323050
  -1.06038325  -3.28323574
  -1.07522104  -3.28324105
  -1.09005890  -3.28324644
  -1.10485722  -3.28328206
  -1.11973488  -3.28279344
  -1.13455826  -3.28323428
  -1.14939998  -3.28283327
  -1.16424918  -3.28281049
  -1.17908740  -3.28281632
  -1.19392569  -3.28282222
  -1.20876405  -3.28282820
  -1.22360247  -3.28283425
  -1.23844096  -3.28284037
  -1.25327951  -3.28284657
  -1.26811814  -3.28285284
  -1.28295683  -3.28285919
  -1.29779560  -3.28286561
  -1.31263443  -3.28287210
  -1.32746087  -3.28331360
  -1.33846922  -3.28546508
  -1.34216821  -3.28643378
  -1.35669686  -3.29159143
  -1.37126568  -3.29907164
  -1.37404770  -3.30092901
  -1.38633024  -3.30826514
  -1.39917279  -3.31566067
  -1.40100268  -3.31662701
  -1.41597109  -3.32586547
  -1.42423697  -3.33051857
  -1.43069145  -3.33429216
  -1.44561968  -3.34275873
  -1.45022529  -3.34547824
  -1.46048749  -3.35187198
  -1.47433698  -3.36023792
  -1.47529803  -3.36111253
  -1.49016592  -3.36951978
  -1.50115776  -3.37523855
  -1.50490095  -3.37797034
  -1.51975715  -3.38637996
  -1.52531808  -3.39001043
  -1.53457492  -3.39561279
  -1.54944519  -3.40401487
  -1.55129133  -3.40495955
  -1.56436517  -3.41317839
  -1.57631989  -3.41982584
  -1.57911808  -3.42165678
  -1.59407940  -3.42994848
  -1.60136214  -3.43455948
  -1.60875598  -3.43924414
  -1.62347195  -3.44760180
  -1.62622913  -3.44949158
  -1.63860157  -3.45688964
  -1.65147114  -3.46435752
  -1.65331213  -3.46531045
  -1.66825186  -3.47449342
  -1.67651597  -3.47922337
  -1.68307749  -3.48375415
  -1.69769822  -3.49130984
  -1.70155267  -3.49417065
  -1.71277755  -3.50143686
  -1.72653608  -3.50896536
  -1.72748839  -3.50985706
  -1.74238374  -3.51830246
  -1.75168586  -3.52381681
  -1.75730121  -3.52744680
  -1.77201631  -3.53587594
  -1.77574000  -3.53861541
  -1.78685095  -3.54607956
  -1.79788502  -3.55356660
  -1.80159580  -3.55635382
  -1.81651702  -3.56647090
  -1.81927840  -3.56835837
  -1.83136096  -3.57761964
  -1.83972169  -3.58322317
  -1.84635797  -3.58859830
  -1.86021368  -3.59797568
  -1.86120429  -3.59881661
  -1.87583963  -3.60837694
  -1.88240709  -3.61307278
  -1.89089335  -3.61935889
  -1.90369595  -3.62790464
  -1.90559912  -3.62969463
  -1.92058758  -3.64067521
  -1.92335939  -3.64252867
  -1.93543638  -3.65087040
  -1.94545863  -3.65756313
  -1.95012089  -3.66124929
  -1.96499279  -3.67154010
  -1.96682182  -3.67250991
  -1.97983138  -3.68174609
  -1.98810970  -3.68730223
  -1.99456494  -3.69200008
  -2.00855523  -3.70217195
  -2.00950662  -3.70306977
  -2.02440876  -3.71331660
  -2.02992769  -3.71707894
  -2.03921808  -3.72356912
  -2.05035363  -3.73180766
  -2.05403921  -3.73462875
  -2.06889631  -3.74489411
  -2.07165629  -3.74678517
  -2.08376073  -3.75517104
  -2.09305386  -3.76165257
  -2.09860730  -3.76539200
  -2.11333171  -3.77561661
  -2.11427390  -3.77652888
  -2.12846586  -3.78660749
  -2.13489102  -3.79124651
  -2.14314260  -3.79696203
  -2.15618589  -3.80626668
  -2.15800994  -3.80724483
  -2.17280647  -3.81748516
  -2.17838652  -3.82131543
  -2.18786872  -3.82842999
  -2.19882087  -3.83602434
  -2.20254252  -3.83880064
  -2.21728478  -3.84908637
  -2.21917609  -3.85090145
  -2.23242358  -3.86003175
  -2.24067116  -3.86562005
  -2.24708721  -3.87037428
  -2.26174780  -3.87981404
  -2.26268585  -3.88073203
  -2.27697632  -3.89078947
  -2.28341291  -3.89534637
  -2.29185674  -3.90173203
  -2.30450258  -3.91049370
  -2.30639098  -3.91231293
  -2.32124311  -3.92347064
  -2.32313607  -3.92528427
  -2.33611340  -3.93553515
  -2.34084842  -3.94005480
  -2.35107592  -3.94840289
  -2.35929450  -3.95503377
  -2.36594848  -3.96135965
  -2.37607898  -3.96978038
  -2.38082707  -3.97431175
  -2.39375471  -3.98464253
  -2.39566946  -3.98643564
  -2.41035431  -3.99861658
  -2.41128283  -3.99954618
  -2.42516476  -4.01088570
  -2.42901727  -4.01447048
  -2.44021726  -4.02369705
  -2.44669340  -4.02926057
  -2.45509732  -4.03664437
  -2.46357451  -4.04391859
  -2.46997909  -4.04960157
  -2.48102320  -4.05901993
  -2.48483055  -4.06263557
  -2.49854819  -4.07405182
  -2.49948934  -4.07496726
  -2.51436891  -4.08693599
  -2.51622663  -4.08879516
  -2.52941055  -4.09989229
  -2.53395509  -4.10367328
  -2.54406104  -4.11216802
  -2.55164687  -4.11851149
  -2.55911002  -4.12498189
  -2.56915342  -4.13357511
  -2.57396015  -4.13802876
  -2.58608636  -4.14823371
  -2.58879755  -4.15019047
  -2.60349666  -4.16242972
  -2.60444271  -4.16333891
  -2.61861964  -4.17516509
  -2.62141909  -4.17782970
  -2.63339602  -4.18734291
  -2.63987817  -4.19290816
  -2.64828450  -4.20029472
  -2.65661714  -4.20778014
  -2.66313727  -4.21333944
  -2.67422029  -4.22267861
  -2.67779755  -4.22562302
  -2.69178912  -4.23758362
  -2.69271824  -4.23851352
  -2.70751989  -4.25083324
  -2.71026859  -4.25274159
  -2.72240192  -4.26290259
  -2.72716563  -4.26734913
  -2.73747170  -4.27655139
  -2.74486123  -4.28219317
  -2.75232658  -4.28866606
  -2.76160492  -4.29706684
  -2.76717931  -4.30171809
  -2.77921135  -4.31196980
  -2.78184479  -4.31400376
  -2.79617199  -4.32660608
  -2.79713924  -4.32749055
  -2.81188944  -4.33971818
  -2.81470509  -4.34163685
  -2.82685888  -4.35170151
  -2.83238984  -4.35638824
  -2.84152837  -4.36400840
  -2.84986202  -4.37149684
  -2.85638414  -4.37705835
  -2.86819712  -4.38663118
  -2.87105291  -4.38934661
  -2.88494875  -4.40151043
  -2.88590687  -4.40240784
  -2.90074603  -4.41460581
  -2.90268433  -4.41636699
  -2.91569943  -4.42748114
  -2.92025115  -4.43135486
  -2.93070627  -4.44037364
  -2.93719800  -4.44594170
  -2.94537800  -4.45266852
  -2.95481836  -4.46084622
  -2.96027912  -4.46562540
  -2.97228157  -4.47596218
  -2.97513937  -4.47867654
  -2.98793268  -4.49085270
  -2.98976911  -4.49273414
  -3.00014049  -4.50555348
  -3.00470794  -4.51119955
  -3.01121125  -4.52043425
  -3.01942308  -4.53170617
  -3.02226019  -4.53548919
  -3.03264106  -4.55020237
  -3.03455669  -4.55295266
  -3.04315207  -4.56486663
  -3.04940694  -4.57341571
  -3.05381580  -4.57992805
  -3.06409794  -4.59406631
  -3.06499471  -4.59502181
  -3.07482824  -4.60951349
  -3.07936640  -4.61518262
  -3.08594324  -4.62440579
  -3.09407929  -4.63573325
  -3.09684537  -4.63951056
  -3.10796560  -4.65439678
  -3.10902103  -4.65616975
  -3.11853010  -4.66906215
  -3.12407163  -4.67653552
  -3.12959194  -4.68395457
  -3.13844968  -4.69748361
  -3.13946326  -4.69927304
  -3.15014139  -4.71372753
  -3.15369380  -4.71849774
  -3.16130353  -4.72861715
  -3.16860946  -4.73894828
  -3.17152813  -4.74350680
  -3.18246182  -4.75861153
  -3.18332768  -4.75959252
  -3.19296518  -4.77328076
  -3.19828556  -4.77998848
  -3.20410765  -4.78817605
  -3.21307794  -4.80050613
  -3.21504505  -4.80328136
  -3.22524509  -4.81817466
  -3.22781300  -4.82113516
  -3.23636354  -4.83306757
  -3.24283910  -4.84240200
  -3.24680948  -4.84792648
  -3.25714481  -4.86263610
  -3.25796807  -4.86363879
  -3.26804245  -4.87774465
  -3.27273627  -4.88423095
  -3.27917617  -4.89263942
  -3.28753397  -4.90475390
  -3.28949574  -4.90752803
  -3.30061347  -4.92242766
  -3.30253046  -4.92518004
  -3.31113921  -4.93710568
  -3.31739842  -4.94566134
  -3.32208539  -4.95214711
  -3.33164574  -4.96688774
  -3.33250194  -4.96787489
  -3.34346064  -4.98200797
  -3.34736399  -4.98745566
  -3.35396052  -4.99669073
  -3.36210234  -5.00802698
  -3.36485883  -5.01180341
  -3.37513177  -5.02669619
  -3.37710705  -5.02939874
  -3.38630239  -5.04159516
  -3.39200098  -5.04895426
  -3.39708696  -5.05609752
  -3.40658817  -5.07065088
  -3.40748049  -5.07161530
  -3.41822409  -5.08607353
  -3.42187353  -5.09078618
  -3.42935105  -5.10099189
  -3.43642521  -5.11147140
  -3.43934263  -5.11609732
  -3.45053199  -5.13099683
  -3.45139842  -5.13197863
  -3.46105112  -5.14568007
  -3.46637525  -5.15239326
  -3.47221016  -5.16059036
  -3.48140488  -5.17371153
  -3.48305655  -5.17571159
  -3.49335176  -5.19060910
  -3.49614538  -5.19433519
  -3.50387539  -5.20529954
  -3.51097037  -5.21486002
  -3.51489054  -5.22037902
  -3.52529078  -5.23511212
  -3.52611462  -5.23611565
  -3.53618409  -5.25022841
  -3.54088143  -5.25672002
  -3.54733459  -5.26513850
  -3.55569881  -5.27726284
  -3.55764147  -5.28003291
  -3.56815447  -5.29472591
  -3.57069912  -5.29770322
  -3.57932183  -5.30964140
  -3.58580372  -5.31898554
  -3.59028024  -5.32469692
  -3.60024135  -5.33890532
  -3.60109816  -5.33989333
  -3.61100313  -5.35436057
  -3.61544050  -5.36010967
  -3.62217591  -5.36927605
  -3.63032401  -5.38062179
  -3.63307100  -5.38439737
  -3.64334304  -5.39930014
  -3.64509210  -5.40125557
  -3.65452217  -5.41421178
  -3.66022507  -5.42157720
  -3.66535590  -5.42872275
  -3.67485358  -5.44224265
  -3.67591380  -5.44404602
  -3.68555091  -5.45872434
  -3.69009644  -5.46440420
  -3.69672892  -5.47364227
  -3.70511484  -5.48482801
  -3.70789704  -5.48857480
  -3.71880618  -5.50369053
  -3.71967324  -5.50467320
  -3.72934179  -5.51838884
  -3.73511552  -5.52664472
  -3.74050821  -5.53332945
  -3.74941183  -5.54664188
  -3.75116905  -5.54865575
  -3.76166515  -5.56335574
  -3.76446098  -5.56708509
  -3.77220887  -5.57806312
  -3.77930949  -5.58763200
  -3.78317941  -5.59314474
  -3.79339819  -5.60808501
  -3.79429680  -5.60904668
  -3.80483534  -5.62281123
  -3.80949631  -5.62933812
  -3.81540333  -5.63751886
  -3.82438942  -5.64987270
  -3.82627843  -5.65264077
  -3.83653274  -5.66756529
  -3.83930167  -5.67131570
  -3.84771653  -5.68249696
  -3.85420384  -5.69184936
  -3.85867468  -5.69757909
  -3.86864173  -5.71178263
  -3.86949918  -5.71277156
  -3.87942059  -5.72723980
  -3.88396874  -5.73292344
  -3.89060607  -5.74218491
  -3.89897927  -5.75432296
  -3.90149862  -5.75731552
  -3.91177040  -5.77222897
  -3.91374886  -5.77493627
  -3.92231198  -5.78695565
  -3.92836418  -5.79474611
  -3.93325780  -5.80203824
  -3.94331481  -5.81525560
  -3.94441405  -5.81699772
  -3.95495146  -5.83173210
  -3.95851211  -5.83651460
  -3.96521188  -5.84665916
  -3.97336876  -5.85801808
  -3.97615068  -5.86174199
  -3.98666371  -5.87651055
  -3.98834091  -5.87850877
  -3.99785393  -5.89143018
  -4.00340958  -5.89892462
  -4.00905011  -5.90639382
  -4.01796166  -5.91971843
  -4.01902565  -5.92148920
  -4.02956876  -5.93621245
  -4.03322484  -5.94093481
  -4.04076649  -5.95116321
  -4.04809168  -5.96152353
  -4.05169307  -5.96624638
  -4.06192617  -5.98122379
  -4.06279410  -5.98220769
  -4.07248379  -5.99594306
  -4.07804082  -6.00343953
  -4.08367658  -6.01087192
  -4.09315545  -6.02382698
  -4.09488607  -6.02585763
  -4.10484875  -6.04094688
  -4.10772339  -6.04461863
  -4.11540951  -6.05569322
  -4.12273656  -6.06605635
  -4.12632394  -6.07077667
  -4.13408212  -6.08575003
  -4.13726985  -6.10083266
  -4.13684013  -6.11572108
  -4.13544229  -6.13070836
  -4.13364986  -6.14557206
  -4.13271881  -6.16053641
  -4.13092661  -6.17539952
  -4.13003037  -6.19031506
  -4.12878165  -6.20539738
  -4.12681380  -6.22014151
  -4.12498704  -6.23505653
  -4.12338104  -6.24626975
  -4.12264757  -6.25007370
  -4.11896523  -6.26535904
  -4.11013873  -6.28004461
  -4.10838710  -6.28199099
  -4.09666715  -6.29540749
  -4.09365552  -6.29892024
  -4.08364086  -6.31004970
  -4.07881698  -6.31568275
  -4.06968291  -6.32519133
  -4.06397064  -6.33150950
  -4.05641397  -6.33981489
  -4.04912648  -6.34733759
  -4.04260286  -6.35472691
  -4.03430612  -6.36410917
  -4.02957762  -6.36961801
  -4.01955608  -6.38012128
  -4.01564008  -6.38450899
  -4.00446785  -6.39747214
  -4.00262831  -6.39940200
  -3.98985367  -6.41364292
  -3.98892523  -6.41457385
  -3.97547998  -6.42896565
  -3.97458696  -6.42992711
  -3.96181181  -6.44408941
  -3.95979078  -6.44673966
  -3.94874621  -6.45896402
  -3.94509826  -6.46274911
  -3.93482367  -6.47381946
  -3.93042431  -6.47867600
  -3.92116298  -6.48906983
  -3.91542270  -6.49535491
  -3.90800284  -6.50367708
  -3.90074143  -6.51142050
  -3.89331398  -6.51886938
  -3.88553602  -6.52609024
  -3.87698335  -6.53336038
  -3.87033365  -6.53789011
  -3.85553446  -6.54733975
  -3.85370910  -6.54832648
  -3.84083137  -6.55590974
  -3.82963964  -6.56350146
  -3.82592131  -6.56535930
  -3.81091594  -6.57421103
  -3.80461388  -6.57817846
  -3.79608235  -6.58367087
  -3.78133245  -6.59217251
  -3.78032337  -6.59297322
  -3.76642998  -6.60141705
  -3.75615360  -6.60790534
  -3.75146893  -6.61062743
  -3.73670474  -6.61909224
  -3.73107629  -6.62272807
  -3.72172654  -6.62828844
  -3.70697965  -6.63679346
  -3.70596926  -6.63759212
  -3.69207625  -6.64603696
  -3.68179885  -6.65252580
  -3.67711429  -6.65524823
  -3.66214334  -6.66431182
  -3.65752263  -6.66714287
  -3.64748229  -6.67301275
  -3.63330462  -6.68197608
  -3.63228949  -6.68275635
  -3.61784124  -6.69077312
  -3.60826450  -6.69695387
  -3.60266334  -6.70057353
  -3.58790734  -6.70918918
  -3.58321062  -6.71191114
  -3.57313463  -6.71764604
  -3.55840389  -6.72633884
  -3.55733986  -6.72703369
  -3.54324346  -6.73441188
  -3.52829100  -6.74096165
  -3.52726807  -6.74161017
  -3.51329072  -6.74619302
  -3.49855133  -6.75103267
  -3.48544809  -6.75655635
  -3.48353921  -6.75732589
  -3.46868923  -6.76129855
  -3.45380511  -6.76646515
  -3.44081909  -6.77138996
  -3.43891024  -6.77215957
  -3.42395189  -6.77662601
  -3.40913579  -6.78123165
  -3.39530247  -6.78635587
  -3.39428235  -6.78699458
  -3.37932377  -6.79146116
  -3.36455185  -6.79613637
  -3.35067562  -6.80119219
  -3.34965549  -6.80183094
  -3.33469669  -6.80629765
  -3.31997893  -6.81104877
  -3.30782704  -6.81576787
  -3.30502966  -6.81666867
  -3.29015421  -6.82130373
  -3.27539408  -6.82611302
  -3.26231354  -6.83073789
  -3.26040481  -6.83150776
  -3.24544554  -6.83597472
  -3.23051501  -6.83882726
         
