# shadow point cont 2D ind 262  size 1200
# norm -0.4679298 -0.8837656  0.0000000
# angle  2.0577432
   3.62067851  -6.84303427
   3.63543819  -6.84121789
   3.65039715  -6.83797956
   3.66529854  -6.83427888
   3.67546076  -6.83121601
   3.68007361  -6.82930027
   3.69505857  -6.82501520
   3.70994014  -6.82131712
   3.72470730  -6.81718874
   3.72662159  -6.81644084
   3.73971394  -6.81205108
   3.75458304  -6.80835663
   3.76948808  -6.80465233
   3.77874201  -6.80173442
   3.78422636  -6.79968605
   3.79924410  -6.79539249
   3.81399389  -6.79126953
   3.82902423  -6.78799181
   3.83004915  -6.78731669
   3.84388894  -6.78243437
   3.85875457  -6.77780920
   3.87352991  -6.77460629
   3.88106834  -6.77220501
   3.88851985  -6.76948268
   3.90341853  -6.76578119
   3.91828576  -6.76115671
   3.93306181  -6.75795433
   3.93407365  -6.75733678
   3.94806664  -6.75282597
   3.96294917  -6.74819666
   3.97785430  -6.74355417
   3.97887996  -6.74284870
   3.99292844  -6.73555502
   4.00762052  -6.72868497
   4.00864302  -6.72794082
   4.02248744  -6.72033057
   4.03738689  -6.71381158
   4.03839841  -6.71301791
   4.05243706  -6.70490387
   4.06629241  -6.69821902
   4.06731491  -6.69747493
   4.08199835  -6.68968104
   4.09516697  -6.68352441
   4.09711360  -6.68254272
   4.11194751  -6.67425562
   4.12310624  -6.66868443
   4.12682583  -6.66682738
   4.14152025  -6.65902043
   4.15094692  -6.65368710
   4.15639430  -6.65066393
   4.17127299  -6.64323622
   4.17973490  -6.63877848
   4.18635392  -6.63522108
   4.20102620  -6.62745355
   4.20936928  -6.62368319
   4.21590813  -6.62002066
   4.23098442  -6.61201374
   4.23733413  -6.60893642
   4.24566494  -6.60423335
   4.26054439  -6.59680669
   4.26528680  -6.59420619
   4.27560908  -6.58882079
   4.29050199  -6.58136943
   4.29335715  -6.57962938
   4.30540232  -6.57199882
   4.31561200  -6.56453964
   4.32027736  -6.56080735
   4.33268505  -6.55004459
   4.33562972  -6.54727088
   4.34859868  -6.53519101
   4.35023914  -6.53398930
   4.36442184  -6.52027653
   4.36535048  -6.51934553
   4.37996778  -6.50607236
   4.38089668  -6.50514164
   4.39483689  -6.49219858
   4.39676088  -6.49041409
   4.40969669  -6.47815689
   4.41248341  -6.47536489
   4.42456729  -6.46426364
   4.42911076  -6.46042775
   4.43919386  -6.45094283
   4.44476736  -6.44535911
   4.45429710  -6.43633780
   4.46071707  -6.43066389
   4.46916198  -6.42237705
   4.47651793  -6.41578111
   4.48402997  -6.40845719
   4.49319166  -6.40086422
   4.49888719  -6.39535242
   4.50887350  -6.38581653
   4.51353555  -6.38122647
   4.52425207  -6.37160198
   4.52918524  -6.36707791
   4.53999867  -6.35651037
   4.54372358  -6.35263732
   4.55207679  -6.34146429
   4.55790264  -6.32628107
   4.55883376  -6.31127071
   4.55888155  -6.29623161
   4.55814673  -6.28123526
   4.55802716  -6.26638957
   4.55780860  -6.25146252
   4.55776161  -6.23654126
   4.55771474  -6.22162042
   4.55698969  -6.20663215
   4.55687155  -6.19178253
   4.55682714  -6.17686293
   4.55659741  -6.16193850
   4.55232655  -6.14666323
   4.54529379  -6.13171200
   4.54329115  -6.12880109
   4.53313276  -6.11655595
   4.52838862  -6.11097925
   4.52005495  -6.10157897
   4.51342906  -6.09328564
   4.50793295  -6.08667377
   4.49851272  -6.07550079
   4.49552740  -6.07186707
   4.48361061  -6.05775455
   4.48273009  -6.05677750
   4.46965656  -6.04180479
   4.46846455  -6.04011096
   4.45725583  -6.02710235
   4.45370546  -6.02321872
   4.44419769  -6.01213453
   4.43856352  -6.00563712
   4.43113207  -5.99720272
   4.42383721  -5.98867816
   4.41834167  -5.98206788
   4.40869576  -5.97016443
   4.40594969  -5.96726851
   4.39402676  -5.95315762
   4.39314648  -5.95218088
   4.38074501  -5.93744601
   4.37900613  -5.93551919
   4.36769128  -5.92248474
   4.36390070  -5.91789141
   4.35489484  -5.90737002
   4.34899969  -5.90011630
   4.34228023  -5.89280792
   4.33422373  -5.88323437
   4.32945424  -5.87763813
   4.31933083  -5.86545065
   4.31662875  -5.86246898
   4.30474758  -5.84836406
   4.30389435  -5.84736580
   4.29145777  -5.83266043
   4.28948031  -5.82997956
   4.27907365  -5.81793520
   4.27436153  -5.81238971
   4.26601332  -5.80300894
   4.25968867  -5.79629385
   4.25295032  -5.78808812
   4.24468961  -5.77773891
   4.24015382  -5.77286488
   4.22983267  -5.76085001
   4.22709950  -5.75793227
   4.21563346  -5.74331260
   4.21475364  -5.74233644
   4.20259100  -5.72836249
   4.19994817  -5.72544958
   4.18980423  -5.71321974
   4.18490615  -5.70777642
   4.17649198  -5.69848828
   4.17010988  -5.69092333
   4.16346390  -5.68351503
   4.15516751  -5.67322332
   4.15064468  -5.66835395
   4.14053022  -5.65529058
   4.13881456  -5.65331243
   4.12615662  -5.63876004
   4.12524119  -5.63781136
   4.11310345  -5.62383681
   4.11021130  -5.62019982
   4.10072567  -5.60914889
   4.09548220  -5.60326926
   4.08791991  -5.59400496
   4.08044523  -5.58562241
   4.07485641  -5.57909558
   4.06572785  -5.56867029
   4.06205640  -5.56401819
   4.05106832  -5.55075077
   4.04930949  -5.54879947
   4.03667360  -5.53428638
   4.03575840  -5.53333797
   4.02430276  -5.51960072
   4.02072538  -5.51572940
   4.01146876  -5.50448636
   4.00586572  -5.49796560
   3.99844357  -5.48954305
   3.99097202  -5.48116316
   3.98538113  -5.47463719
   3.97620500  -5.46333595
   3.97262514  -5.45942229
   3.96159789  -5.44629978
   3.96049008  -5.44457836
   3.94745310  -5.42963638
   3.94630172  -5.42795357
   3.93506509  -5.41495663
   3.93128630  -5.41033798
   3.92204293  -5.40001853
   3.91640976  -5.39353003
   3.90898941  -5.38510979
   3.90168803  -5.37659394
   3.89599308  -5.37014696
   3.88652467  -5.35815501
   3.88388132  -5.35523236
   3.87192091  -5.34113136
   3.87104191  -5.34015625
   3.85867589  -5.32545090
   3.85690277  -5.32351412
   3.84565641  -5.31051809
   3.84184633  -5.30592541
   3.83260861  -5.29560965
   3.82711976  -5.28900174
   3.81981595  -5.28048139
   3.81209677  -5.27139418
   3.80740869  -5.26581860
   3.79715385  -5.25371616
   3.79453157  -5.25078942
   3.78296493  -5.23620208
   3.78206662  -5.23524109
   3.76951766  -5.22083514
   3.76745134  -5.21821982
   3.75624112  -5.20613304
   3.75242764  -5.20154049
   3.74386893  -5.19146102
   3.73747534  -5.18386505
   3.73106594  -5.17633473
   3.72262520  -5.16613141
   3.71809743  -5.16137597
   3.70792195  -5.14919474
   3.70594545  -5.14649108
   3.69378942  -5.13162586
   3.69291083  -5.13065127
   3.68077935  -5.11670383
   3.67805837  -5.11385926
   3.66772998  -5.10180414
   3.66304989  -5.09623969
   3.65472677  -5.08687950
   3.64832628  -5.07931839
   3.64174889  -5.07193544
   3.63323416  -5.06178259
   3.62941327  -5.05726378
   3.61830492  -5.04410084
   3.61655641  -5.04214668
   3.60418001  -5.02749627
   3.60328209  -5.02653578
   3.59073695  -5.01213673
   3.58896711  -5.01020264
   3.57839767  -4.99744779
   3.57367359  -4.99190887
   3.56535394  -4.98255144
   3.55895020  -4.97499094
   3.55238436  -4.96761198
   3.54363393  -4.95672044
   3.54012570  -4.95278820
   3.52900194  -4.93974818
   3.52787594  -4.93805527
   3.51503827  -4.92297108
   3.51416006  -4.92199697
   3.50208066  -4.90803732
   3.49914936  -4.90439513
   3.48904276  -4.89314210
   3.48431706  -4.88760396
   3.47600083  -4.87824923
   3.46936646  -4.86994074
   3.46386335  -4.86336847
   3.45452404  -4.85222711
   3.45094134  -4.84841779
   3.43982420  -4.83435877
   3.43896794  -4.83337173
   3.42577646  -4.81864685
   3.42486264  -4.81770016
   3.41342183  -4.80398639
   3.40980595  -4.80011061
   3.40038247  -4.78909434
   3.39474958  -4.78259136
   3.38751165  -4.77400334
   3.37990345  -4.76489294
   3.37452921  -4.75909434
   3.36519257  -4.74795582
   3.36228812  -4.74423346
   3.35016222  -4.73044054
   3.34924855  -4.72949406
   3.33636493  -4.71441846
   3.33548708  -4.71344483
   3.32429618  -4.69951818
   3.32045117  -4.69504987
   3.31124921  -4.68463258
   3.30567956  -4.67813119
   3.29827042  -4.66972548
   3.29073144  -4.66047539
   3.28533578  -4.65479525
   3.27565008  -4.64297335
   3.27301080  -4.64013769
   3.26160719  -4.62529078
   3.26072860  -4.62432124
   3.24803064  -4.61016702
   3.24624123  -4.60824417
   3.23499173  -4.59528263
   3.23115507  -4.59081666
   3.22194591  -4.58040006
   3.21650747  -4.57476362
   3.20720850  -4.56545655
   3.20153407  -4.56004314
   3.19053674  -4.55052849
   3.18671628  -4.54697747
   3.17277223  -4.53580569
   3.17179722  -4.53493163
   3.15702139  -4.52366792
   3.15330336  -4.52087478
   3.14192865  -4.51185944
   3.13458384  -4.50605746
   3.12727708  -4.50039419
   3.11603571  -4.49114090
   3.11240515  -4.48829329
   3.09834001  -4.47626717
   3.09737974  -4.47537200
   3.08251245  -4.46435720
   3.07868746  -4.46142856
   3.06779220  -4.45292206
   3.05949576  -4.44625396
   3.05292174  -4.44082270
   3.04167895  -4.43157101
   3.03805165  -4.42872372
   3.02318253  -4.41755421
   3.02219736  -4.41669807
   3.00825817  -4.40549057
   3.00361150  -4.40176802
   2.99359691  -4.39405527
   2.98504975  -4.38686345
   2.97845712  -4.38132887
   2.96647371  -4.37196825
   2.96344102  -4.36928845
   2.94883982  -4.35799585
   2.94709310  -4.35691597
   2.93391554  -4.34593420
   2.92926942  -4.34221223
   2.91913161  -4.33471491
   2.90986183  -4.32714281
   2.90427988  -4.32260870
   2.89204920  -4.31246539
   2.88938508  -4.31045841
   2.87450592  -4.29844672
   2.87275939  -4.29736702
   2.85959884  -4.28730650
   2.85396889  -4.28268480
   2.84471638  -4.27522177
   2.83542546  -4.26777923
   2.82981198  -4.26314835
   2.81698363  -4.25269346
   2.81505487  -4.25091666
   2.80018112  -4.23983548
   2.79744997  -4.23790022
   2.78527399  -4.22776826
   2.77890467  -4.22291804
   2.77061959  -4.21633133
   2.76110289  -4.20824393
   2.75569224  -4.20441603
   2.74245504  -4.19339505
   2.74076112  -4.19227310
   2.72586419  -4.18030427
   2.72313334  -4.17836930
   2.71097833  -4.16915618
   2.70437190  -4.16362671
   2.69610542  -4.15707161
   2.68667500  -4.14884033
   2.68110144  -4.14420989
   2.66728286  -4.13383615
   2.66631947  -4.13294946
   2.65170427  -4.12147410
   2.64878979  -4.11884214
   2.63667055  -4.10963544
   2.63007625  -4.10409018
   2.62179898  -4.09755264
   2.61153594  -4.08920408
   2.60691020  -4.08547908
   2.59297950  -4.07431966
   2.59202910  -4.07341701
   2.57725518  -4.06219654
   2.57437573  -4.05953187
   2.56237076  -4.05012329
   2.55580547  -4.04465000
   2.54741815  -4.03805131
   2.53648994  -4.02947255
   2.53283921  -4.02661611
   2.51869648  -4.01479607
   2.51774707  -4.01389244
   2.50291686  -4.00282654
   2.49912390  -4.00000886
   2.48804186  -3.99154661
   2.48057556  -3.98512821
   2.47318437  -3.97957541
   2.46021741  -3.97015367
   2.45847153  -3.96908201
   2.44356008  -3.95910926
   2.43875098  -3.95536394
   2.42874767  -3.94872285
   2.41591040  -3.94013006
   2.41413713  -3.93907923
   2.39914189  -3.92912146
   2.39434962  -3.92558511
   2.38407981  -3.91818786
   2.37212417  -3.91059550
   2.36935569  -3.90871193
   2.35449155  -3.89850520
   2.35070846  -3.89574488
   2.33963685  -3.88841904
   2.32843080  -3.88086545
   2.32471787  -3.87807611
   2.30989356  -3.86796560
   2.30709930  -3.86612130
   2.29510760  -3.85851049
   2.28482667  -3.85110534
   2.28011980  -3.84739561
   2.26534291  -3.83727938
   2.26438715  -3.83639414
   2.25051879  -3.82785190
   2.24122990  -3.82134567
   2.23569813  -3.81761169
   2.22079472  -3.80752381
   2.21983949  -3.80663786
   2.20592847  -3.79729712
   2.19753651  -3.79160553
   2.19109875  -3.78694889
   2.17713404  -3.77691129
   2.17618415  -3.77601694
   2.16144825  -3.76741309
   2.15396243  -3.76192825
   2.14655265  -3.75719857
   2.13261430  -3.74697673
   2.13166186  -3.74608082
   2.11692137  -3.73685779
   2.11023492  -3.73210660
   2.10205592  -3.72651132
   2.08901728  -3.71722696
   2.08721360  -3.71622385
   2.07240686  -3.70697285
   2.06668645  -3.70243805
   2.05743072  -3.69596283
   2.04534477  -3.68756555
   2.04257190  -3.68569131
   2.02784262  -3.67643554
   2.02296772  -3.67268865
   2.01294183  -3.66610100
   2.00088704  -3.65773485
   1.99811080  -3.65586534
   1.98332675  -3.64656256
   1.97851907  -3.64287284
   1.96838659  -3.63554528
   1.95809331  -3.62807937
   1.95351216  -3.62521347
   1.93870864  -3.61509835
   1.93591689  -3.61325301
   1.92390302  -3.60568426
   1.91364210  -3.59833338
   1.90902931  -3.59550587
   1.89417663  -3.58535804
   1.89227597  -3.58357252
   1.87937017  -3.57594649
   1.86997799  -3.56859927
   1.86451498  -3.56491275
   1.84964666  -3.55561969
   1.84597205  -3.55370243
   1.83493589  -3.54723757
   1.82091750  -3.53894840
   1.81996655  -3.53806100
   1.80522782  -3.53062620
   1.79306543  -3.52397883
   1.79027738  -3.52212837
   1.77556580  -3.51470659
   1.76529432  -3.50902535
   1.76069501  -3.50622611
   1.74599051  -3.49868899
   1.73932058  -3.49428478
   1.73096264  -3.48962654
   1.71619881  -3.48217835
   1.71243057  -3.47950739
   1.70129663  -3.47382511
   1.68644815  -3.46546225
   1.68460137  -3.46451794
   1.67158532  -3.45710041
   1.65863308  -3.44976819
   1.65677802  -3.44883874
   1.64195736  -3.44129663
   1.63077727  -3.43481249
   1.62702831  -3.43209406
   1.61231374  -3.42549236
   1.60291789  -3.41989239
   1.59736622  -3.41621385
   1.58264938  -3.40887651
   1.57684400  -3.40513754
   1.56771638  -3.40041584
   1.55289992  -3.39215372
   1.54919011  -3.39029511
   1.53800791  -3.38369261
   1.52412815  -3.37547305
   1.52318209  -3.37458192
   1.50839496  -3.36789316
   1.49537142  -3.36042188
   1.49353067  -3.35946917
   1.47883253  -3.35207253
   1.46753177  -3.34555952
   1.46385523  -3.34364740
   1.44901488  -3.33537849
   1.44154516  -3.33075417
   1.43424567  -3.32700934
   1.41935494  -3.31875454
   1.41459293  -3.31594148
   1.40451750  -3.31039368
   1.38967995  -3.30296084
   1.38421243  -3.30102577
   1.37515805  -3.29805812
   1.36051269  -3.29578470
   1.34573342  -3.29541500
   1.33089462  -3.29494438
   1.31603629  -3.29465793
   1.30121686  -3.29446722
   1.28637805  -3.29446077
   1.27153930  -3.29445438
   1.25670063  -3.29444808
   1.24186202  -3.29444184
   1.22702348  -3.29443568
   1.21218501  -3.29442959
   1.19734661  -3.29442358
   1.18250827  -3.29441764
   1.16766999  -3.29441178
   1.15283862  -3.29412823
   1.13799369  -3.29393627
   1.12315560  -3.29393063
   1.10831791  -3.29346112
   1.09347960  -3.29391957
   1.07864204  -3.29345021
   1.06380420  -3.29344487
   1.04896641  -3.29343960
   1.03412868  -3.29343440
   1.01929100  -3.29342928
   1.00445338  -3.29342423
   0.98961581  -3.29341925
   0.97477830  -3.29341435
   0.95994084  -3.29340953
   0.94510342  -3.29340477
   0.93026606  -3.29340010
   0.91542875  -3.29339549
   0.90059149  -3.29339096
   0.88575427  -3.29338650
   0.87091710  -3.29338212
   0.85608199  -3.29310039
   0.84124291  -3.29290960
   0.82640587  -3.29290544
   0.81156934  -3.29243742
   0.79673192  -3.29289734
   0.78189501  -3.29289340
   0.76705814  -3.29288954
   0.75222180  -3.29242182
   0.73738502  -3.29241810
   0.72254827  -3.29241446
   0.70771155  -3.29241089
   0.69287488  -3.29240740
   0.67803823  -3.29240398
   0.66320163  -3.29240063
   0.64836505  -3.29239736
   0.63352851  -3.29239416
   0.61866183  -3.29164805
   0.60385606  -3.29146009
   0.58901961  -3.29145712
   0.57418261  -3.29191815
   0.55935461  -3.29219189
   0.54450687  -3.29209928
   0.52967410  -3.29144596
   0.51483718  -3.29190729
   0.50000089  -3.29190476
   0.48516523  -3.29143837
   0.47032899  -3.29143598
   0.45549214  -3.29189761
   0.44065593  -3.29189537
   0.42582039  -3.29142928
   0.41098423  -3.29142719
   0.39614808  -3.29142518
   0.38131196  -3.29142324
   0.36647585  -3.29142137
   0.35163975  -3.29141958
   0.33680367  -3.29141787
   0.32196760  -3.29141622
   0.30713155  -3.29141465
   0.29229551  -3.29141316
   0.27745947  -3.29141174
   0.26262345  -3.29141039
   0.24778744  -3.29140912
   0.23294342  -3.29113064
   0.21811609  -3.29047891
   0.20328010  -3.29047786
   0.18844337  -3.29094082
   0.17360738  -3.29093991
   0.15877217  -3.29047515
   0.14393543  -3.29093833
   0.12910023  -3.29047371
   0.11426426  -3.29047311
   0.09942829  -3.29047257
   0.08459232  -3.29047211
   0.06975635  -3.29047173
   0.05492038  -3.29047142
   0.04008440  -3.29047118
   0.02524842  -3.29047102
   0.01040086  -3.29019354
  -0.00442284  -3.28954303
  -0.01925968  -3.29000703
  -0.03407784  -3.29028272
  -0.04894410  -3.29019386
  -0.06374941  -3.29028318
  -0.07864467  -3.28972875
  -0.09343982  -3.29000843
  -0.10827500  -3.28954499
  -0.12311107  -3.28954557
  -0.13794716  -3.28954622
  -0.15278326  -3.28954694
  -0.16761937  -3.28954774
  -0.18245550  -3.28954861
  -0.19729165  -3.28954956
  -0.21212782  -3.28955058
  -0.22696401  -3.28955167
  -0.24179928  -3.28908085
  -0.25663550  -3.28908017
  -0.27148877  -3.28927771
  -0.28625739  -3.28890238
  -0.30118975  -3.28881481
  -0.31598079  -3.28863190
  -0.33081713  -3.28863351
  -0.34565351  -3.28863520
  -0.36043793  -3.28891041
  -0.37537279  -3.28882311
  -0.39016279  -3.28864070
  -0.40499928  -3.28864268
  -0.41985424  -3.28836685
  -0.43467254  -3.28818293
  -0.44948463  -3.28846037
  -0.46434555  -3.28865134
  -0.47918221  -3.28865369
  -0.49403852  -3.28837810
  -0.50885582  -3.28819468
  -0.52363692  -3.28800666
  -0.53854952  -3.28838572
  -0.55336623  -3.28820262
  -0.56820202  -3.28774145
  -0.58303894  -3.28774432
  -0.59787590  -3.28774726
  -0.61271290  -3.28775028
  -0.62754995  -3.28775337
  -0.64238704  -3.28775653
  -0.65722417  -3.28775977
  -0.67206135  -3.28776308
  -0.68689858  -3.28776646
  -0.70178657  -3.28702578
  -0.71657342  -3.28730952
  -0.73138176  -3.28758835
  -0.74627165  -3.28750222
  -0.76108453  -3.28685659
  -0.77592206  -3.28686042
  -0.79075964  -3.28686432
  -0.80559727  -3.28686829
  -0.82043496  -3.28687234
  -0.83527271  -3.28687646
  -0.85011051  -3.28688066
  -0.86494721  -3.28632589
  -0.87978630  -3.28688928
  -0.89465032  -3.28661484
  -0.90946258  -3.28643426
  -0.92429944  -3.28597484
  -0.93910644  -3.28671876
  -0.95403145  -3.28616736
  -0.96881411  -3.28598898
  -0.98365374  -3.28645782
  -0.99849088  -3.28599877
  -1.01332937  -3.28600378
  -1.02816792  -3.28600886
  -1.04300655  -3.28601402
  -1.05784524  -3.28601925
  -1.07268400  -3.28602455
  -1.08752284  -3.28602993
  -1.10237645  -3.28798426
  -1.11739321  -3.29212826
  -1.13155364  -3.29830304
  -1.13262998  -3.29891502
  -1.14740159  -3.30657430
  -1.16033395  -3.31325310
  -1.16217466  -3.31420967
  -1.17688539  -3.32184965
  -1.18904075  -3.32816650
  -1.19193432  -3.32980541
  -1.20667506  -3.33753022
  -1.21858874  -3.34327111
  -1.22148429  -3.34488418
  -1.23626930  -3.35250539
  -1.24656942  -3.35789374
  -1.25138272  -3.36060284
  -1.26596273  -3.36829842
  -1.27524176  -3.37294377
  -1.28100635  -3.37645246
  -1.29573931  -3.38382886
  -1.30327530  -3.38753338
  -1.31082317  -3.39193337
  -1.32544636  -3.39977583
  -1.33091929  -3.40267401
  -1.34032675  -3.40810397
  -1.35513107  -3.41541801
  -1.35973848  -3.41734977
  -1.37016711  -3.42357630
  -1.38474228  -3.43054909
  -1.38845422  -3.43240756
  -1.39977704  -3.43854052
  -1.41462506  -3.44597465
  -1.41648107  -3.44690393
  -1.42954166  -3.45426449
  -1.44408112  -3.46134625
  -1.44509969  -3.46210668
  -1.45898534  -3.46957748
  -1.47299950  -3.47682638
  -1.47402103  -3.47756982
  -1.48877488  -3.48526566
  -1.50167700  -3.49188155
  -1.50353314  -3.49281095
  -1.51838242  -3.50024631
  -1.52967414  -3.50650761
  -1.53335094  -3.50843149
  -1.54808261  -3.51604604
  -1.55838535  -3.52143697
  -1.56318069  -3.52414883
  -1.57778356  -3.53184650
  -1.58706492  -3.53649413
  -1.59282080  -3.53984033
  -1.60767120  -3.54727675
  -1.61429840  -3.55099721
  -1.62263259  -3.55663948
  -1.63720910  -3.56534298
  -1.63821978  -3.56613573
  -1.65222294  -3.57532485
  -1.66145337  -3.58098510
  -1.66704179  -3.58476453
  -1.68183759  -3.59400941
  -1.68468480  -3.59575821
  -1.69684479  -3.60408179
  -1.70784466  -3.61074950
  -1.71169790  -3.61337704
  -1.72659851  -3.62247133
  -1.73138214  -3.62527957
  -1.74140477  -3.63196822
  -1.75440686  -3.64027467
  -1.75621550  -3.64128210
  -1.77092636  -3.65084925
  -1.77747445  -3.65536833
  -1.78592377  -3.66082553
  -1.80051492  -3.66960633
  -1.80151925  -3.67041850
  -1.81561701  -3.67943478
  -1.82477923  -3.68525114
  -1.83031751  -3.68899698
  -1.84502970  -3.69850828
  -1.84781521  -3.70036765
  -1.86009815  -3.70834987
  -1.87124981  -3.71486873
  -1.87509922  -3.71749751
  -1.88989633  -3.72685126
  -1.89452595  -3.72969211
  -1.90484873  -3.73699112
  -1.91757690  -3.74480213
  -1.91957611  -3.74641290
  -1.93425719  -3.75508009
  -1.94089161  -3.75949972
  -1.94946846  -3.76577651
  -1.96395662  -3.77367954
  -1.96497580  -3.77444058
  -1.97912649  -3.78442078
  -1.98729719  -3.78928203
  -1.99395508  -3.79374623
  -2.00845421  -3.80265221
  -2.01124023  -3.80451209
  -2.02353257  -3.81249539
  -2.03381458  -3.81896352
  -2.03859560  -3.82251894
  -2.05325064  -3.83109630
  -2.05801260  -3.83392519
  -2.06809259  -3.84142758
  -2.08014577  -3.84882717
  -2.08301866  -3.85056969
  -2.09755881  -3.85945497
  -2.10332408  -3.86382134
  -2.11275936  -3.87007946
  -2.12664232  -3.87852919
  -2.12765137  -3.87932960
  -2.14249216  -3.88866998
  -2.14990517  -3.89337297
  -2.15723254  -3.89818799
  -2.17196463  -3.90767255
  -2.17376151  -3.90869686
  -2.18715796  -3.91835540
  -2.19367259  -3.92305857
  -2.20196540  -3.92966144
  -2.21309830  -3.93799785
  -2.21684732  -3.94080650
  -2.23152252  -3.95218696
  -2.23325088  -3.95328145
  -2.24661391  -3.96300300
  -2.25237936  -3.96747995
  -2.26164809  -3.97496195
  -2.27168993  -3.98260105
  -2.27637908  -3.98622692
  -2.29097939  -3.99683846
  -2.29195713  -3.99770706
  -2.30593190  -4.00881247
  -2.31140941  -4.01265301
  -2.32082021  -4.01995185
  -2.33008608  -4.02744677
  -2.33569734  -4.03203482
  -2.35022734  -4.04179356
  -2.35122378  -4.04262723
  -2.36532435  -4.05355728
  -2.37010408  -4.05717439
  -2.38044266  -4.06530617
  -2.38881775  -4.07187677
  -2.39516283  -4.07669527
  -2.40901271  -4.08704030
  -2.40999803  -4.08789634
  -2.42486564  -4.09906257
  -2.42858260  -4.10185417
  -2.43971483  -4.11025120
  -2.44807831  -4.11678014
  -2.45465994  -4.12226360
  -2.46754705  -4.13171739
  -2.46952817  -4.13343082
  -2.48421540  -4.14482453
  -2.48691227  -4.14679919
  -2.49914229  -4.15591459
  -2.50660946  -4.16146338
  -2.51415656  -4.16784305
  -2.52608585  -4.17640243
  -2.52904292  -4.17899481
  -2.54363871  -4.18957670
  -2.54638223  -4.19149882
  -2.55869111  -4.20143227
  -2.56514090  -4.20616069
  -2.57356188  -4.21260179
  -2.58466991  -4.22104040
  -2.58855087  -4.22457658
  -2.60329068  -4.23495218
  -2.60429210  -4.23577570
  -2.61801539  -4.24631554
  -2.62366942  -4.25088344
  -2.63306986  -4.25818839
  -2.64321827  -4.26573479
  -2.64792208  -4.26938405
  -2.66251951  -4.27998245
  -2.66350126  -4.28084587
  -2.67766785  -4.29172750
  -2.68234771  -4.29543169
  -2.69250538  -4.30294759
  -2.70181814  -4.31037551
  -2.70744478  -4.31496702
  -2.72130473  -4.32531836
  -2.72229053  -4.32617491
  -2.73716492  -4.33734818
  -2.74088357  -4.34014155
  -2.75191907  -4.34866450
  -2.76032804  -4.35515608
  -2.76696620  -4.36056401
  -2.77986921  -4.37002327
  -2.78161302  -4.37109128
  -2.79653533  -4.38313920
  -2.79923344  -4.38511513
  -2.81148493  -4.39423504
  -2.81893979  -4.39978878
  -2.82648815  -4.40617238
  -2.83843930  -4.41473624
  -2.84137949  -4.41733131
  -2.85599560  -4.42791958
  -2.85797434  -4.42962071
  -2.87121314  -4.43955333
  -2.87769969  -4.44426576
  -2.88599558  -4.45087744
  -2.89704018  -4.45940399
  -2.90077642  -4.46218433
  -2.91573133  -4.47325566
  -2.91672080  -4.47410633
  -2.93062604  -4.48534635
  -2.93452796  -4.48889377
  -2.94569103  -4.50006741
  -2.94871568  -4.50355906
  -2.96050501  -4.51785744
  -2.96136090  -4.51884424
  -2.97252140  -4.53374401
  -2.97516545  -4.53666197
  -2.98483693  -4.54844573
  -2.99036018  -4.55503077
  -2.99696775  -4.56332748
  -3.00518866  -4.57276548
  -3.00978562  -4.57840484
  -3.02007100  -4.59139692
  -3.02182676  -4.59334465
  -3.03328435  -4.60801130
  -3.03503178  -4.60996447
  -3.04537286  -4.62291418
  -3.05006032  -4.62845918
  -3.05751423  -4.63779648
  -3.06477186  -4.64631261
  -3.06961384  -4.65269559
  -3.07925548  -4.66431686
  -3.08204829  -4.66804150
  -3.09374809  -4.68252556
  -3.09464322  -4.68348767
  -3.10586701  -4.69741706
  -3.10956387  -4.70210783
  -3.11794731  -4.71233003
  -3.12436561  -4.71986884
  -3.13022708  -4.72703774
  -3.13937495  -4.73841524
  -3.14277497  -4.74237758
  -3.15379892  -4.75646180
  -3.15465519  -4.75744910
  -3.16703045  -4.77216156
  -3.16880324  -4.77409673
  -3.17914445  -4.78704975
  -3.18397090  -4.79343361
  -3.19058550  -4.80173572
  -3.19881153  -4.81117904
  -3.20338814  -4.81681285
  -3.21346758  -4.82907281
  -3.21545311  -4.83176768
  -3.22691446  -4.84644138
  -3.22866265  -4.84839559
  -3.23901068  -4.86135265
  -3.24336241  -4.86625026
  -3.25176003  -4.87650130
  -3.25842028  -4.88476380
  -3.26388615  -4.89137066
  -3.27290028  -4.90277407
  -3.27569442  -4.90650061
  -3.28741387  -4.92099659
  -3.28830939  -4.92195922
  -3.30020006  -4.93610128
  -3.30309537  -4.93976147
  -3.31166553  -4.95078720
  -3.31803970  -4.95835805
  -3.32440894  -4.96593094
  -3.33273437  -4.97622684
  -3.33649814  -4.98091004
  -3.34751537  -4.99403496
  -3.34862303  -4.99575606
  -3.36073499  -5.01065711
  -3.36249983  -5.01261525
  -3.37284188  -5.02557397
  -3.37757712  -5.03112183
  -3.38496290  -5.04045285
  -3.39236383  -5.04983283
  -3.39704922  -5.05546908
  -3.40718272  -5.06762004
  -3.40916923  -5.07031634
  -3.42128065  -5.08522513
  -3.42238359  -5.08695269
  -3.43338986  -5.10014620
  -3.43708756  -5.10481613
  -3.44549886  -5.11507559
  -3.45215948  -5.12334183
  -3.45761762  -5.12994888
  -3.46703294  -5.14108971
  -3.46995252  -5.14471119
  -3.48135376  -5.15916027
  -3.48237459  -5.16026489
  -3.49394874  -5.17473044
  -3.49685898  -5.17837027
  -3.50606366  -5.18962543
  -3.51196192  -5.19685429
  -3.51844955  -5.20433737
  -3.52674716  -5.21465778
  -3.53052656  -5.21931229
  -3.54157505  -5.23244522
  -3.54333293  -5.23439582
  -3.55451942  -5.24928002
  -3.55628955  -5.25126353
  -3.56689203  -5.26403704
  -3.57148496  -5.26966426
  -3.57874883  -5.27911121
  -3.58632996  -5.28838715
  -3.59086580  -5.29400965
  -3.60099201  -5.30629826
  -3.60297955  -5.30899604
  -3.61509546  -5.32391271
  -3.61597037  -5.32489090
  -3.62721296  -5.33884287
  -3.63104383  -5.34344308
  -3.63959736  -5.35355925
  -3.64585061  -5.36119848
  -3.65144436  -5.36865941
  -3.66087870  -5.37981119
  -3.66451453  -5.38368465
  -3.67545459  -5.39774337
  -3.67632226  -5.39872442
  -3.68779901  -5.41344169
  -3.69048707  -5.41637760
  -3.69991842  -5.42837121
  -3.70543882  -5.43498190
  -3.71203967  -5.44330743
  -3.72017258  -5.45284211
  -3.72486376  -5.45847272
  -3.73542095  -5.47127147
  -3.73655241  -5.47296393
  -3.74839857  -5.48808286
  -3.75017682  -5.49004697
  -3.76052121  -5.50301783
  -3.76528254  -5.50857792
  -3.77291891  -5.51774286
  -3.78007379  -5.52634857
  -3.78572913  -5.53295853
  -3.79536747  -5.54474652
  -3.79808532  -5.54765700
  -3.80899444  -5.56268028
  -3.80997906  -5.56375162
  -3.82112440  -5.57764385
  -3.82474235  -5.58155090
  -3.83324741  -5.59257544
  -3.83987318  -5.60005178
  -3.84566275  -5.60730593
  -3.85487500  -5.61859650
  -3.85777968  -5.62231553
  -3.86968096  -5.63643006
  -3.87056064  -5.63740633
  -3.88174709  -5.65231724
  -3.88445497  -5.65525192
  -3.89387400  -5.66725602
  -3.89940231  -5.67387241
  -3.90600447  -5.68220212
  -3.91452766  -5.69239908
  -3.91911162  -5.69722383
  -3.92919746  -5.71026794
  -3.93110631  -5.71229351
  -3.94332904  -5.72703997
  -3.94441926  -5.72874291
  -3.95479508  -5.74172980
  -3.95936371  -5.74738886
  -3.96661928  -5.75683999
  -3.97424137  -5.76613929
  -3.97905891  -5.77167854
  -3.98896205  -5.78397789
  -3.99177670  -5.78696166
  -4.00331119  -5.80150609
  -4.00416815  -5.80244382
  -4.01514177  -5.81661684
  -4.01884619  -5.82047112
  -4.02757229  -5.83139099
  -4.03397353  -5.83894137
  -4.04035042  -5.84652476
  -4.04887768  -5.85673076
  -4.05240980  -5.86127148
  -4.06373259  -5.87544207
  -4.06462627  -5.87640798
  -4.07667013  -5.89146096
  -4.07859646  -5.89421194
  -4.08795715  -5.90626793
  -4.09365323  -5.91281559
  -4.10104482  -5.92123769
  -4.10847901  -5.93056674
  -4.11323285  -5.93623645
  -4.12351561  -5.94918656
  -4.12531379  -5.95111026
  -4.13735525  -5.96614987
  -4.13827393  -5.96709621
  -4.14952198  -5.98111788
  -4.15329795  -5.98575166
  -4.16174900  -5.99595935
  -4.16836014  -6.00428522
  -4.17384893  -6.01084944
  -4.18315892  -6.02301348
  -4.18599859  -6.02599201
  -4.19721937  -6.04076269
  -4.19812937  -6.04171578
  -4.21017907  -6.05577950
  -4.21299219  -6.05950743
  -4.21955745  -6.07051012
  -4.22419312  -6.08522220
  -4.22430882  -6.09983451
  -4.22346306  -6.11469531
  -4.22256720  -6.12961010
  -4.22167140  -6.14452526
  -4.22077566  -6.15944079
  -4.21987999  -6.17435668
  -4.21898438  -6.18927295
  -4.21762179  -6.20421571
  -4.21621448  -6.21882927
  -4.21346515  -6.22724149
  -4.21096499  -6.23384705
  -4.20122739  -6.24879097
  -4.19948480  -6.25069511
  -4.18761746  -6.26389026
  -4.18487443  -6.26672672
  -4.17280689  -6.27881641
  -4.17002209  -6.28160637
  -4.15795463  -6.29369635
  -4.15516984  -6.29648637
  -4.14379981  -6.30834553
  -4.14009845  -6.31208849
  -4.12915878  -6.32343526
  -4.12545798  -6.32717207
  -4.11413297  -6.33813323
  -4.11038276  -6.34182747
  -4.09924386  -6.35298851
  -4.09553089  -6.35670891
  -4.08508935  -6.36763912
  -4.08068921  -6.37161415
  -4.06974983  -6.38296198
  -4.06606094  -6.38670614
  -4.05561951  -6.39763690
  -4.05097839  -6.40228773
  -4.04076796  -6.41251969
  -4.03613647  -6.41719627
  -4.02612287  -6.42761132
  -4.02127544  -6.43205392
  -4.01106513  -6.44228638
  -4.00665762  -6.44717082
  -3.99644737  -6.45740354
  -3.99179935  -6.46204550
  -3.98140648  -6.47208151
  -3.97672951  -6.47673223
  -3.96671614  -6.48714828
  -3.96187305  -6.49252318
  -3.95189397  -6.50205747
  -3.94723536  -6.50666998
  -3.93412228  -6.51674761
  -3.93239193  -6.51786465
  -3.91771585  -6.52649260
  -3.90929804  -6.53197755
  -3.90283964  -6.53578915
  -3.88797467  -6.54414665
  -3.88330071  -6.54688317
  -3.87310688  -6.55250568
  -3.85825206  -6.56085781
  -3.85646862  -6.56189157
  -3.84338004  -6.56921996
  -3.83126196  -6.57658402
  -3.82855302  -6.57847450
  -3.81344150  -6.58559787
  -3.80418330  -6.59122423
  -3.79858046  -6.59487792
  -3.78391153  -6.60265954
  -3.77829359  -6.60628827
  -3.76884938  -6.61159699
  -3.75418071  -6.61937895
  -3.75135731  -6.62116621
  -3.73931355  -6.62774025
  -3.72526877  -6.63590163
  -3.72424780  -6.63676154
  -3.70958233  -6.64446171
  -3.69932459  -6.65088264
  -3.69473185  -6.65374407
  -3.67984969  -6.66118553
  -3.67238655  -6.66575576
  -3.66500128  -6.67046572
  -3.65012114  -6.67790762
  -3.64556057  -6.68078963
  -3.63547050  -6.68660432
  -3.62039303  -6.69463048
  -3.61948469  -6.69552180
  -3.60573495  -6.70333848
  -3.59427052  -6.71020869
  -3.59068294  -6.71224808
  -3.57580164  -6.71971619
  -3.56567130  -6.72542860
  -3.56093805  -6.72807848
  -3.54605096  -6.73272425
  -3.53148746  -6.73724071
  -3.52295344  -6.74055461
  -3.51642536  -6.74242081
  -3.50142692  -6.74662302
  -3.48668889  -6.75074308
  -3.47457266  -6.75521849
  -3.47188263  -6.75624123
  -3.45694658  -6.76093994
  -3.44204439  -6.76465779
  -3.42750373  -6.76986964
  -3.42686785  -6.77045024
  -3.41219008  -6.77442055
  -3.39745559  -6.77853653
  -3.38245407  -6.78367668
  -3.37878287  -6.78474010
  -3.36758198  -6.78831057
  -3.35284082  -6.79243515
  -3.33796950  -6.79706831
  -3.33045358  -6.79959834
  -3.32296899  -6.80220731
  -3.30822727  -6.80633506
  -3.29322237  -6.81054844
  -3.28309899  -6.81447696
  -3.27835446  -6.81611528
  -3.26348142  -6.81981620
  -3.24874179  -6.82393727
  -3.23463028  -6.82894785
  -3.23349023  -6.82973787
  -3.21901083  -6.83413172
  -3.20407898  -6.83694434
  -3.18928551  -6.83923096
  -3.17432968  -6.84248165
         
