# shadow point cont 2D ind 79  size 1135
# norm  0.8136084 -0.5814132  0.0000000
# angle  0.6204645
   3.14901697  -6.82939703
   3.15694536  -6.82086100
   3.16892637  -6.81322206
   3.17168295  -6.81221388
   3.18692808  -6.80712267
   3.20163839  -6.80313258
   3.21633250  -6.79914202
   3.21823223  -6.79832505
   3.23138738  -6.79386127
   3.24642791  -6.78951382
   3.26112340  -6.78557463
   3.26850963  -6.78346024
   3.27601286  -6.78088880
   3.29105428  -6.77654204
   3.30593074  -6.77284062
   3.31960244  -6.76861930
   3.32062458  -6.76796825
   3.33568173  -6.76357156
   3.35039145  -6.75958204
   3.36496994  -6.75546925
   3.36961819  -6.75361327
   3.38030911  -6.74966907
   3.39507810  -6.74646215
   3.40984942  -6.74260087
   3.42006563  -6.73901566
   3.42477192  -6.73734552
   3.43981641  -6.73300103
   3.45440911  -6.72812811
   3.46181249  -6.72446481
   3.46933430  -6.72094416
   3.48417876  -6.71282462
   3.48888968  -6.71013306
   3.49907586  -6.70448950
   3.51393974  -6.69598733
   3.51579876  -6.69505822
   3.52881678  -6.68775680
   3.54171982  -6.68031167
   3.54350681  -6.67927484
   3.55855236  -6.67088945
   3.56860320  -6.66524413
   3.57344118  -6.66183421
   3.58819204  -6.65403767
   3.59461815  -6.65024305
   3.60316894  -6.64499532
   3.61803690  -6.63742844
   3.62091827  -6.63575525
   3.63311063  -6.62862036
   3.64679017  -6.62083316
   3.64779776  -6.62002800
   3.66283657  -6.61177532
   3.67286434  -6.60597532
   3.67752826  -6.60321559
   3.69239437  -6.59560675
   3.69979852  -6.59110153
   3.70727465  -6.58652171
   3.72187248  -6.57859270
   3.72585481  -6.57608870
   3.73701032  -6.56971755
   3.75149136  -6.56196229
   3.75248332  -6.56111964
   3.76675228  -6.55205814
   3.77354714  -6.54712828
   3.78179842  -6.53963939
   3.79001742  -6.53203797
   3.79665407  -6.52566935
   3.80507504  -6.51739261
   3.81157554  -6.51087635
   3.81993331  -6.50249840
   3.82643382  -6.49598233
   3.83479161  -6.48760462
   3.84129213  -6.48108873
   3.84964993  -6.47271127
   3.85615045  -6.46619557
   3.86450827  -6.45781834
   3.87100880  -6.45130283
   3.87936663  -6.44292584
   3.88586717  -6.43641051
   3.89422501  -6.42803376
   3.90072557  -6.42151861
   3.90908342  -6.41314210
   3.91558399  -6.40662714
   3.92394186  -6.39825086
   3.93044244  -6.39173608
   3.93949686  -6.38312921
   3.94530093  -6.37684544
   3.95435537  -6.36823880
   3.95992732  -6.36265502
   3.96851736  -6.35357963
   3.97501798  -6.34706540
   3.98337593  -6.33869005
   3.98987657  -6.33217599
   3.99753796  -6.32403169
   4.00494301  -6.31107996
   4.00591392  -6.30924148
   4.00872377  -6.29460458
   4.00882436  -6.27951209
   4.00879060  -6.26459297
   4.00875691  -6.24967426
   4.00872329  -6.23475598
   4.00868975  -6.21983811
   4.00865629  -6.20492066
   4.00905620  -6.19008116
   4.00905484  -6.17508561
   4.00902159  -6.16016941
   4.00898842  -6.14525363
   4.00804712  -6.13025655
   4.00629489  -6.12604952
   4.00113429  -6.11426498
   3.99161219  -6.09977785
   3.99081118  -6.09896206
   3.97847260  -6.08429611
   3.97678048  -6.08229032
   3.96533913  -6.06933871
   3.96153249  -6.06473676
   3.95235732  -6.05442508
   3.94693327  -6.04775371
   3.93926171  -6.03947322
   3.93171059  -6.03021514
   3.92655803  -6.02418626
   3.91706662  -6.01313051
   3.91411275  -6.00961175
   3.90208644  -5.99524526
   3.90127530  -5.99442795
   3.88895558  -5.97974892
   3.88724499  -5.97775885
   3.87584037  -5.96478710
   3.87230946  -5.96088396
   3.86275593  -5.94984052
   3.85710566  -5.94335859
   3.84976838  -5.93493006
   3.84247983  -5.92639027
   3.83669339  -5.91998679
   3.82729592  -5.90885417
   3.82397259  -5.90474424
   3.81268369  -5.89177137
   3.81116907  -5.88949698
   3.79859908  -5.87524836
   3.79751718  -5.87349501
   3.78555346  -5.85995505
   3.78275795  -5.85715564
   3.77236903  -5.84532697
   3.76764364  -5.83978651
   3.75938371  -5.83042197
   3.75275822  -5.82210908
   3.74722695  -5.81547836
   3.73806449  -5.80508203
   3.73422914  -5.80057007
   3.72323783  -5.78735441
   3.72139203  -5.78539049
   3.70888339  -5.77065576
   3.70795196  -5.76972262
   3.69600475  -5.75578219
   3.69311756  -5.75212783
   3.68291923  -5.74083990
   3.67819500  -5.73530099
   3.66993426  -5.72593840
   3.66385876  -5.71904366
   3.65686352  -5.71100191
   3.64839520  -5.70081340
   3.64380137  -5.69607010
   3.63348339  -5.68400701
   3.63146432  -5.68139873
   3.61946032  -5.66655128
   3.61863606  -5.66554689
   3.60641526  -5.65126845
   3.60362171  -5.64846997
   3.59324051  -5.63661790
   3.58877563  -5.63179009
   3.57959429  -5.62149031
   3.57389110  -5.61412253
   3.56744002  -5.60655182
   3.55920400  -5.59710326
   3.55438194  -5.59162435
   3.54429748  -5.58029627
   3.54139497  -5.57672727
   3.52935098  -5.56245036
   3.52841997  -5.56151775
   3.51626076  -5.54689824
   3.51451185  -5.54494250
   3.50317039  -5.53195702
   3.49959929  -5.52809583
   3.49010529  -5.51702915
   3.48446063  -5.51055472
   3.47705165  -5.50210667
   3.46955682  -5.49375840
   3.46411400  -5.48723202
   3.45491527  -5.47595593
   3.45127411  -5.47205715
   3.44003543  -5.45906494
   3.43887808  -5.45740800
   3.42598316  -5.44251445
   3.42490250  -5.44076296
   3.41296695  -5.42728212
   3.40994136  -5.42378679
   3.39980462  -5.41263457
   3.39508385  -5.40710036
   3.38682030  -5.39774372
   3.38020144  -5.38944002
   3.37468358  -5.38281867
   3.36529762  -5.37170166
   3.36168911  -5.36792490
   3.35093550  -5.35547085
   3.34884119  -5.35279463
   3.33640432  -5.33805001
   3.33547374  -5.33711796
   3.32350584  -5.32318807
   3.32085093  -5.32027785
   3.31044115  -5.30826431
   3.30572144  -5.30273154
   3.29739122  -5.29334817
   3.29059317  -5.28521775
   3.28440419  -5.27845819
   3.27594399  -5.26828082
   3.27202278  -5.26377508
   3.26081937  -5.25076272
   3.25902202  -5.24888583
   3.24636429  -5.23439616
   3.24543390  -5.23346435
   3.23390016  -5.21907985
   3.23127859  -5.21614865
   3.22084318  -5.20415596
   3.21615193  -5.19859984
   3.20784395  -5.18927002
   3.20172734  -5.18243107
   3.19506434  -5.17412189
   3.18683585  -5.16468353
   3.18202234  -5.15921144
   3.17171628  -5.14716459
   3.16903616  -5.14432789
   3.15750358  -5.12960719
   3.15657337  -5.12867563
   3.14392245  -5.11452990
   3.14217510  -5.11257625
   3.13085563  -5.09960750
   3.12705737  -5.09501701
   3.11780859  -5.08469672
   3.11216900  -5.07822918
   3.10482319  -5.06981452
   3.09728862  -5.06057925
   3.09178244  -5.05490656
   3.08240282  -5.04379830
   3.07900943  -5.03977167
   3.06754982  -5.02606443
   3.06657131  -5.02507372
   3.05371508  -5.01025316
   3.05285921  -5.00926615
   3.04129043  -4.99555166
   3.03752368  -4.99093479
   3.02758543  -4.98041124
   3.02286883  -4.97488277
   3.01525206  -4.96576225
   3.00798805  -4.95723813
   3.00182145  -4.95039464
   2.99310529  -4.93951971
   2.98949067  -4.93574487
   2.97827622  -4.92182470
   2.97728348  -4.92080032
   2.96426410  -4.90590574
   2.96333428  -4.90497468
   2.95134481  -4.89105472
   2.94869212  -4.88814749
   2.93829964  -4.87614788
   2.93358398  -4.87062071
   2.92593827  -4.86147973
   2.91870509  -4.85384746
   2.91227899  -4.84637089
   2.90382607  -4.83620369
   2.89924834  -4.83147237
   2.88871836  -4.81870402
   2.88691146  -4.81682667
   2.87486625  -4.80198695
   2.87404348  -4.80098464
   2.86180827  -4.78704962
   2.85896173  -4.78337292
   2.84877382  -4.77214331
   2.84431656  -4.76732566
   2.83512766  -4.75704183
   2.82943492  -4.74968893
   2.82274746  -4.74237067
   2.81433367  -4.73217339
   2.80998697  -4.72724350
   2.79968940  -4.71520845
   2.79764981  -4.71260057
   2.78551367  -4.69767072
   2.78458418  -4.69674010
   2.77180284  -4.68255033
   2.76994391  -4.68068915
   2.75878910  -4.66766358
   2.75483865  -4.66324396
   2.74582989  -4.65280207
   2.74019483  -4.64634080
   2.73284385  -4.63793219
   2.72531547  -4.62870569
   2.71981828  -4.62303960
   2.71044622  -4.61194193
   2.70705906  -4.60791972
   2.69560870  -4.59422551
   2.69465420  -4.59323816
   2.68164248  -4.57835425
   2.68071318  -4.57742387
   2.66870689  -4.56351077
   2.66582690  -4.55986659
   2.65633661  -4.54884110
   2.65073220  -4.54236450
   2.64333002  -4.53396420
   2.63608232  -4.52546203
   2.63056041  -4.51884019
   2.62122887  -4.50864416
   2.61661893  -4.50395616
   2.60636140  -4.49282772
   2.60165222  -4.48903395
   2.59150369  -4.48057691
   2.58323023  -4.47391496
   2.57663683  -4.46844603
   2.56467744  -4.45903027
   2.56177619  -4.45637674
   2.54712043  -4.44507400
   2.54621364  -4.44416620
   2.53204418  -4.43305086
   2.52748430  -4.42925591
   2.51741218  -4.42162793
   2.50891827  -4.41437147
   2.50232560  -4.40890337
   2.49043012  -4.39926694
   2.48745526  -4.39674015
   2.47278505  -4.38551299
   2.47190024  -4.38462719
   2.45773929  -4.37351332
   2.45302960  -4.36995165
   2.44311259  -4.36215575
   2.43461432  -4.35483693
   2.42802237  -4.34936963
   2.41606356  -4.33995687
   2.41339164  -4.33795929
   2.39824069  -4.32614197
   2.39736284  -4.32532893
   2.38344447  -4.31403499
   2.37794071  -4.31018956
   2.36858510  -4.30283882
   2.35944997  -4.29531799
   2.35395460  -4.29058181
   2.34085972  -4.28021684
   2.33885957  -4.27857137
   2.32395661  -4.26632678
   2.32293512  -4.26558257
   2.30915328  -4.25539338
   2.30440705  -4.25089526
   2.29429665  -4.24332055
   2.28508611  -4.23579203
   2.27943979  -4.23123915
   2.26653047  -4.22091518
   2.26458271  -4.21916903
   2.24990771  -4.20778385
   2.24807863  -4.20606172
   2.23487138  -4.19588181
   2.22848329  -4.19116237
   2.22024099  -4.18451685
   2.21080575  -4.17628334
   2.20515999  -4.17173111
   2.19225128  -4.16140865
   2.19030372  -4.15966275
   2.17563012  -4.14827917
   2.17379586  -4.14655720
   2.16059676  -4.13637862
   2.15420680  -4.13166012
   2.14619379  -4.12567041
   2.13566313  -4.11678991
   2.13110733  -4.11297293
   2.11797926  -4.10191040
   2.11603190  -4.10016474
   2.10135967  -4.08878274
   2.09952025  -4.08706089
   2.08632924  -4.07688364
   2.07988700  -4.07216113
   2.07147677  -4.06572842
   2.06132135  -4.05728881
   2.05662432  -4.05364501
   2.04275612  -4.04241700
   2.04177214  -4.04156192
   2.02733382  -4.03000631
   2.02436871  -4.02723029
   2.01207201  -4.01827011
   2.00473845  -4.01267798
   1.99720913  -4.00629902
   1.98782396  -3.99802788
   1.98236637  -3.99416123
   1.96839467  -3.98319273
   1.96746636  -3.98226358
   1.95266518  -3.97092695
   1.94978342  -3.96829424
   1.93780797  -3.95888770
   1.93122508  -3.95342785
   1.92295448  -3.94682171
   1.91186279  -3.93832644
   1.90811912  -3.93558234
   1.89338934  -3.92432823
   1.89140350  -3.92328926
   1.87864030  -3.91479678
   1.87009210  -3.90858735
   1.86379224  -3.90458907
   1.84917790  -3.89494794
   1.84715821  -3.89328908
   1.83409092  -3.88497916
   1.82477266  -3.87862987
   1.81924839  -3.87485042
   1.80445884  -3.86539242
   1.80158666  -3.86364649
   1.78934106  -3.85557517
   1.78005956  -3.84911105
   1.77449201  -3.84539410
   1.75978818  -3.83588720
   1.75700003  -3.83389655
   1.74480144  -3.82670439
   1.73463572  -3.81937717
   1.73016319  -3.81636678
   1.71546369  -3.80676065
   1.71164696  -3.80396371
   1.70026513  -3.79697089
   1.68923467  -3.78943522
   1.68541906  -3.78681494
   1.67057392  -3.77752336
   1.66685861  -3.77477713
   1.65572474  -3.76734460
   1.64461479  -3.75991267
   1.64087213  -3.75716973
   1.62603968  -3.74779369
   1.62148442  -3.74484458
   1.61119717  -3.73847761
   1.59920508  -3.73019088
   1.59653566  -3.72819612
   1.58171582  -3.71866074
   1.57605939  -3.71510868
   1.56666141  -3.70879388
   1.55381240  -3.70024251
   1.55181419  -3.69859926
   1.53697666  -3.68926861
   1.53141622  -3.68559441
   1.52212235  -3.67911670
   1.50928219  -3.67051835
   1.50749817  -3.66948222
   1.49244781  -3.65954507
   1.48685122  -3.65587171
   1.47760650  -3.65024654
   1.46458043  -3.64101133
   1.46276608  -3.64001408
   1.44792063  -3.63075152
   1.44141974  -3.62614935
   1.43307101  -3.62057686
   1.41994151  -3.61150404
   1.41820755  -3.61043773
   1.40339519  -3.60103194
   1.39689386  -3.59643019
   1.38854544  -3.59085807
   1.37466448  -3.58157395
   1.37368122  -3.58071973
   1.35868197  -3.57160031
   1.35142959  -3.56671243
   1.34402820  -3.56203904
   1.32945717  -3.55326503
   1.32766638  -3.55164707
   1.31436244  -3.54424502
   1.30054275  -3.53662936
   1.29952251  -3.53588649
   1.28468259  -3.52845604
   1.27355291  -3.52195541
   1.26984298  -3.52009785
   1.25500335  -3.51266773
   1.24489408  -3.50691018
   1.24016404  -3.50430988
   1.22551014  -3.49743698
   1.21618854  -3.49202892
   1.21067698  -3.48914538
   1.19564666  -3.48109310
   1.18906191  -3.47756432
   1.18062234  -3.47310691
   1.16596242  -3.46537836
   1.16130928  -3.46253216
   1.15095384  -3.45729081
   1.13660478  -3.45001595
   1.13185781  -3.44712546
   1.12145442  -3.44201649
   1.10683447  -3.43434615
   1.10392647  -3.43262165
   1.09177786  -3.42630769
   1.07710149  -3.41872839
   1.07611966  -3.41791851
   1.06210233  -3.41052361
   1.04906103  -3.40327776
   1.04724719  -3.40228111
   1.03261267  -3.39529696
   1.02041746  -3.38822372
   1.01757841  -3.38646708
   1.00258549  -3.37926980
   0.99245965  -3.37357268
   0.98791571  -3.37153004
   0.97307867  -3.36410288
   0.96380584  -3.35853326
   0.95824202  -3.35574815
   0.94340522  -3.34832129
   0.93598714  -3.34368022
   0.92856882  -3.33996688
   0.91373228  -3.33254032
   0.90726457  -3.32881749
   0.89888934  -3.32423164
   0.88405982  -3.31675995
   0.88026805  -3.31415966
   0.86921784  -3.30844571
   0.85439365  -3.30183008
   0.84525140  -3.29848914
   0.83968787  -3.29663206
   0.82472383  -3.29492297
   0.80965576  -3.29429226
   0.79481840  -3.29470502
   0.78010318  -3.29388555
   0.76504498  -3.29421975
   0.75042889  -3.29388082
   0.73537167  -3.29421220
   0.72063452  -3.29426936
   0.70591775  -3.29387425
   0.69096110  -3.29376154
   0.67612443  -3.29375960
   0.66128779  -3.29375774
   0.64645118  -3.29375595
   0.63161461  -3.29375423
   0.61677807  -3.29375258
   0.60194156  -3.29375100
   0.58710556  -3.29331210
   0.57226912  -3.29330921
   0.55743270  -3.29330639
   0.54271416  -3.29291435
   0.52775994  -3.29281628
   0.51292360  -3.29281513
   0.49808728  -3.29281406
   0.48325098  -3.29281306
   0.46841471  -3.29281212
   0.45357846  -3.29281126
   0.43874223  -3.29281048
   0.42390602  -3.29280976
   0.40906983  -3.29280911
   0.39423423  -3.29235240
   0.37939750  -3.29280804
   0.36456194  -3.29234862
   0.34972582  -3.29234684
   0.33488972  -3.29234513
   0.32016880  -3.29195424
   0.30521751  -3.29187799
   0.29038206  -3.29141257
   0.27554601  -3.29141116
   0.26070934  -3.29187376
   0.24587330  -3.29187250
   0.23103791  -3.29140737
   0.21620190  -3.29140626
   0.20136523  -3.29186915
   0.18652988  -3.29140425
   0.17180726  -3.29101409
   0.15676509  -3.29134076
   0.14202189  -3.29140180
   0.12718590  -3.29140113
   0.11234991  -3.29140053
   0.09762641  -3.29101070
   0.08267785  -3.29093562
   0.06784185  -3.29093524
   0.05300586  -3.29093494
   0.03817058  -3.29047077
   0.02333458  -3.29047062
   0.00849858  -3.29047054
  -0.00633743  -3.29047054
  -0.02117345  -3.29047061
  -0.03600948  -3.29047075
  -0.05084551  -3.29047097
  -0.06568156  -3.29047126
  -0.08051761  -3.29047163
  -0.09535368  -3.29047207
  -0.11010787  -3.28961742
  -0.12502516  -3.28954529
  -0.13986126  -3.28954595
  -0.15469819  -3.29001063
  -0.16953351  -3.28954749
  -0.18436966  -3.28954838
  -0.19920583  -3.28954933
  -0.21404202  -3.28955036
  -0.22876965  -3.28916193
  -0.24380250  -3.28949056
  -0.25844248  -3.28916433
  -0.27338710  -3.28909129
  -0.28822340  -3.28909270
  -0.30305972  -3.28909417
  -0.31789606  -3.28909572
  -0.33273154  -3.28863339
  -0.34756793  -3.28863509
  -0.36240435  -3.28863686
  -0.37724080  -3.28863870
  -0.39197066  -3.28825089
  -0.40691393  -3.28817868
  -0.42183624  -3.28858254
  -0.43648081  -3.28825702
  -0.45142365  -3.28818510
  -0.46625934  -3.28772343
  -0.48109696  -3.28818975
  -0.49593271  -3.28772822
  -0.51076945  -3.28773073
  -0.52560622  -3.28773332
  -0.54044304  -3.28773597
  -0.55517524  -3.28734873
  -0.57011696  -3.28727758
  -0.58495390  -3.28728046
  -0.59979088  -3.28728341
  -0.61462689  -3.28682247
  -0.62946395  -3.28682557
  -0.64430105  -3.28682874
  -0.65913820  -3.28683199
  -0.67397540  -3.28683531
  -0.68881264  -3.28683871
  -0.70364993  -3.28684218
  -0.71837604  -3.28643000
  -0.73332513  -3.28578090
  -0.74816258  -3.28578620
  -0.76300008  -3.28579156
  -0.77800683  -3.28674754
  -0.79267365  -3.28640057
  -0.80740347  -3.28555552
  -0.82234943  -3.28548075
  -0.83718719  -3.28548488
  -0.85202502  -3.28548909
  -0.86686289  -3.28549337
  -0.88170203  -3.28583712
  -0.89673194  -3.28676846
  -0.91184720  -3.29028051
  -0.92741514  -3.29594971
  -0.92849391  -3.29657743
  -0.94225819  -3.30431049
  -0.95632395  -3.31144204
  -0.95740570  -3.31206392
  -0.97192305  -3.32009366
  -0.98505205  -3.32599747
  -0.98733365  -3.32713271
  -1.00163038  -3.33589852
  -1.01276264  -3.34147342
  -1.01677795  -3.34365375
  -1.03131741  -3.35169349
  -1.04059448  -3.35633943
  -1.04616076  -3.35912701
  -1.06100427  -3.36656069
  -1.06950423  -3.37090691
  -1.07645255  -3.37459496
  -1.09054220  -3.38299795
  -1.09705096  -3.38605653
  -1.10605544  -3.39059146
  -1.12043935  -3.39818825
  -1.12518168  -3.40078265
  -1.13522660  -3.40651673
  -1.15007106  -3.41395136
  -1.15300443  -3.41551099
  -1.16534296  -3.42180944
  -1.17956125  -3.42942539
  -1.18239861  -3.43097019
  -1.19460712  -3.43811316
  -1.20917116  -3.44517923
  -1.21030016  -3.44591600
  -1.22420494  -3.45386443
  -1.23741550  -3.45980945
  -1.23955437  -3.46083343
  -1.25398947  -3.46878373
  -1.26620110  -3.47499227
  -1.26927382  -3.47666077
  -1.28368211  -3.48458428
  -1.29403810  -3.48986386
  -1.29901317  -3.49251107
  -1.31337545  -3.50038551
  -1.32187573  -3.50473605
  -1.32880202  -3.50843099
  -1.34306950  -3.51618742
  -1.34971398  -3.51960886
  -1.35821766  -3.52395338
  -1.37281770  -3.53202568
  -1.37756000  -3.53462290
  -1.38812938  -3.54089302
  -1.40192147  -3.54946281
  -1.40297736  -3.55018832
  -1.41782556  -3.55948384
  -1.42524972  -3.56413168
  -1.43296764  -3.56942804
  -1.44715650  -3.57857925
  -1.44894850  -3.57961534
  -1.46237223  -3.58830040
  -1.47156758  -3.59401421
  -1.47727633  -3.59767104
  -1.49178172  -3.60655185
  -1.49560690  -3.60917201
  -1.50658584  -3.61672364
  -1.51788870  -3.62389696
  -1.52140564  -3.62598897
  -1.53630589  -3.63533998
  -1.54192210  -3.63898529
  -1.55154782  -3.64512276
  -1.56432405  -3.65380628
  -1.56592201  -3.65477390
  -1.58053855  -3.66455629
  -1.58724351  -3.66886022
  -1.59561390  -3.67428704
  -1.61051155  -3.68270210
  -1.61156899  -3.68341721
  -1.62539271  -3.69296073
  -1.63459430  -3.69866837
  -1.64008237  -3.70210916
  -1.65510833  -3.71157239
  -1.65792287  -3.71338546
  -1.66987561  -3.72170742
  -1.68109226  -3.72807959
  -1.68526370  -3.73078146
  -1.69969568  -3.74043811
  -1.70352048  -3.74306094
  -1.71443577  -3.75053391
  -1.72671942  -3.75759179
  -1.72985502  -3.75970016
  -1.74418705  -3.76918023
  -1.74988540  -3.77268714
  -1.75939878  -3.77891399
  -1.77366679  -3.78728830
  -1.77467398  -3.78809271
  -1.78877500  -3.79711359
  -1.79725251  -3.80249939
  -1.80389271  -3.80706386
  -1.81827129  -3.81614624
  -1.82105689  -3.81800588
  -1.83333919  -3.82594603
  -1.84359219  -3.83239284
  -1.84857028  -3.83572708
  -1.86276628  -3.84490581
  -1.86661800  -3.84746102
  -1.87790557  -3.85478061
  -1.88993580  -3.86228608
  -1.89261739  -3.86392730
  -1.90763344  -3.87340891
  -1.91325092  -3.87705790
  -1.92247416  -3.88361735
  -1.93629587  -3.89215921
  -1.93736675  -3.89297541
  -1.95193031  -3.90257799
  -1.95940052  -3.90716030
  -1.96698191  -3.91237548
  -1.98193622  -3.92088607
  -1.98297472  -3.92165207
  -1.99721792  -3.93176414
  -2.00289294  -3.93628442
  -2.01205586  -3.94379245
  -2.02218302  -3.95135200
  -2.02695860  -3.95534324
  -2.04124927  -3.96601609
  -2.04221644  -3.96690033
  -2.05629052  -3.97773946
  -2.06101700  -3.98135070
  -2.07111268  -3.98975127
  -2.07974370  -3.99586922
  -2.08630905  -4.00072040
  -2.09924170  -4.01104195
  -2.10124084  -4.01272622
  -2.11575950  -4.02427657
  -2.11847091  -4.02623353
  -2.13058196  -4.03629624
  -2.13708440  -4.04094767
  -2.14546972  -4.04749993
  -2.15592892  -4.05555279
  -2.16065120  -4.05950651
  -2.17413901  -4.07076667
  -2.17513987  -4.07158970
  -2.18982691  -4.08219722
  -2.19455276  -4.08580804
  -2.20488571  -4.09394169
  -2.21350490  -4.10008065
  -2.22046879  -4.10552805
  -2.23208837  -4.11535935
  -2.23475605  -4.11754102
  -2.24930185  -4.12873415
  -2.25127221  -4.13044612
  -2.26443451  -4.14062619
  -2.27000967  -4.14527805
  -2.27921842  -4.15255538
  -2.28956044  -4.15982331
  -2.29436936  -4.16369558
  -2.30833843  -4.17477393
  -2.30932632  -4.17563423
  -2.32384679  -4.18703032
  -2.32758369  -4.18979451
  -2.33904679  -4.19884537
  -2.34634042  -4.20460365
  -2.35389419  -4.21085557
  -2.36573244  -4.21955269
  -2.36879390  -4.22244319
  -2.38333356  -4.23358619
  -2.38507988  -4.23466586
  -2.39797892  -4.24505147
  -2.40366689  -4.24955613
  -2.41307212  -4.25685309
  -2.42248206  -4.26414409
  -2.42817535  -4.26874839
  -2.44111598  -4.27907445
  -2.44283551  -4.28017856
  -2.45746995  -4.29161212
  -2.46116236  -4.29443674
  -2.47256995  -4.30343210
  -2.47994047  -4.30909927
  -2.48742483  -4.31549123
  -2.49933882  -4.32409293
  -2.50224712  -4.32656411
  -2.51720837  -4.33795444
  -2.51817092  -4.33884689
  -2.53203922  -4.34993465
  -2.53674270  -4.35358407
  -2.54666008  -4.36134794
  -2.55620016  -4.36844109
  -2.56202617  -4.37311072
  -2.57477890  -4.38365175
  -2.57665800  -4.38531092
  -2.59131590  -4.39587528
  -2.59425577  -4.39847495
  -2.60616629  -4.40792232
  -2.61289441  -4.41320098
  -2.62154875  -4.41953022
  -2.63251432  -4.42814324
  -2.63610831  -4.43083565
  -2.65078926  -4.44237407
  -2.65178211  -4.44321719
  -2.66567032  -4.45449023
  -2.67039944  -4.45810456
  -2.68079653  -4.46637646
  -2.68911851  -4.47295165
  -2.69565429  -4.47842394
  -2.70779661  -4.48766254
  -2.71058219  -4.48986942
  -2.72394736  -4.50289838
  -2.72565861  -4.50487162
  -2.73676262  -4.51781325
  -2.74061583  -4.52250189
  -2.74813381  -4.53268441
  -2.75543349  -4.54114566
  -2.76083526  -4.54779995
  -2.77032193  -4.55975048
  -2.77291909  -4.56269358
  -2.78434179  -4.57736008
  -2.78521521  -4.57833645
  -2.79573468  -4.59207322
  -2.80015783  -4.59697233
  -2.80767683  -4.60715638
  -2.81477033  -4.61571779
  -2.81965225  -4.62204412
  -2.82986885  -4.63422696
  -2.83182698  -4.63694470
  -2.84389138  -4.65183949
  -2.84476491  -4.65281602
  -2.85528581  -4.66655490
  -2.85993203  -4.67221753
  -2.86722774  -4.68163988
  -2.87432516  -4.69020342
  -2.87986241  -4.69675994
  -2.88942372  -4.70871501
  -2.89202154  -4.71165905
  -2.90344894  -4.72633052
  -2.90432258  -4.72730721
  -2.91549055  -4.74127561
  -2.91926557  -4.74594788
  -2.92678667  -4.75613506
  -2.93388804  -4.76470076
  -2.93877131  -4.77102908
  -2.94898666  -4.78321482
  -2.95158482  -4.78615933
  -2.96301461  -4.80083334
  -2.96388836  -4.80181019
  -2.97523151  -4.81557118
  -2.97883865  -4.82037778
  -2.98654911  -4.83040954
  -2.99366006  -4.83910964
  -2.99906473  -4.84576811
  -3.00855780  -4.85772654
  -3.01115630  -4.86067153
  -3.02258850  -4.87534812
  -3.02346237  -4.87632512
  -3.03463343  -4.89029802
  -3.03841519  -4.89489584
  -3.04677592  -4.90515746
  -3.05323712  -4.91363030
  -3.05864254  -4.92028987
  -3.06794804  -4.93231850
  -3.07064128  -4.93520038
  -3.08217076  -4.94987501
  -3.08304475  -4.95085218
  -3.09421739  -4.96482736
  -3.09800013  -4.96942605
  -3.10636204  -4.97968937
  -3.11282261  -4.98816317
  -3.11822879  -4.99482383
  -3.12730745  -5.00612570
  -3.13023300  -5.00973768
  -3.14176151  -5.02441418
  -3.14263562  -5.02539151
  -3.15380986  -5.03936902
  -3.15757969  -5.04404222
  -3.16573702  -5.05445992
  -3.17241665  -5.06270840
  -3.17782361  -5.06937017
  -3.18709490  -5.08057879
  -3.18992128  -5.08428128
  -3.20114464  -5.09898543
  -3.20207561  -5.09991771
  -3.21341099  -5.11392315
  -3.21717953  -5.11859660
  -3.22533807  -5.12901605
  -3.23201938  -5.13726615
  -3.23742712  -5.14392905
  -3.24692694  -5.15589580
  -3.24888710  -5.15861658
  -3.26096902  -5.17353001
  -3.26184337  -5.17450768
  -3.27302090  -5.18848992
  -3.27678815  -5.19316362
  -3.28431594  -5.20336074
  -3.29163093  -5.21183659
  -3.29703947  -5.21850063
  -3.30654104  -5.23046952
  -3.30914134  -5.23341703
  -3.32058603  -5.24810700
  -3.32146050  -5.24908484
  -3.33263971  -5.26306950
  -3.33642647  -5.26767180
  -3.34479328  -5.27794212
  -3.35102509  -5.28566115
  -3.35666078  -5.29308508
  -3.36593712  -5.30429979
  -3.36876479  -5.30800417
  -3.38021205  -5.32269692
  -3.38131517  -5.32442514
  -3.39226757  -5.33766203
  -3.39603228  -5.34233624
  -3.40419453  -5.35276106
  -3.41088101  -5.36101617
  -3.41629119  -5.36768254
  -3.42562773  -5.37972879
  -3.42832322  -5.38261373
  -3.43984723  -5.39729993
  -3.44072196  -5.39827813
  -3.45190460  -5.41226770
  -3.45566805  -5.41694216
  -3.46383157  -5.42736882
  -3.47051980  -5.43562563
  -3.47593081  -5.44229320
  -3.48521061  -5.45351211
  -3.48803918  -5.45721779
  -3.49930899  -5.47194101
  -3.50024061  -5.47287415
  -3.51155093  -5.48688665
  -3.51531312  -5.49156137
  -3.52347794  -5.50198989
  -3.52975714  -5.50961290
  -3.53553371  -5.51692321
  -3.54469450  -5.52823923
  -3.54762317  -5.53185566
  -3.55914553  -5.54654589
  -3.56002052  -5.54752444
  -3.57120670  -5.56151905
  -3.57496764  -5.56619404
  -3.58313377  -5.57662444
  -3.58964763  -5.58499128
  -3.59519450  -5.59156138
  -3.60452161  -5.60277792
  -3.60735110  -5.60648493
  -3.61880892  -5.62118915
  -3.61968405  -5.62216789
  -3.63087203  -5.63616506
  -3.63463173  -5.64084031
  -3.64279919  -5.65127261
  -3.64931716  -5.65964191
  -3.65486491  -5.66621324
  -3.66419150  -5.67743129
  -3.66702146  -5.68113898
  -3.67848199  -5.69584616
  -3.67935725  -5.69682508
  -3.69007990  -5.71121358
  -3.69386883  -5.71580443
  -3.70240291  -5.72594936
  -3.70892805  -5.73439023
  -3.71429907  -5.74109171
  -3.72371468  -5.75220221
  -3.72664478  -5.75582066
  -3.73816485  -5.77051707
  -3.73904025  -5.77149618
  -3.75023192  -5.78549857
  -3.75376393  -5.78940936
  -3.76215933  -5.80061051
  -3.76862976  -5.80811663
  -3.77427191  -5.81554991
  -3.78340770  -5.82688440
  -3.78633829  -5.83050354
  -3.79785766  -5.84520204
  -3.79873319  -5.84618134
  -3.80992674  -5.86018639
  -3.81368277  -5.86486241
  -3.82185432  -5.87530056
  -3.82838471  -5.88367742
  -3.83393517  -5.89025251
  -3.84311075  -5.90158079
  -3.84604184  -5.90520063
  -3.85756052  -5.91990123
  -3.85843620  -5.92088073
  -3.86963165  -5.93488846
  -3.87338648  -5.93956474
  -3.88155943  -5.95000488
  -3.88801648  -5.95846529
  -3.89339020  -5.96517060
  -3.90282397  -5.97629155
  -3.90575556  -5.97991209
  -3.91713813  -5.99464826
  -3.91807074  -5.99558270
  -3.92934679  -6.00960494
  -3.93287499  -6.01351612
  -3.94127480  -6.02472363
  -3.94788583  -6.03308902
  -3.95312088  -6.03987909
  -3.96254748  -6.05101682
  -3.96547959  -6.05463808
  -3.97699699  -6.06934293
  -3.97787296  -6.07032282
  -3.98907228  -6.08433601
  -3.99282474  -6.08901279
  -4.00036774  -6.09923212
  -4.00768540  -6.10868619
  -4.01220265  -6.11440372
  -4.02167774  -6.12932391
  -4.02242452  -6.13035150
  -4.02522719  -6.14451162
  -4.02620893  -6.15937829
  -4.02626678  -6.17424404
  -4.02673922  -6.18918592
  -4.02636453  -6.20402988
  -4.02636740  -6.21899940
  -4.02640109  -6.23391862
  -4.02643485  -6.24883823
  -4.02646869  -6.26375822
  -4.02650261  -6.27867860
  -4.02653659  -6.29359937
  -4.02610534  -6.30851772
  -4.02266523  -6.32307412
  -4.02195547  -6.32480198
  -4.01223575  -6.33712704
  -4.00686909  -6.34272388
  -3.99758722  -6.35202497
  -3.99224911  -6.35690664
  -3.98203911  -6.36713808
  -3.97739820  -6.37178879
  -3.96705963  -6.38180679
  -3.96254489  -6.38573899
  -3.95127140  -6.39668573
  -3.94746063  -6.40038863
  -3.93535143  -6.41132726
  -3.93252586  -6.41407079
  -3.92036411  -6.42625535
  -3.91758031  -6.42904673
  -3.90551723  -6.44114290
  -3.90290392  -6.44317466
  -3.88904768  -6.45618052
  -3.88810402  -6.45709417
  -3.87402466  -6.47087244
  -3.87308912  -6.47179476
  -3.85857897  -6.48526459
  -3.85765082  -6.48619491
  -3.84355814  -6.49987927
  -3.84256705  -6.50084713
  -3.82871158  -6.51382944
  -3.82674276  -6.51595077
  -3.81409214  -6.52803649
  -3.81123920  -6.53084807
  -3.79924677  -6.54198873
  -3.79545862  -6.54573253
  -3.78417319  -6.55661581
  -3.77964073  -6.56042314
  -3.76934265  -6.56962640
  -3.76201481  -6.57499205
  -3.75471667  -6.57977748
  -3.73999389  -6.58812346
  -3.73715153  -6.58986326
  -3.72532976  -6.59556887
  -3.71026153  -6.60391049
  -3.70924639  -6.60468581
  -3.69560245  -6.61169470
  -3.68146564  -6.61929116
  -3.68049847  -6.62013163
  -3.66575642  -6.62712907
  -3.65346385  -6.63434106
  -3.65064857  -6.63614851
  -3.63602580  -6.64291796
  -3.62473406  -6.64933002
  -3.62106725  -6.65127579
  -3.60638852  -6.65905660
  -3.59702007  -6.66440147
  -3.59148395  -6.66725995
  -3.57666550  -6.67451151
  -3.56812478  -6.67919020
  -3.56170249  -6.68285969
  -3.54683662  -6.69028892
  -3.54104268  -6.69384287
  -3.53197340  -6.69865111
  -3.51696768  -6.70672793
  -3.51314055  -6.70870132
  -3.50221333  -6.71477577
  -3.48748063  -6.72188741
  -3.48437750  -6.72369221
  -3.47251648  -6.73023615
  -3.45765123  -6.73766646
  -3.45663011  -6.73841045
  -3.44287678  -6.74510925
  -3.42835641  -6.74930183
  -3.41616535  -6.75323806
  -3.41334977  -6.75405507
  -3.39852543  -6.75816221
  -3.38371079  -6.76189399
  -3.36873462  -6.76647364
  -3.36411144  -6.76805317
  -3.35385910  -6.77072030
  -3.33906699  -6.77484442
  -3.32411463  -6.77905375
  -3.31191792  -6.78276803
  -3.30912586  -6.78368246
  -3.29441986  -6.78779496
  -3.27960697  -6.79152801
  -3.26463047  -6.79610813
  -3.26000883  -6.79768850
  -3.24975826  -6.80036077
  -3.23496572  -6.80448122
  -3.22001633  -6.80869869
  -3.20782029  -6.81241566
  -3.20502844  -6.81333040
  -3.19031937  -6.81778246
  -3.17551235  -6.82210192
  -3.16066072  -6.82739930
  -3.15963666  -6.82810988
  -3.14861340  -6.84423967
         
