# shadow point cont 2D ind 107  size 1175
# norm  0.6671828 -0.7448941  0.0000000
# angle  0.8403760
   3.35372131  -6.83608172
   3.35434367  -6.83627879
   3.36343600  -6.83509591
   3.37846217  -6.83098659
   3.38583850  -6.82906932
   3.39319548  -6.82702065
   3.40817650  -6.82256629
   3.42316273  -6.81837206
   3.43769675  -6.81464900
   3.43871883  -6.81399800
   3.45280874  -6.80959823
   3.46771386  -6.80521009
   3.48246789  -6.80116848
   3.48981404  -6.79903810
   3.49733727  -6.79645094
   3.51231974  -6.79199837
   3.52710253  -6.78813132
   3.53917383  -6.78438553
   3.54197162  -6.78348514
   3.55695474  -6.77903332
   3.57172901  -6.77515313
   3.58649048  -6.77039795
   3.58925599  -6.76940838
   3.60148162  -6.76562978
   3.61646949  -6.76143743
   3.63131328  -6.75767076
   3.63963786  -6.75485670
   3.64612274  -6.75292545
   3.66110738  -6.74847534
   3.67584311  -6.74453897
   3.68973969  -6.73966897
   3.69075974  -6.73903051
   3.70574507  -6.73458116
   3.72051995  -6.73070130
   3.73171947  -6.72561317
   3.73541220  -6.72370676
   3.75030834  -6.71541854
   3.75867798  -6.71077065
   3.76519725  -6.70707494
   3.78010046  -6.69875192
   3.78477267  -6.69604099
   3.79494320  -6.69034597
   3.80980673  -6.68195888
   3.81164404  -6.68099038
   3.82468951  -6.67361780
   3.83772177  -6.66628151
   3.83950915  -6.66524490
   3.85429409  -6.65659881
   3.86449046  -6.65091463
   3.86923159  -6.64831308
   3.88414490  -6.64011472
   3.89049363  -6.63630097
   3.89897926  -6.63158713
   3.91394329  -6.62345495
   3.91670908  -6.62166426
   3.92872731  -6.61486196
   3.94278091  -6.60681759
   3.94378677  -6.60600755
   3.95847576  -6.59813756
   3.97044430  -6.59155498
   3.97327389  -6.58976418
   3.98822460  -6.58141395
   3.99662782  -6.57696616
   4.00305639  -6.57312361
   4.01813720  -6.56323160
   4.01910989  -6.56240773
   4.03306326  -6.55128161
   4.03762848  -6.54750539
   4.04784472  -6.53726584
   4.05248846  -6.53261156
   4.06270473  -6.52237231
   4.06734848  -6.51771816
   4.07756477  -6.50747920
   4.08220854  -6.50282518
   4.09257058  -6.49272520
   4.09730256  -6.48816589
   4.10736143  -6.47778230
   4.11192876  -6.47304047
   4.12229157  -6.46294102
   4.12702285  -6.45838202
   4.13723925  -6.44814421
   4.14188306  -6.44349071
   4.15186751  -6.43395300
   4.15674331  -6.42859982
   4.16695977  -6.41836257
   4.17160361  -6.41370933
   4.18158814  -6.40417213
   4.18716077  -6.39858839
   4.19668048  -6.38858257
   4.20132435  -6.38392958
   4.21154090  -6.37369318
   4.21688163  -6.36880946
   4.22640138  -6.35880419
   4.23104528  -6.35415146
   4.24114413  -6.34289131
   4.24402187  -6.33925424
   4.25125558  -6.32469515
   4.25362555  -6.30970208
   4.25455255  -6.29455565
   4.25451660  -6.27963478
   4.25448073  -6.26471434
   4.25444493  -6.24979432
   4.25487473  -6.23492431
   4.25530434  -6.21995794
   4.25573426  -6.20508754
   4.25616260  -6.19019611
   4.25658439  -6.17510309
   4.25698946  -6.17327492
   4.25702395  -6.16029531
   4.25698057  -6.14535300
   4.25644821  -6.14436723
   4.25400746  -6.13008421
   4.24608774  -6.11436883
   4.24238575  -6.10967582
   4.23405253  -6.09927996
   4.22747796  -6.09174633
   4.22091210  -6.08434390
   4.21228460  -6.07427459
   4.20851988  -6.06970198
   4.19701434  -6.05597842
   4.19614338  -6.05499594
   4.18320490  -6.03980672
   4.18228906  -6.03885721
   4.17006017  -6.02512222
   4.16726099  -6.02138830
   4.15726207  -6.00968740
   4.15264790  -6.00422853
   4.14448313  -5.99471694
   4.13791459  -5.98718612
   4.13134942  -5.97978526
   4.12274663  -5.96969936
   4.11889022  -5.96511578
   4.10768130  -5.95213134
   4.10589388  -5.95018534
   4.09348204  -5.93547767
   4.09258521  -5.93451324
   4.07982262  -5.92031901
   4.07806316  -5.91836629
   4.06787055  -5.90543494
   4.06343904  -5.90034072
   4.05409658  -5.88985922
   4.04808545  -5.88290728
   4.04166379  -5.87553303
   4.03323218  -5.86515490
   4.02937780  -5.86057274
   4.01839909  -5.84833296
   4.01574992  -5.84539254
   4.00397483  -5.83094313
   4.00307823  -5.82997899
   3.99031656  -5.81578861
   3.98855753  -5.81383645
   3.97836095  -5.80090700
   3.97372346  -5.79590127
   3.96454398  -5.78567815
   3.95859159  -5.77838807
   3.95205000  -5.77099179
   3.94371631  -5.76157989
   3.93906089  -5.75607276
   3.92837808  -5.74322672
   3.92668371  -5.74137801
   3.91449048  -5.72643861
   3.91359409  -5.72547475
   3.90148372  -5.71151739
   3.89884583  -5.70859000
   3.88793189  -5.69619014
   3.88412711  -5.69159193
   3.87549142  -5.68142193
   3.86926352  -5.67478750
   3.86257821  -5.66650424
   3.85424788  -5.65709511
   3.84950195  -5.65157565
   3.83916745  -5.63955223
   3.83651086  -5.63665847
   3.82433609  -5.62269689
   3.82344279  -5.62173117
   3.81044224  -5.60681519
   3.80933442  -5.60509328
   3.79824035  -5.59191676
   3.79442463  -5.58733087
   3.78534734  -5.57698707
   3.77981109  -5.57032671
   3.77230440  -5.56180413
   3.76474268  -5.55277458
   3.75938615  -5.54688911
   3.74972336  -5.53510125
   3.74706639  -5.53220819
   3.73489555  -5.51825056
   3.73400246  -5.51728511
   3.72165333  -5.50260205
   3.71989558  -5.50065154
   3.70880651  -5.48747884
   3.70499171  -5.48289418
   3.69591145  -5.47255249
   3.69023217  -5.46594185
   3.68279213  -5.45761749
   3.67535877  -5.44914950
   3.66971527  -5.44269528
   3.66026953  -5.43162399
   3.65737906  -5.42801629
   3.64543870  -5.41381159
   3.64452690  -5.41286137
   3.63223534  -5.39818800
   3.63047799  -5.39623803
   3.61939385  -5.38306904
   3.61581106  -5.37921713
   3.60628433  -5.36811787
   3.60071827  -5.36169065
   3.59324835  -5.35320451
   3.58587224  -5.34489129
   3.58031199  -5.33829745
   3.57109980  -5.32795835
   3.56725556  -5.32338294
   3.55604639  -5.31041928
   3.55492405  -5.30870757
   3.54218807  -5.29357276
   3.54130959  -5.29259803
   3.52996746  -5.27866631
   3.52631035  -5.27487620
   3.51624852  -5.26379143
   3.51143119  -5.25809570
   3.50374165  -5.24907300
   3.49655867  -5.24131372
   3.49001402  -5.23392728
   3.48123371  -5.22307793
   3.47767452  -5.21925567
   3.46666724  -5.20605586
   3.46488673  -5.20411415
   3.45250264  -5.18943570
   3.45160730  -5.18847319
   3.43949958  -5.17453395
   3.43686482  -5.17161062
   3.42660739  -5.15938631
   3.42194308  -5.15390322
   3.41372629  -5.14449712
   3.40696368  -5.13624788
   3.40065053  -5.12958350
   3.39210515  -5.11946228
   3.38831131  -5.11491538
   3.37704735  -5.10186384
   3.37526429  -5.10000782
   3.36271437  -5.08560299
   3.36181922  -5.08464072
   3.35014528  -5.07020496
   3.34751107  -5.06728237
   3.33726338  -5.05506111
   3.33282493  -5.05031303
   3.32353886  -5.03992572
   3.31797591  -5.03353546
   3.31130650  -5.02526588
   3.30299583  -5.01587239
   3.29825658  -5.01036181
   3.28792849  -4.99835731
   3.28526930  -4.99546775
   3.27333820  -4.98127548
   3.27242573  -4.98032755
   3.26011612  -4.96566520
   3.25832130  -4.96374498
   3.24706082  -4.95079792
   3.24325045  -4.94621926
   3.23415417  -4.93588809
   3.22864839  -4.92924136
   3.22188955  -4.92096558
   3.21342621  -4.91179696
   3.20872309  -4.90631358
   3.19840039  -4.89419719
   3.19568111  -4.89141246
   3.18423178  -4.87674504
   3.18333987  -4.87578112
   3.17056462  -4.86162249
   3.16880920  -4.85967505
   3.15840004  -4.84671920
   3.15393985  -4.84194624
   3.14484034  -4.83161703
   3.13921251  -4.82502043
   3.13176120  -4.81670833
   3.12435472  -4.80825420
   3.11871247  -4.80180986
   3.10904848  -4.79002712
   3.10637811  -4.78715235
   3.09450153  -4.77299093
   3.09360980  -4.77202724
   3.08126646  -4.75736932
   3.07951139  -4.75542234
   3.06911180  -4.74246939
   3.06464733  -4.73769778
   3.05539550  -4.72734493
   3.04979963  -4.72092820
   3.04237646  -4.71245420
   3.03496544  -4.70415381
   3.02942722  -4.69757076
   3.01999600  -4.68651902
   3.01644192  -4.68268781
   3.00494806  -4.66894888
   3.00406486  -4.66802497
   2.99107769  -4.65314556
   2.99022212  -4.65215917
   2.97848161  -4.63779567
   2.97550984  -4.63424399
   2.96519863  -4.62312135
   2.96051072  -4.61764590
   2.95228996  -4.60825037
   2.94555803  -4.60001224
   2.93924038  -4.59335602
   2.93071072  -4.58324724
   2.92620661  -4.57846658
   2.91542159  -4.56500793
   2.91453019  -4.56404468
   2.90151294  -4.54915568
   2.90062288  -4.54819604
   2.88776495  -4.53403688
   2.88607061  -4.53291428
   2.87153772  -4.52054309
   2.86948337  -4.51870352
   2.85651918  -4.50851305
   2.85089872  -4.50381223
   2.84159952  -4.49644425
   2.83231462  -4.48892153
   2.82677292  -4.48432224
   2.81471542  -4.47395835
   2.81176037  -4.47138998
   2.79691677  -4.46023844
   2.79595416  -4.45935773
   2.78202830  -4.44812464
   2.77739213  -4.44446686
   2.76724624  -4.43596926
   2.75970015  -4.42958423
   2.75242761  -4.42384430
   2.74060936  -4.41410683
   2.73765467  -4.41153886
   2.72345841  -4.39981167
   2.72248091  -4.39894296
   2.70780313  -4.38757516
   2.70488499  -4.38492387
   2.69289862  -4.37550640
   2.68632111  -4.37003567
   2.67808957  -4.36337682
   2.66874329  -4.35514983
   2.66311052  -4.35043247
   2.65007443  -4.34026854
   2.64812574  -4.33852159
   2.63344442  -4.32713109
   2.63150440  -4.32538302
   2.61866928  -4.31498363
   2.61306070  -4.31028208
   2.60375827  -4.30291997
   2.59448336  -4.29539874
   2.58893454  -4.29080455
   2.57685413  -4.28043220
   2.57386417  -4.27793768
   2.55912649  -4.26678094
   2.55812950  -4.26585159
   2.54433850  -4.25453678
   2.53970335  -4.25074854
   2.52920506  -4.24182302
   2.52189112  -4.23609168
   2.51461672  -4.23035577
   2.50326658  -4.22107615
   2.49970583  -4.21829802
   2.48549539  -4.20655883
   2.48453134  -4.20567066
   2.47000981  -4.19410352
   2.46709533  -4.19145268
   2.45511310  -4.18203973
   2.44853532  -4.17657235
   2.44030564  -4.16991690
   2.43003355  -4.16149344
   2.42540955  -4.15785310
   2.41230380  -4.14681845
   2.41035581  -4.14507230
   2.39567942  -4.13368720
   2.39370156  -4.13194595
   2.38068823  -4.12179732
   2.37518156  -4.11706259
   2.36600081  -4.10948811
   2.35673554  -4.10196823
   2.35105283  -4.09746807
   2.33877121  -4.08754097
   2.33612350  -4.08552224
   2.32134013  -4.07329574
   2.32035585  -4.07244045
   2.30638819  -4.06137874
   2.30183184  -4.05756165
   2.29170160  -4.04906971
   2.28416360  -4.04268975
   2.27688720  -4.03695765
   2.26487084  -4.02752070
   2.26191826  -4.02495511
   2.24777626  -4.01317129
   2.24681255  -4.01228351
   2.23229661  -4.00072132
   2.22934964  -3.99807633
   2.21728022  -3.98885134
   2.21009113  -3.98296916
   2.20253826  -3.97659010
   2.19231123  -3.96832895
   2.18764746  -3.96453679
   2.17365446  -3.95345953
   2.17266337  -3.95261800
   2.15794180  -3.94222862
   2.15320072  -3.93859485
   2.14307267  -3.93201809
   2.13109956  -3.92337696
   2.12825301  -3.92162784
   2.11360960  -3.91311384
   2.10784973  -3.90863881
   2.09851839  -3.90227235
   2.08654806  -3.89363074
   2.08370166  -3.89188176
   2.06883352  -3.88273800
   2.06413682  -3.87909505
   2.05411488  -3.87227206
   2.04285702  -3.86422667
   2.03895385  -3.86156182
   2.02428264  -3.85299607
   2.01958619  -3.84935338
   2.00956577  -3.84253047
   1.99748197  -3.83415723
   1.99467171  -3.83234015
   1.97991861  -3.82298096
   1.97515581  -3.81940375
   1.96480436  -3.81218381
   1.95375427  -3.80474872
   1.94991713  -3.80200641
   1.93515270  -3.79262204
   1.93139550  -3.78988075
   1.92030435  -3.78240057
   1.90916688  -3.77484353
   1.90558226  -3.77286457
   1.89072194  -3.76279208
   1.88776097  -3.76015045
   1.87576090  -3.75266584
   1.86546160  -3.74529394
   1.86088855  -3.74247049
   1.84602238  -3.73227078
   1.84324739  -3.73041114
   1.83136546  -3.72267544
   1.82104346  -3.71554862
   1.81650077  -3.71246947
   1.80148286  -3.70253939
   1.79948421  -3.70089585
   1.78687711  -3.69290971
   1.77657301  -3.68560242
   1.77175435  -3.68214450
   1.75694528  -3.67281010
   1.75494673  -3.67116667
   1.74233983  -3.66318123
   1.73282147  -3.65608887
   1.72721859  -3.65241638
   1.71230264  -3.64232301
   1.71132949  -3.64145091
   1.69758719  -3.63284016
   1.68828683  -3.62636280
   1.68273823  -3.62262701
   1.66781997  -3.61250036
   1.66681030  -3.61170812
   1.65305369  -3.60311583
   1.64453673  -3.59685580
   1.63815268  -3.59296630
   1.62323366  -3.58287584
   1.62226061  -3.58200385
   1.60857198  -3.57334320
   1.60016659  -3.56691673
   1.59377199  -3.56296299
   1.57859947  -3.55330648
   1.57681549  -3.55227047
   1.56408677  -3.54531444
   1.55003751  -3.53719671
   1.54902417  -3.53641802
   1.53437590  -3.52862156
   1.52320385  -3.52233937
   1.51950475  -3.52029484
   1.50478680  -3.51274360
   1.49636347  -3.50726784
   1.48977038  -3.50364393
   1.47491725  -3.49632516
   1.46852187  -3.49241218
   1.46013950  -3.48778548
   1.44536105  -3.48028756
   1.44150529  -3.47775211
   1.43045785  -3.47199581
   1.41561948  -3.46374549
   1.41459695  -3.46289439
   1.40083065  -3.45614803
   1.38770427  -3.44803380
   1.38586208  -3.44708097
   1.37112461  -3.43945839
   1.35924150  -3.43294957
   1.35644220  -3.43168971
   1.34148789  -3.42362711
   1.33214204  -3.41813158
   1.32657719  -3.41534548
   1.31161813  -3.40724014
   1.30515272  -3.40345936
   1.29695060  -3.39950098
   1.28211887  -3.39113653
   1.27744617  -3.38840406
   1.26727201  -3.38278744
   1.25256694  -3.37504527
   1.24969189  -3.37337395
   1.23759395  -3.36700237
   1.22354741  -3.35888869
   1.22253437  -3.35811032
   1.20808503  -3.35088263
   1.19506774  -3.34347665
   1.19302744  -3.34199129
   1.17821993  -3.33452733
   1.16805527  -3.32896522
   1.16335127  -3.32620759
   1.14854942  -3.31873790
   1.14020715  -3.31411935
   1.13362953  -3.31048883
   1.11887365  -3.30388302
   1.10892191  -3.29885504
   1.10400676  -3.29691925
   1.08908940  -3.29475641
   1.07418344  -3.29437557
   1.05934557  -3.29437025
   1.04460464  -3.29427837
   1.02955116  -3.29391871
   1.01492905  -3.29426814
   0.99987601  -3.29390961
   0.98522492  -3.29379245
   0.97031979  -3.29341194
   0.95548231  -3.29340714
   0.94064488  -3.29340241
   0.92580737  -3.29373544
   0.91097017  -3.29339318
   0.89613289  -3.29338867
   0.88129565  -3.29338424
   0.86645846  -3.29337988
   0.85162132  -3.29337559
   0.83678422  -3.29337138
   0.82194717  -3.29336724
   0.80711016  -3.29336318
   0.79227319  -3.29335919
   0.77743626  -3.29335528
   0.76266634  -3.29279946
   0.74776284  -3.29241976
   0.73292582  -3.29276114
   0.71800530  -3.29250983
   0.70331894  -3.29278490
   0.68841584  -3.29240544
   0.67357918  -3.29240204
   0.65874256  -3.29239872
   0.64390596  -3.29239547
   0.62906940  -3.29239230
   0.61423287  -3.29238920
   0.59939637  -3.29238617
   0.58456021  -3.29191928
   0.56972346  -3.29238034
   0.55488705  -3.29237754
   0.54005099  -3.29191087
   0.52521430  -3.29237215
   0.51037796  -3.29236957
   0.49554200  -3.29190313
   0.48077124  -3.29181293
   0.46586950  -3.29143437
   0.45103326  -3.29143209
   0.43619704  -3.29142988
   0.42142650  -3.29087610
   0.40640968  -3.29100566
   0.39168850  -3.29142369
   0.37685236  -3.29142177
   0.36201623  -3.29141993
   0.34718011  -3.29141816
   0.33234401  -3.29141647
   0.31750793  -3.29141485
   0.30267229  -3.29094937
   0.28783579  -3.29141184
   0.27309329  -3.29132458
   0.25808209  -3.29057804
   0.24339265  -3.29085628
   0.22841017  -3.29057560
   0.21365610  -3.29094165
   0.19891285  -3.29131871
   0.18398409  -3.29047572
   0.16914810  -3.29047484
   0.15431210  -3.29047404
   0.13947611  -3.29047331
   0.12464013  -3.29047265
   0.10980414  -3.29047207
   0.09496815  -3.29047156
   0.08022490  -3.29038529
   0.06518329  -3.29006234
   0.05046018  -3.29047047
   0.03562419  -3.29047026
   0.02078875  -3.29000618
   0.00604461  -3.29038421
  -0.00888329  -3.28954218
  -0.02371930  -3.28954226
  -0.03855533  -3.28954242
  -0.05339136  -3.28954265
  -0.06822740  -3.28954295
  -0.08306345  -3.28954333
  -0.09789951  -3.28954378
  -0.11273559  -3.28954431
  -0.12757168  -3.28954491
  -0.14240778  -3.28954559
  -0.15724326  -3.28908239
  -0.17208003  -3.28954716
  -0.18685280  -3.28899641
  -0.20175176  -3.28862114
  -0.21658794  -3.28862218
  -0.23142483  -3.28900391
  -0.24634033  -3.28872113
  -0.26103412  -3.28900194
  -0.27593288  -3.28862710
  -0.29076917  -3.28862851
  -0.30560548  -3.28863000
  -0.32044182  -3.28863156
  -0.33527819  -3.28863319
  -0.35011385  -3.28817095
  -0.36486011  -3.28855065
  -0.37986620  -3.28780732
  -0.39462392  -3.28864047
  -0.40945968  -3.28817852
  -0.42429621  -3.28818060
  -0.43907110  -3.28809486
  -0.45396947  -3.28772105
  -0.46880611  -3.28772335
  -0.48364278  -3.28772572
  -0.49847948  -3.28772817
  -0.51331622  -3.28773069
  -0.52815300  -3.28773328
  -0.54298900  -3.28727199
  -0.55782585  -3.28727474
  -0.57257354  -3.28765526
  -0.58757831  -3.28691329
  -0.60233664  -3.28728341
  -0.61711273  -3.28719836
  -0.63201085  -3.28682563
  -0.64684795  -3.28682881
  -0.66176329  -3.28692892
  -0.67646148  -3.28721116
  -0.69135955  -3.28683882
  -0.70619684  -3.28684230
  -0.72103329  -3.28638188
  -0.73587067  -3.28638551
  -0.75070811  -3.28638922
  -0.76554560  -3.28639299
  -0.78038314  -3.28639684
  -0.79515616  -3.28630683
  -0.81014286  -3.28601381
  -0.82482069  -3.28630122
  -0.83983569  -3.28596328
  -0.85450736  -3.28632315
  -0.86963583  -3.28545522
  -0.88424747  -3.28642587
  -0.89895599  -3.28626195
  -0.91392389  -3.28544850
  -0.92876100  -3.28504757
  -0.94359918  -3.28505223
  -0.95843742  -3.28505696
  -0.97327573  -3.28506177
  -0.98811410  -3.28506666
  -1.00295253  -3.28507161
  -1.01779103  -3.28507665
  -1.03262960  -3.28508175
  -1.04746824  -3.28508693
  -1.06230695  -3.28509218
  -1.07714573  -3.28509751
  -1.09229000  -3.28675946
  -1.10733881  -3.29036207
  -1.12277054  -3.29643909
  -1.12460545  -3.29740669
  -1.13761380  -3.30466632
  -1.15216539  -3.31175381
  -1.15323728  -3.31239545
  -1.16730265  -3.31953179
  -1.18138972  -3.32680452
  -1.18246627  -3.32745807
  -1.19699290  -3.33532621
  -1.20930052  -3.34178164
  -1.21215150  -3.34352767
  -1.22668381  -3.35112128
  -1.23788473  -3.35679177
  -1.24152596  -3.35877610
  -1.25608339  -3.36657014
  -1.26565390  -3.37156321
  -1.27122104  -3.37435096
  -1.28606766  -3.38271344
  -1.29349063  -3.38643055
  -1.30091365  -3.39014770
  -1.31546867  -3.39794132
  -1.32221929  -3.40107665
  -1.33096232  -3.40584444
  -1.34516293  -3.41395994
  -1.35073046  -3.41674793
  -1.36030095  -3.42174324
  -1.37514781  -3.42917834
  -1.37885954  -3.43103714
  -1.39016051  -3.43736577
  -1.40455343  -3.44472132
  -1.40744376  -3.44638117
  -1.41940032  -3.45299194
  -1.43424799  -3.46042748
  -1.43610396  -3.46135693
  -1.44937723  -3.46846307
  -1.46375483  -3.47567645
  -1.46477624  -3.47641983
  -1.47879296  -3.48366357
  -1.49285948  -3.49095871
  -1.49392649  -3.49163414
  -1.50849082  -3.49946466
  -1.52069806  -3.50568725
  -1.52362961  -3.50725251
  -1.53819342  -3.51504274
  -1.54973508  -3.52049122
  -1.55361562  -3.52301147
  -1.56788971  -3.53106721
  -1.57638406  -3.53543333
  -1.58303444  -3.53929153
  -1.59759199  -3.54779663
  -1.60159181  -3.55001280
  -1.61322047  -3.55723045
  -1.62505391  -3.56501574
  -1.62783855  -3.56687481
  -1.64238771  -3.57652502
  -1.64877650  -3.58041695
  -1.65731908  -3.58574054
  -1.67136355  -3.59483055
  -1.67241454  -3.59556777
  -1.68671584  -3.60464452
  -1.69531367  -3.60979096
  -1.70218046  -3.61406410
  -1.71663477  -3.62307056
  -1.71944267  -3.62489422
  -1.73178358  -3.63296350
  -1.74247454  -3.63988796
  -1.74638686  -3.64232988
  -1.76098538  -3.65112179
  -1.76594452  -3.65427824
  -1.77624662  -3.66094329
  -1.78913890  -3.66929592
  -1.79093193  -3.67033157
  -1.80576877  -3.67972157
  -1.81319579  -3.68437075
  -1.82083723  -3.68898714
  -1.83526242  -3.69847405
  -1.83710420  -3.69943168
  -1.85066019  -3.70802339
  -1.86061764  -3.71411127
  -1.86552192  -3.71752953
  -1.87982358  -3.72651631
  -1.88366113  -3.72910060
  -1.89467322  -3.73587278
  -1.90770826  -3.74403562
  -1.90979665  -3.74548045
  -1.92460919  -3.75504423
  -1.93026014  -3.75863669
  -1.93987701  -3.76467665
  -1.95359036  -3.77336194
  -1.95464065  -3.77410117
  -1.96917792  -3.78294575
  -1.97765507  -3.78833439
  -1.98421629  -3.79299696
  -1.99867725  -3.80187275
  -2.00149517  -3.80368084
  -2.01374989  -3.81177832
  -2.02474741  -3.81840687
  -2.02864499  -3.82087789
  -2.04350803  -3.83014458
  -2.04820902  -3.83283252
  -2.05850197  -3.83950667
  -2.07139340  -3.84804265
  -2.07316539  -3.84910049
  -2.08784367  -3.85847722
  -2.09537285  -3.86295172
  -2.10289053  -3.86774300
  -2.11755955  -3.87713162
  -2.11938306  -3.87811978
  -2.13242397  -3.88638203
  -2.14219322  -3.89236707
  -2.14780004  -3.89612337
  -2.16213657  -3.90507856
  -2.16597539  -3.90766411
  -2.17719895  -3.91503625
  -2.18924734  -3.92252047
  -2.19206007  -3.92433924
  -2.20703825  -3.93571628
  -2.20971058  -3.93771367
  -2.22197630  -3.94757674
  -2.22772229  -3.95199877
  -2.23704989  -3.95949635
  -2.24700916  -3.96726193
  -2.25166252  -3.97100077
  -2.26564167  -3.98174043
  -2.26669112  -3.98248207
  -2.28138304  -3.99330871
  -2.28602854  -3.99702956
  -2.29624021  -4.00543145
  -2.30453100  -4.01203067
  -2.31123829  -4.01728479
  -2.32404205  -4.02682158
  -2.32602333  -4.02851872
  -2.34064096  -4.03910907
  -2.34358466  -4.04169767
  -2.35570318  -4.05101814
  -2.36227905  -4.05651251
  -2.37056243  -4.06299360
  -2.38178069  -4.07144455
  -2.38569107  -4.07487319
  -2.40008650  -4.08569646
  -2.40106132  -4.08657011
  -2.41529567  -4.09714311
  -2.42082833  -4.10092699
  -2.43020724  -4.10858728
  -2.43926406  -4.11614194
  -2.44495227  -4.12064507
  -2.45882239  -4.13101779
  -2.45980201  -4.13188388
  -2.47448925  -4.14319214
  -2.47823790  -4.14594015
  -2.48970775  -4.15509801
  -2.49689715  -4.16096152
  -2.50432335  -4.16632553
  -2.51590803  -4.17533689
  -2.51947320  -4.17830625
  -2.53373955  -4.18912881
  -2.53571956  -4.19082418
  -2.54877745  -4.20109019
  -2.55439977  -4.20568688
  -2.56368829  -4.21307652
  -2.57385590  -4.22059751
  -2.57855918  -4.22424626
  -2.59265567  -4.23525420
  -2.59363550  -4.23612050
  -2.60832839  -4.24743074
  -2.61207776  -4.25017951
  -2.62335159  -4.25854758
  -2.63164628  -4.26515100
  -2.63833085  -4.27044662
  -2.65117300  -4.27994943
  -2.65314430  -4.28166226
  -2.66779411  -4.29313084
  -2.67052669  -4.29506739
  -2.68271199  -4.30507960
  -2.68925957  -4.30967601
  -2.69801786  -4.31666686
  -2.70822501  -4.32457469
  -2.71260799  -4.32835711
  -2.72710807  -4.33894061
  -2.72810361  -4.33977796
  -2.74213667  -4.35093612
  -2.74680146  -4.35463987
  -2.75726560  -4.36266088
  -2.76655533  -4.36950356
  -2.77197107  -4.37408699
  -2.78504609  -4.38422609
  -2.78679328  -4.38530648
  -2.80149422  -4.39665322
  -2.80448548  -4.39915641
  -2.81654688  -4.40858641
  -2.82398512  -4.41417418
  -2.83175150  -4.42032051
  -2.84281188  -4.42889458
  -2.84643944  -4.43175577
  -2.86113513  -4.44315842
  -2.86211067  -4.44403285
  -2.87633442  -4.45466395
  -2.88187408  -4.45844677
  -2.89125491  -4.46608766
  -2.90044227  -4.47380771
  -2.90586861  -4.47839039
  -2.91816599  -4.48849465
  -2.92118022  -4.49134317
  -2.93160842  -4.50336334
  -2.93598904  -4.50829649
  -2.94418648  -4.51852226
  -2.95086430  -4.52696412
  -2.95622408  -4.53364818
  -2.96557648  -4.54562954
  -2.96824238  -4.54852877
  -2.97973145  -4.56320345
  -2.98060510  -4.56417996
  -2.99179385  -4.57809380
  -2.99554710  -4.58277467
  -3.00372994  -4.59298021
  -3.01042325  -4.60144502
  -3.01515201  -4.60790623
  -3.02514042  -4.62011367
  -3.02780667  -4.62301336
  -3.03929592  -4.63769022
  -3.04016969  -4.63866688
  -3.05136100  -4.65258299
  -3.05511329  -4.65726446
  -3.06346009  -4.66782019
  -3.06980644  -4.67602302
  -3.07530330  -4.68261315
  -3.08481745  -4.69457813
  -3.08742432  -4.69751759
  -3.09866305  -4.71243535
  -3.09950004  -4.71343229
  -3.11093641  -4.72708395
  -3.11468775  -4.73176602
  -3.12302593  -4.74232011
  -3.12938381  -4.75052764
  -3.13488143  -4.75711884
  -3.14429306  -4.76911716
  -3.14696001  -4.77201780
  -3.15844970  -4.78669910
  -3.15955180  -4.78842544
  -3.16986522  -4.80136734
  -3.17427061  -4.80627951
  -3.18190522  -4.81638009
  -3.18914959  -4.82495828
  -3.19451234  -4.83164657
  -3.20388202  -4.84363685
  -3.20654932  -4.84653798
  -3.21803927  -4.86122155
  -3.21891339  -4.86219869
  -3.22995561  -4.87638214
  -3.23358561  -4.88101225
  -3.24190935  -4.89130602
  -3.24856397  -4.89957298
  -3.25341371  -4.90593789
  -3.26339937  -4.91832649
  -3.26592826  -4.92131059
  -3.27736897  -4.93598574
  -3.27823553  -4.93696775
  -3.28957338  -4.95064777
  -3.29343159  -4.95541390
  -3.30090378  -4.96564784
  -3.30816702  -4.97411403
  -3.31301749  -4.98047998
  -3.32308584  -4.99271296
  -3.32509530  -4.99538484
  -3.33697519  -5.01053271
  -3.33805968  -5.01224551
  -3.34906950  -5.02544075
  -3.35279534  -5.03010051
  -3.36047542  -5.04016991
  -3.36765570  -5.04880341
  -3.37238869  -5.05527082
  -3.38253222  -5.06745380
  -3.38512347  -5.07040605
  -3.39659029  -5.08509222
  -3.39744683  -5.08606064
  -3.40804095  -5.09977502
  -3.41264187  -5.10541326
  -3.42009478  -5.11473454
  -3.42749922  -5.12413314
  -3.43200826  -5.12983776
  -3.44215392  -5.14202295
  -3.44410792  -5.14474991
  -3.45616083  -5.15965416
  -3.45707234  -5.16063319
  -3.46774652  -5.17410089
  -3.47254286  -5.17978561
  -3.48004384  -5.18938838
  -3.48702963  -5.19781263
  -3.49188236  -5.20418182
  -3.50178473  -5.21660493
  -3.50373905  -5.21933236
  -3.51584767  -5.23424952
  -3.51694461  -5.23600614
  -3.52704670  -5.24917089
  -3.53169812  -5.25470645
  -3.53933048  -5.26387792
  -3.54676435  -5.27330362
  -3.55127479  -5.27901021
  -3.56142479  -5.29119991
  -3.56337943  -5.29392780
  -3.57477617  -5.30860632
  -3.57658056  -5.31056223
  -3.58694838  -5.32353836
  -3.59132288  -5.32842941
  -3.59900780  -5.33850572
  -3.60641087  -5.34790844
  -3.61092202  -5.35361604
  -3.62107423  -5.36580804
  -3.62302919  -5.36853640
  -3.63450191  -5.38323232
  -3.63623398  -5.38517401
  -3.64660288  -5.39815239
  -3.65120664  -5.40379460
  -3.65866421  -5.41312242
  -3.66584192  -5.42176221
  -3.67057874  -5.42823516
  -3.68073317  -5.44042948
  -3.68332637  -5.44338437
  -3.69451870  -5.45831001
  -3.69539138  -5.45927722
  -3.70613659  -5.47276332
  -3.71087144  -5.47842303
  -3.71833022  -5.48775254
  -3.72573246  -5.49715807
  -3.73024507  -5.50286771
  -3.74035387  -5.51414410
  -3.74325586  -5.51778785
  -3.75490526  -5.53217388
  -3.75576153  -5.53317609
  -3.76658729  -5.54764899
  -3.77054595  -5.55306503
  -3.77800596  -5.56239624
  -3.78524504  -5.57195116
  -3.78963089  -5.57774002
  -3.79980572  -5.58992476
  -3.80174618  -5.59266789
  -3.81323635  -5.60737503
  -3.81520857  -5.61005120
  -3.82535954  -5.62230740
  -3.83003297  -5.62785053
  -3.83767143  -5.63703040
  -3.84492816  -5.64660949
  -3.84931475  -5.65239941
  -3.85971848  -5.66535171
  -3.86143414  -5.66733061
  -3.87288980  -5.68203054
  -3.87467073  -5.68397595
  -3.88505146  -5.69697564
  -3.88956608  -5.70268811
  -3.89687967  -5.71213413
  -3.90454879  -5.72128192
  -3.90926574  -5.72683745
  -3.91941621  -5.74002801
  -3.92113214  -5.74200730
  -3.93259314  -5.75671054
  -3.93457686  -5.75944877
  -3.94468171  -5.77164321
  -3.94943578  -5.77720432
  -3.95704849  -5.78635497
  -3.96432455  -5.79596801
  -3.96870814  -5.80175348
  -3.97912410  -5.81471843
  -3.98083918  -5.81669534
  -3.99233640  -5.83141351
  -3.99408673  -5.83335072
  -4.00383288  -5.84612947
  -4.00898190  -5.85206899
  -4.01629999  -5.86151399
  -4.02382048  -5.87081081
  -4.02843164  -5.87645615
  -4.03884230  -5.88942313
  -4.04055947  -5.89140273
  -4.05203055  -5.90611323
  -4.05400950  -5.90885158
  -4.06343353  -5.92081775
  -4.06893069  -5.92754605
  -4.07603206  -5.93622848
  -4.08354808  -5.94552668
  -4.08751050  -5.95094808
  -4.09852716  -5.96417027
  -4.09963951  -5.96589238
  -4.11176488  -5.98083624
  -4.11374146  -5.98357463
  -4.12362820  -5.99601284
  -4.12848974  -6.00239454
  -4.13511212  -6.01073081
  -4.14310333  -6.02039115
  -4.14698000  -6.02590337
  -4.15802116  -6.03908773
  -4.15977904  -6.04108645
  -4.17150980  -6.05557391
  -4.17344845  -6.05835450
  -4.18269230  -6.07051668
  -4.18802585  -6.07822299
  -4.19318560  -6.08583143
  -4.19825155  -6.10056095
  -4.19875128  -6.11544040
  -4.19832079  -6.13039936
  -4.19789012  -6.14531420
  -4.19745835  -6.16019335
  -4.19609840  -6.17514656
  -4.19613309  -6.19002186
  -4.19523761  -6.20498266
  -4.19527243  -6.21985752
  -4.19437686  -6.23477478
  -4.19394838  -6.24966655
  -4.19170222  -6.26435302
  -4.18733828  -6.27328766
  -4.18400253  -6.27905846
  -4.17276390  -6.29147776
  -4.17090736  -6.29333776
  -4.15805295  -6.30656418
  -4.15622966  -6.30845525
  -4.14316588  -6.32127237
  -4.14127833  -6.32309920
  -4.12811750  -6.33704100
  -4.12720586  -6.33798658
  -4.11335772  -6.35193310
  -4.11242947  -6.35286319
  -4.09865687  -6.36703605
  -4.09774652  -6.36798278
  -4.08375293  -6.38171537
  -4.08280808  -6.38262760
  -4.06895263  -6.39680055
  -4.06804230  -6.39774732
  -4.05418410  -6.41169513
  -4.05325587  -6.41262531
  -4.03919892  -6.42636351
  -4.03825409  -6.42727581
  -4.02439693  -6.44145002
  -4.02348661  -6.44239686
  -4.00949668  -6.45613077
  -4.00855185  -6.45704313
  -3.99469353  -6.47121818
  -3.99378322  -6.47216506
  -3.97979476  -6.48589953
  -3.97884994  -6.48681193
  -3.96499044  -6.50098782
  -3.96408015  -6.50193475
  -3.95081477  -6.51647694
  -3.94988676  -6.51740747
  -3.93524245  -6.53055549
  -3.93429765  -6.53146797
  -3.92068369  -6.54173683
  -3.91410396  -6.54637640
  -3.90584130  -6.55178737
  -3.89106017  -6.56032526
  -3.88924271  -6.56132215
  -3.87629564  -6.56865718
  -3.86317101  -6.57615693
  -3.86137005  -6.57717583
  -3.84656353  -6.58537493
  -3.83703737  -6.59097468
  -3.83157536  -6.59456062
  -3.81683190  -6.60209340
  -3.81003835  -6.60581917
  -3.80179659  -6.61104067
  -3.78695944  -6.61869394
  -3.78411060  -6.62044199
  -3.77216041  -6.62710665
  -3.75808475  -6.63540869
  -3.75708225  -6.63621818
  -3.74250492  -6.64389279
  -3.73199884  -6.65011818
  -3.72735416  -6.65290612
  -3.71269731  -6.66073080
  -3.70534378  -6.66526062
  -3.69791010  -6.66897464
  -3.68290260  -6.67721622
  -3.67822041  -6.67993740
  -3.66818079  -6.68569682
  -3.65320925  -6.69408230
  -3.65219889  -6.69487564
  -3.63845191  -6.70241976
  -3.62532163  -6.70991880
  -3.62352093  -6.71093804
  -3.60872345  -6.71914346
  -3.59918714  -6.72474063
  -3.59392971  -6.72775470
  -3.57917957  -6.73530868
  -3.57149453  -6.73967452
  -3.56423048  -6.74339805
  -3.54950713  -6.74892197
  -3.53632384  -6.75393390
  -3.53444526  -6.75479723
  -3.51966770  -6.75899646
  -3.50500753  -6.76300438
  -3.49001475  -6.76744832
  -3.48531015  -6.76911780
  -3.47516743  -6.77211625
  -3.46026942  -6.77671234
  -3.44552696  -6.78083707
  -3.43698791  -6.78406697
  -3.43052738  -6.78605882
  -3.41577042  -6.78986488
  -3.40077796  -6.79430902
  -3.38682030  -6.79858307
  -3.38584151  -6.79930888
  -3.37099036  -6.80351637
  -3.35628101  -6.80746365
  -3.34115870  -6.81241545
  -3.33836597  -6.81332806
  -3.32630893  -6.81733515
  -3.31168413  -6.82112109
  -3.29654261  -6.82538287
  -3.28904630  -6.82808068
  -3.28166691  -6.83010336
  -3.26680109  -6.83465134
  -3.25207230  -6.83852721
  -3.23804311  -6.84280622
  -3.23708476  -6.84361431
  -3.22250067  -6.84588332
         
