# shadow point cont 2D ind 192  size 1138
# norm  0.0627905 -0.9980267  0.0000000
# angle  1.5079645
   3.35023855  -6.84226787
   3.36512426  -6.83965598
   3.38000343  -6.83688852
   3.39494519  -6.83254676
   3.40054047  -6.83073740
   3.40989991  -6.82716033
   3.42469744  -6.82234492
   3.43957433  -6.81771098
   3.44428093  -6.81604072
   3.45458634  -6.81149243
   3.46932609  -6.80657655
   3.48420334  -6.80194306
   3.48700106  -6.80104255
   3.49911567  -6.79647130
   3.51385570  -6.79146487
   3.52879679  -6.78696856
   3.52980793  -6.78636706
   3.54378541  -6.78079092
   3.55848558  -6.77569906
   3.57245152  -6.77106940
   3.57347123  -6.77043363
   3.58839201  -6.76497664
   3.60321963  -6.76021311
   3.61611527  -6.75616789
   3.61801543  -6.75535138
   3.63302368  -6.74921312
   3.64781850  -6.74524288
   3.65722432  -6.74185240
   3.66290960  -6.73924354
   3.67754537  -6.73317851
   3.69061410  -6.72680168
   3.69247336  -6.72587269
   3.70740849  -6.71762164
   3.71592070  -6.71226917
   3.72255705  -6.70782754
   3.73735030  -6.69937956
   3.74101884  -6.69743301
   3.75228760  -6.69015249
   3.76597413  -6.68230218
   3.76698329  -6.68150132
   3.78196531  -6.67241922
   3.79027749  -6.66764592
   3.79691398  -6.66320482
   3.81170954  -6.65475789
   3.81456018  -6.65300890
   3.82664563  -6.64553190
   3.84033259  -6.63768252
   3.84134176  -6.63688176
   3.85612751  -6.62837924
   3.86543537  -6.62282044
   3.87106430  -6.61918494
   3.88607086  -6.61014155
   3.88973964  -6.60819548
   3.90100575  -6.60091665
   3.91478268  -6.59322546
   3.91579791  -6.59244543
   3.93068839  -6.58318761
   3.93819820  -6.57862304
   3.94563411  -6.57397540
   3.96050598  -6.56468028
   3.96151370  -6.56387532
   3.97543627  -6.55254260
   3.97930406  -6.54892192
   3.99044873  -6.53775132
   3.99416361  -6.53402783
   4.00515881  -6.52268655
   4.00880179  -6.51889679
   4.02016611  -6.50703090
   4.02295228  -6.50423844
   4.03502573  -6.49213799
   4.03781191  -6.48934561
   4.04988539  -6.47724551
   4.05267158  -6.47445320
   4.06481952  -6.46146284
   4.06664359  -6.45957037
   4.07960302  -6.44652859
   4.08146048  -6.44466716
   4.09469494  -6.43093740
   4.09562367  -6.43000671
   4.10932259  -6.41674657
   4.11118007  -6.41488525
   4.12441458  -6.40115626
   4.12534332  -6.40022563
   4.13892122  -6.38588137
   4.13981679  -6.38492191
   4.15366651  -6.37091032
   4.15459525  -6.36997974
   4.16833362  -6.35583307
   4.16924567  -6.35488701
   4.18249722  -6.34022804
   4.18363942  -6.33856375
   4.19117380  -6.32544143
   4.19352493  -6.31038245
   4.19367229  -6.29533611
   4.19346566  -6.28041053
   4.19310704  -6.26545661
   4.19261332  -6.25057331
   4.19172063  -6.23557837
   4.19159790  -6.22073269
   4.19070522  -6.20574115
   4.19058317  -6.19089377
   4.19054141  -6.17597622
   4.19007042  -6.16102565
   4.18910515  -6.14610717
   4.18684288  -6.13107868
   4.18359597  -6.12246840
   4.18051336  -6.11608719
   4.17055854  -6.10067112
   4.16871841  -6.09806176
   4.16033783  -6.08591291
   4.15371716  -6.07749151
   4.14884912  -6.07112285
   4.13876926  -6.05705814
   4.13794391  -6.05605248
   4.12718725  -6.04079900
   4.12396335  -6.03639289
   4.11647872  -6.02614021
   4.10872592  -6.01606019
   4.10499488  -6.01139260
   4.09472065  -5.99648641
   4.09386262  -5.99549670
   4.08352607  -5.98155280
   4.07888963  -5.97498588
   4.07233998  -5.96660174
   4.06420191  -5.95613784
   4.06050349  -5.95144597
   4.04998563  -5.93663787
   4.04888763  -5.93500563
   4.03944991  -5.92142424
   4.03436186  -5.91507579
   4.02785600  -5.90665956
   4.01923768  -5.89470872
   4.01729751  -5.89196568
   4.00638644  -5.87668860
   4.00446274  -5.87407023
   3.99584475  -5.86210942
   3.98939144  -5.85365582
   3.98465376  -5.84718103
   3.97437266  -5.83318552
   3.97348638  -5.83221395
   3.96348911  -5.81717788
   3.95971546  -5.81245826
   3.95138165  -5.80214940
   3.94465739  -5.79300174
   3.94018936  -5.78726275
   3.93029846  -5.77275556
   3.92942323  -5.77177689
   3.91873742  -5.75743640
   3.91520112  -5.75257340
   3.90755749  -5.74245862
   3.89971541  -5.73157581
   3.89698067  -5.72780118
   3.88588216  -5.71274594
   3.88495052  -5.71181276
   3.87491483  -5.69774328
   3.87016411  -5.69122130
   3.86347303  -5.68296821
   3.85486582  -5.67102621
   3.85226363  -5.66807684
   3.84137579  -5.65282840
   3.84030287  -5.65119499
   3.83109827  -5.63805905
   3.82551571  -5.63056649
   3.81929007  -5.62288156
   3.81041993  -5.61019687
   3.80935515  -5.60842717
   3.79825982  -5.59344122
   3.79565789  -5.59051692
   3.78728766  -5.57838361
   3.78048173  -5.56924459
   3.77584834  -5.56362888
   3.76555734  -5.54967640
   3.76467159  -5.54870555
   3.75405250  -5.53345363
   3.75090486  -5.52896191
   3.74257625  -5.51866045
   3.73599595  -5.50938454
   3.73204139  -5.50397352
   3.72150688  -5.48928711
   3.72063216  -5.48830915
   3.70993576  -5.47397100
   3.70619017  -5.46836483
   3.69877821  -5.45901053
   3.69106399  -5.44803114
   3.68823676  -5.44432786
   3.67714722  -5.42932579
   3.67621610  -5.42839331
   3.66614120  -5.41431928
   3.66148277  -5.40777536
   3.65498429  -5.39936981
   3.64637074  -5.38743170
   3.64380000  -5.38446724
   3.63345071  -5.36966790
   3.63164811  -5.36680477
   3.62266737  -5.35445910
   3.61695285  -5.34703890
   3.61121241  -5.33970832
   3.60203899  -5.32747350
   3.60003878  -5.32479274
   3.59005532  -5.30976740
   3.58715846  -5.30603753
   3.57860612  -5.29499245
   3.57178751  -5.28591656
   3.56715685  -5.28030472
   3.55703015  -5.26623812
   3.55620622  -5.26523448
   3.54535303  -5.25010200
   3.54250292  -5.24639586
   3.53418134  -5.23517198
   3.52732622  -5.22609570
   3.52337410  -5.22068830
   3.51299877  -5.20594148
   3.51206805  -5.20500952
   3.50216480  -5.19072457
   3.49730992  -5.18434939
   3.49077162  -5.17598164
   3.48241823  -5.16478166
   3.47959268  -5.16108083
   3.46840042  -5.14618687
   3.46732005  -5.14443634
   3.45811086  -5.13130440
   3.45285348  -5.12455174
   3.44635880  -5.11615173
   3.43774746  -5.10422021
   3.43517815  -5.10125774
   3.42478682  -5.08649216
   3.42270892  -5.08381899
   3.41434802  -5.07169983
   3.40795349  -5.06324486
   3.40259148  -5.05655770
   3.39286813  -5.04288715
   3.39202530  -5.04189275
   3.38094931  -5.02692927
   3.37790051  -5.02244050
   3.36997602  -5.01188463
   3.36328662  -5.00270037
   3.35945207  -4.99719475
   3.34898386  -4.98250395
   3.34811000  -4.98152718
   3.33739365  -4.96719267
   3.33344427  -4.96179340
   3.32599900  -4.95248232
   3.31855282  -4.94224164
   3.31483031  -4.93758628
   3.30455211  -4.92270668
   3.30369595  -4.92171959
   3.29364519  -4.90760957
   3.28878930  -4.90032584
   3.28316052  -4.89291307
   3.27391284  -4.88076052
   3.27197701  -4.87802399
   3.26075408  -4.86327977
   3.25889378  -4.86141737
   3.24926481  -4.84784158
   3.24453786  -4.84135396
   3.23788774  -4.83309067
   3.22902097  -4.82042533
   3.22730898  -4.81845160
   3.21649388  -4.80329077
   3.21450406  -4.80060075
   3.20527371  -4.78844539
   3.19946729  -4.78023744
   3.19474047  -4.77377878
   3.18438469  -4.75988980
   3.18354230  -4.75889602
   3.17247536  -4.74394288
   3.16963861  -4.74023399
   3.16150094  -4.72890407
   3.15482145  -4.71972817
   3.15036326  -4.71400348
   3.14011862  -4.70006832
   3.13924519  -4.69909215
   3.12893640  -4.68423886
   3.12504544  -4.67879151
   3.11780476  -4.66933835
   3.11012298  -4.65930973
   3.10640241  -4.65465718
   3.09612228  -4.63978358
   3.09526656  -4.63879710
   3.08495976  -4.62489717
   3.08036310  -4.61836080
   3.07383182  -4.61000331
   3.06548515  -4.59881607
   3.06266265  -4.59511975
   3.05170784  -4.58003857
   3.05067005  -4.57825009
   3.04124169  -4.56535743
   3.03572514  -4.55787688
   3.02946232  -4.55024367
   3.02099897  -4.54016529
   3.01635072  -4.53551263
   3.00612470  -4.52527697
   3.00147657  -4.52062447
   2.99125084  -4.51038916
   2.98660285  -4.50573683
   2.97637811  -4.49643099
   2.97149761  -4.49108166
   2.96127315  -4.48177615
   2.95569587  -4.47619373
   2.94686577  -4.46828408
   2.93942961  -4.46084110
   2.93176162  -4.45363020
   2.92362878  -4.44595423
   2.91711088  -4.43946965
   2.90787053  -4.43103783
   2.90224139  -4.42551180
   2.89349602  -4.41661953
   2.88714872  -4.41083368
   2.87715770  -4.40129798
   2.87250197  -4.39667084
   2.86210929  -4.38662029
   2.85740855  -4.38199536
   2.84648869  -4.37153011
   2.84275774  -4.36785649
   2.83126144  -4.35708874
   2.82767916  -4.35411149
   2.81468516  -4.34200216
   2.81280214  -4.34013476
   2.79909528  -4.32688025
   2.79816600  -4.32595017
   2.78474612  -4.31246072
   2.78286186  -4.31057565
   2.76892764  -4.29755013
   2.76799868  -4.29661984
   2.75356354  -4.28316611
   2.75263434  -4.28223612
   2.73845972  -4.26862537
   2.73749259  -4.26774104
   2.72359403  -4.25465867
   2.72167036  -4.25287521
   2.70854967  -4.23987171
   2.70594519  -4.23782835
   2.69386381  -4.22581857
   2.69026304  -4.22289649
   2.67900156  -4.21179073
   2.67528522  -4.20807135
   2.66436569  -4.19765269
   2.65959267  -4.19314758
   2.64910713  -4.18313014
   2.64369831  -4.17831516
   2.63463879  -4.16974875
   2.62798906  -4.16340209
   2.61954445  -4.15507010
   2.61304151  -4.14856200
   2.60468119  -4.14112319
   2.59724945  -4.13368559
   2.59005011  -4.12697404
   2.58152989  -4.11878041
   2.57495526  -4.11230205
   2.56659497  -4.10393526
   2.56009307  -4.09835642
   2.55080409  -4.08906027
   2.54523249  -4.08352405
   2.53507729  -4.07416108
   2.53036928  -4.06953788
   2.52015189  -4.05931273
   2.51551531  -4.05474495
   2.50431959  -4.04457723
   2.50064732  -4.04164956
   2.48857282  -4.02956601
   2.48580535  -4.02680268
   2.47281858  -4.01470201
   2.47092631  -4.01283443
   2.45699528  -3.99982115
   2.45606653  -3.99889171
   2.44203531  -3.98505053
   2.44110690  -3.98412082
   2.42635067  -3.97100480
   2.42542221  -3.97007517
   2.41139864  -3.95622782
   2.41047027  -3.95529816
   2.39689129  -3.94391318
   2.39222381  -3.94022706
   2.38180703  -3.93199536
   2.37443086  -3.92543224
   2.36696806  -3.91900426
   2.35611325  -3.91030691
   2.35256391  -3.90738781
   2.33806366  -3.89578798
   2.33713539  -3.89485842
   2.32240858  -3.88366821
   2.31876639  -3.88079789
   2.30757072  -3.87160283
   2.30024436  -3.86590495
   2.29290025  -3.85932314
   2.28344985  -3.85116777
   2.27790136  -3.84654513
   2.26400289  -3.83628603
   2.26296849  -3.83526537
   2.24807736  -3.82241575
   2.24627671  -3.82142055
   2.23348556  -3.81099865
   2.22787039  -3.80640902
   2.21863646  -3.79892459
   2.21014015  -3.79167155
   2.20365268  -3.78612096
   2.19156723  -3.77685260
   2.18863243  -3.77399954
   2.17392031  -3.76283986
   2.17297762  -3.76192815
   2.15905160  -3.75072927
   2.15445549  -3.74696176
   2.14421859  -3.73866717
   2.13592758  -3.73208856
   2.12953697  -3.72646495
   2.11827581  -3.71733836
   2.11447748  -3.71443324
   2.10056225  -3.70251848
   2.09962150  -3.70160530
   2.08481736  -3.69032380
   2.08200264  -3.68757166
   2.06998657  -3.67826256
   2.06262672  -3.67260982
   2.05524745  -3.66695402
   2.04496974  -3.65774375
   2.04041407  -3.65397314
   2.02653519  -3.64277320
   2.02562432  -3.64196043
   2.01059243  -3.62992723
   2.00871402  -3.62809562
   1.99576317  -3.61786604
   1.99018900  -3.61322885
   1.98090172  -3.60576705
   1.97252917  -3.59836008
   1.96600737  -3.59286527
   1.95311823  -3.58344894
   1.95126477  -3.58236563
   1.93637775  -3.56954041
   1.93543718  -3.56862683
   1.92164036  -3.55829120
   1.91605267  -3.55367226
   1.90676348  -3.54638264
   1.89564945  -3.53892098
   1.89204802  -3.53624841
   1.87717250  -3.52675174
   1.87343050  -3.52401118
   1.86235276  -3.51654669
   1.85117689  -3.50918271
   1.84725320  -3.50627273
   1.83264275  -3.49701756
   1.82890163  -3.49427611
   1.81782409  -3.48681309
   1.80664967  -3.47944806
   1.80272439  -3.47653732
   1.78797301  -3.46735044
   1.78340854  -3.46446778
   1.77328620  -3.45707420
   1.76212445  -3.44971525
   1.75828665  -3.44764253
   1.74349108  -3.43765547
   1.73976790  -3.43488699
   1.72865763  -3.42744162
   1.71667175  -3.41990279
   1.71375974  -3.41791287
   1.69892547  -3.40788624
   1.69522313  -3.40508945
   1.68421288  -3.39759914
   1.67307980  -3.39025507
   1.66915005  -3.38734204
   1.65444836  -3.37819481
   1.64984574  -3.37535757
   1.63970359  -3.36880859
   1.62762849  -3.36044858
   1.62485149  -3.35858278
   1.60988556  -3.34842926
   1.60531571  -3.34555521
   1.59524583  -3.33911896
   1.58310969  -3.33072405
   1.58033268  -3.32885854
   1.56552045  -3.31958652
   1.56080945  -3.31590636
   1.55066690  -3.30936065
   1.53678436  -3.30110927
   1.53587789  -3.30025228
   1.52146256  -3.29574318
   1.50671454  -3.29372369
   1.49191305  -3.29321070
   1.47704888  -3.29315683
   1.46220915  -3.29314950
   1.44736950  -3.29314224
   1.43252993  -3.29313506
   1.41769044  -3.29312795
   1.40285129  -3.29265697
   1.38801196  -3.29265000
   1.37317271  -3.29264312
   1.35833326  -3.29310025
   1.34349444  -3.29262957
   1.32865513  -3.29308685
   1.31381646  -3.29261631
   1.29897758  -3.29260980
   1.28415934  -3.29218616
   1.26930010  -3.29213297
   1.25446465  -3.29254492
   1.23962278  -3.29258447
   1.22480370  -3.29216120
   1.20994987  -3.29252632
   1.19512629  -3.29214917
   1.18026911  -3.29209632
   1.16543084  -3.29209048
   1.15059263  -3.29208470
   1.13575449  -3.29207900
   1.12091641  -3.29207337
   1.10607839  -3.29206782
   1.09124043  -3.29206234
   1.07640253  -3.29205693
   1.06156469  -3.29205160
   1.04672732  -3.29158241
   1.03188959  -3.29157722
   1.01705150  -3.29203605
   1.00221431  -3.29156708
   0.98737676  -3.29156212
   0.97253925  -3.29155723
   0.95770134  -3.29201635
   0.94286439  -3.29154768
   0.92802704  -3.29154301
   0.91318974  -3.29153842
   0.89835248  -3.29153390
   0.88351527  -3.29152946
   0.86869096  -3.29110833
   0.85385154  -3.29147372
   0.83900393  -3.29151657
   0.82417893  -3.29109569
   0.80932991  -3.29104438
   0.79449296  -3.29104038
   0.77965606  -3.29103645
   0.76481920  -3.29103260
   0.74998237  -3.29102883
   0.73514559  -3.29102512
   0.72030884  -3.29102149
   0.70547213  -3.29101794
   0.69063546  -3.29101446
   0.67579940  -3.29054712
   0.66096280  -3.29054379
   0.64612683  -3.29007660
   0.63126988  -3.28965499
   0.61645316  -3.29007027
   0.60163182  -3.29048343
   0.58678028  -3.29052823
   0.57194387  -3.29052534
   0.55710748  -3.29052253
   0.54227112  -3.29051979
   0.52744136  -3.29010049
   0.51261519  -3.29046657
   0.49776220  -3.29051201
   0.48293170  -3.29009293
   0.46808964  -3.29004323
   0.45325342  -3.29004094
   0.43841722  -3.29003871
   0.42362902  -3.28998661
   0.40874936  -3.29008179
   0.39390945  -3.28956856
   0.37907333  -3.28956663
   0.36423723  -3.28956478
   0.34940115  -3.28956300
   0.33456507  -3.28956129
   0.31972902  -3.28955966
   0.30489297  -3.28955810
   0.29005916  -3.28913996
   0.27524189  -3.28950675
   0.26038490  -3.28955388
   0.24554889  -3.28955261
   0.23071290  -3.28955143
   0.21587691  -3.28955031
   0.20104153  -3.28913256
   0.18620485  -3.28908436
   0.17136887  -3.28908347
   0.15653371  -3.28861872
   0.14169693  -3.28908191
   0.12686096  -3.28908124
   0.11202583  -3.28861671
   0.09718987  -3.28861619
   0.08235307  -3.28907968
   0.06751795  -3.28861536
   0.05268199  -3.28861506
   0.03784602  -3.28861484
   0.02301005  -3.28861469
   0.00817407  -3.28861461
  -0.00666191  -3.28861460
  -0.02149790  -3.28861467
  -0.03633390  -3.28861482
  -0.05120191  -3.28773242
  -0.06594898  -3.28810057
  -0.08084104  -3.28814398
  -0.09567707  -3.28814222
  -0.11051912  -3.28819967
  -0.12534933  -3.28768935
  -0.14018540  -3.28769001
  -0.15496368  -3.28810378
  -0.16989250  -3.28773667
  -0.18469372  -3.28769244
  -0.19952986  -3.28769340
  -0.21436602  -3.28769443
  -0.22920220  -3.28769553
  -0.24403840  -3.28769671
  -0.25887462  -3.28769796
  -0.27371086  -3.28769929
  -0.28854713  -3.28770069
  -0.30338342  -3.28770216
  -0.31825648  -3.28682076
  -0.33302410  -3.28765611
  -0.34792971  -3.28682402
  -0.36272902  -3.28724486
  -0.37756440  -3.28678276
  -0.39240085  -3.28678467
  -0.40723733  -3.28678666
  -0.42207384  -3.28678873
  -0.43691038  -3.28679087
  -0.45174696  -3.28679308
  -0.46658356  -3.28679537
  -0.48142021  -3.28679773
  -0.49625689  -3.28680016
  -0.51109360  -3.28680267
  -0.52593036  -3.28680525
  -0.54076715  -3.28680791
  -0.55560398  -3.28681064
  -0.57043976  -3.28626445
  -0.58529150  -3.28639860
  -0.60007790  -3.28676992
  -0.61495060  -3.28626581
  -0.62978764  -3.28626640
  -0.64466839  -3.28594500
  -0.65946203  -3.28590392
  -0.67429920  -3.28590724
  -0.68913642  -3.28591064
  -0.70397369  -3.28591410
  -0.71881101  -3.28591765
  -0.73364838  -3.28592126
  -0.74848579  -3.28592495
  -0.76332326  -3.28592872
  -0.77816079  -3.28593255
  -0.79301589  -3.28551829
  -0.80783625  -3.28547652
  -0.82263280  -3.28589515
  -0.83751142  -3.28594864
  -0.85234922  -3.28595285
  -0.85612078  -3.28532462
  -0.86725111  -3.28444382
  -0.88109662  -3.28503330
  -0.88202526  -3.28549755
  -0.88480610  -3.28503440
  -0.89686076  -3.28443230
  -0.91169879  -3.28443414
  -0.92653688  -3.28443604
  -0.94130096  -3.28456859
  -0.95628006  -3.28445453
  -0.97105152  -3.28444214
  -0.98588987  -3.28444431
  -1.00072828  -3.28444654
  -1.01556676  -3.28444884
  -1.03040530  -3.28445120
  -1.04524391  -3.28445363
  -1.06008260  -3.28445613
  -1.07492135  -3.28445869
  -1.08976018  -3.28446132
  -1.10459908  -3.28446402
  -1.11943805  -3.28446678
  -1.13436971  -3.28385680
  -1.14901218  -3.28443719
  -1.16395423  -3.28368576
  -1.17891962  -3.28389805
  -1.19363454  -3.28375019
  -1.20847255  -3.28329217
  -1.22331205  -3.28329822
  -1.23798309  -3.28365604
  -1.25305912  -3.28336209
  -1.26783105  -3.28331681
  -1.28267088  -3.28332316
  -1.29751079  -3.28332957
  -1.31235079  -3.28333607
  -1.32719235  -3.28380664
  -1.33175527  -3.28465045
  -1.34206889  -3.28694477
  -1.35710094  -3.29201294
  -1.37023360  -3.29849196
  -1.37234496  -3.29984144
  -1.38683275  -3.30904400
  -1.39346175  -3.31342747
  -1.40189612  -3.31894093
  -1.41650985  -3.32763012
  -1.41747251  -3.32840332
  -1.43159286  -3.33752054
  -1.44081092  -3.34313988
  -1.44644152  -3.34681065
  -1.46126636  -3.35609547
  -1.46407469  -3.35795898
  -1.47615854  -3.36632513
  -1.48719762  -3.37288369
  -1.49113403  -3.37568174
  -1.50581596  -3.38489610
  -1.51043032  -3.38772519
  -1.52073209  -3.39513533
  -1.53285220  -3.40226626
  -1.53598024  -3.40418171
  -1.55038983  -3.41370425
  -1.55595892  -3.41742078
  -1.56526500  -3.42393215
  -1.57906292  -3.43240711
  -1.58006979  -3.43321104
  -1.59493017  -3.44250555
  -1.60312682  -3.44739135
  -1.60962735  -3.45210758
  -1.62458966  -3.46108220
  -1.62642780  -3.46218570
  -1.63928140  -3.47070788
  -1.64952128  -3.47714394
  -1.65434841  -3.48060864
  -1.66917992  -3.48989638
  -1.67276971  -3.49197504
  -1.68406846  -3.50012932
  -1.69511868  -3.50668984
  -1.69902521  -3.50948427
  -1.71373846  -3.51870635
  -1.71835374  -3.52153637
  -1.72864682  -3.52894862
  -1.74076664  -3.53611607
  -1.74383388  -3.53804021
  -1.75834640  -3.54846349
  -1.76202033  -3.55136159
  -1.77322709  -3.56055673
  -1.78074629  -3.56589592
  -1.78827910  -3.57227248
  -1.80036761  -3.58061017
  -1.80360371  -3.58322417
  -1.81779264  -3.59401520
  -1.81974074  -3.59576067
  -1.83285860  -3.60576281
  -1.83932651  -3.61045351
  -1.84774036  -3.61695783
  -1.85873812  -3.62550339
  -1.86241350  -3.62844540
  -1.87720221  -3.63954997
  -1.87894729  -3.64062822
  -1.89185600  -3.65099367
  -1.89760267  -3.65533800
  -1.90694863  -3.66280839
  -1.91792270  -3.67039483
  -1.92199824  -3.67364661
  -1.93663197  -3.68416986
  -1.93761662  -3.68502513
  -1.95151419  -3.69626989
  -1.95619048  -3.69989866
  -1.96634960  -3.70741039
  -1.97495615  -3.71453671
  -1.98176933  -3.71968099
  -1.99530656  -3.72950012
  -1.99625804  -3.73031706
  -2.01072106  -3.74116802
  -2.01543474  -3.74476808
  -2.02579407  -3.75297122
  -2.03429735  -3.75922341
  -2.04066044  -3.76413401
  -2.05376126  -3.77420283
  -2.05555559  -3.77532823
  -2.07036285  -3.78643654
  -2.07333365  -3.78895899
  -2.08522691  -3.79852546
  -2.09278116  -3.80387781
  -2.10010043  -3.80969455
  -2.11208447  -3.81910650
  -2.11493948  -3.82176413
  -2.13005692  -3.83174533
  -2.13272885  -3.83374224
  -2.14466888  -3.84315927
  -2.15137288  -3.84846281
  -2.15974046  -3.85492645
  -2.17182895  -3.86327760
  -2.17466710  -3.86529676
  -2.18926934  -3.87665282
  -2.19121840  -3.87839939
  -2.20411497  -3.88872485
  -2.20986403  -3.89312586
  -2.21920754  -3.90051948
  -2.22941108  -3.90798074
  -2.23408935  -3.91171738
  -2.24798200  -3.92293070
  -2.24891714  -3.92374049
  -2.26384374  -3.93690898
  -2.26477296  -3.93783891
  -2.27847683  -3.95016135
  -2.28126456  -3.95295122
  -2.29333212  -3.96408701
  -2.29718058  -3.96765428
  -2.30843367  -3.97778444
  -2.31393153  -3.98252162
  -2.32330305  -3.99174040
  -2.32973796  -3.99739828
  -2.33817174  -4.00476979
  -2.34647695  -4.01227413
  -2.35304094  -4.01872446
  -2.36228013  -4.02715392
  -2.36790530  -4.03265272
  -2.37896398  -4.04206155
  -2.38277449  -4.04567987
  -2.39572671  -4.05690906
  -2.39764921  -4.05875517
  -2.41157203  -4.07176839
  -2.41251876  -4.07270873
  -2.42714688  -4.08592221
  -2.42813223  -4.08677826
  -2.44225761  -4.09968770
  -2.44481257  -4.10178079
  -2.45689363  -4.11292160
  -2.46074309  -4.11649005
  -2.47176578  -4.12688001
  -2.47655760  -4.13136751
  -2.48686893  -4.14058388
  -2.49330547  -4.14624366
  -2.50150883  -4.15386819
  -2.50983200  -4.16135822
  -2.51638219  -4.16781418
  -2.52580088  -4.17604326
  -2.53148526  -4.18151005
  -2.54254673  -4.19092210
  -2.54635760  -4.19454159
  -2.55858629  -4.20554397
  -2.56144714  -4.20829254
  -2.57515823  -4.22063851
  -2.57610052  -4.22157837
  -2.59074075  -4.23483921
  -2.59167047  -4.23576974
  -2.60561496  -4.24879832
  -2.60817055  -4.25089214
  -2.62048812  -4.26182822
  -2.62420717  -4.26555058
  -2.63537231  -4.27576933
  -2.64089235  -4.28048907
  -2.65047061  -4.28951684
  -2.65674565  -4.29533349
  -2.66535340  -4.30344248
  -2.67272789  -4.31002750
  -2.68046062  -4.31715925
  -2.68947168  -4.32491504
  -2.69510412  -4.33044386
  -2.70528212  -4.33980568
  -2.70998099  -4.34440803
  -2.72180465  -4.35492940
  -2.72463878  -4.35766894
  -2.73802723  -4.36931668
  -2.73995980  -4.37119748
  -2.75419525  -4.38402722
  -2.75519695  -4.38485104
  -2.76924864  -4.39772895
  -2.77110864  -4.39959071
  -2.78435963  -4.41146160
  -2.78784598  -4.41448717
  -2.79923875  -4.42542651
  -2.80365525  -4.42938312
  -2.81390165  -4.43867834
  -2.81963626  -4.44409156
  -2.82901031  -4.45239349
  -2.83566852  -4.45874903
  -2.84389011  -4.46636288
  -2.85220222  -4.47387529
  -2.85875764  -4.48036081
  -2.86712908  -4.48874043
  -2.87380016  -4.49611187
  -2.87938347  -4.50355826
  -2.88864879  -4.51664293
  -2.89029463  -4.51864773
  -2.89990824  -4.53332878
  -2.90352735  -4.53899579
  -2.90985442  -4.54842429
  -2.91821847  -4.56053205
  -2.92008013  -4.56332446
  -2.92908160  -4.57778948
  -2.93331331  -4.58367395
  -2.93964087  -4.59310325
  -2.94824751  -4.60504010
  -2.95015332  -4.60780146
  -2.95953312  -4.62267702
  -2.96288899  -4.62756134
  -2.96942968  -4.63778606
  -2.97803875  -4.64972481
  -2.97994471  -4.65248641
  -2.98932306  -4.66736214
  -2.99267964  -4.67224714
  -2.99922087  -4.68247274
  -3.00758866  -4.69458460
  -3.00945077  -4.69737773
  -3.01906954  -4.71206484
  -3.02268537  -4.71773156
  -3.02901444  -4.72716333
  -3.03738350  -4.73927657
  -3.03924576  -4.74206995
  -3.04886583  -4.75675861
  -3.05226812  -4.76163048
  -3.05881043  -4.77185786
  -3.06742685  -4.78380239
  -3.06933326  -4.78656472
  -3.07870728  -4.80144102
  -3.08206600  -4.80632807
  -3.08860886  -4.81655636
  -3.09711899  -4.82857973
  -3.09888141  -4.83143059
  -3.10846572  -4.84615805
  -3.11204306  -4.85091638
  -3.11842619  -4.86124234
  -3.12678261  -4.87337631
  -3.12864533  -4.87617044
  -3.13888301  -4.89108153
  -3.14166913  -4.89573528
  -3.14821309  -4.90596540
  -3.15658725  -4.91808427
  -3.15845012  -4.92087865
  -3.16807549  -4.93557359
  -3.17147442  -4.94044496
  -3.17801894  -4.95067600
  -3.18639439  -4.96279630
  -3.18825742  -4.96559094
  -3.19788413  -4.98028748
  -3.20145572  -4.98504352
  -3.20784052  -4.99537226
  -3.21620405  -5.00751244
  -3.21806724  -5.01030733
  -3.22769530  -5.02500548
  -3.23126498  -5.02976075
  -3.23765034  -5.04009044
  -3.24580022  -5.05144458
  -3.24787960  -5.05502786
  -3.25750902  -5.06972763
  -3.26111837  -5.07539387
  -3.26745166  -5.08483250
  -3.27583102  -5.09695714
  -3.27769453  -5.09975256
  -3.28702310  -5.11464130
  -3.29072089  -5.11932485
  -3.29726770  -5.12955967
  -3.30564838  -5.14168578
  -3.30751205  -5.14448146
  -3.31714420  -5.15918451
  -3.32075194  -5.16485064
  -3.32708633  -5.17429105
  -3.33546833  -5.18641865
  -3.33733216  -5.18921459
  -3.34696569  -5.20391929
  -3.35059367  -5.20864397
  -3.35722550  -5.21882451
  -3.36540788  -5.23105011
  -3.36717170  -5.23390332
  -3.37678982  -5.24865835
  -3.38034995  -5.25340978
  -3.38673819  -5.26374427
  -3.39511613  -5.27589718
  -3.39698030  -5.27869367
  -3.40661660  -5.29340171
  -3.41000885  -5.29827213
  -3.41655802  -5.30851083
  -3.42494402  -5.32064292
  -3.42680835  -5.32343967
  -3.43674045  -5.33853683
  -3.43966408  -5.34316450
  -3.44638392  -5.35328584
  -3.45503625  -5.36523015
  -3.45694477  -5.36799587
  -3.46597366  -5.38304802
  -3.46988197  -5.38856737
  -3.47621918  -5.39801235
  -3.48460788  -5.41014748
  -3.48647255  -5.41294478
  -3.49611306  -5.42765793
  -3.49966558  -5.43240625
  -3.50605622  -5.44274472
  -3.51435803  -5.45413760
  -3.51659086  -5.45756263
  -3.52656533  -5.47260097
  -3.52933962  -5.47728878
  -3.53589122  -5.48753148
  -3.54428264  -5.49966970
  -3.54614765  -5.50246756
  -3.55579101  -5.51718416
  -3.55933975  -5.52193091
  -3.56573161  -5.53227141
  -3.57393669  -5.54362937
  -3.57668817  -5.54739094
  -3.58624828  -5.56217221
  -3.58918098  -5.56669995
  -3.59557346  -5.57704148
  -3.60379750  -5.58839061
  -3.60655094  -5.59215143
  -3.61548005  -5.60672835
  -3.61886659  -5.61159798
  -3.62542006  -5.62184374
  -3.63381559  -5.63398667
  -3.63568113  -5.63678538
  -3.64532879  -5.65150725
  -3.64871452  -5.65637677
  -3.65526862  -5.66662357
  -3.66366554  -5.67876809
  -3.66553126  -5.68156708
  -3.67518037  -5.69629074
  -3.67856529  -5.70116015
  -3.68512004  -5.71140799
  -3.69351834  -5.72355411
  -3.69538423  -5.72635339
  -3.70471041  -5.74125413
  -3.70835486  -5.74603107
  -3.71498215  -5.75622947
  -3.72346223  -5.76822101
  -3.72522809  -5.77107760
  -3.73489212  -5.78587158
  -3.73829042  -5.79073115
  -3.74483807  -5.80098648
  -3.75315186  -5.81226030
  -3.75511296  -5.81593052
  -3.76444045  -5.83083272
  -3.76811020  -5.83559685
  -3.77472867  -5.84580438
  -3.78315613  -5.85700169
  -3.78527937  -5.86055257
  -3.79462050  -5.87543516
  -3.79804597  -5.88030876
  -3.80459436  -5.89056660
  -3.81300466  -5.90271402
  -3.81487236  -5.90551376
  -3.82448153  -5.92027797
  -3.82792903  -5.92510409
  -3.83447782  -5.93536318
  -3.84280476  -5.94663448
  -3.84558041  -5.95040460
  -3.85435056  -5.96508959
  -3.85788060  -5.96982827
  -3.86523914  -5.98032372
  -3.87270525  -5.99134165
  -3.87461600  -5.99505115
  -3.88422258  -6.00990601
  -3.88770570  -6.01470803
  -3.89425534  -6.02496961
  -3.90260331  -6.03635355
  -3.90458599  -6.03999732
  -3.91386819  -6.05483000
  -3.91754715  -6.05948367
  -3.92400913  -6.06979723
  -3.93234526  -6.08376447
  -3.93321720  -6.08467738
  -3.93624687  -6.09937328
  -3.93547250  -6.11393244
  -3.93437147  -6.12876649
  -3.93277314  -6.14282710
  -3.93227931  -6.14378397
  -3.93085959  -6.15840832
  -3.92822010  -6.17353120
  -3.92709249  -6.18841680
  -3.92527300  -6.20333030
  -3.92345361  -6.21824418
  -3.92179033  -6.23323677
  -3.91984629  -6.24800973
  -3.91813521  -6.25648044
  -3.91678005  -6.26306378
  -3.90850128  -6.27777421
  -3.90411338  -6.28347722
  -3.89665295  -6.29273448
  -3.88948125  -6.30131962
  -3.88398413  -6.30790847
  -3.87432411  -6.31965942
  -3.87164624  -6.32254205
  -3.86016201  -6.33715455
  -3.85928655  -6.33812746
  -3.84721689  -6.35205432
  -3.84431994  -6.35571524
  -3.83446779  -6.36715826
  -3.82980457  -6.37270329
  -3.82218579  -6.38183610
  -3.81488382  -6.39033870
  -3.80930767  -6.39676842
  -3.79999228  -6.40799546
  -3.79652695  -6.41191055
  -3.78524097  -6.42573922
  -3.78436553  -6.42671227
  -3.77208138  -6.44139005
  -3.77029619  -6.44331217
  -3.75914089  -6.45629501
  -3.75530157  -6.46088518
  -3.74631691  -6.47137828
  -3.74076161  -6.47786978
  -3.73403442  -6.48605759
  -3.72584211  -6.49550979
  -3.72118054  -6.50099561
  -3.71094917  -6.51316926
  -3.70898130  -6.51587163
  -3.69612973  -6.52891359
  -3.69357658  -6.53100561
  -3.68164685  -6.53945710
  -3.67250544  -6.54617385
  -3.66700285  -6.55000487
  -3.65183726  -6.55970947
  -3.65000386  -6.56068223
  -3.63713516  -6.56836380
  -3.62684750  -6.57573084
  -3.62230552  -6.57863467
  -3.60753739  -6.58807376
  -3.60376875  -6.59078403
  -3.59262071  -6.59728535
  -3.58043987  -6.60550571
  -3.57769567  -6.60740093
  -3.56295528  -6.61688635
  -3.55736096  -6.62058330
  -3.54799154  -6.62601460
  -3.53491366  -6.63523428
  -3.53316741  -6.63631225
  -3.51837396  -6.64570088
  -3.51262384  -6.65010828
  -3.50353724  -6.65596188
  -3.49051211  -6.66522064
  -3.48875480  -6.66628810
  -3.47391586  -6.67474081
  -3.46545729  -6.68012953
  -3.45902171  -6.68396387
  -3.44402481  -6.69396661
  -3.44223844  -6.69500310
  -3.42913899  -6.70320466
  -3.41887611  -6.70966175
  -3.41432314  -6.71258989
  -3.39955888  -6.72203332
  -3.39574018  -6.72465582
  -3.38459063  -6.73114276
  -3.36982945  -6.73876756
  -3.36881127  -6.73952871
  -3.35489314  -6.74510786
  -3.34024883  -6.75028029
  -3.32992227  -6.75471626
  -3.32525706  -6.75652103
  -3.31041828  -6.76129833
  -3.29551777  -6.76672039
  -3.28816635  -6.76962017
  -3.28067319  -6.77238188
  -3.26581212  -6.77706463
  -3.25076048  -6.78301037
  -3.24799158  -6.78398870
  -3.23593037  -6.78866158
  -3.22132619  -6.79309725
  -3.20715466  -6.79896372
  -3.20613220  -6.79962845
  -3.19144054  -6.80475501
  -3.17660559  -6.80953423
  -3.16560748  -6.81430267
  -3.16182394  -6.81613122
  -3.14695234  -6.82527081
  -3.14374883  -6.82838264
         
