# shadow point cont 2D ind 256  size 1203
# norm -0.4257793 -0.9048271  0.0000000
# angle  2.0106193
   3.63526616  -6.84356049
   3.65016937  -6.84173917
   3.66508170  -6.83898640
   3.68010110  -6.83480258
   3.69126217  -6.83202890
   3.69498255  -6.83110435
   3.70980603  -6.82603830
   3.72474318  -6.82184120
   3.73954447  -6.81770784
   3.74233307  -6.81688680
   3.75450576  -6.81351217
   3.76943813  -6.80887122
   3.78426895  -6.80518369
   3.79449346  -6.80221221
   3.79920115  -6.80054293
   3.81409845  -6.79590768
   3.82883217  -6.79178937
   3.84368779  -6.78808855
   3.84650938  -6.78724293
   3.85876412  -6.78294308
   3.87347806  -6.77883202
   3.88833486  -6.77513175
   3.89769106  -6.77257472
   3.90370838  -6.77035370
   3.91814354  -6.76587668
   3.93298334  -6.76217620
   3.94786747  -6.75848029
   3.94892371  -6.75783378
   3.96288619  -6.75335204
   3.97778936  -6.74871772
   3.99279558  -6.74403107
   3.99381806  -6.74328689
   4.00752421  -6.73621363
   4.02258735  -6.72914299
   4.02441824  -6.72816397
   4.03739038  -6.72083163
   4.05238207  -6.71424331
   4.05338300  -6.71342002
   4.06714507  -6.70503997
   4.08116933  -6.69871392
   4.08231296  -6.69789086
   4.09693681  -6.69015950
   4.10911800  -6.68384407
   4.11200459  -6.68218010
   4.12665747  -6.67439236
   4.13711174  -6.66933600
   4.14217875  -6.66674540
   4.15629180  -6.65912640
   4.16582008  -6.65420579
   4.17170437  -6.65085459
   4.18622077  -6.64371089
   4.19545535  -6.63894740
   4.20093649  -6.63590298
   4.21596119  -6.62793603
   4.22340080  -6.62422247
   4.23102555  -6.61994951
   4.24575598  -6.61304796
   4.25224773  -6.60930293
   4.26059757  -6.60472185
   4.27549733  -6.59727696
   4.28102357  -6.59439377
   4.29035521  -6.58893547
   4.30525886  -6.58148672
   4.30811404  -6.57974669
   4.32043301  -6.57237490
   4.32972654  -6.56493344
   4.33530525  -6.56027327
   4.34748590  -6.55016267
   4.35045807  -6.54738472
   4.36341706  -6.53530675
   4.36506504  -6.53410058
   4.37925079  -6.52039082
   4.38017945  -6.51945984
   4.39479396  -6.50618376
   4.39572287  -6.50525305
   4.40964471  -6.49231573
   4.41156872  -6.49053125
   4.42451269  -6.47834623
   4.42738656  -6.47565339
   4.43937978  -6.46437986
   4.44319892  -6.46077321
   4.45400788  -6.45112326
   4.45983204  -6.44584475
   4.46935152  -6.43663148
   4.47562204  -6.43081725
   4.48397127  -6.42253800
   4.49145846  -6.41608944
   4.49908209  -6.40878411
   4.50807186  -6.40101853
   4.51371258  -6.39550401
   4.52315790  -6.38636512
   4.52857414  -6.38158561
   4.53984006  -6.37148500
   4.54366159  -6.36782704
   4.55570923  -6.35663073
   4.55899554  -6.35296116
   4.56763103  -6.34134745
   4.57325876  -6.32655612
   4.57382794  -6.31109993
   4.57308815  -6.29608717
   4.57297927  -6.28125684
   4.57275575  -6.26632931
   4.57288884  -6.25141285
   4.57197594  -6.23640114
   4.57186781  -6.22156779
   4.57182310  -6.20664727
   4.57159208  -6.19172192
   4.57154595  -6.17680225
   4.57033154  -6.16181891
   4.56664204  -6.14673793
   4.55973268  -6.13176587
   4.55780558  -6.12888143
   4.54760679  -6.11664137
   4.54289924  -6.11105872
   4.53453521  -6.10166943
   4.52797307  -6.09422148
   4.52147102  -6.08673599
   4.51279514  -6.07576889
   4.50933933  -6.07184126
   4.49810022  -6.05874176
   4.49625897  -6.05678984
   4.48413750  -6.04192335
   4.48319291  -6.04091312
   4.47173457  -6.02719137
   4.46821531  -6.02329492
   4.45893891  -6.01203483
   4.45330564  -6.00550191
   4.44587398  -5.99706739
   4.43835787  -5.98779562
   4.43350366  -5.98231157
   4.42364318  -5.97082894
   4.42067430  -5.96713773
   4.40877695  -5.95301993
   4.40789665  -5.95204317
   4.39548669  -5.93730960
   4.39376596  -5.93538015
   4.38242554  -5.92234985
   4.37864687  -5.91775377
   4.37003959  -5.90765045
   4.36350291  -5.90019019
   4.35630521  -5.89248838
   4.34855890  -5.88247314
   4.34482066  -5.87781251
   4.33364488  -5.86472208
   4.33198914  -5.86278424
   4.31991679  -5.84770851
   4.31898979  -5.84670311
   4.30686140  -5.83275420
   4.30383390  -5.82920039
   4.29380203  -5.81782814
   4.28910166  -5.81225136
   4.28074860  -5.80287144
   4.27419150  -5.79542987
   4.26746425  -5.78812902
   4.25898410  -5.77701883
   4.25533966  -5.77319784
   4.24431032  -5.76002004
   4.24251720  -5.75803284
   4.23037885  -5.74317227
   4.22931204  -5.74143859
   4.21801507  -5.72843211
   4.21423883  -5.72380887
   4.20495656  -5.71350582
   4.19952019  -5.70685975
   4.19215379  -5.69835678
   4.18467214  -5.68997219
   4.17909509  -5.68344253
   4.16973079  -5.67227690
   4.16675832  -5.66868748
   4.15505943  -5.65438446
   4.15420158  -5.65339538
   4.14156409  -5.63885564
   4.13978994  -5.63692937
   4.12874898  -5.62372811
   4.12480681  -5.61924189
   4.11634518  -5.60904129
   4.10984494  -5.60155967
   4.10265241  -5.59386430
   4.09531649  -5.58447174
   4.09055021  -5.57889731
   4.08023758  -5.56685401
   4.07819978  -5.56420658
   4.06600273  -5.54934510
   4.06512329  -5.54836944
   4.05297991  -5.53440416
   4.05034768  -5.53147307
   4.03995419  -5.51946476
   4.03525535  -5.51389559
   4.02689958  -5.50454745
   4.02053962  -5.49694849
   4.01389428  -5.48959274
   4.00560887  -5.47924536
   4.00108069  -5.47443922
   3.99072908  -5.46149962
   3.98897891  -5.45954337
   3.97680971  -5.44466584
   3.97593048  -5.44369045
   3.96377602  -5.42973057
   3.96101184  -5.42688441
   3.95138083  -5.41504982
   3.94580285  -5.40851600
   3.93836562  -5.40011443
   3.93086187  -5.39081807
   3.92537382  -5.38516109
   3.91616008  -5.37387048
   3.91256336  -5.37001164
   3.90108502  -5.35630315
   3.90018893  -5.35533998
   3.88800960  -5.34047160
   3.88626281  -5.33849719
   3.87502903  -5.32552337
   3.87123226  -5.32089864
   3.86220629  -5.31041121
   3.85660232  -5.30389640
   3.84918328  -5.29547798
   3.84166070  -5.28621783
   3.83687479  -5.28075735
   3.82631556  -5.26795082
   3.82455720  -5.26593284
   3.81255028  -5.25099032
   3.81167144  -5.25001542
   3.79887958  -5.23583148
   3.79689636  -5.23312871
   3.78653476  -5.22113676
   3.78205666  -5.21630907
   3.77348669  -5.20623045
   3.76695251  -5.19878220
   3.76043345  -5.19132691
   3.75201405  -5.18109240
   3.74762891  -5.17620979
   3.73713871  -5.16337797
   3.73536019  -5.16147146
   3.72313895  -5.14661798
   3.72226031  -5.14564333
   3.71017773  -5.13167784
   3.70726129  -5.12799688
   3.69713473  -5.11677343
   3.69242398  -5.11120619
   3.68430303  -5.10167009
   3.67779447  -5.09421556
   3.67129269  -5.08674623
   3.66267932  -5.07671438
   3.65887860  -5.07208485
   3.64793170  -5.05886135
   3.64682985  -5.05713536
   3.63402766  -5.04204521
   3.63314922  -5.04107082
   3.62167674  -5.02735861
   3.61813718  -5.02346391
   3.60867966  -5.01244056
   3.60319660  -5.00578999
   3.59588618  -4.99731609
   3.58819291  -4.98822623
   3.58348970  -4.98265499
   3.57348922  -4.97128036
   3.56987437  -4.96747255
   3.55838155  -4.95377373
   3.55748623  -4.95281152
   3.54530704  -4.93795483
   3.54353102  -4.93597001
   3.53235949  -4.92302635
   3.52854193  -4.91840038
   3.51999493  -4.90836241
   3.51360560  -4.90071592
   3.50719383  -4.89324034
   3.49860505  -4.88319922
   3.49413126  -4.87835067
   3.48407841  -4.86607808
   3.48212304  -4.86337786
   3.46991405  -4.84856075
   3.46903595  -4.84758680
   3.45693016  -4.83365087
   3.45423657  -4.83082021
   3.44388532  -4.81875818
   3.43922143  -4.81317495
   3.43157409  -4.80408071
   3.42436759  -4.79640635
   3.41785405  -4.78895823
   3.40959073  -4.77857456
   3.40515358  -4.77379609
   3.39457582  -4.76103499
   3.39279160  -4.75910718
   3.38057908  -4.74428849
   3.37970116  -4.74331478
   3.36765130  -4.72936747
   3.36492557  -4.72644313
   3.35529408  -4.71470951
   3.34966486  -4.70817214
   3.34241949  -4.69961032
   3.33505620  -4.69121456
   3.32944675  -4.68470643
   3.32012164  -4.67354272
   3.31653847  -4.66977663
   3.30520481  -4.65586528
   3.30433122  -4.65488908
   3.29154214  -4.63981365
   3.29066440  -4.63884017
   3.27921033  -4.62514287
   3.27537632  -4.62068512
   3.26616536  -4.61025716
   3.26060638  -4.60373825
   3.25386403  -4.59558748
   3.24552188  -4.58625559
   3.24080491  -4.58070389
   3.23088958  -4.57022475
   3.22631527  -4.56554636
   3.21623736  -4.55709288
   3.20875155  -4.55060471
   3.20119800  -4.54431734
   3.19167158  -4.53614768
   3.18632433  -4.53221480
   3.17250204  -4.52081087
   3.17154165  -4.51991559
   3.15642284  -4.50829953
   3.15433519  -4.50635970
   3.14149941  -4.49618420
   3.13511036  -4.49125557
   3.12683408  -4.48473779
   3.11669112  -4.47614663
   3.11213994  -4.47237075
   3.09819777  -4.46120105
   3.09722289  -4.46032715
   3.08244326  -4.44906946
   3.07948750  -4.44650079
   3.06715519  -4.43659609
   3.06075065  -4.43168475
   3.05247941  -4.42516781
   3.04221127  -4.41677172
   3.03737366  -4.41218944
   3.02459270  -4.40186246
   3.02287022  -4.40076116
   3.00768620  -4.38818876
   3.00590035  -4.38716075
   2.99298179  -4.37678228
   2.98655283  -4.37204734
   2.97823748  -4.36537922
   2.96806884  -4.35697657
   2.96343997  -4.35324436
   2.94950118  -4.34207817
   2.94852654  -4.34120454
   2.93375375  -4.32995014
   2.93079873  -4.32738226
   2.91849476  -4.31744689
   2.91284637  -4.31273323
   2.90366622  -4.30516193
   2.89373108  -4.29742677
   2.88910333  -4.29369509
   2.87516618  -4.28253062
   2.87419166  -4.28165712
   2.85919891  -4.26977228
   2.85639040  -4.26772811
   2.84431231  -4.25768547
   2.83788611  -4.25295189
   2.82946904  -4.24651383
   2.81999066  -4.23828448
   2.81457868  -4.23423769
   2.80158732  -4.22321950
   2.79963852  -4.22147275
   2.78487599  -4.21023556
   2.78206031  -4.20819153
   2.77021520  -4.19878802
   2.76356559  -4.19341771
   2.75524115  -4.18675314
   2.74582383  -4.17858266
   2.74045579  -4.17462364
   2.72726926  -4.16368984
   2.72532672  -4.16193582
   2.71056143  -4.15070771
   2.70862074  -4.14895841
   2.69560378  -4.13864381
   2.69003670  -4.13396124
   2.68080510  -4.12653769
   2.67151137  -4.11905960
   2.66591771  -4.11445529
   2.65295942  -4.10416892
   2.65102974  -4.10239935
   2.63625502  -4.09118857
   2.63432699  -4.08942295
   2.62159612  -4.07974451
   2.61494926  -4.07437564
   2.60661872  -4.06771330
   2.59646459  -4.05931684
   2.59184122  -4.05558726
   2.57877475  -4.04446041
   2.57685160  -4.04267768
   2.56195658  -4.03167797
   2.55922638  -4.02974370
   2.54702078  -4.01958905
   2.54147139  -4.01501505
   2.53213029  -4.00749337
   2.52291237  -4.00003683
   2.51733716  -3.99541359
   2.50361628  -3.98492548
   2.50264232  -3.98405260
   2.48769801  -3.97324715
   2.48382059  -3.97037567
   2.47309254  -3.96347056
   2.46262059  -3.95548365
   2.45804501  -3.95259724
   2.44317896  -3.94239106
   2.44040710  -3.94051173
   2.42839251  -3.93306142
   2.41892295  -3.92572972
   2.41340258  -3.92194347
   2.39861353  -3.91170944
   2.39683802  -3.91066115
   2.38396986  -3.90210023
   2.37545189  -3.89581766
   2.36893296  -3.89124459
   2.35413680  -3.88191999
   2.35315138  -3.88108189
   2.33915399  -3.87093990
   2.33171188  -3.86611462
   2.32452624  -3.86121375
   2.31130782  -3.85144583
   2.30947079  -3.85048463
   2.29466890  -3.84104063
   2.28896965  -3.83645546
   2.27992121  -3.83056466
   2.26688894  -3.82141833
   2.26493429  -3.81970700
   2.25016836  -3.81034391
   2.24453531  -3.80659106
   2.23526745  -3.80013153
   2.22404096  -3.79182269
   2.22031613  -3.78905126
   2.20554677  -3.77967911
   2.20182350  -3.77693849
   2.19068486  -3.76945290
   2.17959484  -3.76195934
   2.17585153  -3.75921564
   2.16097766  -3.74913884
   2.15805547  -3.74719872
   2.14620557  -3.73970140
   2.13676465  -3.73232567
   2.13124135  -3.72854757
   2.11645546  -3.71832535
   2.11549812  -3.71743885
   2.10168501  -3.70902430
   2.09317530  -3.70257789
   2.08676782  -3.69801431
   2.07191328  -3.68857992
   2.07095645  -3.68769282
   2.05706142  -3.67835576
   2.04959414  -3.67283094
   2.04215756  -3.66732939
   2.02824177  -3.65799550
   2.02729042  -3.65710055
   2.01253708  -3.64782077
   2.00589666  -3.64309066
   1.99765382  -3.63746071
   1.98467025  -3.62813148
   1.98276563  -3.62634018
   1.96804401  -3.61715415
   1.96319236  -3.61342293
   1.95312935  -3.60692387
   1.94099733  -3.59848104
   1.93823024  -3.59660011
   1.92344055  -3.58647859
   1.91955251  -3.58360587
   1.90862404  -3.57626006
   1.89741362  -3.56874262
   1.89369147  -3.56597075
   1.87897938  -3.55674826
   1.87427929  -3.55393808
   1.86414582  -3.54824664
   1.84937406  -3.53987316
   1.84840769  -3.53901308
   1.83457267  -3.53165064
   1.82145362  -3.52423269
   1.81960678  -3.52328798
   1.80479864  -3.51492496
   1.79455839  -3.50924503
   1.78992667  -3.50644653
   1.77523363  -3.49911738
   1.76758136  -3.49445633
   1.76019430  -3.48982624
   1.74547069  -3.48239645
   1.74158260  -3.47964962
   1.73062907  -3.47403280
   1.71571218  -3.46566741
   1.71386555  -3.46472276
   1.70094640  -3.45730603
   1.68787670  -3.44988480
   1.68602976  -3.44894081
   1.67126433  -3.44150794
   1.66091742  -3.43503938
   1.65627976  -3.43225194
   1.64158315  -3.42478254
   1.63404200  -3.42016847
   1.62674283  -3.41642010
   1.61184543  -3.40817228
   1.60703349  -3.40530887
   1.59697630  -3.39969214
   1.58216613  -3.39144741
   1.58031117  -3.39051813
   1.56738318  -3.38389995
   1.55336151  -3.37559598
   1.55241109  -3.37470837
   1.53765711  -3.36717595
   1.52651918  -3.36078606
   1.52280942  -3.35892763
   1.50798509  -3.35138166
   1.49951488  -3.34584294
   1.49304091  -3.34209777
   1.47834904  -3.33466070
   1.47259129  -3.33092244
   1.46349628  -3.32616847
   1.44867243  -3.31793963
   1.44676289  -3.31619263
   1.43376608  -3.30957649
   1.41902327  -3.30226516
   1.41625626  -3.30130076
   1.40437974  -3.29746239
   1.38989170  -3.29576064
   1.37511054  -3.29496445
   1.36027116  -3.29542157
   1.34543205  -3.29541482
   1.33059322  -3.29494419
   1.31575427  -3.29493759
   1.30091538  -3.29493106
   1.28607657  -3.29492460
   1.27121720  -3.29461957
   1.25639924  -3.29444790
   1.24156063  -3.29444167
   1.22672209  -3.29443551
   1.21188362  -3.29442942
   1.19704522  -3.29442341
   1.18220688  -3.29441748
   1.16736860  -3.29441161
   1.15253039  -3.29440583
   1.13769254  -3.29393617
   1.12285415  -3.29439447
   1.10801643  -3.29392496
   1.09317816  -3.29438341
   1.07834057  -3.29391405
   1.06350273  -3.29390871
   1.04866494  -3.29390344
   1.03380302  -3.29359996
   1.01898959  -3.29342913
   1.00415197  -3.29342408
   0.98931440  -3.29341911
   0.97451003  -3.29370879
   0.95961408  -3.29357517
   0.94480201  -3.29340463
   0.92996465  -3.29339995
   0.91512734  -3.29339535
   0.90029007  -3.29339082
   0.88548731  -3.29368070
   0.87058903  -3.29354784
   0.85577856  -3.29337768
   0.84094148  -3.29337345
   0.82610445  -3.29336929
   0.81126745  -3.29336520
   0.79643050  -3.29336119
   0.78159359  -3.29335725
   0.76675718  -3.29288946
   0.75192036  -3.29288567
   0.73708357  -3.29288195
   0.72221799  -3.29258033
   0.70741012  -3.29241077
   0.69257344  -3.29240728
   0.67773680  -3.29240386
   0.66290019  -3.29240052
   0.64806362  -3.29239725
   0.63322707  -3.29239405
   0.61836072  -3.29162911
   0.60355460  -3.29145998
   0.58872750  -3.29221630
   0.57388121  -3.29238201
   0.55904481  -3.29237918
   0.54420844  -3.29237643
   0.52937210  -3.29237375
   0.51453578  -3.29237115
   0.49970007  -3.29190469
   0.48486381  -3.29190223
   0.47002698  -3.29236378
   0.45519135  -3.29189754
   0.44032215  -3.29159745
   0.42556010  -3.29172240
   0.41068219  -3.29235499
   0.39581302  -3.29159119
   0.38101050  -3.29142315
   0.36621643  -3.29171440
   0.35130404  -3.29158559
   0.33650221  -3.29141778
   0.32166614  -3.29141614
   0.30683009  -3.29141458
   0.29199405  -3.29141308
   0.27715801  -3.29141166
   0.26232268  -3.29094638
   0.24748598  -3.29140905
   0.23264997  -3.29140785
   0.21781397  -3.29140672
   0.20297870  -3.29094174
   0.18814272  -3.29094076
   0.17330674  -3.29093986
   0.15847077  -3.29093903
   0.14363480  -3.29093828
   0.12879883  -3.29093760
   0.11396287  -3.29093699
   0.09912690  -3.29093646
   0.08425271  -3.29063807
   0.06945487  -3.29047167
   0.05461812  -3.29093530
   0.03978292  -3.29047113
   0.02494694  -3.29047097
   0.01011095  -3.29047088
  -0.00472504  -3.29047086
  -0.01956023  -3.29000698
  -0.03439705  -3.29047106
  -0.04923307  -3.29047127
  -0.06406826  -3.29000761
  -0.07890429  -3.29000796
  -0.09374118  -3.29047233
  -0.10857638  -3.29000889
  -0.12341245  -3.29000947
  -0.13829002  -3.28971203
  -0.15303514  -3.28983932
  -0.16792074  -3.29001165
  -0.18279901  -3.28971438
  -0.19754288  -3.28984191
  -0.21247176  -3.28971631
  -0.22726552  -3.28955165
  -0.24210172  -3.28955282
  -0.25693795  -3.28955406
  -0.27177421  -3.28955538
  -0.28661048  -3.28955677
  -0.30144584  -3.28909428
  -0.31628216  -3.28909582
  -0.33111946  -3.28956139
  -0.34595487  -3.28909912
  -0.36079127  -3.28910088
  -0.37562770  -3.28910272
  -0.39050933  -3.28880623
  -0.40524749  -3.28893492
  -0.42013716  -3.28910866
  -0.43497371  -3.28911079
  -0.44985634  -3.28881451
  -0.46464709  -3.28865134
  -0.47948374  -3.28865369
  -0.49431940  -3.28819216
  -0.50915715  -3.28865862
  -0.52393884  -3.28895344
  -0.53890494  -3.28835065
  -0.55366650  -3.28820260
  -0.56850338  -3.28820540
  -0.58334029  -3.28820826
  -0.59822548  -3.28791249
  -0.61295807  -3.28804250
  -0.62785129  -3.28821731
  -0.64273726  -3.28792167
  -0.65752573  -3.28775979
  -0.67236291  -3.28776310
  -0.68720014  -3.28776648
  -0.70203742  -3.28776994
  -0.71687474  -3.28777348
  -0.73171099  -3.28731311
  -0.74654841  -3.28731680
  -0.76138588  -3.28732055
  -0.77622341  -3.28732438
  -0.79106098  -3.28732828
  -0.80589862  -3.28733226
  -0.82073631  -3.28733631
  -0.83557405  -3.28734043
  -0.85046378  -3.28704539
  -0.86524996  -3.28688497
  -0.88008788  -3.28688932
  -0.89492465  -3.28642976
  -0.90976390  -3.28689823
  -0.92460200  -3.28690280
  -0.93944017  -3.28690744
  -0.95427840  -3.28691216
  -0.96911545  -3.28645296
  -0.98395380  -3.28645782
  -0.99879222  -3.28646276
  -1.01363070  -3.28646777
  -1.02846926  -3.28647286
  -1.04330788  -3.28647801
  -1.05814657  -3.28648325
  -1.07304054  -3.28618874
  -1.08776099  -3.28632243
  -1.10271872  -3.28619949
  -1.11750233  -3.28604098
  -1.13229497  -3.28756169
  -1.14728234  -3.29143920
  -1.16219219  -3.29702330
  -1.16509351  -3.29861317
  -1.17730510  -3.30489555
  -1.19177726  -3.31215788
  -1.19460212  -3.31394727
  -1.20690195  -3.32078467
  -1.22159840  -3.32769762
  -1.22261673  -3.32845780
  -1.23650275  -3.33592156
  -1.25051431  -3.34316784
  -1.25153559  -3.34391103
  -1.26628121  -3.35161219
  -1.27994441  -3.35856476
  -1.28096154  -3.35933103
  -1.29588984  -3.36750762
  -1.30702485  -3.37308219
  -1.31073655  -3.37494040
  -1.32577026  -3.38293075
  -1.33498342  -3.38784039
  -1.34060396  -3.39147290
  -1.35520228  -3.39828321
  -1.36369753  -3.40274839
  -1.37020047  -3.40643891
  -1.38497462  -3.41396354
  -1.39156413  -3.41759202
  -1.39979796  -3.42245107
  -1.41459630  -3.42987440
  -1.42023930  -3.43254747
  -1.42963019  -3.43798999
  -1.44436867  -3.44555656
  -1.44808077  -3.44741517
  -1.45931095  -3.45380484
  -1.47399214  -3.46054002
  -1.47689423  -3.46213063
  -1.48895764  -3.46873342
  -1.50370355  -3.47636100
  -1.50472217  -3.47712146
  -1.51849576  -3.48483886
  -1.53250480  -3.49206167
  -1.53352867  -3.49278476
  -1.54831478  -3.50038702
  -1.56114931  -3.50721540
  -1.56297861  -3.50819369
  -1.57801551  -3.51618714
  -1.58915307  -3.52176418
  -1.59286800  -3.52370366
  -1.60781730  -3.53171206
  -1.61710545  -3.53653066
  -1.62272741  -3.54016461
  -1.63741928  -3.54778959
  -1.64400099  -3.55142108
  -1.65244487  -3.55688076
  -1.66712558  -3.56549929
  -1.66894092  -3.56649712
  -1.68213513  -3.57548426
  -1.69136576  -3.58114465
  -1.69698813  -3.58477902
  -1.71184135  -3.59407400
  -1.71465259  -3.59589124
  -1.72675033  -3.60424619
  -1.73776257  -3.61090678
  -1.74160376  -3.61354166
  -1.75640344  -3.62288898
  -1.76102762  -3.62573321
  -1.77134583  -3.63303276
  -1.78497915  -3.64086794
  -1.78599227  -3.64165306
  -1.80075765  -3.65111075
  -1.80734869  -3.65565603
  -1.81566097  -3.66127213
  -1.83028140  -3.67000418
  -1.83129004  -3.67080418
  -1.84532387  -3.67992994
  -1.85372725  -3.68544407
  -1.86048509  -3.69066244
  -1.87509145  -3.69935792
  -1.87690716  -3.70035612
  -1.88989220  -3.70875129
  -1.90013206  -3.71521805
  -1.90489198  -3.71880192
  -1.91954080  -3.72745274
  -1.92340460  -3.72997754
  -1.93456214  -3.73744454
  -1.94654870  -3.74498633
  -1.94936479  -3.74680989
  -1.96417676  -3.75617247
  -1.96979341  -3.75982827
  -1.97910846  -3.76630036
  -1.99297238  -3.77475251
  -1.99398575  -3.77553790
  -2.00875089  -3.78499964
  -2.01533342  -3.78954736
  -2.02365419  -3.79516503
  -2.03838613  -3.80373855
  -2.03940109  -3.80451835
  -2.05332727  -3.81382904
  -2.06251407  -3.81956032
  -2.06826647  -3.82394819
  -2.08311906  -3.83227932
  -2.08599849  -3.83395383
  -2.09802054  -3.84250629
  -2.10814815  -3.84912981
  -2.11297569  -3.85255764
  -2.12762544  -3.86126372
  -2.13225241  -3.86408790
  -2.14257901  -3.87136523
  -2.15457783  -3.87890846
  -2.15738898  -3.88073366
  -2.17220792  -3.89009914
  -2.17782244  -3.89375682
  -2.18713768  -3.90023143
  -2.20010409  -3.90865546
  -2.20190787  -3.90967382
  -2.21707410  -3.92038763
  -2.22091030  -3.92317467
  -2.23196841  -3.93152077
  -2.24032850  -3.93809878
  -2.24656921  -3.94305535
  -2.26049985  -3.95328817
  -2.26150073  -3.95411111
  -2.27637859  -3.96526926
  -2.28009474  -3.96805997
  -2.29144899  -3.97708079
  -2.29884087  -3.98275788
  -2.30616178  -3.98846639
  -2.31905280  -3.99791202
  -2.32102680  -3.99963004
  -2.33571082  -4.01102015
  -2.33840713  -4.01299419
  -2.35086298  -4.02271264
  -2.35723820  -4.02759290
  -2.36557406  -4.03411047
  -2.37667689  -4.04254729
  -2.38062650  -4.04594303
  -2.39521425  -4.05656219
  -2.39619213  -4.05743093
  -2.40995153  -4.06790290
  -2.41567125  -4.07236872
  -2.42506233  -4.07967829
  -2.43520883  -4.08721996
  -2.43991114  -4.09086759
  -2.45450290  -4.10146258
  -2.45548432  -4.10232562
  -2.46958903  -4.11328218
  -2.47431002  -4.11691736
  -2.48455212  -4.12525544
  -2.49374519  -4.13190156
  -2.49941325  -4.13643208
  -2.51236002  -4.14675007
  -2.51430519  -4.14850428
  -2.52906873  -4.15888209
  -2.53284055  -4.16159545
  -2.54404419  -4.17084103
  -2.55138847  -4.17653851
  -2.55870378  -4.18226791
  -2.57088332  -4.19147026
  -2.57388058  -4.19395541
  -2.58847374  -4.20457480
  -2.59117099  -4.20654982
  -2.60342522  -4.21565717
  -2.60999007  -4.22115432
  -2.61820124  -4.22785631
  -2.62865036  -4.23594856
  -2.63341508  -4.23951417
  -2.64800022  -4.25013949
  -2.64972951  -4.25123489
  -2.66274672  -4.26148557
  -2.66847798  -4.26595218
  -2.67786106  -4.27326706
  -2.68801334  -4.28081240
  -2.69259922  -4.28458987
  -2.70660672  -4.29570726
  -2.70759248  -4.29656376
  -2.72224174  -4.30710343
  -2.72703335  -4.31072072
  -2.73737118  -4.31886745
  -2.74566577  -4.32547015
  -2.75225941  -4.33095451
  -2.76594023  -4.34062916
  -2.76690577  -4.34148115
  -2.78159932  -4.35288132
  -2.78520536  -4.35568037
  -2.79679294  -4.36461407
  -2.80423126  -4.37017689
  -2.81177677  -4.37656133
  -2.82374453  -4.38511521
  -2.82643539  -4.38706436
  -2.84129539  -4.39830078
  -2.84404008  -4.40022405
  -2.85617314  -4.41037290
  -2.86265243  -4.41514394
  -2.87101765  -4.42160940
  -2.88216210  -4.43001991
  -2.88588154  -4.43281405
  -2.90086134  -4.44387002
  -2.90185448  -4.44471331
  -2.91586264  -4.45580109
  -2.92118150  -4.45975215
  -2.93071474  -4.46702289
  -2.93999497  -4.47446552
  -2.94564327  -4.47905384
  -2.95767057  -4.48935312
  -2.96047316  -4.49211717
  -2.97165229  -4.50419300
  -2.97547769  -4.50875432
  -2.98401749  -4.51885141
  -2.99042985  -4.52638898
  -2.99614942  -4.53372870
  -3.00534186  -4.54499155
  -3.00886424  -4.54891014
  -3.01984836  -4.56296933
  -3.02070436  -4.56395624
  -3.03216718  -4.57863540
  -3.03505944  -4.58228794
  -3.04426441  -4.59353555
  -3.04999447  -4.60087238
  -3.05635984  -4.60844044
  -3.06484292  -4.61860254
  -3.06866991  -4.62316624
  -3.07971162  -4.63723510
  -3.08056773  -4.63822216
  -3.09173572  -4.65312644
  -3.09440054  -4.65604658
  -3.10408131  -4.66783346
  -3.10958617  -4.67441968
  -3.11620303  -4.68271907
  -3.12465947  -4.69289658
  -3.12837649  -4.69757932
  -3.13907848  -4.71004990
  -3.14106359  -4.71274412
  -3.15288144  -4.72786252
  -3.15408718  -4.72956473
  -3.16434890  -4.74251862
  -3.16930743  -4.74880900
  -3.17670671  -4.75723521
  -3.18409637  -4.76659470
  -3.18856201  -4.77230302
  -3.19866356  -4.78456243
  -3.20064896  -4.78725707
  -3.21275366  -4.80215718
  -3.21362771  -4.80313420
  -3.22420599  -4.81683946
  -3.22855160  -4.82173704
  -3.23629882  -4.83175577
  -3.24361667  -4.84024843
  -3.24906999  -4.84685541
  -3.25808363  -4.85825788
  -3.26087760  -4.86198412
  -3.27234886  -4.87668453
  -3.27328150  -4.87767973
  -3.28445643  -4.89157385
  -3.28827827  -4.89618950
  -3.29682427  -4.90629515
  -3.30323053  -4.91383661
  -3.30895088  -4.92118146
  -3.31815008  -4.93245378
  -3.32101434  -4.93614875
  -3.33265744  -4.95044347
  -3.33351405  -4.95143122
  -3.34498938  -4.96612401
  -3.34790081  -4.96978432
  -3.35709731  -4.98103735
  -3.36261018  -4.98763791
  -3.36920616  -4.99595625
  -3.37753234  -5.00625300
  -3.38132929  -5.01093298
  -3.39254610  -5.02480897
  -3.39342471  -5.02578380
  -3.40460286  -5.04067830
  -3.40728661  -5.04360572
  -3.41671292  -5.05559427
  -3.42222813  -5.06219641
  -3.42907679  -5.07035059
  -3.43716463  -5.07986506
  -3.44118880  -5.08526461
  -3.45196066  -5.09857229
  -3.45376573  -5.10064447
  -3.46515608  -5.11525327
  -3.46693170  -5.11721233
  -3.47726907  -5.13017411
  -3.48202415  -5.13572336
  -3.48937351  -5.14505476
  -3.49696572  -5.15432430
  -3.50148222  -5.15994956
  -3.51162101  -5.17223107
  -3.51360802  -5.17492803
  -3.52572762  -5.18986226
  -3.52659439  -5.19081844
  -3.53758708  -5.20502195
  -3.54143015  -5.20958151
  -3.54995604  -5.21969884
  -3.55661332  -5.22796725
  -3.56205445  -5.23457500
  -3.57130014  -5.24675169
  -3.57398075  -5.24981694
  -3.58563911  -5.26422999
  -3.58650845  -5.26517844
  -3.59746908  -5.27933302
  -3.60131827  -5.28395979
  -3.60958456  -5.29425395
  -3.61603109  -5.30182635
  -3.62238702  -5.30945437
  -3.63091717  -5.31959105
  -3.63479968  -5.32419179
  -3.64570834  -5.33825563
  -3.64668566  -5.33934666
  -3.65805418  -5.35395164
  -3.66075345  -5.35688528
  -3.67017356  -5.36887908
  -3.67569877  -5.37548811
  -3.68229657  -5.38381294
  -3.69081475  -5.39399889
  -3.69436670  -5.39857683
  -3.70521108  -5.41205876
  -3.70635403  -5.41396777
  -3.71840032  -5.42884182
  -3.72041916  -5.43150877
  -3.73079715  -5.44355135
  -3.73537784  -5.44915850
  -3.74224694  -5.45822674
  -3.75030763  -5.46779771
  -3.75507204  -5.47344387
  -3.76537963  -5.48635170
  -3.76713849  -5.48830355
  -3.77830789  -5.50319344
  -3.78010871  -5.50518218
  -3.79044821  -5.51815409
  -3.79505352  -5.52379815
  -3.80258061  -5.53309838
  -3.81017015  -5.54232937
  -3.81465435  -5.54794616
  -3.82483110  -5.56025110
  -3.82681984  -5.56295055
  -3.83893919  -5.57787631
  -3.83981459  -5.57885514
  -3.85086825  -5.59304558
  -3.85467993  -5.59764016
  -3.86254497  -5.60753472
  -3.86968351  -5.61614249
  -3.87533538  -5.62270294
  -3.88476815  -5.63381184
  -3.88774283  -5.63745262
  -3.89919108  -5.65177728
  -3.90028115  -5.65290621
  -3.91073950  -5.66744965
  -3.91438371  -5.67135765
  -3.92286531  -5.68238481
  -3.92933372  -5.68997003
  -3.93503678  -5.69737547
  -3.94447111  -5.70848650
  -3.94805893  -5.71227298
  -3.95906987  -5.72639132
  -3.96010527  -5.72747160
  -3.97137521  -5.74213446
  -3.97417209  -5.74586506
  -3.98356357  -5.75713891
  -3.98923790  -5.76360603
  -3.99559572  -5.77195877
  -4.00399005  -5.78234959
  -4.00775762  -5.78694682
  -4.01871658  -5.80019656
  -4.01984644  -5.80214410
  -4.03190381  -5.81701723
  -4.03383963  -5.81975934
  -4.04401753  -5.83193342
  -4.04867482  -5.83754330
  -4.05539603  -5.84676081
  -4.06390951  -5.85693545
  -4.06737877  -5.86147171
  -4.07860124  -5.87484094
  -4.08034012  -5.87664983
  -4.09178054  -5.89157840
  -4.09358722  -5.89349602
  -4.10389677  -5.90650583
  -4.10852699  -5.91213886
  -4.11597099  -5.92161730
  -4.12361728  -5.93079322
  -4.12816940  -5.93640184
  -4.13838048  -5.94859049
  -4.14122325  -5.95153420
  -4.15243918  -5.96628086
  -4.15334530  -5.96723678
  -4.16451048  -5.98136786
  -4.16829202  -5.98599683
  -4.17606929  -5.99597873
  -4.18323010  -6.00456411
  -4.18883333  -6.01108339
  -4.19804909  -6.02238398
  -4.20070793  -6.02591648
  -4.21290402  -6.04016480
  -4.21377583  -6.04107330
  -4.22423589  -6.05603830
  -4.22806421  -6.06156993
  -4.23452841  -6.07074955
  -4.23912189  -6.08541065
  -4.23919968  -6.09995942
  -4.23788243  -6.11483104
  -4.23698667  -6.12974590
  -4.23609098  -6.14466113
  -4.23519535  -6.15957673
  -4.23429978  -6.17449270
  -4.23340428  -6.18940904
  -4.23162688  -6.20428432
  -4.23027307  -6.21914413
  -4.22880612  -6.22370529
  -4.22534681  -6.23402627
  -4.21554433  -6.24899150
  -4.21468897  -6.24994473
  -4.20190273  -6.26408765
  -4.20007244  -6.26598943
  -4.18707652  -6.27900905
  -4.18521997  -6.28086902
  -4.17292148  -6.29365786
  -4.17013667  -6.29644787
  -4.15806918  -6.30853810
  -4.15528743  -6.31133816
  -4.14411726  -6.32339996
  -4.14043476  -6.32714110
  -4.12859837  -6.33853294
  -4.12558267  -6.34202214
  -4.11444366  -6.35318316
  -4.11073067  -6.35690354
  -4.09959173  -6.36806482
  -4.09587876  -6.37178529
  -4.08473989  -6.38294685
  -4.08125849  -6.38686960
  -4.07012167  -6.39806251
  -4.06640874  -6.40178316
  -4.05596726  -6.41271417
  -4.05132613  -6.41736510
  -4.04111568  -6.42759728
  -4.03647453  -6.43226119
  -4.02647722  -6.44269042
  -4.02185663  -6.44736519
  -4.01164630  -6.45759787
  -4.00700525  -6.46224915
  -3.99679497  -6.47248209
  -3.99215394  -6.47713349
  -3.98264090  -6.48713559
  -3.97707169  -6.49271741
  -3.96709254  -6.50225165
  -3.96245156  -6.50690328
  -3.94950192  -6.51720232
  -3.94782391  -6.51829195
  -3.93315365  -6.52711988
  -3.92457296  -6.53238835
  -3.91807170  -6.53609661
  -3.90320356  -6.54445842
  -3.89856398  -6.54722960
  -3.88833418  -6.55282383
  -3.87347071  -6.56117511
  -3.87243812  -6.56194505
  -3.85860580  -6.56952998
  -3.84653437  -6.57694441
  -3.84375241  -6.57878235
  -3.82886194  -6.58627798
  -3.81958685  -6.59181001
  -3.81381260  -6.59519613
  -3.79914073  -6.60296997
  -3.79357740  -6.60664488
  -3.78408186  -6.61191510
  -3.76941838  -6.62059585
  -3.76754473  -6.62157696
  -3.75453544  -6.62807580
  -3.74142013  -6.63619161
  -3.73967840  -6.63718655
  -3.72480565  -6.64479622
  -3.71460171  -6.65124429
  -3.70976392  -6.65373043
  -3.69508372  -6.66149045
  -3.68858958  -6.66607794
  -3.68022090  -6.67078696
  -3.66555359  -6.67856706
  -3.66178863  -6.68117469
  -3.65049008  -6.68751653
  -3.63669843  -6.69604863
  -3.63562429  -6.69682754
  -3.62075756  -6.70425638
  -3.61042884  -6.71052359
  -3.60570964  -6.71317733
  -3.59102708  -6.72004740
  -3.58093773  -6.72578425
  -3.57616333  -6.72840959
  -3.56142362  -6.73350675
  -3.54651490  -6.73818217
  -3.53902070  -6.74080144
  -3.53150871  -6.74332648
  -3.51661852  -6.74704696
  -3.50193021  -6.75203227
  -3.49070770  -6.75574029
  -3.48700642  -6.75672670
  -3.47200094  -6.76094251
  -3.45731168  -6.76592786
  -3.44328969  -6.77030011
  -3.44230362  -6.77102664
  -3.42753342  -6.77523692
  -3.41251284  -6.77947188
  -3.39765702  -6.78407646
  -3.39491918  -6.78525670
  -3.38277416  -6.78872999
  -3.36804345  -6.79283468
  -3.35317196  -6.79746771
  -3.34659060  -6.80008252
  -3.33816169  -6.80262654
  -3.32329952  -6.80724166
  -3.30855831  -6.81136767
  -3.29925921  -6.81493257
  -3.29372115  -6.81688917
  -3.27867264  -6.82117128
  -3.26394585  -6.82526892
  -3.25173251  -6.82948548
  -3.24894904  -6.83040069
  -3.23420486  -6.83453714
  -3.21925068  -6.83738807
  -3.20432543  -6.83925839
  -3.18951117  -6.84069242
  -3.18667545  -6.84206033
         
