# shadow point cont 3D ind 384  size 972
# norm -0.9921147 -0.1253332  0.0000000
# angle  3.0159289
   0.28551432104166   -2.26007857042895   -6.81509637210930
   0.28554841239523   -2.26034843127994   -6.81293319251849
   0.28560655648373   -2.26080868913299   -6.81246727239459
   0.28736444795796   -2.27472383298826   -6.80568256436363
   0.28918880010831   -2.28916506726643   -6.80031442603799
   0.29012986087862   -2.29661433031102   -6.79762735926927
   0.29106869631035   -2.30404597798700   -6.79506308575021
   0.29295221601158   -2.31895557165713   -6.79014176088496
   0.29481204260456   -2.33367761506341   -6.78620204941035
   0.29575346682559   -2.34112975511673   -6.78362007097723
   0.29669086365359   -2.34855001507161   -6.78103694766510
   0.29855531523785   -2.36330866905370   -6.77640853752835
   0.30040214674655   -2.37792784577583   -6.77227373238831
   0.30191634621688   -2.38991396878973   -6.76868068438340
   0.30227810369097   -2.39277757406144   -6.76782266574826
   0.30412892059085   -2.40742829840323   -6.76298897921539
   0.30599595160858   -2.42220737070373   -6.75857767786275
   0.30785392305038   -2.43691472907635   -6.75456360113032
   0.30809265707963   -2.43880450350716   -6.75377349685732
   0.30973578132688   -2.45181117121553   -6.74948834855852
   0.31161424197828   -2.46668071838266   -6.74408819559792
   0.31291846631547   -2.47700471706952   -6.73939935845970
   0.31350344939678   -2.48163533497092   -6.73667722247819
   0.31537486801707   -2.49644913872198   -6.72855915540839
   0.31631535952081   -2.50389389555772   -6.72473327667632
   0.31725175009726   -2.51130619021133   -6.72007125022994
   0.31907745955694   -2.52575816869912   -6.71237109484990
   0.31967132283281   -2.53045908057866   -6.70976605007751
   0.32096742339967   -2.54071877300177   -6.70326312299717
   0.32279185950002   -2.55516067181253   -6.69532884407863
   0.32291886198905   -2.55616600003150   -6.69454232285763
   0.32466619964171   -2.56999760178676   -6.68631801012467
   0.32629188797944   -2.58286625005948   -6.67964694640243
   0.32652200813384   -2.58468783864978   -6.67867733931872
   0.32840881614545   -2.59962346197682   -6.66970184030151
   0.32945174691905   -2.60787910913051   -6.66510795786981
   0.33028203959078   -2.61445155238911   -6.66139742243394
   0.33213469737310   -2.62911684881586   -6.65295687235860
   0.33282396365508   -2.63457295325065   -6.65003423835795
   0.33400006988407   -2.64388279268353   -6.64460153601949
   0.33585940871558   -2.65860097506029   -6.63617933745888
   0.33608868866840   -2.66041591277020   -6.63519923174404
   0.33775302748663   -2.67359051109966   -6.62732767304495
   0.33935796338479   -2.68629488689805   -6.62049712933149
   0.33958861147432   -2.68812065452527   -6.61953463554717
   0.34144944133880   -2.70285063964328   -6.61109836279480
   0.34262336171643   -2.71214317628097   -6.60563378566689
   0.34334080042369   -2.71782228842484   -6.60196574856690
   0.34515883854935   -2.73221354205105   -6.59422866074480
   0.34598559276533   -2.73875797554826   -6.59069494348383
   0.34706665197030   -2.74731544031430   -6.58522391929586
   0.34889995177031   -2.76182750253260   -6.57664899790751
   0.34902713903819   -2.76283429342673   -6.57586845901108
   0.35082186951450   -2.77704104801055   -6.56586134568632
   0.35154235693949   -2.78274429324019   -6.56144138551792
   0.35277260005150   -2.79248267022855   -6.55224286165129
   0.35347062440442   -2.79800810193341   -6.54665416449352
   0.35458666363730   -2.80684246213214   -6.53789515537073
   0.35540103901948   -2.81328890706999   -6.53137533110153
   0.35644809448394   -2.82157720451387   -6.52299285208147
   0.35733591444563   -2.82860502316229   -6.51613246879809
   0.35826677001255   -2.83597350370396   -6.50868273629842
   0.35912388920494   -2.84275830073953   -6.50157160552133
   0.36017093788959   -2.85104654451568   -6.49318965388569
   0.36098530537990   -2.85749292698294   -6.48667044497563
   0.36205143291127   -2.86593219538174   -6.47857846859345
   0.36289407342935   -2.87260238190882   -6.47214628243123
   0.36394109477933   -2.88089040930879   -6.46376469260325
   0.36475544147630   -2.88733662717973   -6.45724576848793
   0.36580245971413   -2.89562462994451   -6.44886443816784
   0.36668604187808   -2.90261890296965   -6.44197144853096
   0.36761674091168   -2.90998614442246   -6.43452174766938
   0.36853099167582   -2.91722318441575   -6.42669887013555
   0.36943690745937   -2.92439424624395   -6.41929486394989
   0.37029230491455   -2.93116541432616   -6.41217159733635
   0.37135867371574   -2.93960659257230   -6.40408036886699
   0.37227021222509   -2.94682216285817   -6.39727491928749
   0.37318328773918   -2.95404989978937   -6.38958680893900
   0.37409107158624   -2.96123574886285   -6.38205475752718
   0.37502190163996   -2.96860402744677   -6.37460708213749
   0.37595272892263   -2.97597228409552   -6.36715950640875
   0.37688355663237   -2.98334054412487   -6.35971205536524
   0.37781438162113   -2.99070878261549   -6.35226470356667
   0.37875144662392   -2.99812641590332   -6.34378680561222
   0.37944299006329   -3.00360054589488   -6.33736694234663
   0.38033139769696   -3.01063301644606   -6.32216501040902
   0.38057872202955   -3.01259079012965   -6.30645197745007
   0.38050835092293   -3.01203374546212   -6.29157159894377
   0.38033163780201   -3.01063491707325   -6.27652094760332
   0.38015243507693   -3.00921638143813   -6.26173790474458
   0.37998095865496   -3.00785900578982   -6.24678751214455
   0.37986067949292   -3.00690689818419   -6.23187286341739
   0.37970827258207   -3.00570047325970   -6.21676974611922
   0.37950364659017   -3.00408069174552   -6.20204321538201
   0.37933877732077   -3.00277561709522   -6.18679234996283
   0.37902397739945   -3.00028371912826   -6.17212067123454
   0.37884041151980   -2.99883064556839   -6.15720933177673
   0.37871572680685   -2.99784366443636   -6.15162713098218
   0.37847033959726   -2.99590122466019   -6.14215754503311
   0.37768546867342   -2.98968833155893   -6.12699619726521
   0.37686016493357   -2.98315537976262   -6.11655521701439
   0.37640468846664   -2.97954991227329   -6.11176976559128
   0.37509130579852   -2.96915341793230   -6.09707871331271
   0.37498699431122   -2.96832770748721   -6.09607782196932
   0.37377186521062   -2.95870897021845   -6.08215398159447
   0.37309249966447   -2.95333123817775   -6.07475190648750
   0.37239880866237   -2.94784010847672   -6.06722273352546
   0.37124112936301   -2.93867613321145   -6.05504153049515
   0.37100277520179   -2.93678936574567   -6.05230413853304
   0.36959794718353   -2.92566900692228   -6.03737690931656
   0.36935518332427   -2.92374733310219   -6.03463504345223
   0.36828414074584   -2.91526915809965   -6.02268400867804
   0.36747089034585   -2.90883161831283   -6.01332303043840
   0.36691045378661   -2.90439530614117   -6.00753250185763
   0.36567271656766   -2.89459760718809   -5.99306127145034
   0.36556617212778   -2.89375422110327   -5.99206934129225
   0.36419774729182   -2.88292202313958   -5.97792044385831
   0.36375327335600   -2.87940364965205   -5.97313565609840
   0.36283959659169   -2.87217115333528   -5.96278802373403
   0.36191882895130   -2.86488252695469   -5.95326519919167
   0.36143201367599   -2.86102898725316   -5.94785822742067
   0.36011360247430   -2.85059268797023   -5.93316365812492
   0.36000932363040   -2.84976723592430   -5.93216317758597
   0.35873745925749   -2.83969939273096   -5.91808086391301
   0.35814900505542   -2.83504129807941   -5.91158415767781
   0.35734972943876   -2.82871438009333   -5.90310658459664
   0.35629649400569   -2.82037716316073   -5.89188729834818
   0.35595229828832   -2.81765257350782   -5.88819280369620
   0.35466210847273   -2.80743966949883   -5.87326998444820
   0.35441942608884   -2.80551864062275   -5.87052920950278
   0.35323731123472   -2.79616123802441   -5.85836147408413
   0.35252762464484   -2.79054349020826   -5.85018842941083
   0.35194154204678   -2.78590416873549   -5.84366243181478
   0.35065002765527   -2.77568077962848   -5.82974342115810
   0.35054443200189   -2.77484490396220   -5.82874819055971
   0.34925838011544   -2.76466475503507   -5.81383427444606
   0.34880115095560   -2.76104541355277   -5.80911757586770
   0.34787035485678   -2.75367740374963   -5.79893098497260
   0.34695133311642   -2.74640259759074   -5.78852746374736
   0.34649864926120   -2.74281923589936   -5.78378645921979
   0.34518032515124   -2.73238362601850   -5.76909711286332
   0.34507607772427   -2.73155842266316   -5.76809703060038
   0.34380501756608   -2.72149694548484   -5.75402079326874
   0.34321675289284   -2.71684035110849   -5.74752661788034
   0.34240521085880   -2.71041633443064   -5.73904488187669
   0.34133050979125   -2.70190919950470   -5.72804289208245
   0.34098295394526   -2.69915801169499   -5.72436253437100
   0.33969386721501   -2.68895383950555   -5.70945015360776
   0.33945126339201   -2.68703343250294   -5.70671043626492
   0.33831311108219   -2.67802402927608   -5.69456716746812
   0.33759699744867   -2.67235540617094   -5.68615447999458
   0.33693220471577   -2.66709302982527   -5.67940735717028
   0.33571265343574   -2.65743928740181   -5.66664726222522
   0.33550304899256   -2.65578009738789   -5.66472501617161
   0.33424989450031   -2.64586035815017   -5.64959062396926
   0.33390006163953   -2.64309114591248   -5.64586351549985
   0.33285057844469   -2.63478363100383   -5.63468237761979
   0.33201562251691   -2.62817427427262   -5.62547696774234
   0.33144855834730   -2.62368549916278   -5.61977283633013
   0.33016019747161   -2.61348707270383   -5.60585990177143
   0.33005372714167   -2.61264427325962   -5.60486890065807
   0.32873609303416   -2.60221412531055   -5.59018571160314
   0.32829194896884   -2.59869836301691   -5.58540529220855
   0.32736535324657   -2.59136360261774   -5.57505316169934
   0.32639792546319   -2.58370562317328   -5.56412047509633
   0.32605549901596   -2.58099503873566   -5.56037584410129
   0.32465500178519   -2.56990896162516   -5.54546965951839
   0.32452351122795   -2.56886810668821   -5.54368837996672
   0.32338495502094   -2.55985550628588   -5.53058710610974
   0.32267716927478   -2.55425280519709   -5.52304940959609
   0.32197161390348   -2.54866775934333   -5.51566123721070
   0.32078586614031   -2.53928159930869   -5.50272133309051
   0.32057394902292   -2.53760410259343   -5.50075796632092
   0.31917526030926   -2.52653234136996   -5.48585485419836
   0.31893959028277   -2.52466682101840   -5.48307438650122
   0.31789399156865   -2.51639005494087   -5.47095403807065
   0.31708609729686   -2.50999491327449   -5.46248395765910
   0.31649506405406   -2.50531640341344   -5.45605174442474
   0.31519753101807   -2.49504537182958   -5.44211723278519
   0.31509617404310   -2.49424304875785   -5.44114994773588
   0.31373560780237   -2.48347305798078   -5.42603138508727
   0.31336850566359   -2.48056714533168   -5.42147046971753
   0.31244312439846   -2.47324199835071   -5.41112303229231
   0.31150317746729   -2.46580155225081   -5.40096377340782
   0.31105081131833   -2.46222070546342   -5.39622696630135
   0.30973263429561   -2.45178625989789   -5.38154939037562
   0.30960118680584   -2.45074574587507   -5.37976873816313
   0.30835650709341   -2.44089309142730   -5.36647024797674
   0.30775244241175   -2.43611142710594   -5.36008802469469
   0.30693641769173   -2.42965192631475   -5.35175175868185
   0.30591689055437   -2.42158153801785   -5.34040288244430
   0.30557068533775   -2.41884104154053   -5.33663019429837
   0.30425448652051   -2.40842225508380   -5.32195611909001
   0.30401888709278   -2.40655729357894   -5.31917663482842
   0.30297341611171   -2.39828153861260   -5.30706027187574
   0.30216662012466   -2.39189509076515   -5.29859430658158
   0.30149158670877   -2.38655165106658   -5.29193931104748
   0.30027951519033   -2.37695711705275   -5.27825361711718
   0.30017402860893   -2.37612210478015   -5.27726631592081
   0.29889032197574   -2.36596052044417   -5.26237184631314
   0.29843354015409   -2.36234472000829   -5.25766104341573
   0.29749196318444   -2.35489137082514   -5.24747641291585
   0.29655040215671   -2.34743814783528   -5.23729200652559
   0.29609592895155   -2.34384062198062   -5.23258100517364
   0.29477465225990   -2.33338164000903   -5.21790893557712
   0.29466824930072   -2.33253937385928   -5.21691879459154
   0.29329988160905   -2.32170762823920   -5.20279247523478
   0.29285603773750   -2.31819424222398   -5.19801609636896
   0.29194282505041   -2.31096541945664   -5.18768498908500
   0.29097168104980   -2.30327802312371   -5.17668696865062
   0.29061803844369   -2.30047865364639   -5.17300695839058
   0.28929845939838   -2.29003310992930   -5.15833169531384
   0.28909017854786   -2.28838439723020   -5.15633428133839
   0.28792850281586   -2.27918878694306   -5.14323889766491
   0.28723377549652   -2.27368945394639   -5.13580686514841
   0.28654054699920   -2.26820198534766   -5.12833130321887
   0.28535683927657   -2.25883197389673   -5.11540332773480
   0.28514336348027   -2.25714213896738   -5.11343990094742
   0.28386187391112   -2.24699810450041   -5.09855006468436
   0.28352223571041   -2.24430959130667   -5.09477329093725
   0.28249866925774   -2.23620722853677   -5.08343799135926
   0.28166452230435   -2.22960427549723   -5.07424358627282
   0.28109874387999   -2.22512567810908   -5.06854689297537
   0.27986110537297   -2.21532876054127   -5.05410408287850
   0.27975472884039   -2.21448670357965   -5.05311428396160
   0.27838407506808   -2.20363686176801   -5.03899339476584
   0.27789945075976   -2.19980066535603   -5.03352195090582
   0.27699175604338   -2.19261552182454   -5.02410476366185
   0.27605154564224   -2.18517299014497   -5.01295924496615
   0.27570554869732   -2.18243414230785   -5.00921721316167
   0.27430911104529   -2.17138020007205   -4.99432895400351
   0.27420499644015   -2.17055604810981   -4.99333058511870
   0.27293537591293   -2.16050596678397   -4.97925705807515
   0.27233238942370   -2.15573283723451   -4.97288695671380
   0.27151425378879   -2.14925662683141   -4.96455483831847
   0.27041196004677   -2.14053107339659   -4.95185087975505
   0.27019244077882   -2.13879339946316   -4.94987673161212
   0.26883448115129   -2.12804404215427   -4.93478373665070
   0.26859903749755   -2.12618031372755   -4.93200644662058
   0.26745781774212   -2.11714662916843   -4.91968242834751
   0.26673709952877   -2.11144155706080   -4.91152665171580
   0.26615370581731   -2.10682352031715   -4.90501579172232
   0.26489127578545   -2.09683035762306   -4.89188008128615
   0.26467930501598   -2.09515243620782   -4.88990997697210
   0.26343722972997   -2.08532039791800   -4.87546297595626
   0.26299361638516   -2.08180883670973   -4.87068975663148
   0.26207748507152   -2.07455691063440   -4.86036448595798
   0.26113651007732   -2.06710832657759   -4.85018811584519
   0.26068132738279   -2.06350518453626   -4.84547978685378
   0.25936267087965   -2.05306694349247   -4.83083118873551
   0.25925520001076   -2.05221622396691   -4.82983063241550
   0.25796737789558   -2.04202206223653   -4.81596299103262
   0.25738872380248   -2.03744154343547   -4.80938041036239
   0.25660619828050   -2.03124721610155   -4.80083277330881
   0.25556216935545   -2.02298287618403   -4.78963091358768
   0.25520879912342   -2.02018566276957   -4.78595122523858
   0.25392587542529   -2.01003027600277   -4.77107347564795
   0.25371165131464   -2.00833451755541   -4.76910165742123
   0.25253459905819   -1.99901718954406   -4.75619029882499
   0.25183952990925   -1.99351515068746   -4.74868986199034
   0.25113209359600   -1.98791521564502   -4.74131133538160
   0.24995032535669   -1.97856055678544   -4.72839430755797
   0.24973414325837   -1.97684929926976   -4.72643288349517
   0.24841608254910   -1.96641577442000   -4.71177693718800
   0.24808560825909   -1.96379980104880   -4.70793499429948
   0.24708145814643   -1.95585113443614   -4.69645718175542
   0.24625488998283   -1.94930817369518   -4.68822062053342
   0.24566053840271   -1.94460339648953   -4.68179386782161
   0.24437189040163   -1.93440269719907   -4.66788680765297
   0.24426338298103   -1.93354377252189   -4.66691569073312
   0.24298222436502   -1.92340235781870   -4.65203939809177
   0.24251154525850   -1.91967654904556   -4.64648780302657
   0.24161888801526   -1.91261043937089   -4.63694072494961
   0.24062645471453   -1.90475452087486   -4.62617621445476
   0.24026771871239   -1.90191483301633   -4.62251902081477
   0.23890739767335   -1.89114678321062   -4.60740940463291
   0.23877613100546   -1.89010770054034   -4.60563144103824
   0.23753600121167   -1.88029106240715   -4.59231740115144
   0.23695038212603   -1.87565541001308   -4.58589458118948
   0.23614601091838   -1.86928815627092   -4.57743641125289
   0.23504308146262   -1.86055757064371   -4.56571289394415
   0.23471433745842   -1.85795529389509   -4.56279218448989
   0.23319679861446   -1.84594273701695   -4.54887680988595
   0.23308342732425   -1.84504531084731   -4.54792792889885
   0.23130944914524   -1.83100282761159   -4.53420622322321
   0.23119307950257   -1.83008166703832   -4.53327640167199
   0.22946006545893   -1.81636344832347   -4.52110602248895
   0.22910134594296   -1.81352389096643   -4.51840295689975
   0.22762893826491   -1.80186858405244   -4.50781483592419
   0.22693989611058   -1.79641425377072   -4.50306962696668
   0.22576978405871   -1.78715186313547   -4.49477684802212
   0.22493872961790   -1.78057338985370   -4.48841108936881
   0.22389076698496   -1.77227791143195   -4.48098443617711
   0.22282092979513   -1.76380927806260   -4.47377211074435
   0.22200075237615   -1.75731690527437   -4.46725821178070
   0.22077908595661   -1.74764641979768   -4.45842606140659
   0.22017867293893   -1.74289366137317   -4.45391773389196
   0.21867796137761   -1.73101430615284   -4.44356686253093
   0.21831189066072   -1.72811655804868   -4.44094753353242
   0.21656108261410   -1.71425748529650   -4.42892046758307
   0.21643775650915   -1.71328125865419   -4.42806502422665
   0.21455452113141   -1.69837391563627   -4.41519314026796
   0.21443817267613   -1.69745292277846   -4.41426355385733
   0.21270396876211   -1.68372528526961   -4.40118727433798
   0.21246407775115   -1.68182635238558   -4.39939378912181
   0.21084615387286   -1.66901916613807   -4.38813488739419
   0.21036922315661   -1.66524387077826   -4.38451919688908
   0.20899925078554   -1.65439942281280   -4.37498753385063
   0.20830135309002   -1.64887499370448   -4.36941999152647
   0.20715577114498   -1.63980677885907   -4.36182267241795
   0.20610944566463   -1.63152425983439   -4.35433873516678
   0.20526691240269   -1.62485492232715   -4.34811609888350
   0.20411318485604   -1.61572222840561   -4.33966495178772
   0.20339738687054   -1.61005610391181   -4.33425782363826
   0.20201954372619   -1.59914935236047   -4.32479850857603
   0.20153887448305   -1.59534446351312   -4.32122204176769
   0.19990524000419   -1.58241291505656   -4.31015423329089
   0.19966151534952   -1.58048363575774   -4.30833881065686
   0.19790068318322   -1.56654521392775   -4.29551341456072
   0.19777959208777   -1.56558667920731   -4.29462964810522
   0.19594119941599   -1.55103430275787   -4.28134117577908
   0.19582487329346   -1.55011348668192   -4.28041184297119
   0.19408006778742   -1.53630192893111   -4.26832953243612
   0.19373109624654   -1.53353953474240   -4.26554161191722
   0.19226430722095   -1.52192870404228   -4.25588000371803
   0.19155060561517   -1.51627917410265   -4.25044274314284
   0.19037623358140   -1.50698306223850   -4.24217450877572
   0.18945688110054   -1.49970563799901   -4.23557285027504
   0.18851596496869   -1.49225751988571   -4.22822760839147
   0.18737873700325   -1.48325543359805   -4.22052743852218
   0.18664771155252   -1.47746877130523   -4.21529425838709
   0.18535639953546   -1.46724698415683   -4.20606523887141
   0.18479665013082   -1.46281611137396   -4.20218439416336
   0.18329190226154   -1.45090480548621   -4.19096546007639
   0.18293175241710   -1.44805392591347   -4.18829688418431
   0.18117737729402   -1.43416661684366   -4.17632974145665
   0.18105383037795   -1.43318864230132   -4.17542542748911
   0.17920190262300   -1.41852912463629   -4.16235495152998
   0.17908149453830   -1.41757599650263   -4.16146400787626
   0.17731639278556   -1.40360377741592   -4.14862893036650
   0.17707737250146   -1.40171173704463   -4.14682828958571
   0.17548598586388   -1.38911461468752   -4.13534562303754
   0.17491897181644   -1.38462623633551   -4.13150076111427
   0.17362746440215   -1.37440290245879   -4.12231424348817
   0.17291519207925   -1.36876468645822   -4.11686593668190
   0.17178771246544   -1.35983976631947   -4.10912664947986
   0.17073287845497   -1.35148989534374   -4.10177031881632
   0.16993728781624   -1.34519214696156   -4.09602900051868
   0.16875500510140   -1.33583341560883   -4.08690423668102
   0.16806057973090   -1.33033647278328   -4.08224345954577
   0.16663192684677   -1.31902752072710   -4.07226989629880
   0.16616146191550   -1.31530340732566   -4.06862628938127
   0.16455024946909   -1.30254934753188   -4.05740010862324
   0.16430400120057   -1.30060009177246   -4.05563852511398
   0.16247460640361   -1.28611894083622   -4.04323890162720
   0.16235831683896   -1.28519841414575   -4.04230999542327
   0.16059771769606   -1.27126183688595   -4.02947148816551
   0.16035794610270   -1.26936384928948   -4.02767935369705
   0.15874040971485   -1.25655973034468   -4.01642992336824
   0.15826371507378   -1.25278630371235   -4.01281692392407
   0.15687161364946   -1.24176668625325   -4.00259715555130
   0.15617396164824   -1.23624420201561   -3.99795249000794
   0.15501411514604   -1.22706307157344   -3.98955534974568
   0.15407981137568   -1.21966729569090   -3.98309136381064
   0.15314835131679   -1.21229403010264   -3.97662204698936
   0.15186385791387   -1.20212621784296   -3.96823012408576
   0.15129224405849   -1.19760142826185   -3.96451069717000
   0.14954821777310   -1.18379603867755   -3.95336410874699
   0.14942841868759   -1.18284773126888   -3.95251125671853
   0.14756601221414   -1.16810526600583   -3.94134516222583
   0.14710662507326   -1.16446884234464   -3.93850197992040
   0.14573241829595   -1.15359087560239   -3.92993628535884
   0.14468806577435   -1.14532397415437   -3.92341394286851
   0.14384008120403   -1.13861148509797   -3.91821145957814
   0.14222639855772   -1.12583787165863   -3.90877446525396
   0.14197991663707   -1.12388676635216   -3.90706544367452
   0.14013399268465   -1.10927477367773   -3.89571462114968
   0.13980322117841   -1.10665644759782   -3.89369281207115
   0.13828979359243   -1.09467643467763   -3.88444861760072
   0.13745869500491   -1.08809761193870   -3.87905560284346
   0.13643480951200   -1.07999272370524   -3.87324207517349
   0.13503405421675   -1.06890460380407   -3.86397238328898
   0.13456749262116   -1.06521138848610   -3.86128793935451
   0.13269130588847   -1.05035984123893   -3.85023329535466
   0.13257094459573   -1.04940708350187   -3.84934289066347
   0.13084733478906   -1.03576330698782   -3.83896978076245
   0.13013587191854   -1.03013149846263   -3.83447492290167
   0.12895941400009   -1.02081887512099   -3.82719408361884
   0.12768071487885   -1.01069692932370   -3.81962795792948
   0.12710517957086   -1.00614109824887   -3.81600009169021
   0.12534082762769   -0.99217481451597   -3.80499440867308
   0.12521981177441   -0.99121687539869   -3.80411149909134
   0.12341311966438   -0.97691543473419   -3.79339388980991
   0.12292543982881   -0.97305505133354   -3.78990607471158
   0.12152481603373   -0.96196797236335   -3.78160529949860
   0.12048428524025   -0.95373132300849   -3.77504882078046
   0.11968765595649   -0.94742535290434   -3.77025190189051
   0.11804631287895   -0.93443278460606   -3.76018630949638
   0.11780139481096   -0.93249405846805   -3.75852947790664
   0.11592621769855   -0.91765050318842   -3.74737146150159
   0.11559673347874   -0.91504236702990   -3.74534168552124
   0.11408379259353   -0.90306620674305   -3.73613102526359
   0.11316195029337   -0.89576907355438   -3.73047813172920
   0.11224190836525   -0.88848619177788   -3.72485318121597
   0.11070833621999   -0.87634671825143   -3.71563212707647
   0.11035385643253   -0.87354072180134   -3.71303715563705
   0.10850085164227   -0.85887267852393   -3.70183984762753
   0.10837764042131   -0.85789736128197   -3.70098567646949
   0.10664964797135   -0.84421889257415   -3.69055947176147
   0.10595223757507   -0.83869832083652   -3.68591758411445
   0.10480929763128   -0.82965101958444   -3.67926087622887
   0.10341425286840   -0.81860810320152   -3.67083683833899
   0.10295526142162   -0.81497481178175   -3.66806491696984
   0.10116283829259   -0.80078632173233   -3.65643774350942
   0.10104184230899   -0.79982853989976   -3.65555507220272
   0.09920912598322   -0.78532109635561   -3.64509317674072
   0.09863056796262   -0.78074133804669   -3.64135466473075
   0.09737594054980   -0.77080993944206   -3.63369992409693
   0.09621366324730   -0.76160956723412   -3.62627355299648
   0.09550487103664   -0.75599889915854   -3.62180110260811
   0.09375020827991   -0.74210931323390   -3.61164702540514
   0.09362831221610   -0.74114440653281   -3.61077535809317
   0.09176870315043   -0.72642408503243   -3.59963607177679
   0.09140301971170   -0.72352940255055   -3.59702112908939
   0.08993594847712   -0.71191633793628   -3.58823398778662
   0.08889196141746   -0.70365232941742   -3.58171589217400
   0.08804479396137   -0.69694630848617   -3.57651519259666
   0.08652695109631   -0.68493134503328   -3.56730720293137
   0.08618526456962   -0.68222661766985   -3.56537652271819
   0.08432831797816   -0.66752737182299   -3.55419016526224
   0.08398904771873   -0.66484177118437   -3.55223742550683
   0.08248306633145   -0.65292070099626   -3.54393468218877
   0.08120142157266   -0.64277543807673   -3.53747867913068
   0.08062920844455   -0.63824590476351   -3.53465730623870
   0.07874528214632   -0.62333309254671   -3.52550409607457
   0.07818179477530   -0.61887263071315   -3.52252649587887
   0.07690063707667   -0.60873122327180   -3.51620382795179
   0.07514691444796   -0.59484907922682   -3.50787621513395
   0.07502176206835   -0.59385839613191   -3.50705515024603
   0.07320667608316   -0.57949051110377   -3.49914348311095
   0.07190817394886   -0.56921180831692   -3.49293251574628
   0.07133500854535   -0.56467473696772   -3.49000724015373
   0.06947321044395   -0.54993708746525   -3.48069119144920
   0.06890580623335   -0.54544562065385   -3.47775123047197
   0.06760776152776   -0.53517053878805   -3.47153595413198
   0.06587316624593   -0.52143980328403   -3.46309148446461
   0.06574670548936   -0.52043876331904   -3.46229985781716
   0.06389225171165   -0.50575925012489   -3.45383042914477
   0.06284638528621   -0.49748036489402   -3.44826212649983
   0.06205069592819   -0.49118183506822   -3.44438383594575
   0.06017360285357   -0.47632311338598   -3.43526936046144
   0.05982498548663   -0.47356352277274   -3.43341331969953
   0.05830730567002   -0.46154984998123   -3.42617495803701
   0.05677603911151   -0.44942862705315   -3.41880600105463
   0.05643711811252   -0.44674579109556   -3.41692296923849
   0.05464382239569   -0.43255039380253   -3.40870009923303
   0.05358602714169   -0.42417708217059   -3.40328744983025
   0.05275441498146   -0.41759419408502   -3.39891010114831
   0.05087411480845   -0.40271008560491   -3.38986840465491
   0.05064823719411   -0.40092208017727   -3.38885704073402
   0.04903597349567   -0.38815969886681   -3.38127842817846
   0.04759850012551   -0.37678092547427   -3.37406183212559
   0.04717387068471   -0.37341963733983   -3.37203475818443
   0.04532173777240   -0.35875849568704   -3.36356644877585
   0.04449039610468   -0.35217774877011   -3.35915983660382
   0.04343360509967   -0.34381238658751   -3.35379273429077
   0.04157806320683   -0.32912426007512   -3.34532793334367
   0.04145207790934   -0.32812698375642   -3.34452514742383
   0.03971890119055   -0.31440747733508   -3.33604923011764
   0.03843747200088   -0.30426392082093   -3.32959592337418
   0.03786615994623   -0.29974152023859   -3.32677137317378
   0.03599995949116   -0.28496902251852   -3.31843683181915
   0.03529481018910   -0.27938719103375   -3.31482902486488
   0.03413790687186   -0.27022935829948   -3.30925485533818
   0.03227845921850   -0.25551031450910   -3.30091744476231
   0.03204880726621   -0.25369243212004   -3.29995023180560
   0.03045281746435   -0.24105887196571   -3.29512792637231
   0.02860912759210   -0.22646456385678   -3.29269254704766
   0.02674973430030   -0.21174595038247   -3.29176359453051
   0.02489391659432   -0.19705564058433   -3.29130045270755
   0.02303452609551   -0.18233704921881   -3.29037164953153
   0.02117513723913   -0.16761847085445   -3.28944292124341
   0.01931129845110   -0.15286466765396   -3.28861825054392
   0.01745185804695   -0.13814568124703   -3.28861752003248
   0.01559241787485   -0.12342669667691   -3.28861686345810
   0.01373630899627   -0.10873408201029   -3.28794325664005
   0.01187365042313   -0.09398962117267   -3.28676001054460
   0.01001866234128   -0.07930587852578   -3.28665566707184
   0.00815482947681   -0.06455212221506   -3.28583133606613
   0.00629755496284   -0.04985028059429   -3.28519906197060
   0.00443601000960   -0.03511463496587   -3.28443901886289
   0.00257657020259   -0.02039565328577   -3.28443888039837
   0.00071712973142   -0.00567666634822   -3.28443881578839
  -0.00119683787409    0.00947394730195   -3.28685061549353
  -0.00310594697316    0.02458610191359   -3.29299421096958
  -0.00426831491856    0.03378719163397   -3.29763523417572
  -0.00497410766202    0.03937411648185   -3.30146989457467
  -0.00682562724296    0.05403040311694   -3.30970208970768
  -0.00752305598694    0.05955112009158   -3.31248680518670
  -0.00874204397685    0.06920040361455   -3.31871969979037
  -0.01051530539300    0.08323721308803   -3.32698646023297
  -0.01074556511467    0.08505990646708   -3.32794713799244
  -0.01240208302804    0.09817259595977   -3.33592066057730
  -0.01390830639748    0.11009558163396   -3.34269755618690
  -0.01425705228920    0.11285618962565   -3.34455398555857
  -0.01609478123378    0.12740331213334   -3.35301358133261
  -0.01703721821737    0.13486346902784   -3.35747851734393
  -0.01802701608373    0.14269852591269   -3.36245672998001
  -0.01981411392808    0.15684486199330   -3.37069539448715
  -0.02016920717213    0.15965571445230   -3.37246538263616
  -0.02169851176458    0.17176140681982   -3.37973206545159
  -0.02330322541913    0.18446402337894   -3.38721758180574
  -0.02356501027432    0.18653626388558   -3.38860808019304
  -0.02542157175222    0.20123246124471   -3.39719199020682
  -0.02656667071850    0.21029685291959   -3.40207995345565
  -0.02727483400119    0.21590254251767   -3.40575393491416
  -0.02911465510095    0.23046622613893   -3.41430005271718
  -0.02959761602530    0.23428925551094   -3.41683525670154
  -0.03097503817207    0.24519267452332   -3.42356396245090
  -0.03281053558015    0.25972213260078   -3.43133024875966
  -0.03293779731063    0.26072951292704   -3.43210103120636
  -0.03469630571655    0.27464954029954   -3.44106090495576
  -0.03601151590138    0.28506050092487   -3.44662630043482
  -0.03659286077244    0.28966231942678   -3.45001127977469
  -0.03843976266841    0.30428205332148   -3.45858362323681
  -0.03912187419578    0.30968152204174   -3.46157370815830
  -0.04030187553568    0.31902219445239   -3.46775673378671
  -0.04213625322212    0.33354278902031   -3.47551753645506
  -0.04226366213057    0.33455133438021   -3.47628342669847
  -0.04402204962395    0.34847040463139   -3.48447123010540
  -0.04543300652070    0.35963927852365   -3.49099461898679
  -0.04591185152572    0.36342972703936   -3.49361551183643
  -0.04771762794723    0.37772391928283   -3.50233882011446
  -0.04854312014168    0.38425836285093   -3.50586737623705
  -0.04959050653845    0.39254927989377   -3.51071638513912
  -0.05143604156636    0.40715819391369   -3.51924224459408
  -0.05179118559291    0.40996944835761   -3.52101281935684
  -0.05335687538053    0.42236315920207   -3.52874780299167
  -0.05473363505433    0.43326133420088   -3.53557124113677
  -0.05522753886471    0.43717098543528   -3.53829058934721
  -0.05703920967471    0.45151183656810   -3.54880915310998
  -0.05738802347956    0.45427298214753   -3.55066639575931
  -0.05889842745161    0.46622906069890   -3.55999920653806
  -0.05984223188341    0.47370004206063   -3.56541346352300
  -0.06081590336534    0.48140744546829   -3.57151655062163
  -0.06230147974369    0.49316699337892   -3.58031313211221
  -0.06265788641771    0.49598824270666   -3.58279511259740
  -0.06450322913750    0.51059563445106   -3.59326724966250
  -0.06475632931807    0.51259912867928   -3.59490658700110
  -0.06637189253274    0.52538762835010   -3.60513794343057
  -0.06719368727822    0.53189280359585   -3.60969071998106
  -0.06824939744821    0.54024961008834   -3.61630831901370
  -0.06962137469232    0.55110992825802   -3.62489994409291
  -0.07007626182519    0.55471073068792   -3.62768584587714
  -0.07194133612424    0.56947431396512   -3.63888790807802
  -0.07206331272927    0.57043985821568   -3.63976006038426
  -0.07378602364470    0.58407651927281   -3.64993762111241
  -0.07461997458893    0.59067792074002   -3.65432733943458
  -0.07569092582016    0.59915537265507   -3.66089516524563
  -0.07706353896638    0.61002072450835   -3.66948182892254
  -0.07756102563393    0.61395873697755   -3.67290733760331
  -0.07935729387449    0.62817766421880   -3.68371042751957
  -0.07947986754101    0.62914793469769   -3.68457499451565
  -0.08122176433782    0.64293646764415   -3.69476580228408
  -0.08193620447898    0.64859184369321   -3.69922906080396
  -0.08310905739715    0.65787593051920   -3.70657894723636
  -0.08438127720854    0.66794658729785   -3.71408443964157
  -0.08496974768944    0.67260481080959   -3.71772580541310
  -0.08679995376964    0.68709238371396   -3.72829747812323
  -0.08692253400923    0.68806270622407   -3.72916212127209
  -0.08868827316457    0.70203997087190   -3.74010246761292
  -0.08927178945695    0.70665897794341   -3.74379776075104
  -0.09055907648500    0.71684890402299   -3.75190995857093
  -0.09173358567725    0.72614610160836   -3.75840192374729
  -0.09245319720661    0.73184241341016   -3.76281538228957
  -0.09418307345034    0.74553579388118   -3.77324058710807
  -0.09430914735626    0.74653377160797   -3.77406959225485
  -0.09610466571508    0.76074676292405   -3.78494855435758
  -0.09669052224030    0.76538429484590   -3.78861983406380
  -0.09799528663779    0.77571256855030   -3.79668968876720
  -0.09904954155183    0.78405785550572   -3.80311346208463
  -0.09990256574457    0.79081023728133   -3.80846075344238
  -0.10156797993204    0.80399334803480   -3.81836716951957
  -0.10169217472325    0.80497645103696   -3.81920842733696
  -0.10357805718960    0.81990474791883   -3.83106600518307
  -0.10391997735128    0.82261132469368   -3.83299858389188
  -0.10544543393485    0.83468655693443   -3.84203822881073
  -0.10639688728844    0.84221808574659   -3.84737031778900
  -0.10731440166025    0.84948095985469   -3.85327087656764
  -0.10891528667625    0.86215326961904   -3.86274658908685
  -0.10916369073209    0.86411959019221   -3.86442926334779
  -0.11102198784261    0.87882952649828   -3.87566657432748
  -0.11136392511481    0.88153623871680   -3.87759933996279
  -0.11288303158429    0.89356120462863   -3.88681738787268
  -0.11372519028000    0.90022757713890   -3.89209639209980
  -0.11477407061645    0.90853031993199   -3.89854714390365
  -0.11626266144352    0.92031372966122   -3.90731178157000
  -0.11659497342073    0.92294424982444   -3.90929148303950
  -0.11845228003727    0.93764634556327   -3.92150109444953
  -0.11857182795989    0.93859266481288   -3.92240152148135
  -0.12031114070665    0.95236074289701   -3.93454978075400
  -0.12066805527348    0.95518601261031   -3.93726824459224
  -0.12219979954066    0.96731101699190   -3.94826469636586
  -0.12276356431774    0.97177367472056   -3.95213617713223
  -0.12405144715839    0.98196831714258   -3.96142815656978
  -0.12483664007813    0.98818375910385   -3.96723608387092
  -0.12588396095391    0.99647415749467   -3.97446634447211
  -0.12688047125165    1.00436234874519   -3.98120280379089
  -0.12781298663507    1.01174396808735   -3.98798174153583
  -0.12905371153105    1.02156531693933   -3.99674412387650
  -0.12964069678577    1.02621178367528   -4.00119077577407
  -0.13115335545615    1.03818571000170   -4.01139608504181
  -0.13152150298920    1.04109989779857   -4.01409249058588
  -0.13324183289581    1.05471771123015   -4.02648574007806
  -0.13335818083534    1.05563870000543   -4.02741514026205
  -0.13520465015297    1.07025500969001   -4.04045946328645
  -0.13532421595253    1.07120147045016   -4.04136010140916
  -0.13706368204463    1.08497076238763   -4.05351144440200
  -0.13742065033379    1.08779645735703   -4.05623054479941
  -0.13893931709005    1.09981794258033   -4.06719520212365
  -0.13952305674179    1.10443871772325   -4.07089300315505
  -0.14081282010469    1.11464824601156   -4.08026491191842
  -0.14161175783050    1.12097248931621   -4.08597452292759
  -0.14268156992875    1.12944092406513   -4.09408098809426
  -0.14361238431223    1.13680907860634   -4.10058809322484
  -0.14453415327861    1.14410563129830   -4.10723887049488
  -0.14567112724703    1.15310570699259   -4.11555652663174
  -0.14639233013107    1.15881461566379   -4.12027329603481
  -0.14778662225702    1.16985157431187   -4.13038181882440
  -0.14825056705990    1.17352407558264   -4.13338432686015
  -0.14986790566132    1.18632662888664   -4.14528292853071
  -0.15011640109080    1.18829367275672   -4.14696660517721
  -0.15194401808937    1.20276075096962   -4.15949645148699
  -0.15206666627185    1.20373161130311   -4.16036186114650
  -0.15380655604565    1.21750425702653   -4.17266368404480
  -0.15415566808971    1.22026776341243   -4.17545269801392
  -0.15566879289172    1.23224537955060   -4.18644015741104
  -0.15625493035894    1.23688513535750   -4.19011454966069
  -0.15757672924845    1.24734825095077   -4.20004462949187
  -0.15826914830996    1.25282931220531   -4.20474669086647
  -0.15943762507692    1.26207875822751   -4.21308096433799
  -0.16036858288472    1.26944804808910   -4.21958969211275
  -0.16129021792677    1.27674354066085   -4.22624271344023
  -0.16242870723272    1.28575561148680   -4.23455789664083
  -0.16317842504189    1.29169023903260   -4.23995420715747
  -0.16454147063868    1.30247985593366   -4.24960521307961
  -0.16500941660509    1.30618402967514   -4.25314814659268
  -0.16673840488666    1.31987038120190   -4.26448763392394
  -0.16685890606793    1.32082424627071   -4.26537927799417
  -0.16862777732290    1.33482630404010   -4.27913395865050
  -0.16874777686217    1.33577619820365   -4.28003099198361
  -0.17061656133945    1.35056915056568   -4.29291461274493
  -0.17083108599749    1.35226728809060   -4.29402185131349
  -0.17243752698031    1.36498357786088   -4.30548550207325
  -0.17291277682042    1.36874556771593   -4.30912119534149
  -0.17430757638782    1.37978654317672   -4.31931617727624
  -0.17500176044737    1.38528157582935   -4.32400467329889
  -0.17617525861283    1.39457077031363   -4.33223996779134
  -0.17712063647668    1.40205420667246   -4.33861064190325
  -0.17809132050211    1.40973796192690   -4.34575158041949
  -0.17923452266973    1.41878733889437   -4.35353212381123
  -0.17990781780348    1.42411701867300   -4.35831753497288
  -0.18130377246009    1.43516713760639   -4.36842791061391
  -0.18179458572997    1.43905232469358   -4.37204218624126
  -0.18339550164899    1.45172487908047   -4.38352794270409
  -0.18362492714914    1.45354096891623   -4.38533647443279
  -0.18545009034435    1.46798862327548   -4.39774453192835
  -0.18557011071248    1.46893868231640   -4.39864179711208
  -0.18736714850151    1.48316370116112   -4.41215756365041
  -0.18748645840642    1.48410813630659   -4.41306207061231
  -0.18923652248187    1.49796131992055   -4.42505621786523
  -0.18969103758286    1.50155917741477   -4.42795126493922
  -0.19108810928855    1.51261813870216   -4.43826658325658
  -0.19176991385162    1.51801517754980   -4.44306046166470
  -0.19295003180548    1.52735677305490   -4.45223027532921
  -0.19374937029138    1.53368418870229   -4.45794440627046
  -0.19479977236982    1.54199897732356   -4.46525373637814
  -0.19587964655458    1.55054706168872   -4.47259924705110
  -0.19666537329128    1.55676672924643   -4.47841333500870
  -0.19791680144840    1.56667280313444   -4.48794861789497
  -0.19852141071835    1.57145877831605   -4.49339512951619
  -0.19949450378633    1.57916160310593   -4.50238845725945
  -0.20038830872026    1.58623679768793   -4.51120805897491
  -0.20096317905595    1.59078736496497   -4.51775955501878
  -0.20225202978690    1.60098966902763   -4.53164206833584
  -0.20235806823833    1.60182904980136   -4.53263256901800
  -0.20367025397936    1.61221606948892   -4.54727459961107
  -0.20413606278558    1.61590332586547   -4.55192590270821
  -0.20509619269652    1.62350353670116   -4.56197742221634
  -0.20598509257274    1.63053990375334   -4.57167752107262
  -0.20644051943787    1.63414497860402   -4.57731075841525
  -0.20780598386320    1.64495374250456   -4.59139657844551
  -0.20791069338988    1.64578260375577   -4.59239238318157
  -0.20914895490635    1.65558445295111   -4.60682420542980
  -0.20971259714615    1.66004614069729   -4.61251779315271
  -0.21062565391661    1.66727372925741   -4.62193281801041
  -0.21157103690154    1.67475720615376   -4.63209641062136
  -0.21202426932906    1.67834491024200   -4.63682213061207
  -0.21330944883539    1.68851815356936   -4.65172388708572
  -0.21341075738447    1.68932009331079   -4.65265815259735
  -0.21473963779002    1.69983926487556   -4.66636816442737
  -0.21530332642668    1.70430131989076   -4.67206240018169
  -0.21613738275133    1.71090355552988   -4.68125520937601
  -0.21715592760834    1.71896616827716   -4.69261967828858
  -0.21749986223714    1.72168869120122   -4.69637289604177
  -0.21881663281216    1.73211200358678   -4.71102977316589
  -0.21903093767677    1.73380840126757   -4.71298932158566
  -0.22022196851657    1.74323638115988   -4.72594610542433
  -0.22088533847474    1.74848749508390   -4.73259935162376
  -0.22161233124562    1.75424223542867   -4.74080683480857
  -0.22273992742816    1.76316807830395   -4.75315642971912
  -0.22297596988965    1.76503654678213   -4.75593127964613
  -0.22437272194420    1.77609297777016   -4.77081569857545
  -0.22458658364752    1.77778586746808   -4.77275961181647
  -0.22569902742012    1.78659176666816   -4.78520262538998
  -0.22647412583164    1.79272730236898   -4.79317397666267
  -0.22713122844393    1.79792880514188   -4.80082750070762
  -0.22831267822000    1.80728094310540   -4.81277901564958
  -0.22856158516671    1.80925124446971   -4.81546760888432
  -0.22992663808208    1.82005675093360   -4.83060367643520
  -0.23017229191539    1.82200130125378   -4.83328951749057
  -0.23126620649855    1.83066052681647   -4.84502693442418
  -0.23207051217274    1.83702726180788   -4.85361184302978
  -0.23264567202160    1.84158012081761   -4.86016756859735
  -0.23393584693683    1.85179290687816   -4.87406010688553
  -0.23404193363195    1.85263266954006   -4.87505126621979
  -0.23544283669886    1.86372195917438   -4.88995829271613
  -0.23579349276540    1.86649768775666   -4.89360895227863
  -0.23678262931566    1.87432750978560   -4.90441643159941
  -0.23766895234740    1.88134347901340   -4.91411887952062
  -0.23812462065150    1.88495046505025   -4.91975573999563
  -0.23949209272176    1.89577512109687   -4.93385342203668
  -0.23959651299046    1.89660169263532   -4.93484421974962
  -0.24091571757827    1.90704427221613   -4.94951565718610
  -0.24136216925808    1.91057830115936   -4.95430555549693
  -0.24227514551347    1.91780525237699   -4.96461129244350
  -0.24324745132374    1.92550184538037   -4.97462900298409
  -0.24371096896016    1.92917096528044   -4.97930030001959
  -0.24502962253123    1.93960918311460   -4.99397228371932
  -0.24513888168735    1.94047405839112   -4.99496637542100
  -0.24643013229594    1.95069535944141   -5.00887613531573
  -0.24698283952580    1.95507048767095   -5.01467141909783
  -0.24779372904515    1.96148933916313   -5.02400869903974
  -0.24883665515174    1.96974494937371   -5.03518261140120
  -0.24918909839035    1.97253482487963   -5.03888981125323
  -0.25058834234704    1.98361098130429   -5.05379133941342
  -0.25072397025186    1.98468458671963   -5.05552899950454
  -0.25191384073475    1.99410338144124   -5.06849241693005
  -0.25256450968534    1.99925395653774   -5.07526111468808
  -0.25334790009096    2.00545513013063   -5.08378870429428
  -0.25445924769807    2.01425235228736   -5.09553513669589
  -0.25478344518138    2.01681863961731   -5.09848466386823
  -0.25606760310616    2.02698379629406   -5.11339391288217
  -0.25628278079366    2.02868710307944   -5.11534024985364
  -0.25748625676456    2.03821359632827   -5.12802335322773
  -0.25818624538495    2.04375457681119   -5.13564191169418
  -0.25886582019595    2.04913396535380   -5.14320052811509
  -0.26004815465222    2.05849310628217   -5.15611481751422
  -0.26026255529396    2.06019026211696   -5.15808927436437
  -0.26158462014425    2.07065548300664   -5.17277749051369
  -0.26193051839927    2.07339354963272   -5.17651218953605
  -0.26296562768102    2.08158728330326   -5.18762797911790
  -0.26376899228995    2.08794656899603   -5.19624671576941
  -0.26434446698908    2.09250192030230   -5.20280695776442
  -0.26563603719704    2.10272575124213   -5.21671014847712
  -0.26574217644471    2.10356592990030   -5.21770201179177
  -0.26717250617199    2.11488815553671   -5.23235988270502
  -0.26752598636289    2.11768623936529   -5.23612402939040
  -0.26848893196369    2.12530873868128   -5.24712224053529
  -0.26939182356035    2.13245586160526   -5.25664277757133
  -0.26986318011711    2.13618703294922   -5.26220439920377
  -0.27119737337609    2.14674826007934   -5.27653973393592
  -0.27130014977156    2.14756181902136   -5.27753740541111
  -0.27262008954392    2.15801021818704   -5.29221921849829
  -0.27307708161232    2.16162768289730   -5.29693318090100
  -0.27401918173201    2.16908517323943   -5.30712513894836
  -0.27496499434166    2.17657205096566   -5.31730224985689
  -0.27541869679347    2.18016347567931   -5.32203452008072
  -0.27679108297932    2.19102703095622   -5.33616928147018
  -0.27689659309057    2.19186222948683   -5.33716208383102
  -0.27813754416314    2.20168536871095   -5.35162209500156
  -0.27868944752561    2.20605413367485   -5.35742017814693
  -0.27950080034956    2.21247665260061   -5.36676407343353
  -0.28052748633187    2.22060370899032   -5.37713447052100
  -0.28097789369631    2.22416905040165   -5.38188447867117
  -0.28229806890077    2.23461931320432   -5.39656957887594
  -0.28240580543390    2.23547213567883   -5.39755015094222
  -0.28362283855710    2.24510594483844   -5.41127927468840
  -0.28428984367409    2.25038583400751   -5.41794589763095
  -0.28509677734588    2.25677337174188   -5.42638862871558
  -0.28615245539204    2.26512992394806   -5.43754625022536
  -0.28649679525372    2.26785565462070   -5.44130517702604
  -0.28789562861720    2.27892856086532   -5.45620962927937
  -0.28802946382048    2.27998797558676   -5.45798518976911
  -0.28917869903843    2.28908510906502   -5.47111966471273
  -0.28985033133973    2.29440162616946   -5.47781130073140
  -0.29057821278429    2.30016340109085   -5.48603138178348
  -0.29173512786115    2.30932132691212   -5.49820345827541
  -0.29197845786095    2.31124748219601   -5.50095233965409
  -0.29337757213697    2.32232261209237   -5.51585911241407
  -0.29359052821634    2.32400833303855   -5.51784177098744
  -0.29468626431930    2.33268197741519   -5.53050325090577
  -0.29548511496902    2.33900553144158   -5.53912777251309
  -0.29605959618451    2.34355301851510   -5.54567404168653
  -0.29732608988871    2.35357834848803   -5.55883651389974
  -0.29746015807893    2.35463960749104   -5.56059993635582
  -0.29890819238417    2.36610197929283   -5.57595376208376
  -0.29916152294704    2.36810729718471   -5.57861230777884
  -0.30019851920613    2.37631596781896   -5.58992768381303
  -0.30111121050917    2.38354066340655   -5.59956884859379
  -0.30165874154079    2.38787481780793   -5.60533388045338
  -0.30295302575608    2.39812013232792   -5.61926884736096
  -0.30305923231310    2.39896084379440   -5.62026159555670
  -0.30437763420293    2.40939706936637   -5.63493932035133
  -0.30482678985052    2.41295250241858   -5.63975092230277
  -0.30574032958177    2.42018391400699   -5.65005713522069
  -0.30666054454814    2.42746816552223   -5.65950573654777
  -0.30714181286106    2.43127779649517   -5.66499562002423
  -0.30851504974988    2.44214808577953   -5.67915558398245
  -0.30862150594733    2.44299077335355   -5.68015023113144
  -0.30994261322476    2.45344841427351   -5.69485527553178
  -0.31038697533896    2.45696590260174   -5.69963954999872
  -0.31130234660641    2.46421181229204   -5.70999197213179
  -0.31224486830356    2.47167263976335   -5.72020784071593
  -0.31270853274706    2.47534292176117   -5.72489746720487
  -0.31402620491941    2.48577337102452   -5.73959993166736
  -0.31413437874479    2.48662965502358   -5.74058451775051
  -0.31542642613813    2.49685726327461   -5.75452363055043
  -0.31599107995986    2.50132695851633   -5.76023101713786
  -0.31682659890085    2.50794077195596   -5.76945820400862
  -0.31784649462230    2.51601407789636   -5.78081216856711
  -0.31819373338492    2.51876275573271   -5.78457857438999
  -0.31959117549530    2.52982464907506   -5.79950890385023
  -0.31972858129175    2.53091232795187   -5.80124480456050
  -0.32094000730922    2.54050175229934   -5.81394494043900
  -0.32163083736923    2.54597023531178   -5.82157339053425
  -0.32231143282751    2.55135770310950   -5.82913370078345
  -0.32346905008652    2.56052118727480   -5.84131528532915
  -0.32371164160571    2.56244149688270   -5.84406515220396
  -0.32503046799013    2.57288108267535   -5.85874039525541
  -0.32538123237185    2.57565766866064   -5.86250775370973
  -0.32642593440325    2.58392733676355   -5.87363989809058
  -0.32719286411241    2.58999821052701   -5.88148705752380
  -0.32787799502156    2.59542158011510   -5.88905119979124
  -0.32906307821053    2.60480247950325   -5.90199526774267
  -0.32919723968565    2.60586447693234   -5.90376004521902
  -0.33059748780771    2.61694858214427   -5.91869235772003
  -0.33093774164366    2.61964196859277   -5.92247815913322
  -0.33197061119790    2.62781797299444   -5.93380856117327
  -0.33277253678741    2.63416586767556   -5.94226022021056
  -0.33336551861200    2.63885980214979   -5.94875400704276
  -0.33465548496998    2.64907093730969   -5.96269200254890
  -0.33476567642042    2.64994319245570   -5.96368340317957
  -0.33612031748892    2.66066628066493   -5.97815953149459
  -0.33656776940612    2.66420822730238   -5.98297262701321
  -0.33748693752677    2.67148419218051   -5.99328837787350
  -0.33840351112266    2.67873961928045   -6.00274441935914
  -0.33888680267006    2.68256526580340   -6.00823997455453
  -0.34025858658033    2.69342405357821   -6.02240916114977
  -0.34036599933445    2.69427431307793   -6.02340583835468
  -0.34168684323022    2.70472986911735   -6.03812102737776
  -0.34213148751122    2.70824959102586   -6.04290912583568
  -0.34306203799942    2.71561565662080   -6.05324214406562
  -0.34397093778222    2.72281033923524   -6.06357938567371
  -0.34442521574110    2.72640631955641   -6.06841817002610
  -0.34577282485368    2.73707374410286   -6.08291734197053
  -0.34587606277586    2.73789095640497   -6.08392236035549
  -0.34698448886184    2.74666505234068   -6.09772404474318
  -0.34769385362530    2.75228025263834   -6.11017631673933
  -0.34780567308890    2.75316539483549   -6.11288870602498
  -0.34821384884046    2.75639643860835   -6.12783392962768
  -0.34844970341394    2.75826341979978   -6.14274936059980
  -0.34862683381479    2.75966555129940   -6.15761065200827
  -0.34891734804878    2.76196520825623   -6.17245701625817
  -0.34909521346869    2.76337315803077   -6.18740237367128
  -0.34927673735760    2.76481006756951   -6.20241350449831
  -0.34950529401351    2.76661927979491   -6.21640597705579
  -0.34957228017439    2.76714952985790   -6.21729349129114
  -0.34963206825496    2.76762280124820   -6.23224718398630
  -0.34986429252719    2.76946104564621   -6.24709842353451
  -0.34997952020190    2.77037316661220   -6.26187023165531
  -0.34993568538847    2.77002617833469   -6.27660149086318
  -0.34946586665057    2.76630718008049   -6.28836570581351
  -0.34934776508697    2.76537230994133   -6.29115363069941
  -0.34800954540447    2.75477921038718   -6.30576900154431
  -0.34766887618609    2.75208253584815   -6.30925733579999
  -0.34637855081813    2.74186855883166   -6.32033167960218
  -0.34579727350862    2.73726727513453   -6.32498439493585
  -0.34451846429721    2.72714445788383   -6.33522050345982
  -0.34393132175426    2.72249674608332   -6.33998578425424
  -0.34267002860680    2.71251258275591   -6.35020249732406
  -0.34207733765259    2.70782095075786   -6.35569491338078
  -0.34091478116057    2.69861836853732   -6.36500099751645
  -0.34021724648607    2.69309681303634   -6.37058473078762
  -0.33905468866207    2.68389422027202   -6.37989107936039
  -0.33835317388742    2.67834115903418   -6.38558354135514
  -0.33720613271470    2.66926139321228   -6.39487342506626
  -0.33650858237308    2.66373971369325   -6.40045736523748
  -0.33545099064362    2.65536801312388   -6.40967409325185
  -0.33464844679724    2.64901522443569   -6.41534816012582
  -0.33359089020867    2.64064380203516   -6.42456545017158
  -0.33277709529254    2.63420195195929   -6.43108055572416
  -0.33173078679758    2.62591956738789   -6.43945723750103
  -0.33091445029658    2.61945759859610   -6.44607794312345
  -0.32988714722887    2.61132565747242   -6.45429619444455
  -0.32904766029950    2.60468043417054   -6.46172201611488
  -0.32800733254939    2.59644539206942   -6.46939689613795
  -0.32719700676562    2.59003100300384   -6.47669015597946
  -0.32626694917309    2.58266883907987   -6.48413675215543
  -0.32533689089391    2.57530666972053   -6.49158346007636
  -0.32440683134288    2.56794449029349   -6.49903027555024
  -0.32347677104840    2.56058230498139   -6.50647720324651
  -0.32254670942700    2.55322010916563   -6.51392423898725
  -0.32161664700533    2.54585790701514   -6.52137138742818
  -0.32068658320167    2.53849569392501   -6.52881864440542
  -0.31976971070213    2.53123790075915   -6.53531401581269
  -0.31839926012405    2.52038966739538   -6.54361464449033
  -0.31793551526112    2.51671874881229   -6.54635709886906
  -0.31608370552298    2.50206016534646   -6.55553758496222
  -0.31550028947900    2.49744195182271   -6.55830376967066
  -0.31421789682754    2.48729076872318   -6.56402982999169
  -0.31237175208871    2.47267702834430   -6.57252112040699
  -0.31224921610531    2.47170705615805   -6.57336871358305
  -0.31051144443801    2.45795117697401   -6.58158824954921
  -0.30909461512469    2.44673581811811   -6.58816103979348
  -0.30863502473618    2.44309778558632   -6.59009394244546
  -0.30677565344834    2.42837934629122   -6.59924658309423
  -0.30594793496301    2.42182727981621   -6.60304438291934
  -0.30491676530727    2.41366473149668   -6.60774776355370
  -0.30305249899895    2.39890754412472   -6.61691824321653
  -0.30282091031789    2.39707433094886   -6.61786420285742
  -0.30119662974928    2.38421682631624   -6.62529235207948
  -0.29955755002083    2.37124217427080   -6.63280269089284
  -0.29932722138436    2.36941893537497   -6.63376359305672
  -0.29748010106107    2.35479747244993   -6.64204112223894
  -0.29629065970355    2.34538207460543   -6.64768719164820
  -0.29560423116741    2.33994843324203   -6.65133085412701
  -0.29375429618828    2.32530469002184   -6.65891449325134
  -0.29316091324005    2.32060758032711   -6.66246963749977
  -0.29187834829252    2.31045503336374   -6.66819556366786
  -0.29003159104010    2.29583644444056   -6.67668043605382
  -0.28990970771749    2.29487163859641   -6.67753697594079
  -0.28817219454550    2.28111780561344   -6.68576136947630
  -0.28686571750138    2.27077597491510   -6.69226172331368
  -0.28628560133604    2.26618388262056   -6.69507296780826
  -0.28443638381364    2.25154581865517   -6.70342477505686
  -0.28360850895595    2.24499251436546   -6.70722257323206
  -0.28257737761418    2.23683026933226   -6.71192700534434
  -0.28073885897079    2.22227689571472   -6.71927713940744
  -0.28015025697601    2.21761763116349   -6.72194314054606
  -0.27888505927388    2.20760256010321   -6.72659401948456
  -0.27704484771289    2.19303578566312   -6.73061710618485
  -0.27517156268625    2.17820720778447   -6.73591170585489
  -0.27470767765375    2.17453517964502   -6.73688511908860
  -0.27331807563389    2.16353534700944   -6.74058993015458
  -0.27144651159527    2.14872039215383   -6.74519634844070
  -0.26957810080063    2.13393039779448   -6.74997456643662
  -0.26899500448479    2.12931471517959   -6.75180882266855
  -0.26772455676049    2.11925808591470   -6.75542479402739
  -0.26587317840825    2.10460291721985   -6.75918565977939
  -0.26399060020627    2.08970077628371   -6.76390302067607
  -0.26295842019069    2.08153023014253   -6.76674239625106
  -0.26213573122685    2.07501797642959   -6.76931810153851
  -0.26027175018445    2.06026304716985   -6.77398679708597
  -0.25842180792721    2.04561924633744   -6.77822926480873
  -0.25735722974721    2.03719224231753   -6.78175810996302
  -0.25655242745684    2.03082157620436   -6.78443384387284
  -0.25471209751657    2.01625386469572   -6.78862604054006
  -0.25287293039418    2.00169535783837   -6.79297890490527
  -0.25125541484088    1.98889140381595   -6.79786129794457
  -0.25100358855391    1.98689799349398   -6.79948295697892
  -0.24960637935192    1.97583794381130   -6.81105813121805
      
      
