# shadow point cont 2D ind 341  size 1092
# norm -0.8945446 -0.4469786  0.0000000
# angle  2.6782077
   3.03298259  -6.82902747
   3.03806334  -6.82112429
   3.04337192  -6.81482677
   3.05113314  -6.81143861
   3.06598564  -6.80642081
   3.08067127  -6.80240762
   3.09269944  -6.79836871
   3.09549642  -6.79746759
   3.11049750  -6.79300461
   3.12537221  -6.78930157
   3.14025848  -6.78499887
   3.14304721  -6.78407124
   3.15522937  -6.78046892
   3.17021286  -6.77627262
   3.18497961  -6.77306386
   3.19874424  -6.76907847
   3.19976810  -6.76841339
   3.21472815  -6.76379277
   3.22960369  -6.76009073
   3.24452303  -6.75573191
   3.24907501  -6.75456538
   3.25924771  -6.75156537
   3.27412231  -6.74693038
   3.28904597  -6.74163489
   3.29196993  -6.74014928
   3.30412143  -6.73385263
   3.31871526  -6.72691567
   3.32151607  -6.72512881
   3.33369165  -6.71859137
   3.34863573  -6.71136608
   3.35049457  -6.71043679
   3.36343367  -6.70372295
   3.37814642  -6.69618912
   3.37995267  -6.69517592
   3.39334497  -6.68738078
   3.40717446  -6.68071017
   3.40819419  -6.67993411
   3.42298771  -6.67233034
   3.43588355  -6.66563938
   3.43772456  -6.66467751
   3.45272875  -6.65653076
   3.46388221  -6.65095608
   3.46751528  -6.64899916
   3.48228454  -6.64129153
   3.49337959  -6.63570323
   3.49703985  -6.63374453
   3.51197311  -6.62620032
   3.52222326  -6.62084302
   3.52693461  -6.61817510
   3.54188714  -6.61079532
   3.55025214  -6.60646090
   3.55687049  -6.60274178
   3.57156668  -6.59501986
   3.57894785  -6.59111719
   3.58656933  -6.58684205
   3.60156518  -6.57873592
   3.60525315  -6.57682243
   3.61628089  -6.57013901
   3.62683530  -6.56225744
   3.63139901  -6.55842856
   3.64357826  -6.54738362
   3.64618990  -6.54532551
   3.66010148  -6.53226614
   3.66104901  -6.53136303
   3.67566120  -6.51804895
   3.67661564  -6.51714695
   3.69072989  -6.50339145
   3.69168178  -6.50248630
   3.70562643  -6.48947793
   3.70817998  -6.48738530
   3.72041643  -6.47543538
   3.72397722  -6.47247604
   3.73516393  -6.46226441
   3.73997227  -6.45780229
   3.75010427  -6.44841512
   3.75576932  -6.44292992
   3.76531007  -6.43390505
   3.77105578  -6.42851846
   3.78050460  -6.41936087
   3.78689049  -6.41362811
   3.79501573  -6.40595132
   3.80247385  -6.39861350
   3.80987506  -6.39199270
   3.81823249  -6.38361635
   3.82460094  -6.37790015
   3.83471692  -6.36849682
   3.83944970  -6.36393001
   3.85050494  -6.35360857
   3.85421939  -6.34988601
   3.86536270  -6.33871846
   3.86904804  -6.33316537
   3.87410117  -6.32410958
   3.87707467  -6.30932992
   3.87719651  -6.29411359
   3.87625400  -6.27909642
   3.87529106  -6.26417639
   3.87523785  -6.24935359
   3.87385155  -6.23417100
   3.87286998  -6.21945139
   3.87190740  -6.20453306
   3.87141209  -6.18964768
   3.87044967  -6.17473019
   3.86973491  -6.16725534
   3.86902017  -6.15978060
   3.86714315  -6.14479928
   3.86215098  -6.12908394
   3.85536651  -6.11868864
   3.85175909  -6.11404955
   3.84137265  -6.09904610
   3.84049313  -6.09806958
   3.82862551  -6.08388167
   3.82574022  -6.08021860
   3.81571890  -6.06848112
   3.81073090  -6.06250988
   3.80344380  -6.05392902
   3.79547338  -6.04406778
   3.79104563  -6.03930850
   3.78089628  -6.02704456
   3.77888150  -6.02435425
   3.76679632  -6.00943644
   3.76591698  -6.00846016
   3.75395600  -5.99425431
   3.75132314  -5.99131285
   3.74169212  -5.97960298
   3.73615621  -5.97291432
   3.72885216  -5.96435266
   3.72114221  -5.95519905
   3.71647946  -5.94971338
   3.70610378  -5.93671170
   3.70431990  -5.93476334
   3.69223587  -5.91984872
   3.69135671  -5.91887269
   3.68041287  -5.90515159
   3.67660106  -5.90085492
   3.66713419  -5.89002156
   3.66160306  -5.88333572
   3.65501938  -5.87509409
   3.64661745  -5.86468938
   3.64276959  -5.86010278
   3.63155691  -5.84714181
   3.63050450  -5.84547168
   3.61790145  -5.83002551
   3.61701938  -5.82904919
   3.60611743  -5.81553249
   3.60157787  -5.80999470
   3.59330879  -5.80037436
   3.58683560  -5.79303765
   3.58038569  -5.78548954
   3.57203773  -5.77528859
   3.56830797  -5.77058188
   3.55674730  -5.75676851
   3.55593794  -5.75589930
   3.54381160  -5.74096681
   3.54205398  -5.73901569
   3.53099133  -5.72584968
   3.52727890  -5.72120424
   3.51895191  -5.71090075
   3.51241232  -5.70333645
   3.50595461  -5.69600240
   3.49756689  -5.68560568
   3.49378860  -5.68105101
   3.48223755  -5.66724213
   3.48141962  -5.66637143
   3.46933046  -5.65146724
   3.46761678  -5.64949031
   3.45662787  -5.63600724
   3.45289288  -5.63151856
   3.44444159  -5.62138343
   3.43814024  -5.61454278
   3.43144461  -5.60648782
   3.42283259  -5.59536542
   3.41928400  -5.59154079
   3.40806626  -5.57761030
   3.40719192  -5.57663246
   3.39442644  -5.56148308
   3.39354796  -5.56050797
   3.38213785  -5.54650845
   3.37852151  -5.54200121
   3.37003411  -5.53159451
   3.36318562  -5.52360709
   3.35753133  -5.51718064
   3.34828995  -5.50599712
   3.34479388  -5.50205086
   3.33357753  -5.48812326
   3.33270336  -5.48714563
   3.32059079  -5.47222867
   3.31883415  -5.47027889
   3.30859321  -5.45738854
   3.30393401  -5.45160737
   3.29556073  -5.44211908
   3.28885860  -5.43407802
   3.28330999  -5.42747257
   3.27387003  -5.41640485
   3.27031794  -5.41258086
   3.25910294  -5.39865610
   3.25822893  -5.39767869
   3.24611919  -5.38276513
   3.24413457  -5.38006991
   3.23411733  -5.36792583
   3.22946699  -5.36214867
   3.22179852  -5.35289691
   3.21416457  -5.34387862
   3.20884796  -5.33801941
   3.19917860  -5.32622500
   3.19653283  -5.32338262
   3.18503892  -5.30864180
   3.18418720  -5.30771008
   3.17170134  -5.29334644
   3.16976508  -5.29060809
   3.16037892  -5.27836617
   3.15478375  -5.27197271
   3.14745173  -5.26350429
   3.14004444  -5.25502995
   3.13439955  -5.24858553
   3.12517035  -5.23745310
   3.12167211  -5.23346576
   3.11059976  -5.21921472
   3.10974012  -5.21828190
   3.09788653  -5.20414497
   3.09531837  -5.20118286
   3.08545438  -5.18879588
   3.08047092  -5.18238642
   3.07301264  -5.17408580
   3.06537763  -5.16489135
   3.06065977  -5.15942997
   3.05055530  -5.14716857
   3.04854811  -5.14451300
   3.03570984  -5.13027106
   3.03488741  -5.12939360
   3.02345255  -5.11473788
   3.02066113  -5.11101347
   3.01152257  -5.09954336
   3.00591721  -5.09315104
   2.99858664  -5.08468594
   2.99095571  -5.07549391
   2.98623351  -5.07003252
   2.97613418  -5.05777447
   2.97412636  -5.05511923
   2.96205347  -5.04024699
   2.96119768  -5.03925998
   2.94948555  -5.02487200
   2.94658465  -5.02127112
   2.93711378  -5.01015960
   2.93150331  -5.00376784
   2.92417342  -4.99530436
   2.91669209  -4.98605148
   2.91209825  -4.98042055
   2.90175956  -4.96745374
   2.89998503  -4.96551149
   2.88761249  -4.95083287
   2.88678720  -4.94988652
   2.87505201  -4.93546804
   2.87241213  -4.93263322
   2.86282931  -4.92086285
   2.85723750  -4.91423797
   2.85041253  -4.90615046
   2.84216365  -4.89581612
   2.83765907  -4.89103329
   2.82709966  -4.87830728
   2.82531667  -4.87637990
   2.81324458  -4.86151741
   2.81238907  -4.86053081
   2.80134919  -4.84633663
   2.79779090  -4.84255158
   2.78843511  -4.83151280
   2.78261928  -4.82417308
   2.77602733  -4.81680489
   2.76767539  -4.80659618
   2.76331016  -4.80171589
   2.75297774  -4.78875479
   2.75120483  -4.78681355
   2.73952503  -4.77235529
   2.73777954  -4.77043007
   2.72697505  -4.75700282
   2.72318178  -4.75248751
   2.71405287  -4.74218003
   2.70858111  -4.73552608
   2.70192762  -4.72726030
   2.69340560  -4.71714579
   2.68957193  -4.71259641
   2.67837582  -4.69869193
   2.67749200  -4.69772334
   2.66516063  -4.68303559
   2.66340530  -4.68110890
   2.65261259  -4.66768597
   2.64881478  -4.66317096
   2.64030779  -4.65306049
   2.63398613  -4.64547330
   2.62756350  -4.63794841
   2.61904408  -4.62783602
   2.61456951  -4.62307983
   2.60401435  -4.60938515
   2.60313067  -4.60841673
   2.59039916  -4.59331078
   2.58952225  -4.59233785
   2.57826153  -4.57838574
   2.57445918  -4.57387100
   2.56532312  -4.56356488
   2.55967611  -4.55699239
   2.55131370  -4.54862004
   2.54489756  -4.54286039
   2.53355786  -4.53349332
   2.52998687  -4.53078796
   2.51591581  -4.51880262
   2.51492408  -4.51796017
   2.50007867  -4.50684021
   2.49643417  -4.50392237
   2.48540552  -4.49542735
   2.47786466  -4.48903900
   2.47052458  -4.48334308
   2.45934550  -4.47418587
   2.45561074  -4.47128070
   2.44075027  -4.46011565
   2.43979350  -4.45927170
   2.42588966  -4.44802191
   2.42119010  -4.44437496
   2.41119048  -4.43677125
   2.40206524  -4.42904424
   2.39622046  -4.42380366
   2.38345620  -4.41406673
   2.38146317  -4.41240363
   2.36646174  -4.40069355
   2.36470508  -4.39950021
   2.35171628  -4.38934540
   2.34620137  -4.38462925
   2.33695626  -4.37702811
   2.32755834  -4.36973556
   2.32209821  -4.36586576
   2.30883300  -4.35508393
   2.30688500  -4.35333737
   2.29220839  -4.34194951
   2.29023963  -4.34019256
   2.27720500  -4.33007286
   2.27166424  -4.32531035
   2.26253755  -4.31867313
   2.25315951  -4.31047534
   2.24758780  -4.30571155
   2.23435851  -4.29571528
   2.23241099  -4.29405007
   2.21795433  -4.28334120
   2.21429950  -4.28045668
   2.20306663  -4.27127129
   2.19648392  -4.26581079
   2.18819724  -4.25919168
   2.17781993  -4.25089183
   2.17313928  -4.24736760
   2.15916179  -4.23624533
   2.15817766  -4.23540770
   2.14346714  -4.22408636
   2.14058331  -4.22141226
   2.12880642  -4.21268123
   2.12127188  -4.20629703
   2.11398655  -4.20057455
   2.10271995  -4.19119685
   2.09903596  -4.18855012
   2.08439927  -4.17727532
   2.08337483  -4.17631655
   2.06932904  -4.16530748
   2.06539276  -4.16188649
   2.05447586  -4.15322233
   2.04606546  -4.14678897
   2.03949493  -4.14133629
   2.02776682  -4.13172357
   2.02493295  -4.12971160
   2.00973509  -4.11814927
   2.00876150  -4.11727647
   1.99494280  -4.10600642
   1.99038758  -4.10218985
   1.98028544  -4.09460941
   1.97181687  -4.08731108
   1.96514005  -4.08194369
   1.95303709  -4.07269795
   1.95037269  -4.07068794
   1.93570266  -4.05930769
   1.93375565  -4.05756232
   1.92069407  -4.04743934
   1.91520155  -4.04270620
   1.90598929  -4.03608040
   1.89569907  -4.02781864
   1.89116069  -4.02398339
   1.87792534  -4.01309004
   1.87615987  -4.01208136
   1.86124881  -4.00008363
   1.85931643  -3.99831661
   1.84644902  -3.98888215
   1.84002121  -3.98322999
   1.83169833  -3.97663728
   1.81983964  -3.96814391
   1.81676618  -3.96556924
   1.80198664  -3.95620406
   1.79824324  -3.95346010
   1.78713865  -3.94598121
   1.77689939  -3.93859087
   1.77222384  -3.93582878
   1.75730631  -3.92573698
   1.75463638  -3.92374152
   1.74259614  -3.91624248
   1.73235735  -3.90885267
   1.72768342  -3.90516221
   1.71286707  -3.89583453
   1.71008336  -3.89397602
   1.69803934  -3.88559356
   1.68874366  -3.87911341
   1.68314503  -3.87542616
   1.66819946  -3.86536391
   1.66722626  -3.86449159
   1.65354284  -3.85581922
   1.64437540  -3.84916706
   1.63856749  -3.84482076
   1.62366081  -3.83563107
   1.62268765  -3.83475881
   1.60898933  -3.82517392
   1.60071585  -3.81942644
   1.59389967  -3.81436927
   1.57947146  -3.80538612
   1.57845477  -3.80456171
   1.56445427  -3.79544386
   1.55699179  -3.78992543
   1.54936590  -3.78463988
   1.53550942  -3.77526478
   1.53451596  -3.77444852
   1.51974441  -3.76502514
   1.51338571  -3.76021099
   1.50505051  -3.75459768
   1.49195125  -3.74547606
   1.49011789  -3.74450795
   1.47515370  -3.73446399
   1.46963104  -3.73068615
   1.46052030  -3.72487241
   1.44750483  -3.71565311
   1.44550074  -3.71400206
   1.43066795  -3.70466662
   1.42525161  -3.70075869
   1.41602091  -3.69418905
   1.40413199  -3.68569892
   1.40127469  -3.68375621
   1.38634626  -3.67467318
   1.38165234  -3.67103280
   1.37127224  -3.66384144
   1.36031758  -3.65617025
   1.35655239  -3.65345947
   1.34137440  -3.64369092
   1.33864720  -3.64175931
   1.32692775  -3.63386825
   1.31658170  -3.62665323
   1.31206297  -3.62368597
   1.29705392  -3.61371038
   1.29507345  -3.61202900
   1.28221282  -3.60349556
   1.27296857  -3.59695156
   1.26754117  -3.59304128
   1.25280092  -3.58363346
   1.25085533  -3.58188983
   1.23789741  -3.57348876
   1.22938283  -3.56723057
   1.22281247  -3.56273202
   1.20815462  -3.55408641
   1.20612849  -3.55252938
   1.19350920  -3.54538431
   1.17946593  -3.53725323
   1.17844577  -3.53651041
   1.16364972  -3.52898834
   1.15256123  -3.52242015
   1.14891808  -3.52039863
   1.13400413  -3.51314821
   1.12484078  -3.50735160
   1.11924145  -3.50461185
   1.10434274  -3.49733788
   1.09701878  -3.49249419
   1.08941422  -3.48822288
   1.07459690  -3.48074146
   1.06991623  -3.47803485
   1.05976155  -3.47237881
   1.04508570  -3.46463819
   1.04221091  -3.46296695
   1.03008534  -3.45659436
   1.01605970  -3.44848293
   1.01503968  -3.44774026
   1.00040965  -3.44081054
   0.98741239  -3.43334669
   0.98565124  -3.43231315
   0.97091648  -3.42469296
   0.96049784  -3.41860405
   0.95587622  -3.41580269
   0.94126968  -3.40888055
   0.93196291  -3.40336849
   0.92638776  -3.40057711
   0.91140019  -3.39250271
   0.90575462  -3.38892629
   0.89652921  -3.38423860
   0.88152793  -3.37610662
   0.87792288  -3.37408326
   0.86667790  -3.36782411
   0.85205293  -3.36001312
   0.85023926  -3.35901665
   0.83700500  -3.35204374
   0.82326013  -3.34422687
   0.82234865  -3.34339540
   0.80754370  -3.33587948
   0.79497531  -3.32891122
   0.79300488  -3.32782713
   0.77787692  -3.32008765
   0.76863640  -3.31446732
   0.76316438  -3.31150950
   0.74818025  -3.30437552
   0.73815930  -3.29940263
   0.73344001  -3.29774316
   0.71871311  -3.29509000
   0.70378796  -3.29380094
   0.68895126  -3.29379746
   0.67411460  -3.29379406
   0.65934744  -3.29373648
   0.64437984  -3.29292201
   0.62964549  -3.29326433
   0.61476876  -3.29285330
   0.59993226  -3.29285027
   0.58509579  -3.29284731
   0.57025936  -3.29284443
   0.55546274  -3.29232172
   0.54058655  -3.29237493
   0.52575071  -3.29190834
   0.51091438  -3.29190575
   0.49607808  -3.29190324
   0.48124180  -3.29190080
   0.46640554  -3.29189844
   0.45156930  -3.29189615
   0.43673308  -3.29189394
   0.42196345  -3.29183767
   0.40706125  -3.29096184
   0.39222509  -3.29095985
   0.37745497  -3.29090384
   0.36261922  -3.28997415
   0.34759940  -3.29007532
   0.33279346  -3.29055230
   0.31810984  -3.29089690
   0.30320906  -3.29002156
   0.28837239  -3.29048403
   0.27353634  -3.29048263
   0.25870094  -3.29001736
   0.24392930  -3.28996203
   0.22894298  -3.28961445
   0.21425692  -3.28995974
   0.19935684  -3.28954885
   0.18461340  -3.28949561
   0.16957073  -3.28914826
   0.15484886  -3.28954621
   0.14001288  -3.28954547
   0.12517690  -3.28954481
   0.11043257  -3.28949190
   0.09542131  -3.28867912
   0.08073205  -3.28902522
   0.06583360  -3.28861503
   0.05099762  -3.28861474
   0.03625238  -3.28856219
   0.02121331  -3.28821547
   0.00658004  -3.28856196
  -0.00834569  -3.28768644
  -0.02326450  -3.28774968
  -0.03795667  -3.28809644
  -0.05285373  -3.28768690
  -0.06768976  -3.28768720
  -0.08243650  -3.28763518
  -0.09736197  -3.28722021
  -0.11219723  -3.28676067
  -0.12714456  -3.28729012
  -0.14180961  -3.28717164
  -0.15670550  -3.28676268
  -0.17154162  -3.28676350
  -0.18637776  -3.28676440
  -0.20121392  -3.28676536
  -0.21584249  -3.28666352
  -0.23088661  -3.28559265
  -0.24572190  -3.28537689
  -0.26055813  -3.28537815
  -0.27539439  -3.28537949
  -0.29023066  -3.28538090
  -0.30506697  -3.28538238
  -0.31990330  -3.28538394
  -0.33473965  -3.28538557
  -0.34957603  -3.28538728
  -0.36441152  -3.28492510
  -0.37916227  -3.28487430
  -0.39408457  -3.28446495
  -0.40892106  -3.28446695
  -0.42375758  -3.28446903
  -0.43874229  -3.28481609
  -0.45430070  -3.28735474
  -0.46916970  -3.29254704
  -0.47780929  -3.29652470
  -0.48464557  -3.29989137
  -0.49912472  -3.30770960
  -0.50668648  -3.31110148
  -0.51572222  -3.31589397
  -0.52885668  -3.32279768
  -0.53550191  -3.32620836
  -0.54428058  -3.33121901
  -0.55853752  -3.33858722
  -0.56410261  -3.34137376
  -0.57368593  -3.34633250
  -0.58856810  -3.35402242
  -0.59219573  -3.35602639
  -0.60324329  -3.36254239
  -0.61757889  -3.36963396
  -0.62054795  -3.37106717
  -0.63324783  -3.37772908
  -0.64759760  -3.38514989
  -0.64943210  -3.38611740
  -0.66242417  -3.39339113
  -0.67648983  -3.40051982
  -0.67757253  -3.40113951
  -0.69245230  -3.40883060
  -0.70584313  -3.41587723
  -0.70692382  -3.41647568
  -0.72213480  -3.42462411
  -0.73364133  -3.43077687
  -0.73660291  -3.43224310
  -0.75147469  -3.43984130
  -0.76269480  -3.44548672
  -0.76633518  -3.44747074
  -0.78115953  -3.45563541
  -0.79043593  -3.46028104
  -0.79600181  -3.46306845
  -0.81055390  -3.47108119
  -0.81904624  -3.47544111
  -0.82563748  -3.47860151
  -0.84053021  -3.48629702
  -0.84795161  -3.49001383
  -0.85567857  -3.49405084
  -0.87021679  -3.50209304
  -0.87578295  -3.50488076
  -0.88551427  -3.50999997
  -0.89990397  -3.51788970
  -0.90361481  -3.51974826
  -0.91505236  -3.52564539
  -0.92960467  -3.53310630
  -0.93245234  -3.53485769
  -0.94443627  -3.54205021
  -0.95720843  -3.54910250
  -0.95995532  -3.55101282
  -0.97444856  -3.56076847
  -0.97997200  -3.56454821
  -0.98940573  -3.57067246
  -1.00241720  -3.57919777
  -1.00448826  -3.58074932
  -1.01900089  -3.59027172
  -1.02536948  -3.59419031
  -1.03420834  -3.60019309
  -1.04763948  -3.60909405
  -1.04869017  -3.60983092
  -1.06320795  -3.61960783
  -1.06990754  -3.62392840
  -1.07814156  -3.62974303
  -1.09217323  -3.63902209
  -1.09320445  -3.63980426
  -1.10774798  -3.64934676
  -1.11444732  -3.65366845
  -1.12328185  -3.65967473
  -1.13671038  -3.66840827
  -1.13777462  -3.66910481
  -1.15261801  -3.67856355
  -1.15932718  -3.68287026
  -1.16768402  -3.68859806
  -1.18196613  -3.69780888
  -1.18300302  -3.69857547
  -1.19716082  -3.70830770
  -1.20386988  -3.71261534
  -1.21222603  -3.71834354
  -1.22651153  -3.72755073
  -1.22754667  -3.72832008
  -1.24137795  -3.73764661
  -1.24912945  -3.74270214
  -1.25676987  -3.74809105
  -1.27107925  -3.75713682
  -1.27213037  -3.75786711
  -1.28622481  -3.76710536
  -1.29451347  -3.77277588
  -1.30115848  -3.77704657
  -1.31591949  -3.78664605
  -1.31695376  -3.78742280
  -1.33077176  -3.79685551
  -1.33977329  -3.80283907
  -1.34537661  -3.80638563
  -1.36046761  -3.81639757
  -1.36150168  -3.81717473
  -1.37534970  -3.82637580
  -1.38454789  -3.83208728
  -1.39052886  -3.83624186
  -1.40472160  -3.84564771
  -1.40674438  -3.84726768
  -1.41990191  -3.85613027
  -1.42910068  -3.86184187
  -1.43457092  -3.86596791
  -1.44907526  -3.87555312
  -1.45189218  -3.87736065
  -1.46413709  -3.88546563
  -1.47365546  -3.89159860
  -1.47928772  -3.89534327
  -1.49383906  -3.90514483
  -1.49660738  -3.90702837
  -1.50897911  -3.91587727
  -1.51657669  -3.92120851
  -1.52413273  -3.92678474
  -1.53694542  -3.93639176
  -1.53896000  -3.93804912
  -1.55347218  -3.94962956
  -1.55617781  -3.95159235
  -1.56830079  -3.96089847
  -1.57488751  -3.96636999
  -1.58336056  -3.97268008
  -1.59373241  -3.98095398
  -1.59830066  -3.98473372
  -1.61225048  -3.99564725
  -1.61327540  -3.99644502
  -1.62773202  -4.00735924
  -1.63237494  -4.01107848
  -1.64296557  -4.01978577
  -1.65039294  -4.02536664
  -1.65755997  -4.03133421
  -1.66962908  -4.04059674
  -1.67232963  -4.04256984
  -1.68695852  -4.05403353
  -1.68892781  -4.05574467
  -1.70204222  -4.06582337
  -1.70778382  -4.07024771
  -1.71712155  -4.07772937
  -1.72640691  -4.08517098
  -1.73199511  -4.08963534
  -1.74590574  -4.10005527
  -1.74690485  -4.10089759
  -1.76148683  -4.11227955
  -1.76522342  -4.11504018
  -1.77660421  -4.12419898
  -1.78385886  -4.12999449
  -1.79162014  -4.13599513
  -1.80270103  -4.14463968
  -1.80626353  -4.14760751
  -1.82091806  -4.15883055
  -1.82191611  -4.15966872
  -1.83557973  -4.17015254
  -1.84135193  -4.17451471
  -1.85083808  -4.18192634
  -1.86012502  -4.18936973
  -1.86577711  -4.19395925
  -1.87937202  -4.20454056
  -1.88035118  -4.20540643
  -1.89517446  -4.21672232
  -1.89806751  -4.21938790
  -1.91005691  -4.22874253
  -1.91737398  -4.23446432
  -1.92507427  -4.24059783
  -1.93612989  -4.24916435
  -1.93999657  -4.25264459
  -1.95446370  -4.26326921
  -1.95545324  -4.26411667
  -1.96951466  -4.27523281
  -1.97415956  -4.27895442
  -1.98440407  -4.28721121
  -1.99358150  -4.29387354
  -1.99926748  -4.29837719
  -2.01238746  -4.30851493
  -2.01411750  -4.30960928
  -2.02876115  -4.32104723
  -2.03170459  -4.32363647
  -2.04388574  -4.33357980
  -2.05044662  -4.33814913
  -2.05883692  -4.34482387
  -2.06918978  -4.35312072
  -2.07375211  -4.35688479
  -2.08820231  -4.36763872
  -2.08917703  -4.36851258
  -2.10310936  -4.37959780
  -2.10706356  -4.38299787
  -2.11815425  -4.39158031
  -2.12644539  -4.39818252
  -2.13311647  -4.40349004
  -2.14595336  -4.41299044
  -2.14792390  -4.41470306
  -2.16256738  -4.42616949
  -2.16529879  -4.42810561
  -2.17765879  -4.43797238
  -2.18410704  -4.44270112
  -2.19267916  -4.44996347
  -2.20271864  -4.45763705
  -2.20737349  -4.46137590
  -2.22126841  -4.47254353
  -2.22224804  -4.47340996
  -2.23684985  -4.48498024
  -2.23975286  -4.48763543
  -2.25185635  -4.49906346
  -2.25475004  -4.50269744
  -2.26674924  -4.51682556
  -2.26759586  -4.51781639
  -2.27984065  -4.53247643
  -2.28186324  -4.53515363
  -2.29204595  -4.54737103
  -2.29662024  -4.55290434
  -2.30423596  -4.56205765
  -2.31172007  -4.57145598
  -2.31622030  -4.57715127
  -2.32621957  -4.58935968
  -2.32887127  -4.59226627
  -2.34050874  -4.60670048
  -2.34140954  -4.60765696
  -2.35266843  -4.62159269
  -2.35620379  -4.62545663
  -2.36498942  -4.63651797
  -2.37115370  -4.64404650
  -2.37752268  -4.65160683
  -2.38590528  -4.66184625
  -2.39027046  -4.66672743
  -2.40081714  -4.68042126
  -2.40169626  -4.68139361
  -2.41385792  -4.69629126
  -2.41554362  -4.69823114
  -2.42594254  -4.71096623
  -2.43077203  -4.71658742
  -2.43821268  -4.72589673
  -2.44550039  -4.73438585
  -2.45034429  -4.74074603
  -2.46038698  -4.75297118
  -2.46305151  -4.75587029
  -2.47496055  -4.77001715
  -2.47583373  -4.77099360
  -2.48724787  -4.78566338
  -2.49013076  -4.78929987
  -2.49951152  -4.80057509
  -2.50485356  -4.80714954
  -2.51145296  -4.81545840
  -2.51971982  -4.82481828
  -2.52442397  -4.83035947
  -2.53462040  -4.84350718
  -2.53633161  -4.84548118
  -2.54860413  -4.86015823
  -2.54973289  -4.86184770
  -2.56076688  -4.87505554
  -2.56448822  -4.87971173
  -2.57280433  -4.89000095
  -2.57922091  -4.89752003
  -2.58494380  -4.90485644
  -2.59411258  -4.91612148
  -2.59700835  -4.91975863
  -2.60891715  -4.93390960
  -2.60979057  -4.93488641
  -2.62132186  -4.94956543
  -2.62410063  -4.95313969
  -2.63367981  -4.96424252
  -2.63881450  -4.97016613
  -2.64610960  -4.97959166
  -2.65369440  -4.98873124
  -2.65839990  -4.99427443
  -2.66885586  -5.00720899
  -2.67058151  -5.00917585
  -2.68203130  -5.02385434
  -2.68376307  -5.02581773
  -2.69499398  -5.03875825
  -2.69874986  -5.04343382
  -2.70702241  -5.05376191
  -2.71348849  -5.06123112
  -2.71986203  -5.06879825
  -2.72847637  -5.07979595
  -2.73197095  -5.08370445
  -2.74317473  -5.09763878
  -2.74405447  -5.09861202
  -2.75557971  -5.11329527
  -2.75814067  -5.11620097
  -2.76767864  -5.12820315
  -2.77292141  -5.13397567
  -2.78054483  -5.14314046
  -2.78777969  -5.15177797
  -2.79250904  -5.15824417
  -2.80264069  -5.17042733
  -2.80522991  -5.17337871
  -2.81668632  -5.18806340
  -2.81755245  -5.18904546
  -2.82901779  -5.20274810
  -2.83254377  -5.20667048
  -2.84113623  -5.21792873
  -2.84732989  -5.22534709
  -2.85384551  -5.23280362
  -2.86227949  -5.24305029
  -2.86600334  -5.24771027
  -2.87698265  -5.26090509
  -2.87874263  -5.26285231
  -2.89016666  -5.27753984
  -2.89195357  -5.27947855
  -2.90241061  -5.29224113
  -2.90719296  -5.29786135
  -2.91464149  -5.30718254
  -2.92182518  -5.31580798
  -2.92718775  -5.32250046
  -2.93662104  -5.33355732
  -2.93951909  -5.33719789
  -2.95080246  -5.35210768
  -2.95163962  -5.35310551
  -2.96308287  -5.36679926
  -2.96660612  -5.37072214
  -2.97574081  -5.38196789
  -2.98135634  -5.38854136
  -2.98796290  -5.39686100
  -2.99635233  -5.40711612
  -3.00007737  -5.41177787
  -3.01106157  -5.42497813
  -3.01282208  -5.42692612
  -3.02495648  -5.44183641
  -3.02603847  -5.44355900
  -3.03720773  -5.45656164
  -3.04105163  -5.46119787
  -3.04873099  -5.47127299
  -3.05603297  -5.47977764
  -3.06153304  -5.48637674
  -3.07072116  -5.49765893
  -3.07427851  -5.50153104
  -3.08552899  -5.51546759
  -3.08640333  -5.51644572
  -3.09809936  -5.53091653
  -3.10076884  -5.53386760
  -3.11009744  -5.54585799
  -3.11566969  -5.55253269
  -3.12211632  -5.56098206
  -3.13023970  -5.57049491
  -3.13484040  -5.57613674
  -3.14495406  -5.58836930
  -3.14694475  -5.59106364
  -3.15930201  -5.60576778
  -3.16020030  -5.60672962
  -3.17171068  -5.62045982
  -3.17545740  -5.62513807
  -3.18376811  -5.63561933
  -3.18994010  -5.64318874
  -3.19567132  -5.65053768
  -3.20496185  -5.66176267
  -3.20844059  -5.66568871
  -3.21967421  -5.67963985
  -3.22054883  -5.68061837
  -3.23206512  -5.69531177
  -3.23465996  -5.69822938
  -3.24496273  -5.71027861
  -3.24973554  -5.71580944
  -3.25736768  -5.72498698
  -3.26480279  -5.73439209
  -3.26931287  -5.74010220
  -3.27938094  -5.75235656
  -3.28203811  -5.75527098
  -3.29352618  -5.76996539
  -3.29439328  -5.77094883
  -3.30562967  -5.78489906
  -3.30917472  -5.78877169
  -3.31789037  -5.79963051
  -3.32440164  -5.80718583
  -3.33013486  -5.81453774
  -3.33917845  -5.82503125
  -3.34290671  -5.82969774
  -3.35390391  -5.84291258
  -3.35566585  -5.84486260
  -3.36711445  -5.85957329
  -3.36889679  -5.86151325
  -3.37928150  -5.87449380
  -3.38379292  -5.88020590
  -3.39110136  -5.88965146
  -3.39851893  -5.89809214
  -3.40412912  -5.90461189
  -3.41359492  -5.91662599
  -3.41625297  -5.91954164
  -3.42774071  -5.93424076
  -3.42860810  -5.93522461
  -3.44052026  -5.94938204
  -3.44340099  -5.95305673
  -3.45282730  -5.96415551
  -3.45829112  -5.97081724
  -3.46474358  -5.97927529
  -3.47314965  -5.98953741
  -3.47685867  -5.99422192
  -3.48808470  -6.00727323
  -3.48989721  -6.00918756
  -3.50136120  -6.02388803
  -3.50314229  -6.02582835
  -3.51352403  -6.03881214
  -3.51819526  -6.04438802
  -3.52583277  -6.05357329
  -3.53302931  -6.06221513
  -3.53840022  -6.06891986
  -3.54748959  -6.08028070
  -3.55021515  -6.08406596
  -3.56078947  -6.09879324
  -3.56228975  -6.10164414
  -3.56656758  -6.11389754
  -3.56845430  -6.12864273
  -3.56942709  -6.14349993
  -3.56994229  -6.15835822
  -3.57041632  -6.17333350
  -3.57137607  -6.18825179
  -3.57142619  -6.20310667
  -3.57238705  -6.21888026
  -3.57285741  -6.23297828
  -3.57337583  -6.24786102
  -3.57340580  -6.26277868
  -3.57165009  -6.27755640
  -3.56542674  -6.29167843
  -3.56206359  -6.29614351
  -3.55281926  -6.30622433
  -3.54750393  -6.31095768
  -3.53704158  -6.32110504
  -3.53240174  -6.32575593
  -3.52140316  -6.33601047
  -3.51755210  -6.33970694
  -3.50561409  -6.35088921
  -3.50277218  -6.35361652
  -3.49064041  -6.36575271
  -3.48785719  -6.36854410
  -3.47568501  -6.38042017
  -3.47297294  -6.38235836
  -3.45991689  -6.39542085
  -3.45806149  -6.39728194
  -3.44422051  -6.41028926
  -3.44328611  -6.41121265
  -3.42930043  -6.42519727
  -3.42837273  -6.42612786
  -3.41367496  -6.43912134
  -3.41273440  -6.44003724
  -3.39878304  -6.45321391
  -3.39692760  -6.45507514
  -3.38391672  -6.46704787
  -3.38111275  -6.46981734
  -3.36909129  -6.48112936
  -3.36538043  -6.48485201
  -3.35435329  -6.49509364
  -3.34975792  -6.49959745
  -3.33930035  -6.50987725
  -3.33383348  -6.51463060
  -3.32468229  -6.52301287
  -3.31732410  -6.52952236
  -3.31010079  -6.53502654
  -3.29699424  -6.54416217
  -3.29517281  -6.54514553
  -3.28056648  -6.55328843
  -3.27006125  -6.55903129
  -3.26545284  -6.56187196
  -3.25084009  -6.56929080
  -3.24312854  -6.57390103
  -3.23582980  -6.57851206
  -3.22130503  -6.58545748
  -3.21554761  -6.58880302
  -3.20625893  -6.59344721
  -3.19126507  -6.60174509
  -3.18845075  -6.60355332
  -3.17643740  -6.61011622
  -3.16167854  -6.61760535
  -3.16068703  -6.61840834
  -3.14691920  -6.62533900
  -3.13282606  -6.63327893
  -3.13185739  -6.63412766
  -3.11702190  -6.64171979
  -3.10582507  -6.64812679
  -3.10212139  -6.65000667
  -3.08737867  -6.65756188
  -3.07791274  -6.66305860
  -3.07229948  -6.66670549
  -3.05765879  -6.67335932
  -3.05002020  -6.67792436
  -3.04270658  -6.68246557
  -3.02798561  -6.68941841
  -3.02227973  -6.69292285
  -3.01309599  -6.69828386
  -2.99809952  -6.70585047
  -2.99528626  -6.70766085
  -2.98327256  -6.71407288
  -2.96850086  -6.72075627
  -2.96478572  -6.72261471
  -2.95388655  -6.72719039
  -2.93912274  -6.73167264
  -2.92420175  -6.73557965
  -2.92042276  -6.73723253
  -2.90918096  -6.74111798
  -2.89461317  -6.74501683
  -2.87965701  -6.74929151
  -2.87102085  -6.75208413
  -2.86457921  -6.75409501
  -2.85012251  -6.75843416
  -2.83525450  -6.76213854
  -2.82027951  -6.76633653
  -2.81927611  -6.76696291
  -2.80541402  -6.77097403
  -2.79053350  -6.77493930
  -2.77553769  -6.78008452
  -2.76907872  -6.78201210
  -2.76068774  -6.78461899
  -2.74593739  -6.78885285
  -2.73121299  -6.79248477
  -2.71693930  -6.79688615
  -2.71593642  -6.79761629
  -2.70052096  -6.80795111
  -2.69590612  -6.81160061
         
