# shadow point cont 3D ind 231  size 1193
# norm -0.2410751 -0.9705065  0.0000000
# angle  1.8142698
   3.51212871704825   -0.87241730710961   -6.84180328885713
   3.51389155373454   -0.87285519801812   -6.84210133117503
   3.52737784981169   -0.87620521137310   -6.83951911592992
   3.54174801730615   -0.87977477952912   -6.83590067054135
   3.55579402551849   -0.88326382610101   -6.83157491891208
   3.56778462883991   -0.88624230744468   -6.82794909860463
   3.57051779957490   -0.88692123058349   -6.82713245066776
   3.58487540024558   -0.89048767712427   -6.82260073389017
   3.59945124854118   -0.89410833665681   -6.81821700374144
   3.61363994521858   -0.89763282722761   -6.81389985812493
   3.61461285911402   -0.89787450029517   -6.81320919786543
   3.62837144228297   -0.90129215011525   -6.80905055384834
   3.64275327520296   -0.90486461597803   -6.80450558563231
   3.65707086275316   -0.90842112320802   -6.80037526465473
   3.66249528018926   -0.90976855550151   -6.79858350277121
   3.67150327195598   -0.91200615228475   -6.79575335690612
   3.68612446510471   -0.91563807553734   -6.79146426450801
   3.70027299917323   -0.91915258966426   -6.78668910541069
   3.71025098218094   -0.92163113352392   -6.78353358174020
   3.71481793662258   -0.92276557090269   -6.78186495909275
   3.72943877679169   -0.92639740647468   -6.77757612624854
   3.74387720648823   -0.92998393104982   -6.77294701330413
   3.75623095096891   -0.93305261712623   -6.76890787308728
   3.75807192390558   -0.93350991718021   -6.76808180850769
   3.77275454070649   -0.93715709814729   -6.76368921294145
   3.78719634935888   -0.94074446205943   -6.75999362148305
   3.80113359066411   -0.94420649079118   -6.75547952782893
   3.80510136831447   -0.94519209188152   -6.75389660658496
   3.81596883127264   -0.94789158370910   -6.75029685441002
   3.83033373845238   -0.95145984519616   -6.74576823843653
   3.84430862065270   -0.95493122397484   -6.73986162355498
   3.84611248274260   -0.95537930564657   -6.73893289358918
   3.85909229760476   -0.95860350841393   -6.73205718572109
   3.87227455519125   -0.96187799821535   -6.72445223187250
   3.87325303556887   -0.96212105400427   -6.72365197511639
   3.88795390381269   -0.96577276865333   -6.71627089223610
   3.89937658815253   -0.96861017818885   -6.70962735568428
   3.90212142141320   -0.96929199831410   -6.70783719890005
   3.91660237768302   -0.97288908654494   -6.70021714509436
   3.92645407121859   -0.97533625993669   -6.69470092367742
   3.93099938821396   -0.97646532254587   -6.69198042986898
   3.94521943791235   -0.97999760124757   -6.68428251833293
   3.95349257274104   -0.98205265861877   -6.67960194621554
   3.95989624745336   -0.98364333968380   -6.67607373627794
   3.97406173689578   -0.98716206554748   -6.66864137906982
   3.97973945033499   -0.98857241689512   -6.66493077885655
   3.98876045410449   -0.99081324587664   -6.66028994829845
   4.00297949544142   -0.99434527410005   -6.65262790923771
   4.00679980520723   -0.99529424397750   -6.65007558889150
   4.01780335990082   -0.99802754116784   -6.64394790954988
   4.03167324344474   -1.00147283814473   -6.63680100517163
   4.03438624278908   -1.00214675068407   -6.63495522059606
   4.04669804546739   -1.00520501836262   -6.62805930321485
   4.06069038918144   -1.00868073460386   -6.62111328822012
   4.06167327322007   -1.00892488426786   -6.62032815785582
   4.07553456461202   -1.01236804694311   -6.61238373164070
   4.08699913775587   -1.01521586171162   -6.60563624124421
   4.08974427362166   -1.01589775700437   -6.60384654982629
   4.10433358192332   -1.01952176001979   -6.59636706396085
   4.11407747979370   -1.02194215682916   -6.59071406270235
   4.11862333961992   -1.02307135427822   -6.58799429560312
   4.13304484094032   -1.02665367382288   -6.57970920536967
   4.13993516219955   -1.02836523851836   -6.57568056923564
   4.14708066044196   -1.03014018950588   -6.57093138061618
   4.15959762870720   -1.03324942058107   -6.56091342682035
   4.16146829868310   -1.03371409741793   -6.55913654008890
   4.17498180216747   -1.03707086912798   -6.54621332127759
   4.17590329225763   -1.03729976845592   -6.54530626137550
   4.19012233716621   -1.04083179756653   -6.53204202622079
   4.19103402453006   -1.04105826188461   -6.53112400436731
   4.20455046458969   -1.04441576304374   -6.51732937075309
   4.20545148466566   -1.04463957759374   -6.51639910036831
   4.21882269347530   -1.04796100312290   -6.50415645094342
   4.22152496221681   -1.04863225016664   -6.50136486770058
   4.23356125061367   -1.05162207974202   -6.48940029803829
   4.23636018797204   -1.05231733939498   -6.48672506888061
   4.24780800493908   -1.05516099190754   -6.47547558609816
   4.25141216700808   -1.05605627041808   -6.47175476763297
   4.26228316979740   -1.05875664154429   -6.46146745898795
   4.26673264168570   -1.05986189610515   -6.45687405015118
   4.27668619351878   -1.06233437122949   -6.44749353655035
   4.28219090540434   -1.06370174876788   -6.44192992681202
   4.29129967881549   -1.06596437984169   -6.43367651377697
   4.29760071068426   -1.06752956429188   -6.42734713435472
   4.30571029911234   -1.06954399652605   -6.41897597350565
   4.31269485512188   -1.07127896925516   -6.41223404961908
   4.31990343779907   -1.07306959049771   -6.40479318841400
   4.32720163283386   -1.07488247156557   -6.39735479320982
   4.33430726755083   -1.07664752040190   -6.39073015691146
   4.34334036799471   -1.07889135421296   -6.38228808413722
   4.34891509106981   -1.08027612262120   -6.37690620396499
   4.35888494888544   -1.08275264817266   -6.36783069794214
   4.36339042723713   -1.08387181481133   -6.36318047530867
   4.37315227903596   -1.08629667139970   -6.35310659729463
   4.37751057283939   -1.08737927720658   -6.34741186509286
   4.38340347240006   -1.08884308106457   -6.33854108623806
   4.38669928863492   -1.08966176607187   -6.32415032524558
   4.38750492096734   -1.08986188618323   -6.30929991569652
   4.38696216906717   -1.08972706591059   -6.29442121354995
   4.38652696423793   -1.08961896046920   -6.27945005406707
   4.38603807895988   -1.08949752073503   -6.26452379499942
   4.38594718778258   -1.08947494324926   -6.24964692688479
   4.38551249950655   -1.08936696612036   -6.23467932051212
   4.38496976759461   -1.08923215081282   -6.21979859478479
   4.38459607418523   -1.08913932488753   -6.20476810913826
   4.38489626273271   -1.08921389211024   -6.18995405472882
   4.38395607530176   -1.08898034833871   -6.17503012381156
   4.38337852459896   -1.08883688399857   -6.16033821319443
   4.37971217728422   -1.08792615859271   -6.14574722586498
   4.37735284342133   -1.08734009701552   -6.14182319113955
   4.37131545462722   -1.08584040184542   -6.13053536731727
   4.36347273824992   -1.08389226097316   -6.12007032351839
   4.35980017449608   -1.08297999139581   -6.11541795868815
   4.34885606854113   -1.08026146134889   -6.10144420083240
   4.34802232585034   -1.08005435858822   -6.10045340572150
   4.33643912733168   -1.07717707712347   -6.08534314445327
   4.33451464272601   -1.07669903266311   -6.08263084949716
   4.32460530246617   -1.07423753975064   -6.07043532921915
   4.32006608837769   -1.07310999311140   -6.06482655958431
   4.31288106645835   -1.07132522439152   -6.05542425060752
   4.30543703800661   -1.06947611811464   -6.04625149798653
   4.30088656764619   -1.06834577540292   -6.04064037906753
   4.29106437255055   -1.06590592946173   -6.02837893599510
   4.28908344083204   -1.06541386346567   -6.02571294087597
   4.27732132903688   -1.06249213971208   -6.01073748435817
   4.27648777046781   -1.06228508268749   -6.00974693565123
   4.26568194911583   -1.05960090271446   -5.99567349466834
   4.26195635738082   -1.05867546091813   -5.99109076353167
   4.25308654070264   -1.05647218700525   -5.98064619593911
   4.24750404623608   -1.05508548817334   -5.97329424500536
   4.24132684909472   -1.05355106442930   -5.96568261042158
   4.23319308631831   -1.05153062725579   -5.95538088167534
   4.22955575737545   -1.05062711005097   -5.95072789833272
   4.21863484581909   -1.04791434152261   -5.93675609026681
   4.21780143586586   -1.04770732141438   -5.93576574057226
   4.20677558905856   -1.04496848683422   -5.92092903265669
   4.20417024972487   -1.04432131718050   -5.91802686446254
   4.19420532587053   -1.04184601723140   -5.90589049156113
   4.18971151402135   -1.04072974856702   -5.90025115749263
   4.18237538674626   -1.03890744508170   -5.89097488035173
   4.17516046949351   -1.03711525032241   -5.88253735870680
   4.16978181857774   -1.03577918649165   -5.87597693291145
   4.16057337393818   -1.03349179695604   -5.86301417932495
   4.15890684731805   -1.03307782959228   -5.86103387428173
   4.14726719958350   -1.03018652606944   -5.84593562768072
   4.14639609554331   -1.02997014270135   -5.84497056587432
   4.13518568903508   -1.02718546325323   -5.83124798828099
   4.13156016325069   -1.02628487796821   -5.82660311584523
   4.12285171682608   -1.02412168863463   -5.81601119303988
   4.11716100037100   -1.02270810732106   -5.80875738307364
   4.11085616243906   -1.02114197743988   -5.80127490502364
   4.10272286126058   -1.01912165492789   -5.79097655182807
   4.09904548951786   -1.01820819103989   -5.78635030490746
   4.08814864983570   -1.01550140199615   -5.77237211429290
   4.08729431528841   -1.01528918419175   -5.77139529287285
   4.07567125464077   -1.01240200092271   -5.75630749190067
   4.07370970903364   -1.01191475046174   -5.75363795568359
   4.06375344991974   -1.00944160284535   -5.74150864093401
   4.05916749072750   -1.00830244466200   -5.73592757970651
   4.05173178599373   -1.00645540600740   -5.72677410041456
   4.04448386782002   -1.00465501377674   -5.71743253632536
   4.03995796433816   -1.00353077350937   -5.71183472288552
   4.03010323685250   -1.00108284648050   -5.69957091595464
   4.02815573002855   -1.00059908327140   -5.69691635841172
   4.01641156689329   -0.99768181798811   -5.68195768757294
   4.01557865516168   -0.99747492163877   -5.68096800705059
   4.00474116603118   -0.99478287534868   -5.66689371556240
   4.00113561176291   -0.99388725101404   -5.66225634567157
   3.99242310961593   -0.99172305423379   -5.65166611511641
   3.98673205273613   -0.99030938835829   -5.64441461419219
   3.98043696513682   -0.98874568047231   -5.63693787229661
   3.97230402878911   -0.98672544858476   -5.62664282814882
   3.96862702184672   -0.98581207531363   -5.62201817975469
   3.95773724738265   -0.98310704127919   -5.60804688858313
   3.95688323032629   -0.98289490233994   -5.60707048942464
   3.94506802612500   -0.97995999036413   -5.59217651249618
   3.94314594641541   -0.97948254328306   -5.58946764655783
   3.93320058389213   -0.97701210239385   -5.57727443804283
   3.92872724712117   -0.97590091976532   -5.57169227097261
   3.92151938310369   -0.97411047703878   -5.56228955431745
   3.91430992319942   -0.97231963789189   -5.55385934740081
   3.90895643682094   -0.97098982496468   -5.54731264145663
   3.89997409356248   -0.96875859930400   -5.53512527596446
   3.89734106522004   -0.96810455166477   -5.53218855274089
   3.88599163169936   -0.96528533772729   -5.51769590865719
   3.88513778549969   -0.96507324122906   -5.51671973721913
   3.87432770206470   -0.96238800254911   -5.50271425223657
   3.87088644833201   -0.96153319067961   -5.49877915476120
   3.86180531518183   -0.95927742548230   -5.48761114649681
   3.85623787385973   -0.95789446587090   -5.48027166640712
   3.85006781665553   -0.95636181569647   -5.47266977318829
   3.84193515193089   -0.95434165128044   -5.46237796696274
   3.83769043887199   -0.95328725907713   -5.45750831740766
   3.82737564147595   -0.95072505008862   -5.44379030515853
   3.82652193282122   -0.95051298775673   -5.44281431762756
   3.81475568824654   -0.94759023741538   -5.42792273485168
   3.81288581801864   -0.94712575923696   -5.42516872164666
   3.80305894798937   -0.94468475203621   -5.41279489455485
   3.79850792114659   -0.94355427109356   -5.40731934733318
   3.79125740893227   -0.94175323449986   -5.39801925748965
   3.78405254271755   -0.93996353643139   -5.38946873771800
   3.77861837064040   -0.93861368107247   -5.38308325277777
   3.76912933565007   -0.93625659253151   -5.37035503477586
   3.76743032530328   -0.93583455616812   -5.36839804929175
   3.75565681931416   -0.93291000208205   -5.35347634696006
   3.75480327653387   -0.93269798095359   -5.35250058129065
   3.74400994218977   -0.93001690276943   -5.33850673229340
   3.74065585776519   -0.92918374386859   -5.33452750583209
   3.73171498833059   -0.92696282035930   -5.32318167717434
   3.72624911090052   -0.92560508934979   -5.31666129560206
   3.71966193424825   -0.92396882616600   -5.30849711363524
   3.71136177205814   -0.92190705516333   -5.29838953296473
   3.70711421325425   -0.92085195607328   -5.29353525409536
   3.69681877252487   -0.91829455530576   -5.27982065051684
   3.69598660388176   -0.91808784354056   -5.27883197525065
   3.68440466171202   -0.91521087415451   -5.26374394927721
   3.68270603675924   -0.91478893352349   -5.26178748120625
   3.67183744816566   -0.91208916208662   -5.24861233499966
   3.66808453192547   -0.91115693284793   -5.24327989021668
   3.66021413571268   -0.90920191626881   -5.23364555760752
   3.65365665924605   -0.90757303064947   -5.22545385664698
   3.64825408449377   -0.90623102410684   -5.21893659191692
   3.63903946308217   -0.90394210025308   -5.20780928552470
   3.63629392597613   -0.90326010529173   -5.20421760067933
   3.62536958749179   -0.90054648551003   -5.18932271950719
   3.62451633910588   -0.90033453750952   -5.18834734893427
   3.61314950352159   -0.89751100087697   -5.17414909989236
   3.61026974218121   -0.89679566444255   -5.17041927458467
   3.60119727971938   -0.89454205305542   -5.15926093238903
   3.59586144318528   -0.89321662437233   -5.15267928633518
   3.58873101690534   -0.89144541727976   -5.14412746945711
   3.58108659470252   -0.88954653293642   -5.13425653264291
   3.57751695277899   -0.88865982927457   -5.12961847959664
   3.56679610065058   -0.88599675576636   -5.11547607744075
   3.56594298169791   -0.88578483991723   -5.11450088116454
   3.55409251458797   -0.88284116858940   -5.09962968899219
   3.55235310868133   -0.88240909791680   -5.09770326724149
   3.54159760339103   -0.87973741651844   -5.08465243200903
   3.53792862045359   -0.87882603642050   -5.07997191520481
   3.52971897630001   -0.87678675021495   -5.06976184080883
   3.52332033344833   -0.87519731907061   -5.06147718247839
   3.51800443377461   -0.87387684272938   -5.05483560185886
   3.50903717606523   -0.87164936433857   -5.04359931730000
   3.50556266638012   -0.87078629164755   -5.03970043795847
   3.49512851406183   -0.86819443474228   -5.02523327308007
   3.49427555108008   -0.86798255763652   -5.02425828690365
   3.48284562317514   -0.86514334879009   -5.00997630276212
   3.48003109789266   -0.86444421707665   -5.00633621947563
   3.47032690774149   -0.86203368371600   -4.99495290294356
   3.46563161938482   -0.86086736802707   -4.98860434022114
   3.45861927076653   -0.85912549157807   -4.98003387494873
   3.45133754374876   -0.85731670118690   -4.97071978292746
   3.44679881913414   -0.85618927613361   -4.96513024157533
   3.43656061031758   -0.85364609184710   -4.95240283255557
   3.43489740627002   -0.85323294981466   -4.95042702772067
   3.42322714803302   -0.85033404260350   -4.93534222098038
   3.42213275774165   -0.85006219464238   -4.93364756621042
   3.41139071835457   -0.84739385819176   -4.92060511964221
   3.40784641447140   -0.84651344853185   -4.91589006387551
   3.39974223927919   -0.84450036095246   -4.90549221052953
   3.39341455148547   -0.84292855513611   -4.89803641346696
   3.38779977637139   -0.84153383774968   -4.89079735380817
   3.37883708937210   -0.83930749472915   -4.87956582626697
   3.37600090630925   -0.83860298319512   -4.87589754926723
   3.36452424189721   -0.83575216493998   -4.86172407051901
   3.36367155554469   -0.83554035654929   -4.86074945749030
   3.35265060192642   -0.83280273744360   -4.84595413111249
   3.35006109521573   -0.83215950063388   -4.84305251274566
   3.34013707862119   -0.82969436210092   -4.83093672731328
   3.33552262378560   -0.82854812556297   -4.82536180692746
   3.32818997157336   -0.82672668528776   -4.81624657263146
   3.32089638191178   -0.82491494820055   -4.80691377204328
   3.31645071997150   -0.82381064003569   -4.80133855240312
   3.30660719101156   -0.82136549473507   -4.78916860881238
   3.30472651031117   -0.82089833122133   -4.78642998608951
   3.29305035732960   -0.81799795974800   -4.77134738265426
   3.29218121090065   -0.81778206265307   -4.77038491537696
   3.28122765053919   -0.81506118411937   -4.75661906578784
   3.27754698172177   -0.81414690123376   -4.75193687917082
   3.26869706060034   -0.81194856940287   -4.74150282989378
   3.26300303828462   -0.81053416690925   -4.73426324630500
   3.25676072635967   -0.80898356856891   -4.72681538562738
   3.24862823037304   -0.80696344606762   -4.71653727286924
   3.24510381176612   -0.80608797593600   -4.71190382600309
   3.23429485536999   -0.80340301721396   -4.69775510221296
   3.23342341636874   -0.80318655064111   -4.69679466988131
   3.22162742282918   -0.80025641061848   -4.68195320462628
   3.21967063430113   -0.79977034182210   -4.67929044191414
   3.20976843712401   -0.79731062326059   -4.66720275440816
   3.20527524856108   -0.79619450942132   -4.66157614314590
   3.19805173387650   -0.79440017904886   -4.65229767741388
   3.19097827112384   -0.79264312176999   -4.64370000865154
   3.18569855379298   -0.79133163316943   -4.63716993293561
   3.17647830679665   -0.78904131191316   -4.62523043425503
   3.17459827069237   -0.78857430851792   -4.62249276331858
   3.16291613748189   -0.78567245154801   -4.60741225504134
   3.16204725580773   -0.78545662021852   -4.60645014355502
   3.15021324746620   -0.78251703727000   -4.59258187264557
   3.14740111736683   -0.78181850052315   -4.58894516938970
   3.13851374219366   -0.77961086505745   -4.57779102616536
   3.13294499216803   -0.77822758036240   -4.57110104607749
   3.12481625362405   -0.77620839121472   -4.56271807338118
   3.11858284320005   -0.77466000401871   -4.55691874199905
   3.10851363325817   -0.77215879927084   -4.54767436772986
   3.10415888296208   -0.77107707367576   -4.54387156243104
   3.09221233985779   -0.76810953694690   -4.53286906950675
   3.08963840989032   -0.76747016942030   -4.53084620688863
   3.07522833790429   -0.76389068893706   -4.51849826161761
   3.07427097626017   -0.76365287906881   -4.51764113025284
   3.06059502001463   -0.76025575388317   -4.50584770047179
   3.05706968940747   -0.75938005720951   -4.50294863252621
   3.04649185872993   -0.75675251041433   -4.49355018137678
   3.04004705168641   -0.75515161202514   -4.48783888133005
   3.03186732138164   -0.75311975645825   -4.48054032977133
   3.02371340561699   -0.75109431325645   -4.47312204347713
   3.01733391154574   -0.74950963869388   -4.46752471288816
   3.00646504253002   -0.74680979759979   -4.45830705953381
   3.00295057246045   -0.74593679869769   -4.45539820916426
   2.98937986047068   -0.74256581632105   -4.44325825822330
   2.98843543589840   -0.74233122003814   -4.44237946938996
   2.97401601298227   -0.73874941677179   -4.43022096324596
   2.97139664035680   -0.73809876123028   -4.42824443049797
   2.95983033846746   -0.73522567691007   -4.41810657000094
   2.95413880951073   -0.73381189377005   -4.41339444794666
   2.94516189203215   -0.73158201588010   -4.40530093068949
   2.93704622503804   -0.72956607372227   -4.39846414208964
   2.93080006341305   -0.72801451911147   -4.39298313872829
   2.92072858859370   -0.72551275176512   -4.38374235017027
   2.91627312441975   -0.72440600871276   -4.37996591857057
   2.90372798976762   -0.72128978107070   -4.36871282980192
   2.90186275491749   -0.72082645432611   -4.36692146028360
   2.88744683514423   -0.71724552124497   -4.35457897481263
   2.88648980831544   -0.71700779454527   -4.35372221212419
   2.87297259299255   -0.71365010080974   -4.34255601446570
   2.86915994544006   -0.71270303423597   -4.33910121656226
   2.85874291305225   -0.71011542994353   -4.33057262152727
   2.85225205815546   -0.70850309320814   -4.32410263729436
   2.84417203612203   -0.70649600530457   -4.31732369601499
   2.83502690378172   -0.70422434262581   -4.30923283707303
   2.82960493198856   -0.70287751783319   -4.30454937246835
   2.81779284835079   -0.69994338100939   -4.29445316047081
   2.81499543411237   -0.69924849970139   -4.29176660517219
   2.80149904305918   -0.69589597874133   -4.27962597680333
   2.80056842528175   -0.69566481208409   -4.27872801000981
   2.78627306229015   -0.69211382546314   -4.26633876473120
   2.78437966972581   -0.69164350430598   -4.26459033199040
   2.77179066946720   -0.68851638039065   -4.25429239791995
   2.76636692326027   -0.68716911483135   -4.24967887500540
   2.75747814631119   -0.68496113116271   -4.24215675674812
   2.74932821792619   -0.68293667843116   -4.23474294176528
   2.74294454069981   -0.68135096476746   -4.22914875580578
   2.73208641495104   -0.67865379231475   -4.21993739347050
   2.72834878537362   -0.67772536030283   -4.21636749279079
   2.71572488799628   -0.67458956789815   -4.20512501019665
   2.71405915833712   -0.67417579850053   -4.20401882216439
   2.69974433509048   -0.67061997792711   -4.19185896646625
   2.69787977997672   -0.67015682002990   -4.19006837406406
   2.68525960764503   -0.66702195293137   -4.17871032104487
   2.68071482774793   -0.66589302373809   -4.17503187155805
   2.67082566741534   -0.66343654354560   -4.16676747495440
   2.66363554872104   -0.66165050878023   -4.16027027522125
   2.65644222012776   -0.65986367667182   -4.15372686135109
   2.64663057018585   -0.65742645016042   -4.14516273864771
   2.64191168821553   -0.65625427378741   -4.14071908319046
   2.63010623074145   -0.65332178291122   -4.13062713812905
   2.62753428137276   -0.65268290736792   -4.12860640486808
   2.61325282592059   -0.64913537539772   -4.11621873584905
   2.61228805648118   -0.64889572542355   -4.11536720861145
   2.59861615975916   -0.64549960862880   -4.10339497790058
   2.59576812047368   -0.64479215199376   -4.10078804038417
   2.58444827733617   -0.64198028834565   -4.09135210064461
   2.57850751398903   -0.64050459506132   -4.08595921343890
   2.56978921008138   -0.63833895711623   -4.07855694493459
   2.56166375416475   -0.63632058337741   -4.07094102094620
   2.55527712463512   -0.63473413635777   -4.06534886138747
   2.54442575361251   -0.63203864178776   -4.05614132542761
   2.54091345105198   -0.63116618129771   -4.05323496766395
   2.52734380678198   -0.62779546414403   -4.04110685739148
   2.52640015118276   -0.62756105887502   -4.04022893968598
   2.51198911148956   -0.62398133801207   -4.02808278154053
   2.51009660729578   -0.62351123752731   -4.02633535757962
   2.49787440381665   -0.62047522640549   -4.01596445662048
   2.49302577717069   -0.61927082128756   -4.01142163342215
   2.48318374598023   -0.61682604803481   -4.00299249371850
   2.47599850861964   -0.61504122579904   -3.99649802267135
   2.46873903621465   -0.61323796348241   -3.99064870988198
   2.45850616458432   -0.61069610495986   -3.98190392807962
   2.45409813473662   -0.60960114465538   -3.97814072219288
   2.43978247562200   -0.60604511645127   -3.96742939674070
   2.43881446076965   -0.60580466031234   -3.96659766695854
   2.42540502915986   -0.60247374019028   -3.95612994240504
   2.41975831996431   -0.60107109033679   -3.95184081352625
   2.41093082587312   -0.59887832940916   -3.94533478259149
   2.39994344826353   -0.59614905062737   -3.93696326726725
   2.39628355115682   -0.59523992746151   -3.93425098149355
   2.38228218741647   -0.59176197063409   -3.92443971744652
   2.37934233748106   -0.59103170811510   -3.92197704232160
   2.36771910936423   -0.58814448324649   -3.91341832623609
   2.35961948040330   -0.58613252495681   -3.90703246191399
   2.35323589910831   -0.58454683512259   -3.90227945860853
   2.33965347670550   -0.58117294386423   -3.89226198524209
   2.33869732891695   -0.58093543551927   -3.89140620039354
   2.32436150924728   -0.57737439940726   -3.88091298687690
   2.31900190671626   -0.57604306721987   -3.87711736316270
   2.31018607899687   -0.57385320423405   -3.87054371333310
   2.29927435511121   -0.57114271793494   -3.86218468814104
   2.29564627622298   -0.57024149845563   -3.85942422774757
   2.28142930040418   -0.56670998330960   -3.84875468623928
   2.27941871890342   -0.56621055226936   -3.84720389741393
   2.26697425558640   -0.56311933151689   -3.83795701546249
   2.25963200733953   -0.56129550757429   -3.83236286142349
   2.25219639247143   -0.55944849124244   -3.82694548247756
   2.23952414292875   -0.55630068809748   -3.81777444031155
   2.23758869364765   -0.55581991999759   -3.81611160273922
   2.22367101871384   -0.55236275157775   -3.80613807056836
   2.21970463117198   -0.55137749579216   -3.80293542334343
   2.20915497098418   -0.54875694658299   -3.79520630387813
   2.19997484346377   -0.54647659105632   -3.78799169461407
   2.19463586310722   -0.54515038144369   -3.78408418956903
   2.18014093392988   -0.54154982232458   -3.77388531371444
   2.17913938479331   -0.54130103622616   -3.77310468919500
   2.16576735377466   -0.53797940645922   -3.76258782784824
   2.15935116657472   -0.53638561727612   -3.75810109245251
   2.15160537786971   -0.53446155336278   -3.75236353696506
   2.13955974887814   -0.53146940357162   -3.74321767454947
   2.13687616223539   -0.53080279718532   -3.74132688219144
   2.12216106566238   -0.52714754820092   -3.73066039120966
   2.11948744239236   -0.52648341672928   -3.72875659830642
   2.10790488083807   -0.52360629348730   -3.72027273032013
   2.09903061216498   -0.52140191369314   -3.71357232764788
   2.09352173337866   -0.52003350109123   -3.70910221212536
   2.07971758612570   -0.51660453309387   -3.69891606370667
   2.07872841045547   -0.51635882058046   -3.69810644619612
   2.06493020748462   -0.51293132915045   -3.68781647974650
   2.05911248405662   -0.51148619914086   -3.68385057285703
   2.05033157149385   -0.50930500912501   -3.67745641034128
   2.03969403873819   -0.50666263225655   -3.66868543801783
   2.03606682079349   -0.50576162663673   -3.66592683206277
   2.02165178651386   -0.50218091351335   -3.65533279102713
   2.01890792146371   -0.50149933389284   -3.65353902373122
   2.00716311773006   -0.49858190948408   -3.64486802731035
   1.99973002044621   -0.49673551852341   -3.63928431224459
   1.99286068627351   -0.49502916704731   -3.63428605679971
   1.98007600736617   -0.49185343630303   -3.62428810089045
   1.97844275213408   -0.49144773359502   -3.62312668143731
   1.96411565211948   -0.48788886345659   -3.61266126071595
   1.95946453067284   -0.48673351888513   -3.60915102776813
   1.94960870713409   -0.48428531959525   -3.60173768344406
   1.93978303270303   -0.48184460938265   -3.59418061079435
   1.93508716675153   -0.48067815021842   -3.59062204489086
   1.92059136653232   -0.47707737473139   -3.58042928894315
   1.91958818559954   -0.47682818329268   -3.57965200479629
   1.90650426200842   -0.47357811978266   -3.57007072939540
   1.89980324323241   -0.47191357806837   -3.56482643940759
   1.89169518221749   -0.46989952524560   -3.55907391060984
   1.87799291147609   -0.46649586350522   -3.54973334169184
   1.87696253619704   -0.46623991695580   -3.54903953867634
   1.86287851915308   -0.46274142894107   -3.54103438735851
   1.85278989576279   -0.46023540186755   -3.53502856083248
   1.84832429247106   -0.45912614024525   -3.53217467587904
   1.83405894948543   -0.45558261063254   -3.52316911041532
   1.82841490323920   -0.45418062225910   -3.51990859071281
   1.81933078213939   -0.45192411485124   -3.51461165943244
   1.80488941655140   -0.44833686099688   -3.50626151968420
   1.80388518640078   -0.44808740893111   -3.50552018142877
   1.79079888152298   -0.44483675390640   -3.49769615340105
   1.77899297004371   -0.44190415025473   -3.48974019757779
   1.77614629925399   -0.44119703355581   -3.48817623611666
   1.76223530960258   -0.43774152576875   -3.48019025275139
   1.75460689184262   -0.43584661694968   -3.47535377037335
   1.74766630992040   -0.43412256744063   -3.47123977376819
   1.73290457902564   -0.43045573443050   -3.46214092666873
   1.72930155179303   -0.42956073781479   -3.46028094103727
   1.71884122236443   -0.42696237848152   -3.45394400239689
   1.70521308728484   -0.42357713213524   -3.44550068535912
   1.70419256164814   -0.42332363224969   -3.44476775913731
   1.68990782258128   -0.41977528462536   -3.43585064256622
   1.68073444491149   -0.41749660577030   -3.43058421504693
   1.67547288788601   -0.41618962821305   -3.42760573387829
   1.66132390660328   -0.41267500299754   -3.41894821353147
   1.65578920428115   -0.41130017579600   -3.41545252416272
   1.64672292235778   -0.40904809966260   -3.40990289530323
   1.63223768666751   -0.40544994841820   -3.40157370180953
   1.63047532251485   -0.40501217488765   -3.40057274161031
   1.61801094503888   -0.40191600743240   -3.39256310068760
   1.60766949373896   -0.39934717757975   -3.38622399337826
   1.60311005187250   -0.39821460633435   -3.38353735344099
   1.58903487948948   -0.39471831534482   -3.37536828239448
   1.58161950980667   -0.39287632794314   -3.37112067838997
   1.57441101305085   -0.39108572804357   -3.36672396579750
   1.56018279219809   -0.38755141961658   -3.35788128807628
   1.55665875975160   -0.38667604540771   -3.35587876328952
   1.54614709394851   -0.38406493405275   -3.34935072968257
   1.53312427691099   -0.38083004948952   -3.34122072139972
   1.53136205785319   -0.38039231200072   -3.34021994834616
   1.51697396677067   -0.37681829160229   -3.33173003545920
   1.50780077424929   -0.37453965873833   -3.32646763027283
   1.50223660080950   -0.37315751087312   -3.32311787785626
   1.48840234559843   -0.36972106402009   -3.31482962836318
   1.48286764284012   -0.36834623671020   -3.31133648896713
   1.47349347482581   -0.36601768127437   -3.30596531244483
   1.45843947887104   -0.36227824924605   -3.29911323113377
   1.45216966619914   -0.36072081968467   -3.29714379849990
   1.44353068068443   -0.35857488453078   -3.29571087055653
   1.42909682283934   -0.35498949560944   -3.29430950978558
   1.41462008648366   -0.35139345561072   -3.29407608001917
   1.40014385666194   -0.34779754143569   -3.29431618899757
   1.38588784209110   -0.34425632901325   -3.29428771783620
   1.37141059164478   -0.34066016131376   -3.29405458917722
   1.35700760630596   -0.33708244116283   -3.29404757364489
   1.34253071710514   -0.33348636319718   -3.29428821116509
   1.32827712293223   -0.32994575200471   -3.29425970435238
   1.31379917697299   -0.32634941153891   -3.29402697129159
   1.29939653986626   -0.32277177788928   -3.29402025192139
   1.28499398764987   -0.31919416532653   -3.29401360659148
   1.27059151945676   -0.31561657363526   -3.29400703530178
   1.25618913441985   -0.31203900260010   -3.29400053805218
   1.24178683167207   -0.30846145200567   -3.29399411484259
   1.22738461034636   -0.30488392163659   -3.29398776567291
   1.21298246957562   -0.30130641127746   -3.29398149054305
   1.19858040849281   -0.29772892071292   -3.29397528945292
   1.18417842623083   -0.29415144972758   -3.29396916240242
   1.16977652192262   -0.29057399810605   -3.29396310939146
   1.15537332944809   -0.28699622650234   -3.29349312417245
   1.14097294369919   -0.28341915209291   -3.29395122548777
   1.12656991572267   -0.27984142135072   -3.29348139061557
   1.11216832102118   -0.27626404663590   -3.29347563488233
   1.09784648842797   -0.27270648493175   -3.29323157740515
   1.08328709971706   -0.26908991398129   -3.29324899356580
   1.06904417765185   -0.26555195375416   -3.29322040296087
   1.05456296258997   -0.26195480123903   -3.29298941479534
   1.04016172501868   -0.25837751523582   -3.29298402948596
   1.02576055673068   -0.25480024644266   -3.29297871819666
   1.01135945685890   -0.25122299464418   -3.29297348092735
   0.99695842453627   -0.24764575962500   -3.29296831767793
   0.98255745889571   -0.24406854116972   -3.29296322844832
   0.96815655907015   -0.24049133906298   -3.29295821323841
   0.95375572419250   -0.23691415308939   -3.29295327204812
   0.93935495339570   -0.23333698303355   -3.29294840487734
   0.92495424581265   -0.22975982868010   -3.29294361172599
   0.91055360057630   -0.22618268981365   -3.29293889259398
   0.89615301681955   -0.22260556621881   -3.29293424748120
   0.88175125128128   -0.21902814906791   -3.29246569065725
   0.86735203027655   -0.21545136398243   -3.29292517931299
   0.85295039627242   -0.21187397950479   -3.29245677245027
   0.83855005621803   -0.20829691644593   -3.29245242436146
   0.82414977330756   -0.20471986758169   -3.29244815028230
   0.80974954667394   -0.20114283269670   -3.29244395021270
   0.79535057911663   -0.19756611056788   -3.29290380422264
   0.78103457649303   -0.19400999703570   -3.29219707662447
   0.76646535084061   -0.19039098257628   -3.29221748080002
   0.75223501263541   -0.18685614819621   -3.29218917961502
   0.73766487459458   -0.18323690709833   -3.29220982657053
   0.72343565617174   -0.17970235087365   -3.29218158030009
   0.70894970124778   -0.17610402097067   -3.29195268896972
   0.69454989134046   -0.17252708960103   -3.29194908102218
   0.68015012990690   -0.16895017027233   -3.29194554707398
   0.66575041608003   -0.16537326276919   -3.29194208712501
   0.65135074899275   -0.16179636687623   -3.29193870117519
   0.63694999517663   -0.15821920103842   -3.29147141911286
   0.62263854067708   -0.15466421726613   -3.29122937873740
   0.60806426887966   -0.15104394933777   -3.29125116947711
   0.59375253069796   -0.14748889509846   -3.29192589736553
   0.57935308430243   -0.14391205402562   -3.29192288141006
   0.56495257908611   -0.14033494994032   -3.29145597330445
   0.55055431525558   -0.13675840261815   -3.29191707149481
   0.53615499087009   -0.13318159185275   -3.29191427753484
   0.52175462440593   -0.12960452223367   -3.29144759369204
   0.50735538347240   -0.12602773219785   -3.29144494846611
   0.49295617974033   -0.12245095140293   -3.29144237722911
   0.47864766214383   -0.11889669716114   -3.29120106436480
   0.46415807994494   -0.11529746623838   -3.29097352370906
   0.44975898035247   -0.11172071131187   -3.29097117432855
   0.43535991449375   -0.10814396476486   -3.29096889892730
   0.42087076337889   -0.10454484092393   -3.29121720770586
   0.40665360442613   -0.10101328028718   -3.29118969736934
   0.39207229048120   -0.09739126308030   -3.29121308617405
   0.37785620488379   -0.09385996906640   -3.29118567140658
   0.36336506085863   -0.09026035018398   -3.29095863160662
   0.34896617919369   -0.08668364939095   -3.29095680007896
   0.33456732519290   -0.08310695546972   -3.29095504252992
   0.32016849798919   -0.07953026820492   -3.29095335895939
   0.30589142901789   -0.07598382584223   -3.29071478389779
   0.29125066666176   -0.07234704157326   -3.29073884888523
   0.27697216848962   -0.06880024419524   -3.29094875211805
   0.26257247485987   -0.06522334170909   -3.29048341288273
   0.24817377507766   -0.06164668609596   -3.29048209977511
   0.23377509688982   -0.05807003584690   -3.29048086063621
   0.21947163680327   -0.05451703789711   -3.29024091646369
   0.20497796075433   -0.05091679005672   -3.29001466829286
   0.19057933989689   -0.04734015404860   -3.29001365078265
   0.17608635582042   -0.04374007809506   -3.29026371432646
   0.16187820492640   -0.04021075507173   -3.29023703222457
   0.14738358261629   -0.03661027217884   -3.29001104200625
   0.13298502906302   -0.03303365288917   -3.29001032033189
   0.11858649016808   -0.02945703724064   -3.29000967261627
   0.10418796506436   -0.02588042501787   -3.29000909885930
   0.08978945288479   -0.02230381600548   -3.29000859906089
   0.07539095276226   -0.01872720998807   -3.29000817322095
   0.06099246382970   -0.01515060675026   -3.29000782133938
   0.04659398522000   -0.01157400607666   -3.29000754341610
   0.03219551606607   -0.00799740775189   -3.29000733945102
   0.01792382998678   -0.00445230250653   -3.28977039008686
   0.00327328616913   -0.00081308850989   -3.28979627936106
  -0.01090145728431    0.00270793606208   -3.28930459162856
  -0.02539812869012    0.00630892795298   -3.28942410108349
  -0.03979742709560    0.00988573226491   -3.28907954641644
  -0.05419499865365    0.01346210762570   -3.28941990411548
  -0.06859427656619    0.01703890684716   -3.28908009980590
  -0.08299269708856    0.02061549309178   -3.28908048740913
  -0.09739028052483    0.02419187140314   -3.28941413629323
  -0.11178953404288    0.02776866456498   -3.28908148443212
  -0.12628760676970    0.03137000454583   -3.28933353617465
  -0.14048498467781    0.03489665154555   -3.28930823661652
  -0.15498479225477    0.03849842246542   -3.28908353450663
  -0.16938321586854    0.04207500947795   -3.28908436574178
  -0.18378164303237    0.04565159737233   -3.28908527091527
  -0.19818007461337    0.04922818636393   -3.28908625002701
  -0.21257851147861    0.05280477666815   -3.28908730307692
  -0.22697695449520    0.05638136850038   -3.28908843006490
  -0.24137540453024    0.05995796207599   -3.28908963099087
  -0.25564012829265    0.06350133787285   -3.28881859801171
  -0.27017221492965    0.06711112695290   -3.28846950259067
  -0.28457069379217    0.07068772768930   -3.28846856376620
  -0.29896918316272    0.07426433103591   -3.28846769522578
  -0.30814720585824    0.07654416372135   -3.28773438706698
  -0.32776692544338    0.08141772739333   -3.28817050287849
  -0.34216544467577    0.08499433815765   -3.28817222094061
  -0.35656326306792    0.08857077483236   -3.28846492382673
  -0.37096252587143    0.09214757030071   -3.28817587882104
  -0.38536108956889    0.09572419211021   -3.28817781863919
  -0.39975966982222    0.09930081803222   -3.28817983237583
  -0.41415826749854    0.10287744828211   -3.28818192003088
  -0.42855688346493    0.10645408307529   -3.28818408160426
  -0.44295551858850    0.11003072262713   -3.28818631709587
  -0.45721506413083    0.11357281214744   -3.28788612908335
  -0.47188987109562    0.11721805314116   -3.28792572367564
  -0.48615154757322    0.12076067198854   -3.28819346707923
  -0.50041000191501    0.12430249045323   -3.28788695867493
  -0.51494894424578    0.12791398249646   -3.28753519002394
  -0.52934771545594    0.13149065585239   -3.28753544429283
  -0.54374713522008    0.13506749030997   -3.28727614140216
  -0.55814533448971    0.13864402159513   -3.28753616338534
  -0.57254418404761    0.14222071441274   -3.28753662819811
  -0.58694366310002    0.14579756359759   -3.28728484148701
  -0.60134196758116    0.14937412101743   -3.28753776832889
  -0.61574090329109    0.15295083523531   -3.28753844363551
  -0.63014044923118    0.15652770103515   -3.28729420666067
  -0.64453943937720    0.16010442877503   -3.28729747618233
  -0.65893846168619    0.16368116450423   -3.28730081960241
  -0.67333751702527    0.16725790843815   -3.28730423692080
  -0.68773660626152    0.17083466079217   -3.28730772813743
  -0.70213573026206    0.17441142178168   -3.28731129325220
  -0.71653488989398    0.17798819162208   -3.28731493226504
  -0.73093408602438    0.18156497052874   -3.28731864517585
  -0.74533331952038    0.18514175871707   -3.28732243198455
  -0.75954528267590    0.18867202871107   -3.28689607841026
  -0.77413187805412    0.19229535783281   -3.28586708540132
  -0.78853123576779    0.19587217687697   -3.28586830087612
  -0.80293063433991    0.19944900607041   -3.28586958708085
  -0.81733055753142    0.20302596558000   -3.28569939056279
  -0.83173003259949    0.20660281377514   -3.28570111438759
  -0.84612955112493    0.21017967276515   -3.28570290822949
  -0.86052911397487    0.21375654276542   -3.28570477208136
  -0.87492872201646    0.21733342399135   -3.28570670593604
  -0.88932793235951    0.22091020642846   -3.28587878905177
  -0.90372807714318    0.22448722098182   -3.28571078362464
  -0.91812782596261    0.22806413717715   -3.28571292744382
  -0.93252762344228    0.23164106545975   -3.28571514123627
  -0.94692747044934    0.23521800604501   -3.28571742499444
  -0.96132736785093    0.23879495914835   -3.28571977871067
  -0.97572731651422    0.24237192498515   -3.28572220237724
  -0.99012731730634    0.24594890377083   -3.28572469598637
  -1.00452737109445    0.24952589572077   -3.28572725953018
  -1.01877350607790    0.25306465404095   -3.28516223861106
  -1.03348046135248    0.25671788071631   -3.28520336381416
  -1.04772821927072    0.26025704217558   -3.28553213866270
  -1.06212813354979    0.26383399947130   -3.28573821289230
  -1.07652881009390    0.26741114611464   -3.28553866186785
  -1.09072744308311    0.27093810487813   -3.28536277458958
  -1.10532970074341    0.27456532453095   -3.28481919293557
  -1.11988501453337    0.27818088326579   -3.28522205997106
  -1.13397317391844    0.28168040024339   -3.28518776342690
  -1.14853139818665    0.28529668194478   -3.28482876479962
  -1.16293208791255    0.28887383186249   -3.28483209508078
  -1.17733284103944    0.29245099752909   -3.28483549517737
  -1.19189048400175    0.29606713483334   -3.28523952984905
  -1.20630915974027    0.29964875249981   -3.28603490870387
  -1.22080919747616    0.30325058059145   -3.28879555181810
  -1.23517494355507    0.30681905046215   -3.29368828291668
  -1.24764287390924    0.30991610045693   -3.29973809741207
  -1.24940336288588    0.31035340819134   -3.30073481089954
  -1.26402022084441    0.31398425457709   -3.30954860105908
  -1.27298442804856    0.31621097521846   -3.31439816914151
  -1.27823101910327    0.31751423520926   -3.31740905841070
  -1.29259508867997    0.32108228863464   -3.32581102500958
  -1.29893600004802    0.32265737920392   -3.32954609727861
  -1.30704390340323    0.32467139286382   -3.33406089984425
  -1.32151646866852    0.32826639675830   -3.34232770619346
  -1.32426577260494    0.32894932740518   -3.34409799790418
  -1.33594822089043    0.33185126264013   -3.35061744168008
  -1.35016896774106    0.33538371451534   -3.35837819936940
  -1.35115506925383    0.33562866340406   -3.35915368893351
  -1.36494485189815    0.33905406321409   -3.36790701714031
  -1.37644249068337    0.34191009153060   -3.37380358741634
  -1.37922059402089    0.34260017598589   -3.37560337196342
  -1.39355779066192    0.34616155413936   -3.38404633426242
  -1.40161703919224    0.34816348187795   -3.38851853846070
  -1.40805413979750    0.34976246597792   -3.39228529552276
  -1.42235132929901    0.35331390630629   -3.40079079328212
  -1.42766107889020    0.35463285495908   -3.40370549732460
  -1.43676663043920    0.35689468571818   -3.40911983143975
  -1.45106579117575    0.36044661570387   -3.41670768754207
  -1.45468762616109    0.36134628418965   -3.41863732108855
  -1.46564876342462    0.36406904483560   -3.42562293004970
  -1.47919205386267    0.36743321566340   -3.43304695922397
  -1.48018656150527    0.36768025264563   -3.43382437993716
  -1.49457304830086    0.37125387453712   -3.44220139514275
  -1.50521136334525    0.37389644572711   -3.44810949969977
  -1.50875499254358    0.37477668779443   -3.45002586910832
  -1.52318884292305    0.37836207486130   -3.45834379607173
  -1.53127490206043    0.38037066238929   -3.46296015925149
  -1.53760903549948    0.38194406931226   -3.46668203554479
  -1.55203371764020    0.38552717897679   -3.47496532033987
  -1.55659737637234    0.38666079769706   -3.47763131552877
  -1.56640214481440    0.38909631483501   -3.48342208088065
  -1.58087934117567    0.39269246909972   -3.49156891158131
  -1.58267991899217    0.39313973495369   -3.49249792128926
  -1.59521187523915    0.39625268906290   -3.50014184887310
  -1.60869834931409    0.39960274663276   -3.50754619674481
  -1.60973314505996    0.39985979123185   -3.50836278670930
  -1.62409358274092    0.40342694248964   -3.51664959518212
  -1.63485608614216    0.40610036222779   -3.52241919956171
  -1.63856649311790    0.40702203211031   -3.52506027612697
  -1.65272393433525    0.41053875878449   -3.53281403869304
  -1.66010672227775    0.41237265283982   -3.53708747131990
  -1.66739146736586    0.41418219292356   -3.54176876913642
  -1.68167406975024    0.41773000979320   -3.55022600268527
  -1.68524666920796    0.41861744811036   -3.55213963021392
  -1.69616983105668    0.42133077561425   -3.55945537086109
  -1.70844570846907    0.42438011941038   -3.56743433586066
  -1.71039483808701    0.42486428572360   -3.56905143045987
  -1.72495997914703    0.42848228556500   -3.57901956997474
  -1.72864952121839    0.42939877257834   -3.58166534877770
  -1.73939059366635    0.43206686884003   -3.58917999569337
  -1.75104065567352    0.43496075928163   -3.59674343805134
  -1.75373616837418    0.43563032811611   -3.59863811231250
  -1.76811321769866    0.43920160572759   -3.60889614624796
  -1.77251386673587    0.44029473262922   -3.61182076202835
  -1.78261320342913    0.44280342090102   -3.61890667210038
  -1.79413702816807    0.44566595384224   -3.62670180573032
  -1.79679972632075    0.44632737150063   -3.62861496182836
  -1.81124019577341    0.44991440275382   -3.63872114886023
  -1.81495046564282    0.45083603857896   -3.64132681355652
  -1.82583769571450    0.45354044058305   -3.64863542442054
  -1.83665094906293    0.45622646667360   -3.65622459180419
  -1.84024091504987    0.45711821885903   -3.65896902241706
  -1.85439333172685    0.46063369743089   -3.66859856799628
  -1.85808177049735    0.46154991038288   -3.67130211246672
  -1.86886175200831    0.46422767170604   -3.67869973245275
  -1.87978113404898    0.46694006030074   -3.68592130812866
  -1.88346989144506    0.46785635239973   -3.68870048856075
  -1.89789428567711    0.47143939054737   -3.69877533920464
  -1.90140388175699    0.47231117874414   -3.70078963634925
  -1.91242143203317    0.47504795245526   -3.70890593174173
  -1.92290864497421    0.47765298968772   -3.71587785911686
  -1.92658049148573    0.47856508110115   -3.71855809951996
  -1.94106016588974    0.48216185091487   -3.72867214431197
  -1.94376213882152    0.48283302447909   -3.73053061103422
  -1.95552289121836    0.48575441055638   -3.73876251419359
  -1.96542237386135    0.48821345482411   -3.74541364915355
  -1.96998004338632    0.48934558581759   -3.74905577910493
  -1.98399769791772    0.49282758929853   -3.75790266719166
  -1.98777830594597    0.49376669721312   -3.76050559303445
  -1.99875528557838    0.49649339312396   -3.76849985200924
  -2.00791894773015    0.49876965863180   -3.77492798659807
  -2.01325409538587    0.50009491619660   -3.77863897296988
  -2.02752723497304    0.50364038249520   -3.78814735941117
  -2.03022946416947    0.50431161971590   -3.79000609960100
  -2.04198974006537    0.50723288742974   -3.79823938794433
  -2.05115617680559    0.50950984214893   -3.80466786875095
  -2.05645294134420    0.51082556529789   -3.80853390116122
  -2.07059680379525    0.51433891898900   -3.81812407465936
  -2.07254677122780    0.51482329341645   -3.81974210114238
  -2.08509663172446    0.51794069496439   -3.82812261486216
  -2.09439551297721    0.52025054907147   -3.83440997046079
  -2.09969253981658    0.52156633737628   -3.83827628389295
  -2.11383497779257    0.52507933722594   -3.84786728920874
  -2.11578505275985    0.52556373836516   -3.84948543252598
  -2.12826256528575    0.52866316858377   -3.85805863329278
  -2.13742464977404    0.53093904219796   -3.86436209007756
  -2.14281349664083    0.53227763871612   -3.86813258695893
  -2.15707530706235    0.53582029083535   -3.87761276609524
  -2.15902549123949    0.53630471910244   -3.87923102747191
  -2.17150340489367    0.53940424896183   -3.88780491453193
  -2.18066676591387    0.54168043966820   -3.89410875970813
  -2.18626729440775    0.54307161817578   -3.89849434505901
  -2.20044510685916    0.54659340509080   -3.90815154252439
  -2.20140957131677    0.54683297930709   -3.90898738518420
  -2.21481611467165    0.55016318198291   -3.91939941308961
  -2.22116319939580    0.55173980602181   -3.92416573715038
  -2.22942532123968    0.55379212775338   -3.93123043553132
  -2.23914972148086    0.55620768132648   -3.93899216517986
  -2.24360386001624    0.55731409508850   -3.94277253384889
  -2.25637957372364    0.56048759886555   -3.95360585933130
  -2.25831849793998    0.56096923014384   -3.95534874851171
  -2.27258207002126    0.56451231986162   -3.96674290789591
  -2.27517925091432    0.56515746294815   -3.96872339840685
  -2.28702550631635    0.56810008808231   -3.97877829421937
  -2.29325490956220    0.56964747989009   -3.98365621314827
  -2.30142597107976    0.57167718211905   -3.99089643454339
  -2.31041037491505    0.57390891962967   -3.99821797753152
  -2.31591565637207    0.57527643865034   -4.00292301056535
  -2.32834603157987    0.57836415989829   -4.01334352555008
  -2.33023632137370    0.57883371032324   -4.01508924566171
  -2.34447914295946    0.58237164559115   -4.02647246360818
  -2.34638088708310    0.58284404128642   -4.02822810819329
  -2.35891840089488    0.58595837590190   -4.03852288680653
  -2.36438813998968    0.58731706615392   -4.04308927756733
  -2.37352018702053    0.58958547842491   -4.05039528216750
  -2.38250043740629    0.59181618421330   -4.05771821301725
  -2.38801241004531    0.59318536533222   -4.06242357295746
  -2.40045477885766    0.59627606580702   -4.07285536663470
  -2.40233305580488    0.59674263222537   -4.07459142723580
  -2.41657730635351    0.60028092244951   -4.08597624976831
  -2.41846784574558    0.60075053487499   -4.08772225794060
  -2.43101757479071    0.60386790377020   -4.09802835876505
  -2.43655895828663    0.60524439058394   -4.10266064153783
  -2.44570225435932    0.60751559713144   -4.11065580425881
  -2.45459785129147    0.60972527489268   -4.11722680502971
  -2.46011654861853    0.61109612643279   -4.12193247911790
  -2.47255980535497    0.61418704746908   -4.13236571622381
  -2.47443720804905    0.61465339672183   -4.13410198974048
  -2.48890294927047    0.61824670551500   -4.14613428928742
  -2.48984832330939    0.61848153764665   -4.14700741473958
  -2.50319144904824    0.62179598730478   -4.15740532466492
  -2.50872855606122    0.62317141183463   -4.16187399212427
  -2.51773083776032    0.62540759022970   -4.16941808257870
  -2.52669294174161    0.62763378842780   -4.17704648279262
  -2.53209421068550    0.62897547060594   -4.18155785404203
  -2.54467243783997    0.63209991846831   -4.19188459507247
  -2.54632890238578    0.63251138639981   -4.19297518598434
  -2.56079618781836    0.63610507877703   -4.20500921209704
  -2.56268715003548    0.63657479623280   -4.20675570930366
  -2.57523858700571    0.63969258937881   -4.21706479220651
  -2.58071006862359    0.64105171247581   -4.22163314500171
  -2.58992403439333    0.64334047346729   -4.22969595997230
  -2.59814946815179    0.64538368183107   -4.23634903769285
  -2.60421170663349    0.64688954969565   -4.24108388431323
  -2.61607622017399    0.64983671017497   -4.25118293282404
  -2.61866852511527    0.65048064206878   -4.25314888273394
  -2.63313741348059    0.65407473261657   -4.26518469670716
  -2.63480846710459    0.65448982449393   -4.26628544920413
  -2.64758004670283    0.65766230135292   -4.27723811968217
  -2.65210358185749    0.65878595332475   -4.28093863662319
  -2.66204668988231    0.66125583419364   -4.28922914932342
  -2.67028071311632    0.66330117619424   -4.29588381852937
  -2.67655641354866    0.66486006828291   -4.30126081980938
  -2.68820457610132    0.66775348689756   -4.31071929149739
  -2.69080004834883    0.66839820555433   -4.31277825909586
  -2.70507453905913    0.67194400747366   -4.32495061832712
  -2.70677541334656    0.67236650684231   -4.32607060620697
  -2.71936077163707    0.67549272608807   -4.33625424313789
  -2.72492297496996    0.67687438457619   -4.34068653686657
  -2.73417744314542    0.67917320641754   -4.34877128733491
  -2.74174385890485    0.68105271385964   -4.35519438319883
  -2.74890936749327    0.68283263544293   -4.36144689049774
  -2.76034110739353    0.68567229439135   -4.37026464875689
  -2.76315201863369    0.68637052837200   -4.37287731492286
  -2.77729298362848    0.68988316233123   -4.38449659477607
  -2.77821974672570    0.69011337148094   -4.38539800109655
  -2.79171039182093    0.69346446513762   -4.39642555977925
  -2.79631049914723    0.69460713773573   -4.40001607329673
  -2.80631648522322    0.69709263759370   -4.40832252978834
  -2.81456782645024    0.69914228140612   -4.41498038861420
  -2.82078093729408    0.70068562616021   -4.42051886433020
  -2.83155704671495    0.70336242565120   -4.42980975620435
  -2.83511935620060    0.70424730792601   -4.43268203339430
  -2.84935620432018    0.70778375937721   -4.44405483009249
  -2.85030669461663    0.70801986239383   -4.44492093709126
  -2.86379609398089    0.71137064660934   -4.45613131861067
  -2.86833902453542    0.71249911642353   -4.45980920365005
  -2.87824776492612    0.71496046032774   -4.46817990597609
  -2.88582261393624    0.71684206260020   -4.47454119262921
  -2.89295691953503    0.71861423332059   -4.48099535578243
  -2.90273643493454    0.72104347757017   -4.48966383103821
  -2.90699704392520    0.72210181834346   -4.49471003811812
  -2.91491817453987    0.72406943741350   -4.50501239830548
  -2.92133624533616    0.72566369448437   -4.51337010091478
  -2.92664106508643    0.72698141855831   -4.51997292562755
  -2.93582036614599    0.72926156879103   -4.53290571999972
  -2.93747202816297    0.72967184376817   -4.53485609312174
  -2.94858044163155    0.73243118801358   -4.54952025871244
  -2.95048534907951    0.73290436948269   -4.55223011384180
  -2.95941882461868    0.73512345633881   -4.56442250550777
  -2.96483489675520    0.73646881564912   -4.57186476646514
  -2.97086458555801    0.73796659813144   -4.57953136698050
  -2.97898894968210    0.73998470066757   -4.59069514240005
  -2.98170270011005    0.74065879977705   -4.59436348348538
  -2.99281395899389    0.74341885082728   -4.60906909424827
  -2.99386951530389    0.74368105237730   -4.61080830742209
  -3.00365107415433    0.74611080422273   -4.62396514667650
  -3.00802035667644    0.74719613964151   -4.62965963988120
  -3.01450096904606    0.74880593211993   -4.63889914197803
  -3.02236518817384    0.75075941430316   -4.64926695753373
  -3.02593178693766    0.75164536204020   -4.65396275399661
  -3.03654504371403    0.75428170872407   -4.66807392482408
  -3.03740327845788    0.75449489534233   -4.66904278766946
  -3.04788816697281    0.75709935518435   -4.68351507581515
  -3.05121041631406    0.75792460620939   -4.68746140422804
  -3.05865135610972    0.75977294526012   -4.69829117048605
  -3.06583254155278    0.76155676099434   -4.70780735352076
  -3.07017090442768    0.76263441593285   -4.71347872172173
  -3.08019325141296    0.76512397986180   -4.72743337653784
  -3.08100596067036    0.76532585789046   -4.72837435362862
  -3.09211598527024    0.76808560234297   -4.74304555969929
  -3.09487971380922    0.76877211607974   -4.74672272502895
  -3.10311252645312    0.77081715736819   -4.75761661587076
  -3.10950280258031    0.77240451020737   -4.76617164386356
  -3.11470392707803    0.77369647624672   -4.77285460600814
  -3.12344536611062    0.77586786098671   -4.78521889968434
  -3.12587786438955    0.77647209669930   -4.78817280217232
  -3.13636602276315    0.77907736877843   -4.80261738945287
  -3.13805222225618    0.77949622290920   -4.80457626592003
  -3.14813473674752    0.78200073252434   -4.81756854339248
  -3.15259352249428    0.78310830065966   -4.82412430622368
  -3.15864061765717    0.78461040690430   -4.83253911657207
  -3.16686579150566    0.78665355070611   -4.84379519066588
  -3.16950143892448    0.78730824892729   -4.84752538582014
  -3.18062268826978    0.79007078162105   -4.86219853631928
  -3.18146026572043    0.79027883694102   -4.86318155551678
  -3.19146758206192    0.79276466723866   -4.87710348158639
  -3.19583893200654    0.79385051620786   -4.88280104061663
  -3.20224777795370    0.79544248181429   -4.89191761870015
  -3.21027661609676    0.79743685557342   -4.90238654968953
  -3.21374722145520    0.79829895842465   -4.90706588073570
  -3.22425464690167    0.80090901646956   -4.92154689544495
  -3.22510353804525    0.80111988212545   -4.92255227050592
  -3.23517414875889    0.80362143482684   -4.93610072397499
  -3.23970673200304    0.80474733435578   -4.94206647325962
  -3.24652424723304    0.80644081393962   -4.95152448294588
  -3.25382715804277    0.80825486641206   -4.96081885343270
  -3.25828823048168    0.80936300256467   -4.96645125955613
  -3.26833506038108    0.81185864808110   -4.98039988711118
  -3.26912844593531    0.81205572607695   -4.98134841035322
  -3.27996898361788    0.81474852963131   -4.99624604894789
  -3.28251339951333    0.81538056582431   -4.99917652128665
  -3.29162355526553    0.81764354027343   -5.01105381541709
  -3.29702631211948    0.81898559205035   -5.01877380751598
  -3.30227852033144    0.82029024735026   -5.02627092238734
  -3.31145656926912    0.82257008655429   -5.03824369832627
  -3.31338643857447    0.82304946858100   -5.04093347661721
  -3.32424619711029    0.82574704662012   -5.05585575552597
  -3.32594080194255    0.82616798864802   -5.05775189601414
  -3.33544872663008    0.82852976941415   -5.07061542283358
  -3.34059364925996    0.82980777483697   -5.07723781658502
  -3.34623236664430    0.83120843951424   -5.08545110106978
  -3.35503751245781    0.83339564910085   -5.09684364670363
  -3.35768956067949    0.83405442130264   -5.10057696013885
  -3.36853313656747    0.83674797955115   -5.11547871731175
  -3.36936200989654    0.83695387275607   -5.11645026056155
  -3.37947826703539    0.83946676408841   -5.13002396047719
  -3.38403874068633    0.84059959163040   -5.13585886887153
  -3.39050943765018    0.84220692110922   -5.14506083184844
  -3.39845925650820    0.84418166637595   -5.15546812477814
  -3.40197621712465    0.84505528393311   -5.16019973264271
  -3.41257952773317    0.84768915997604   -5.17431978766975
  -3.41341057518844    0.84789559323673   -5.17528035542093
  -3.42390695817069    0.85050290831926   -5.18973921679508
  -3.42743801467958    0.85138002731430   -5.19460364058577
  -3.43453291337993    0.85314240931024   -5.20494155070018
  -3.44154122339736    0.85488328256558   -5.21339257901666
  -3.44622538972803    0.85604683552889   -5.21977731283734
  -3.45607177873827    0.85849269126970   -5.23296807009155
  -3.45711034230016    0.85875067179915   -5.23473001090805
  -3.46816480850371    0.86149661547429   -5.24934151680279
  -3.47072299187685    0.86213207152652   -5.25238429862169
  -3.47887676250054    0.86415747867513   -5.26416659336553
  -3.48511783750846    0.86570776976367   -5.27198322854569
  -3.49054155278115    0.86705502763886   -5.27943698734116
  -3.49950880535952    0.86928250475513   -5.29160581585113
  -3.50138924130360    0.86974960747109   -5.29434489653575
  -3.51284054853181    0.87259412696903   -5.30945733867415
  -3.51390448110084    0.87285840919260   -5.31119108438506
  -3.52316319833868    0.87515828650653   -5.32379919753234
  -3.52858074850356    0.87650401296098   -5.33063077091728
  -3.53483675252964    0.87805801243691   -5.33907361835016
  -3.54294029343648    0.88007094245900   -5.35026033944560
  -3.54567432552266    0.88075007955856   -5.35397061044907
  -3.55653529451748    0.88344795827726   -5.36889416233602
  -3.55734359179857    0.88364874036531   -5.36981168048505
  -3.56767329756417    0.88621465261207   -5.38358228163846
  -3.57204917183839    0.88730162543059   -5.38928648962005
  -3.57913767662219    0.88906241916941   -5.39871872500613
  -3.58626368056705    0.89083252774825   -5.40814023455670
  -3.58999862912745    0.89176029379208   -5.41364280256135
  -3.60050236330464    0.89436943492093   -5.42801495592331
  -3.60132294513753    0.89457326850751   -5.42901611559426
  -3.61193246860665    0.89720868783303   -5.44319652817361
  -3.61554905348900    0.89810705218645   -5.44785744950910
  -3.62303257512572    0.89996596862146   -5.45790479628903
  -3.62987193424466    0.90166487425551   -5.46676929481380
  -3.63433696978307    0.90277399484715   -5.47333464376510
  -3.64434019836566    0.90525880974020   -5.48722534657754
  -3.64516379369405    0.90546339188295   -5.48821830293278
  -3.65621034535614    0.90820736957577   -5.50283344928967
  -3.65878835341329    0.90884775010510   -5.50580956681851
  -3.66787247449571    0.91110425750864   -5.51819325898886
  -3.67318366222428    0.91242356339661   -5.52549292125987
  -3.67861042161227    0.91377157743397   -5.53295121570346
  -3.68758268973896    0.91600030041891   -5.54512748165573
  -3.68946421304476    0.91646767323692   -5.54786821560767
  -3.70114451140948    0.91936907442877   -5.56271767002605
  -3.70204610235250    0.91959303078288   -5.56375855517424
  -3.71149211170890    0.92193943170083   -5.57705155069375
  -3.71689163695713    0.92328068074272   -5.58410571211133
  -3.72297504324512    0.92479180671771   -5.59267443308934
  -3.73114033331620    0.92682007531191   -5.60381028196273
  -3.73381165519978    0.92748363511619   -5.60757156081878
  -3.74480348055638    0.93021401872408   -5.62215192047402
  -3.74571556554913    0.93044058181368   -5.62316283369230
  -3.75612612837926    0.93302657905965   -5.63679855679587
  -3.76041729088718    0.93409250936606   -5.64278171127360
  -3.76730310079689    0.93580295343650   -5.65235763445272
  -3.77438879086417    0.93756304799611   -5.66173518822491
  -3.77812596275356    0.93849136631773   -5.66724114207474
  -3.78879549846829    0.94114169276254   -5.68141245744004
  -3.78958181602310    0.94133701505821   -5.68237100031811
  -3.80006356248152    0.94394069440933   -5.69680984718054
  -3.80368219520744    0.94483956744973   -5.70147373846425
  -3.81125222456439    0.94671997251412   -5.71145966369840
  -3.81802834903724    0.94840317058045   -5.72040433706071
  -3.82249607122872    0.94951295854018   -5.72697377114969
  -3.83236148646036    0.95196354041895   -5.74012435832736
  -3.83337144171651    0.95221441460833   -5.74191737101412
  -3.84436628091204    0.95494554685770   -5.75648010876750
  -3.84694840398334    0.95558694956186   -5.75946334689081
  -3.85562758609814    0.95774286960311   -5.77173925160703
  -3.86135692271433    0.95916604421455   -5.77916119030420
  -3.86678689197317    0.96051485558797   -5.78662424198224
  -3.87586067063414    0.96276879392067   -5.79881823719422
  -3.87769477212321    0.96322438709819   -5.80159976673475
  -3.88853763099525    0.96591776723901   -5.81650758995759
  -3.89015470160842    0.96631944966679   -5.81834689042928
  -3.90034144476916    0.96884984981795   -5.83148133993758
  -3.90486983247718    0.96997470717030   -5.83788251229856
  -3.91113308047616    0.97153050605846   -5.84633604090152
  -3.91950958061961    0.97361123950728   -5.85729343545572
  -3.92228666697683    0.97430107134335   -5.86097570571065
  -3.93326850476746    0.97702897402696   -5.87597152143280
  -3.93399107520653    0.97720846145679   -5.87693839989357
  -3.94426868981049    0.97976143419175   -5.89100873797779
  -3.94838886476648    0.98078489096954   -5.89661282035253
  -3.95493710346150    0.98241148191448   -5.90578065020902
  -3.96284091240709    0.98437479825956   -5.91626181683118
  -3.96636391156258    0.98524991579761   -5.92100232820520
  -3.97722072934759    0.98794676335044   -5.93490430118219
  -3.97807052540131    0.98815785378718   -5.93588343634513
  -3.98856382343101    0.99076440256352   -5.95064546979034
  -3.99199899109287    0.99161770264517   -5.95519413621234
  -3.99959105984226    0.99350358232309   -5.96517230557929
  -4.00659211706111    0.99524265397390   -5.97492712043079
  -4.01076710637138    0.99627972670805   -5.98077765576786
  -4.02083265266954    0.99878002140209   -5.99366260129544
  -4.02196082045487    0.99906025973631   -5.99535685398291
  -4.03288405323767    1.00177360486033   -6.01031962730077
  -4.03554377442634    1.00243428303702   -6.01405772033495
  -4.04360696765674    1.00443719064420   -6.02532478609276
  -4.04964333381387    1.00593663178995   -6.03299559739593
  -4.05507667969229    1.00728628192004   -6.04046362735454
  -4.06405979862258    1.00951770025860   -6.05265585613807
  -4.06594367364246    1.00998565724542   -6.05540013690745
  -4.07625888494965    1.01254796905000   -6.07117532688429
  -4.07841518129030    1.01308359584457   -6.07968312905569
  -4.07981886988861    1.01343227390441   -6.08647720118877
  -4.08025020068955    1.01353941703217   -6.10142591196526
  -4.07892752250008    1.01321086206246   -6.11636466391279
  -4.07813605430804    1.01301426034186   -6.12848712068201
  -4.07753841495832    1.01286580595590   -6.13138434415716
  -4.07622366109723    1.01253921939959   -6.14624398080703
  -4.07449272786758    1.01210925335089   -6.16112231905723
  -4.07267829205015    1.01165854515159   -6.17607091837384
  -4.07142057460814    1.01134612651541   -6.19090471081031
  -4.07043533922647    1.01110139277477   -6.20586896579042
  -4.06769964182945    1.01042184200985   -6.22079518297253
  -4.06438182499102    1.00959769202422   -6.23545015765084
  -4.06242016113612    1.00911041219036   -6.23907190149908
  -4.05506133521852    1.00728247033294   -6.24998110263323
  -4.04780752981897    1.00548061570779   -6.25831498918178
  -4.04220076341869    1.00408788769620   -6.26463673097005
  -4.03316898047691    1.00184438115436   -6.27485454660010
  -4.02893889254650    1.00079362185184   -6.27972109028293
  -4.01879901703012    0.99827486368404   -6.29065593610729
  -4.01516932109958    0.99737324252934   -6.29441007132671
  -4.00433807812228    0.99468274779176   -6.30649217027638
  -4.00161485756986    0.99400629629115   -6.30936164263126
  -3.99034474682161    0.99120678623273   -6.32276129201841
  -3.98861141497676    0.99077622436492   -6.32462535685390
  -3.97576763245178    0.98758581220572   -6.33835275105629
  -3.97486630702158    0.98736192180534   -6.33928330797214
  -3.96202426755999    0.98417194262534   -6.35394412593289
  -3.96112294881454    0.98394805388546   -6.35487470667531
  -3.94783019742453    0.98064611728061   -6.36906680717209
  -3.94692888122292    0.98042222917263   -6.36999741352436
  -3.93431218390273    0.97728822527144   -6.38395915927881
  -3.93250955563006    0.97684045008150   -6.38582042442379
  -3.92051027777803    0.97385981397323   -6.39871589286676
  -3.91797266606632    0.97322946794825   -6.40164405711564
  -3.90704919558123    0.97051606377868   -6.41351189464853
  -3.90344395424223    0.96962051717608   -6.41723463583191
  -3.89353125064461    0.96715818880616   -6.42840546548472
  -3.88902470788318    0.96603875776674   -6.43305902471489
  -3.88001332735809    0.96380031921155   -6.44329944502296
  -3.87460548617538    0.96245700448080   -6.44888387606067
  -3.86626838170414    0.96038605696780   -6.45796065435105
  -3.86012081416175    0.95885899325440   -6.46473581606428
  -3.85230159165535    0.95691668829000   -6.47331937826676
  -3.84576711019142    0.95529351465902   -6.48053497394547
  -3.83853070844470    0.95349598312369   -6.48802450515107
  -3.83129724594861    0.95169918170201   -6.49638100212405
  -3.82510567403869    0.95016118724691   -6.50279719283295
  -3.81681441051482    0.94810162668441   -6.51001399093279
  -3.80769239904730    0.94583570726031   -6.51721144594926
  -3.80238586860780    0.94451755824896   -6.52117500817282
  -3.78763414167919    0.94085321023693   -6.52978462677000
  -3.78416496982986    0.93999146347122   -6.53185729876373
  -3.77347538895894    0.93733615778374   -6.53843628045617
  -3.76008861729806    0.93401086642224   -6.54715740453654
  -3.75897695600808    0.93373472832277   -6.54819934910658
  -3.74471906918843    0.93019305083131   -6.55605373088856
  -3.73636033738982    0.92811673106228   -6.56140351732667
  -3.73004127826997    0.92654706861966   -6.56546961705697
  -3.71578181040513    0.92300499839453   -6.57373541269401
  -3.71123406795594    0.92187533329949   -6.57647726204607
  -3.70135535833886    0.91942144907821   -6.58209533083027
  -3.68752801395120    0.91598671888265   -6.59086509928192
  -3.68645372031826    0.91571986295742   -6.59182027615317
  -3.67262936729010    0.91228587581942   -6.59918717649175
  -3.66168150495887    0.90956641268379   -6.60641790445518
  -3.65794880594576    0.90863920543040   -6.60910448022654
  -3.64380852602056    0.90512674164334   -6.61683965544779
  -3.63731599773615    0.90351398923631   -6.62129022665902
  -3.62925028929804    0.90151045684829   -6.62575825862614
  -3.61436613520046    0.89781321375655   -6.63487670166629
  -3.61341027249348    0.89757577622622   -6.63573313123295
  -3.60029628670896    0.89431824522854   -6.64345264572386
  -3.58858793883084    0.89140987650135   -6.65103700347261
  -3.58595200617681    0.89075510742737   -6.65271757437058
  -3.57164483281799    0.88720118709596   -6.66052751426765
  -3.56337689846860    0.88514742153052   -6.66590701857806
  -3.55692389226456    0.88354448645928   -6.67045424675806
  -3.54265172928444    0.87999926275113   -6.67781201092343
  -3.53881315721354    0.87904575649352   -6.68056945999261
  -3.52811841316027    0.87638916826488   -6.68715139828269
  -3.51451560023488    0.87301021197439   -6.69530274057675
  -3.51319794393089    0.87268290444752   -6.69644395604601
  -3.49931842683864    0.86923521448478   -6.70385391750926
  -3.48934350235908    0.86675743036747   -6.71053343729938
  -3.48492169214414    0.86565904700197   -6.71314103117988
  -3.47025113095692    0.86201486066489   -6.72116414282553
  -3.46310351544823    0.86023938374570   -6.72501144560059
  -3.45601046529185    0.85847746093046   -6.72851087531041
  -3.44159881564047    0.85489758855311   -6.73368758482118
  -3.42717211826997    0.85131397830290   -6.73869905722135
  -3.42538643073010    0.85087041121286   -6.73947400662708
  -3.41287351739483    0.84776218738751   -6.74330769943542
  -3.39839213729095    0.84416499387574   -6.74794556191777
  -3.38384358398276    0.84055111445331   -6.75314357555607
  -3.38105040844204    0.83985728604329   -6.75411774044467
  -3.36938458709359    0.83695948096097   -6.75817524765320
  -3.35507895265007    0.83340594289810   -6.76277868739669
  -3.34064107888285    0.82981955641653   -6.76741221921974
  -3.33683847240215    0.82887498405795   -6.76913965997962
  -3.32617216831922    0.82622546035465   -6.77298469538261
  -3.31177012183630    0.82264797341674   -6.77720568101388
  -3.29738265614702    0.81907410836680   -6.78174291216542
  -3.29188331138076    0.81770806402777   -6.78410700216319
  -3.28299103158716    0.81549921024803   -6.78687247254098
  -3.26845459574157    0.81188834081895   -6.79151551469437
  -3.25377366662340    0.80824157907443   -6.79673883202035
  -3.24925681164964    0.80711958646816   -6.79857984802291
  -3.23954969939709    0.80470832725375   -6.80172343261462
  -3.22514449648661    0.80113005625516   -6.80635266347680
  -3.21070765705666    0.79754392670429   -6.81098752725419
  -3.20427036819249    0.79594489584056   -6.81349899375987
  -3.19602896445080    0.79389772051232   -6.81663411075017
  -3.18183536857533    0.79037201297439   -6.82119117543055
  -3.16749481263546    0.78680980036676   -6.82488360210094
  -3.15826321425197    0.78451665941126   -6.82823454099027
  -3.15227469033174    0.78302910233891   -6.83053705647145
  -3.13848850197091    0.77960459535354   -6.83467091610167
  -3.12420303289835    0.77605606639485   -6.83741314780579
  -3.10948732406714    0.77240066532472   -6.83909788452164
      
      
