# shadow point cont 3D ind 112  size 1181
# norm  0.6374240 -0.7705132  0.0000000
# angle  0.8796459
   2.61526941427224    2.16353901758729   -6.83731702672242
   2.62671420189492    2.17300696931515   -6.83475473149688
   2.63817723569856    2.18249001559664   -6.83125612957451
   2.64451305718436    2.18773146296652   -6.82922397933444
   2.64945438086319    2.19181928142199   -6.82711555964131
   2.66110333045374    2.20145613061830   -6.82198851647093
   2.67256755297318    2.21094016029102   -6.81828836374184
   2.68317573953721    2.21971601543308   -6.81433456624794
   2.68396557802732    2.22036942665780   -6.81365370999774
   2.69549423623054    2.22990676216404   -6.80902161386237
   2.70687554649908    2.23932220085761   -6.80581555339907
   2.71830515416888    2.24877759463630   -6.80131833356613
   2.72313493172662    2.25277313411511   -6.79911158863814
   2.72980285198931    2.25828931748641   -6.79654965587261
   2.74136597381824    2.26785516378335   -6.79161725769627
   2.75270550330678    2.27723603840974   -6.78815747123356
   2.76056590080051    2.28373872474050   -6.78452949751824
   2.76419260520678    2.28673899555214   -6.78285972627179
   2.77574293088780    2.29629425595489   -6.77845935839168
   2.78720823125117    2.30577917729765   -6.77476060247381
   2.79848940517839    2.31511177600529   -6.77070306741935
   2.79994679303228    2.31631743209121   -6.76985457768876
   2.81013697175331    2.32474748107156   -6.76549671432758
   2.82160261005465    2.33423268198093   -6.76179837216784
   2.83298894901749    2.34365228077221   -6.75788483545180
   2.83872858936472    2.34840052421145   -6.75528432429443
   2.84434332223073    2.35304543519563   -6.75302550283846
   2.85591374601647    2.36261732219659   -6.74839762447782
   2.86746294850311    2.37217165341214   -6.74420622953732
   2.87806967215707    2.38094629832974   -6.74025148599918
   2.87885952031923    2.38159971755588   -6.73957085946221
   2.89039321383183    2.39114121863230   -6.73494431189757
   2.90178590951406    2.40056607615920   -6.73027919480276
   2.90972512559108    2.40713396689274   -6.72598733117771
   2.91335240224490    2.41013471110873   -6.72330979932646
   2.92478195472094    2.41959005922718   -6.71577871689058
   2.93119054222660    2.42489170388392   -6.71110499433596
   2.93617241912519    2.42901307088040   -6.70731849229867
   2.94770251864253    2.43855159874537   -6.69905018244722
   2.95135563279161    2.44157371759634   -6.69644834866496
   2.95911476294599    2.44799262829821   -6.69065344068865
   2.97053382480494    2.45743929782344   -6.68214715580813
   2.97131130656704    2.45808248667373   -6.68137060852769
   2.98208389411174    2.46699434613500   -6.67395889069170
   2.99269401255440    2.47577179946605   -6.66629256267138
   2.99347328620737    2.47641647069740   -6.66549892088881
   3.00500517048645    2.48595647504568   -6.65723235480541
   3.01350541624516    2.49298848989573   -6.65145299140496
   3.01634778524531    2.49533990202965   -6.64953985737639
   3.02807069172455    2.50503793368519   -6.64088052463790
   3.03371276405436    2.50970546184079   -6.63696976960526
   3.03947420752724    2.51447174239421   -6.63239047882839
   3.05071137715658    2.52376793758070   -6.62445800488405
   3.05435926427905    2.52678573225919   -6.62173980324967
   3.06236087808701    2.53340524288502   -6.61557778211340
   3.07367604001860    2.54276595891516   -6.60781810515350
   3.07508666834140    2.54393293215281   -6.60683919381538
   3.08528285838399    2.55236795413085   -6.59885380582360
   3.09521985747408    2.56058855470523   -6.59216679633773
   3.09662087756212    2.56174757931981   -6.59116953075942
   3.10805264723827    2.57120476166571   -6.58270887082788
   3.11528856428418    2.57719083284117   -6.57730809698356
   3.11967433567082    2.58081905847079   -6.57379064672491
   3.13120004326903    2.59035395302427   -6.56464903502494
   3.13337333210417    2.59215185390808   -6.56284182820829
   3.14266829066186    2.59984131236183   -6.55351784810989
   3.14717260740704    2.60356760724089   -6.54820875426095
   3.15432890284910    2.60948780969720   -6.53890021056086
   3.15915951113171    2.61348403641138   -6.53308430678555
   3.16560019830418    2.61881223622195   -6.52470685004988
   3.17060961177790    2.62295638345454   -6.51819112124374
   3.17705031575529    2.62828459716735   -6.50981390081033
   3.18205974258649    2.63242875545020   -6.50329835542599
   3.18860646617498    2.63784467621300   -6.49506856240982
   3.19369017009049    2.64205028184392   -6.48863929535082
   3.20013090671118    2.64737852256162   -6.48026254421991
   3.20567723715521    2.65196684614106   -6.47351653318786
   3.21140235799699    2.65670307800077   -6.46607073550243
   3.21712747125734    2.66143930358857   -6.45862502026264
   3.22295408105401    2.66625949441348   -6.45131986255263
   3.22875799629547    2.67106091066954   -6.44396721666029
   3.23448314955672    2.67579716934897   -6.43652183099490
   3.24074520093279    2.68097758877663   -6.42884570080879
   3.24575473085148    2.68512183234087   -6.42233116399251
   3.25219554963740    2.69045014103156   -6.41395542505147
   3.25730134380155    2.69467402130546   -6.40757361228699
   3.26382618360085    2.70007183822339   -6.39929886225929
   3.26874573985444    2.70414164909862   -6.39266184816200
   3.27509636472374    2.70939534289239   -6.38417609456343
   3.28020276384240    2.71361972362820   -6.37779453600895
   3.28726401217893    2.71946129628055   -6.36928952225306
   3.29173667111237    2.72316140154009   -6.36300651991932
   3.29817758167276    2.72848978615322   -6.35463169450970
   3.30327446916930    2.73270629819088   -6.34727703469923
   3.30837398769760    2.73692498680732   -6.33997177260382
   3.31430190232975    2.74182898428061   -6.32499803354383
   3.31506509484865    2.74246035204087   -6.31915570881394
   3.31585316067966    2.74311229679445   -6.30984519011158
   3.31655387702221    2.74369197976673   -6.29487240256906
   3.31653230833616    2.74367413659784   -6.27989696694269
   3.31685530540478    2.74394134301134   -6.26505678101101
   3.31719364208557    2.74422123945565   -6.25005842801046
   3.31680720158197    2.74390154806824   -6.23513463447362
   3.31713799235662    2.74417520199609   -6.22021908526540
   3.31791940609221    2.74482164365774   -6.20545217913484
   3.31815839829078    2.74501935519893   -6.19038243037334
   3.31813077919024    2.74499650669188   -6.17546421723626
   3.31810322148273    2.74497370897356   -6.16054641931146
   3.31807572517305    2.74495096204794   -6.14562903565886
   3.31604769677499    2.74327323104859   -6.12999227704042
   3.31532689001939    2.74267692784122   -6.12812606322722
   3.30950862285880    2.73786363864509   -6.11459554405729
   3.30354336957217    2.73292875195044   -6.10549921399579
   3.29993966463138    2.72994750795136   -6.09996537042119
   3.29195673032668    2.72334345035454   -6.08698792847495
   3.29056477809827    2.72219192732584   -6.08501535537268
   3.28075890717452    2.71407980540480   -6.07077892564641
   3.28010309025508    2.71353726646565   -6.06977852695706
   3.27033262679611    2.70545443614690   -6.05455000452647
   3.26968558486198    2.70491915650693   -6.05354157421507
   3.26075990296827    2.69753519027758   -6.03955209210533
   3.25784251929745    2.69512172061107   -6.03517452058677
   3.25069605397417    2.68920965033626   -6.02461459592443
   3.24601155530459    2.68533429600597   -6.01772595810305
   3.24095843568218    2.68115399190271   -6.01030591952440
   3.23454169652878    2.67584560361648   -6.00091040026041
   3.23093704462220    2.67286357621917   -5.99537774348672
   3.22338921353465    2.66661946730750   -5.98382008591474
   3.22109659265127    2.66472284636793   -5.98015489377244
   3.21174152877011    2.65698366446626   -5.96622072878337
   3.21108517859968    2.65644068438353   -5.96522137339737
   3.20163568118678    2.64862338027030   -5.95033361177238
   3.20028230928509    2.64750377366357   -5.94837215940294
   3.19147732265358    2.64021965523866   -5.93536740292281
   3.18881363036725    2.63801605733747   -5.93156361408906
   3.18159057778417    2.63204062857120   -5.92041935553970
   3.17723548789959    2.62843778488750   -5.91385197716456
   3.17148303733894    2.62367894391808   -5.90548601900821
   3.16577291262894    2.61895511793750   -5.89704214641229
   3.16189905518427    2.61575038435082   -5.89080627290508
   3.15411085472610    2.60930742460217   -5.87953946597481
   3.15139274763185    2.60705881085695   -5.87562164929629
   3.14249585099864    2.59969865786608   -5.86190686398520
   3.14180489576827    2.59912704998807   -5.86094259310078
   3.13182517995110    2.59087111106375   -5.84603720802377
   3.13116420276919    2.59032430318422   -5.84504786684746
   3.12205256395767    2.58278650001362   -5.83048960684597
   3.11971673551352    2.58085413467117   -5.82707697071733
   3.11192040924345    2.57440445266629   -5.81590520588664
   3.10824000599746    2.57135975831102   -5.81027499015703
   3.10180024828680    2.56603232741813   -5.80097359881971
   3.09677217317267    2.56187274193397   -5.79347156340605
   3.09180237154396    2.55776136446949   -5.78604811983858
   3.08535326269677    2.55242619764368   -5.77572641303412
   3.08234797522474    2.54994000762849   -5.77111493761184
   3.07375321748069    2.54282980566441   -5.75820577296450
   3.07233357699380    2.54165537691624   -5.75619286837076
   3.06278561869252    2.53375661887227   -5.74149496022827
   3.06209295087559    2.53318359421945   -5.74053289207720
   3.05262760713511    2.52535318088397   -5.72647744806485
   3.05111271647357    2.52409995433846   -5.72411859772801
   3.04231265537731    2.51681991067068   -5.71107684023531
   3.03927408847371    2.51430618951537   -5.70671631171027
   3.03264861362852    2.50882512004720   -5.69671841020274
   3.02772940868848    2.50475559980381   -5.68917153117488
   3.02276237958282    2.50064651596987   -5.68155187412600
   3.01621847249141    2.49523292521609   -5.67221101267176
   3.01255118179115    2.49219907850205   -5.66686856671291
   3.00475017745436    2.48574552646381   -5.65465565717864
   3.00268170479088    2.48403433705830   -5.65170621240040
   2.99366715252511    2.47657685086332   -5.63725041669568
   2.99298970297782    2.47601641585804   -5.63627476916477
   2.98281975972467    2.46760310711258   -5.62157441063377
   2.98187848932162    2.46682442051456   -5.61996036812064
   2.97313902209055    2.45959450445155   -5.60691789404799
   2.97023449922869    2.45719167417150   -5.60243317788937
   2.96320982585402    2.45138035895902   -5.59201729439654
   2.95912210162431    2.44799869938090   -5.58609243814360
   2.95312716475507    2.44303925629110   -5.57708600130844
   2.94723108836201    2.43816159769982   -5.56793368890715
   2.94362226738034    2.43517612134365   -5.56240593966781
   2.93580957709780    2.42871290185033   -5.55096024416234
   2.93355637161200    2.42684888816342   -5.54747924902037
   2.92432508104017    2.41921210044822   -5.53417380359520
   2.92298315134368    2.41810195965684   -5.53232345733279
   2.91399829320250    2.41066903857811   -5.51788447377299
   2.91267737277047    2.40957627816183   -5.51590754535734
   2.90372017905309    2.40216624308479   -5.50219663746399
   2.90142190462307    2.40026494512469   -5.49873012209494
   2.89410042146839    2.39420808750792   -5.48781033407090
   2.88977189943941    2.39062722266582   -5.48122381922889
   2.88402127450924    2.38586989198928   -5.47288110537680
   2.87830772869879    2.38114323582827   -5.46443368570050
   2.87350494379102    2.37717002661152   -5.45774554447482
   2.86690613438208    2.37171101671070   -5.44746058797458
   2.86393774328062    2.36925535002778   -5.44304992664393
   2.85548385132258    2.36226168237661   -5.42990527216279
   2.85407747169328    2.36109822396390   -5.42789798014516
   2.84453845149328    2.35320686016038   -5.41321215914475
   2.84384629679512    2.35263425999632   -5.41225094006200
   2.83469180635098    2.34506100687221   -5.39842848204671
   2.83258389231943    2.34331718872939   -5.39523980826415
   2.82456648023901    2.33668460863595   -5.38313809861446
   2.82086978534041    2.33362643665352   -5.37774539911096
   2.81441987720637    2.32829060860013   -5.36847366317090
   2.80950077061235    2.32422116971565   -5.36093243048432
   2.80454704871351    2.32012309456059   -5.35332093488761
   2.79796278761951    2.31467612007257   -5.34323844682624
   2.79500895253168    2.31223249517137   -5.33863744866129
   2.78653886326543    2.30522542794153   -5.32644611707595
   2.78447811275873    2.30352062685968   -5.32350042703482
   2.77546568390189    2.29606489730134   -5.30905587544520
   2.77478873170646    2.29550487374130   -5.30808106437338
   2.76557013456309    2.28787858694337   -5.29391822492974
   2.76351354660417    2.28617722942053   -5.29105021721936
   2.75562218566230    2.27964892789777   -5.27901959753239
   2.75198963222373    2.27664381834581   -5.27336114749451
   2.74553841024893    2.27130690338881   -5.26409156740232
   2.74052616899569    2.26716041681356   -5.25658088195956
   2.73547606403059    2.26298260665171   -5.24917525545861
   2.72889249448027    2.25753620425838   -5.23906977573327
   2.72542213912733    2.25466527663233   -5.23426272588484
   2.71745476588166    2.24807409226310   -5.22227338615245
   2.71540296652525    2.24637669621678   -5.21936117324460
   2.70601386823280    2.23860935860146   -5.20536936073430
   2.70540383407957    2.23810469446040   -5.20447189475569
   2.69620257127721    2.23049274787649   -5.18934462964666
   2.69482273625969    2.22935124907643   -5.18741953510648
   2.68610907450529    2.22214268116031   -5.17439208407250
   2.68329995162902    2.21981877261199   -5.17065321415211
   2.67597077918673    2.21375555386329   -5.15974076961538
   2.67165698414886    2.21018687224779   -5.15316131213810
   2.66539505415597    2.20500655323702   -5.14459407927374
   2.66047434998582    2.20093579272263   -5.13710958429858
   2.65552583477286    2.19684202491273   -5.12945082060176
   2.64877189606724    2.19125468089675   -5.11866892594912
   2.64599424685049    2.18895680962398   -5.11477594166710
   2.63716290872871    2.18165089135044   -5.10195960982885
   2.63630480678055    2.18094100768194   -5.10034728309004
   2.62647744619164    2.17281110796378   -5.08521455588329
   2.62580081225300    2.17225134768865   -5.08424028446757
   2.61654557186675    2.16459474696387   -5.07005836533559
   2.61450446538688    2.16290619683433   -5.06724700371019
   2.60704409795221    2.15673444414899   -5.05538899387192
   2.60287441191190    2.15328497986432   -5.04974049072213
   2.59646848238688    2.14798553408039   -5.04025309590173
   2.59143135343248    2.14381845860818   -5.03296636113298
   2.58649063097591    2.13973113752702   -5.02536232205992
   2.57990770899416    2.13428527084899   -5.01528756388309
   2.57696133961083    2.13184782211569   -5.01069068921364
   2.56831022903888    2.12469100103801   -4.99775886503384
   2.56694223919880    2.12355930142094   -4.99579623473357
   2.55761398660900    2.11584229974845   -4.98089509032380
   2.55692245012704    2.11527021101731   -4.97993490739362
   2.54753429765361    2.10750365585153   -4.96598411912762
   2.54548346663787    2.10580706088627   -4.96314095899504
   2.53749772086289    2.09920067743897   -4.95108488567735
   2.53385250055271    2.09618508893947   -4.94563649975331
   2.52701216057110    2.09052626757177   -4.93597346936506
   2.52269391030967    2.08695390027480   -4.92942135060450
   2.51695260023598    2.08220427551770   -4.92106777211017
   2.51106501686259    2.07733364296332   -4.91193022911961
   2.50742152019747    2.07431948038703   -4.90639858705484
   2.49945258961588    2.06772700767747   -4.89441790645612
   2.49740352092638    2.06603187063528   -4.89150819084655
   2.48803601881006    2.05828239893061   -4.87752769287362
   2.48736098829372    2.05772396512177   -4.87660875509254
   2.47784396832726    2.04985080149425   -4.86194903910733
   2.47649130258871    2.04873177907647   -4.86000152489922
   2.46796596295284    2.04167900476583   -4.84680613307346
   2.46526073148206    2.03944104266270   -4.84300965108743
   2.45819314197599    2.03359422413867   -4.83169963897995
   2.45381017007466    2.02996831444471   -4.82516276544776
   2.44794006589469    2.02511214193669   -4.81702988367200
   2.44224098510422    2.02039745228090   -4.80859659554566
   2.43792355732158    2.01682576539757   -4.80214430897717
   2.43069711829077    2.01084753511810   -4.79095269595702
   2.42838393186228    2.00893390088000   -4.78747503108448
   2.41924603062471    2.00137437154109   -4.77335466115235
   2.41855117471304    2.00079953673887   -4.77234916953532
   2.40853375552958    1.99251240687735   -4.75746417870149
   2.40785755644581    1.99195300634546   -4.75649065177235
   2.39916422830934    1.98476125986102   -4.74255350130411
   2.39621864866010    1.98232446445258   -4.73804481165698
   2.38913202362017    1.97646189836542   -4.72766186530102
   2.38488736193240    1.97295040883098   -4.72204481443680
   2.37893356934480    1.96802500325112   -4.71301563520142
   2.37343381417424    1.96347521008880   -4.70528630790489
   2.36838500408413    1.95929847114071   -4.69789001801357
   2.36180885955409    1.95385821125835   -4.68779751772479
   2.35887005179862    1.95142701804764   -4.68323621008575
   2.35040289692871    1.94442237836156   -4.67007395574804
   2.34904190916729    1.94329647136773   -4.66811372205561
   2.33951802526486    1.93541762939855   -4.65345186083577
   2.33884651096877    1.93486210446007   -4.65248583149925
   2.32966044723132    1.92726273163616   -4.63832366113542
   2.32759788134942    1.92555642874534   -4.63548265557036
   2.31963019988318    1.91896498939388   -4.62343544436720
   2.31597215020412    1.91593878751742   -4.61799087913540
   2.30960022931873    1.91066747612698   -4.60854771059251
   2.30446366877533    1.90641814369063   -4.60127952916903
   2.29939528555286    1.90222521243925   -4.59389894251655
   2.29320192027999    1.89710161509784   -4.58430968178693
   2.28956325922559    1.89409145288664   -4.57878221855266
   2.28159240393512    1.88749738791943   -4.56680964534017
   2.27954594078114    1.88580440636367   -4.56390224193971
   2.27019934380365    1.87807222889388   -4.54993207463213
   2.26949814788378    1.87749214918075   -4.54900729529644
   2.25927573530493    1.86903543403411   -4.53434814865192
   2.25853016282873    1.86841864284085   -4.53344579362333
   2.24734108689182    1.85916223421689   -4.52183705886948
   2.24509240419186    1.85730196210383   -4.51921567640589
   2.23587046858118    1.84967291348555   -4.50974665032762
   2.23078078119400    1.84546235789636   -4.50432508498777
   2.22444840030574    1.84022375683629   -4.49762668917221
   2.21656361133863    1.83370089212388   -4.48920962270478
   2.21301212090084    1.83076284371831   -4.48551751925201
   2.20306332527804    1.82253248420335   -4.47432058449449
   2.20165678684598    1.82136889441759   -4.47316603368137
   2.19002964266811    1.81175008422745   -4.46136497838337
   2.18853089897244    1.81051021561382   -4.45965411295359
   2.17863887733653    1.80232682362548   -4.44922722097261
   2.17433423823115    1.79876571645606   -4.44453876352671
   2.16716063121121    1.79283119261704   -4.43714311269004
   2.16002545727757    1.78692846339210   -4.42964888822294
   2.15569497371550    1.78334597582871   -4.42505310167673
   2.14578453628690    1.77514734897171   -4.41476497863499
   2.14442331951239    1.77402125252177   -4.41360195730906
   2.13270668377510    1.76432840847513   -4.40092313887404
   2.13197487192720    1.76372300106364   -4.40010190745089
   2.12128158118396    1.75487674162162   -4.38880222767507
   2.11822447042544    1.75234767965537   -4.38543253139321
   2.10971356775368    1.74530684864012   -4.37694143883725
   2.10333121392152    1.74002690636551   -4.37032679390995
   2.09828060173963    1.73584867659745   -4.36482359732502
   2.08922780106973    1.72835954857075   -4.35521963200704
   2.08694290060468    1.72646931451668   -4.35250097823305
   2.07598418607861    1.71740347742533   -4.34080037059016
   2.07523707172960    1.71678541068397   -4.33991385125498
   2.06408502360023    1.70755963412641   -4.32921063455240
   2.06052239875141    1.70461237453495   -4.32544443849415
   2.05266260887082    1.69811019086550   -4.31710103565775
   2.04629313556080    1.69284090428550   -4.31034558493728
   2.04118707698661    1.68861680527258   -4.30502033085052
   2.03267740589326    1.68157699310760   -4.29568321633530
   2.02985373491098    1.67924104931931   -4.29266603872785
   2.01886879058886    1.67015351305355   -4.28102161001669
   2.01811809803160    1.66953248616088   -4.28014824179532
   2.00680663346337    1.66017482885572   -4.26875901968288
   2.00455756512282    1.65831423771300   -4.26613978466883
   1.99539517930407    1.65073445296698   -4.25664388064480
   1.99036138251075    1.64657013409813   -4.25103245922047
   1.98392218681634    1.64124316814552   -4.24456506731815
   1.97604822869197    1.63472926348547   -4.23615084902379
   1.97225501669425    1.63159124561463   -4.23187268720740
   1.96162393992194    1.62279645404541   -4.22149791859723
   1.96088460743940    1.62218482502387   -4.22060343861722
   1.94952683405271    1.61278885773234   -4.20832398207892
   1.94802179015345    1.61154377713703   -4.20661668245683
   1.93824911659348    1.60345911846372   -4.19686613636127
   1.93315448047882    1.59924446893113   -4.19150846457460
   1.92666278863078    1.59387407438335   -4.18411951653722
   1.91953245221419    1.58797534710055   -4.17662951756009
   1.91523283541193    1.58441839474161   -4.17201852429285
   1.90517810454570    1.57610039797167   -4.16160015068277
   1.90372926636736    1.57490181479248   -4.15996671081643
   1.89222280850719    1.56538284500724   -4.14804220122561
   1.89148157886191    1.56476964651618   -4.14709792788661
   1.88088556531334    1.55600386176831   -4.13668228175036
   1.87718470886066    1.55294224704894   -4.13222720484158
   1.86958327350834    1.54665379283283   -4.12432974875933
   1.86301454847917    1.54121967089539   -4.11711844483739
   1.85795320876148    1.53703256653792   -4.11160148231734
   1.84928836836520    1.52986438716174   -4.10248221023737
   1.84648769777271    1.52754747095066   -4.09952793141757
   1.83551428632779    1.51846947551067   -4.08783892656531
   1.83478418569614    1.51786548374037   -4.08694970465005
   1.82363300188021    1.50864042220507   -4.07625445606732
   1.82065038586210    1.50617298764768   -4.07271679348575
   1.81216978255212    1.49915722244441   -4.06417913998855
   1.80634449483924    1.49433812534233   -4.05784379860798
   1.80074422309082    1.48970517763504   -4.05207911185405
   1.79276325483874    1.48310274649839   -4.04298197389337
   1.78925197524529    1.48019796339627   -4.03909768142271
   1.77843963475466    1.47125321743806   -4.02809368297106
   1.77768928838913    1.47063247694010   -4.02722082845016
   1.76620798189488    1.46113431417430   -4.01519273869921
   1.76470732460348    1.45989286249660   -4.01344707958378
   1.75492632025882    1.45180131199883   -4.00376181589972
   1.74982822286591    1.44758379904784   -3.99835098390798
   1.74347653966625    1.44232922972706   -3.99168085202710
   1.73551879877283    1.43574601393261   -3.98347630950985
   1.73189699033347    1.43274979341705   -3.97890321332750
   1.72211457106267    1.42465707239057   -3.96838600845602
   1.72074849700326    1.42352695764510   -3.96722412887332
   1.70913175694820    1.41391675449390   -3.95543780830066
   1.70700398378506    1.41215650744863   -3.95350694594122
   1.69767734411280    1.40444084009758   -3.94522079304863
   1.69059138571669    1.39857882550615   -3.93863081371792
   1.68634948343976    1.39506961875489   -3.93470886358748
   1.67490298752894    1.38560025380818   -3.92469660324492
   1.67348513825087    1.38442730687681   -3.92354952982717
   1.66346884549869    1.37614110888029   -3.91518401870847
   1.65682566786138    1.37064539438883   -3.90909813267038
   1.65185867209123    1.36653633813242   -3.90436643237346
   1.64059859010718    1.35722118819767   -3.89565703230483
   1.63906533309805    1.35595276768805   -3.89401176333520
   1.62917255214939    1.34776874754157   -3.88542761905672
   1.62200389157332    1.34183831575679   -3.87892639097218
   1.61769148235054    1.33827078058723   -3.87521620530507
   1.60610530895755    1.32868586437804   -3.86530547660532
   1.60533507982732    1.32804867542662   -3.86448338349537
   1.59484472438305    1.31937029866430   -3.85568433411902
   1.58828174758828    1.31394093207992   -3.84939816300974
   1.58322918529447    1.30976108903898   -3.84484914842332
   1.57185880978584    1.30035469636551   -3.83528476519664
   1.57111241147013    1.29973722197840   -3.83452846033368
   1.56035040275955    1.29083411408983   -3.82532617775377
   1.55395626001054    1.28554441917503   -3.81965740424928
   1.54890372351318    1.28136459747476   -3.81510882948605
   1.53753589216171    1.27196030951115   -3.80554382153975
   1.53678799463026    1.27134159486491   -3.80478867747178
   1.52600137609344    1.26241812795749   -3.79561572049628
   1.51952166187452    1.25705764216626   -3.79012988442917
   1.51455613103584    1.25294979780656   -3.78539926240222
   1.50325520708763    1.24360086046064   -3.77599036540325
   1.50246519053242    1.24294730192766   -3.77505109272759
   1.49170298430768    1.23404403064116   -3.76585075912903
   1.48531013878482    1.22875540888517   -3.76018248832342
   1.48025764276547    1.22457562067122   -3.75563477795354
   1.46939500445890    1.21558926474095   -3.74569744880885
   1.46859155068023    1.21492458996997   -3.74492713811534
   1.45738165470849    1.20565095751528   -3.73611630515931
   1.45159431091456    1.20086325035286   -3.73066646017372
   1.44593696737534    1.19618308875414   -3.72590099634888
   1.43507683842002    1.18719880873976   -3.71596307232815
   1.43427188898945    1.18653289665792   -3.71519388810741
   1.42306187394443    1.17725916569724   -3.70638398872004
   1.41727479696664    1.17247167926434   -3.70093452110860
   1.41159606200108    1.16777382113872   -3.69619689767113
   1.40028590427779    1.15841724494971   -3.68679267789647
   1.39950617271544    1.15777219490279   -3.68585128312413
   1.38877071031277    1.14889104803002   -3.67662601797038
   1.38307721450738    1.14418097867571   -3.67098699754749
   1.37743979485190    1.13951729954706   -3.66613361325649
   1.36650191901067    1.13046870171508   -3.65636870804029
   1.36573753527710    1.12983634849634   -3.65553659864595
   1.35425880934729    1.12034032055910   -3.64630876830158
   1.34923757985829    1.11618639826856   -3.64169535889883
   1.34281708643217    1.11087490417783   -3.63609910802919
   1.33213138916045    1.10203492660179   -3.62677267223550
   1.33131285983999    1.10135778025801   -3.62599447935622
   1.32010065126041    1.09208223464773   -3.61628495928908
   1.31504148639592    1.08789692948529   -3.61174771435718
   1.30864951480982    1.08260903071265   -3.60608549620247
   1.29786624503595    1.07368833414288   -3.59691813560707
   1.29710956095441    1.07306235063026   -3.59608425596243
   1.28564914341848    1.06358146871365   -3.58680947901329
   1.28072198536119    1.05950536907948   -3.58203722705481
   1.27433692141836    1.05422318480634   -3.57636184905660
   1.26355056238185    1.04529993257625   -3.56719586847141
   1.26280222718655    1.04468085586300   -3.56634121450514
   1.25161317244125    1.03542446477026   -3.55745504911946
   1.24509672260128    1.03003358863031   -3.55208703198451
   1.24013508257948    1.02592896303426   -3.54818830155694
   1.22857410724587    1.01636489247269   -3.54016104692121
   1.22497820893571    1.01339010668012   -3.53742443149670
   1.21713531760148    1.00690190270400   -3.53180537262405
   1.20582652645591    0.99754645704641   -3.52403548433230
   1.20361075453638    0.99571341109871   -3.52236347529668
   1.19426297862665    0.98798025833136   -3.51601360618733
   1.18312981208103    0.97877010197832   -3.50821247517410
   1.18225342831112    0.97804509427157   -3.50730737456161
   1.17154745416182    0.96918834220355   -3.49986863476548
   1.16151308261611    0.96088718812832   -3.49245381641756
   1.16008364649733    0.95970465572869   -3.49152489742346
   1.14868069403324    0.95027131305390   -3.48407618503887
   1.14071498044611    0.94368150167361   -3.47777833373427
   1.13706995944893    0.94066607806016   -3.47517765445706
   1.12565837106155    0.93122559112830   -3.46769691452264
   1.11990916194693    0.92646943171624   -3.46312190820894
   1.11431900796321    0.92184485415185   -3.45903429520794
   1.10263349635192    0.91217775822149   -3.45130256158304
   1.09846579246300    0.90872993371507   -3.44826615970562
   1.09147318381028    0.90294514474751   -3.44322822366573
   1.07991787483089    0.89338576180181   -3.43519195150713
   1.07774230508072    0.89158597398099   -3.43340308992431
   1.06860401189941    0.88402612039802   -3.42743998876480
   1.05706462557296    0.87447990981641   -3.41937658784276
   1.05629497053069    0.87384319579186   -3.41855532262024
   1.04561379401507    0.86500695811051   -3.41104697530141
   1.03629178772569    0.85729512382713   -3.40368701070324
   1.03430125030997    0.85564840806569   -3.40236714615571
   1.02274130838563    0.84608519241461   -3.39434009397139
   1.01493490643418    0.83962717508120   -3.38862378959636
   1.01129033141015    0.83661212040883   -3.38602371978968
   0.99987671382847    0.82716995478144   -3.37854675216061
   0.99412820442815    0.82241437422340   -3.37397273897393
   0.98842283878504    0.81769448528534   -3.37023783401885
   0.97701430500421    0.80825652534378   -3.36275087756185
   0.97268648700329    0.80467624292434   -3.35912078436389
   0.96569881502347    0.79889553792778   -3.35408166718843
   0.95414150648053    0.78933450079926   -3.34604918470567
   0.95134058738644    0.78701737900978   -3.34405443965499
   0.94270053841476    0.77986970888368   -3.33770998585640
   0.93189934807620    0.77093418713348   -3.32957017463745
   0.93111332320529    0.77028393080894   -3.32882751044888
   0.91984127574370    0.76095888217029   -3.32190965385874
   0.90992652170370    0.75275668430178   -3.31436633127325
   0.90851289052973    0.75158722688961   -3.31324427602831
   0.89696285130533    0.74203220346438   -3.30615673131684
   0.88652238814462    0.73339510118857   -3.29927924842612
   0.88559161071648    0.73262509513432   -3.29845235953534
   0.87421828562615    0.72321626235466   -3.29573639144631
   0.86268034071789    0.71367124421789   -3.29438168295409
   0.85124743050784    0.70421311834029   -3.29437688894379
   0.83981456648727    0.69475503067395   -3.29437216743042
   0.82838174796769    0.68529698064931   -3.29436751842600
   0.81694897426062    0.67583896769680   -3.29436294194251
   0.80551624467760    0.66638099124688   -3.29435843799188
   0.79408355853014    0.65692305072998   -3.29435400658602
   0.78265091512977    0.64746514557654   -3.29434964773678
   0.77121831378801    0.63800727521702   -3.29434536145598
   0.75978575381639    0.62854943908185   -3.29434114775541
   0.74835323452644    0.61909163660148   -3.29433700664680
   0.73699462014018    0.60969497357461   -3.29428767434357
   0.72541899809755    0.60011878620157   -3.29344345467316
   0.71410661187390    0.59076036643674   -3.29383138497747
   0.70262378231477    0.58126094368208   -3.29339322355283
   0.69119145952202    0.57180330375834   -3.29338913081180
   0.67968990930982    0.56228839393259   -3.29342514084283
   0.66837711305450    0.55292963496006   -3.29381355570286
   0.65689470785559    0.54343056326672   -3.29337603993085
   0.64546252717626    0.53397304090941   -3.29337182435164
   0.63403038028757    0.52451554650617   -3.29336768279648
   0.62259826650109    0.51505807948745   -3.29336361526543
   0.61116638471291    0.50560080439441   -3.29289568661175
   0.59973413548091    0.49614322532542   -3.29335570227605
   0.58830211687032    0.48668583704304   -3.29335185681788
   0.57687012860812    0.47722847386703   -3.29334808538418
   0.56543839005561    0.46777131726885   -3.29288045314777
   0.55400646554099    0.45831400682942   -3.29287682981950
   0.54257456930935    0.44885671978772   -3.29287328050650
   0.53114246527425    0.43939926083605   -3.29333373989576
   0.51971085894125    0.42994221361936   -3.29286640392668
   0.50832830759401    0.42052574821620   -3.29283256181350
   0.49684729511695    0.41102782868256   -3.29239585535678
   0.48534743613254    0.40151431796212   -3.29243265727409
   0.47403280010797    0.39215403700010   -3.29282305764657
   0.46255206617384    0.38265634789722   -3.29238654205083
   0.45112036966054    0.37319922607690   -3.29238358562921
   0.43968869523371    0.36374212252809   -3.29238070321459
   0.42818929453157    0.35422899093171   -3.29241777084471
   0.41687408225914    0.34486823325601   -3.29280868953672
   0.40539379758754    0.33537091581542   -3.29237250001353
   0.39396220462212    0.32591387965735   -3.29236991362774
   0.38253063030095    0.31645685892314   -3.29236740124937
   0.37109907393558    0.30699985304327   -3.29236496287853
   0.35966784699680    0.29754311968877   -3.29189866369716
   0.34828461121608    0.28812608807299   -3.29186601898593
   0.33680516744313    0.27862946628427   -3.29096626480491
   0.32530622555691    0.26911671425342   -3.29146773659668
   0.31394186996645    0.25971530168939   -3.29188994581148
   0.30251041199285    0.25025837720626   -3.29188795133646
   0.29112690039120    0.24084111741157   -3.29185570190675
   0.27958068649271    0.23128925857114   -3.29145984810479
   0.26821611413859    0.22188766668461   -3.29188241190423
   0.25683242932365    0.21247026359542   -3.29185039473852
   0.24535367152815    0.20297420929659   -3.29095120074174
   0.23392191696335    0.19351703945188   -3.29141358678939
   0.22249053471832    0.18406017761688   -3.29141211089119
   0.21105916079044    0.17460332266242   -3.29141070898322
   0.19962817825748    0.16514679149801   -3.29094544424366
   0.18819682401167    0.15568995282597   -3.29094419007153
   0.17676547601773    0.14623311932594   -3.29094300988054
   0.16533413358724    0.13677629042839   -3.29094190367079
   0.15390279603177    0.12731946556381   -3.29094087144236
   0.14247146266289    0.11786264416267   -3.29093991319534
   0.13104013279216    0.10840582565546   -3.29093902892983
   0.11960880573115    0.09894900947265   -3.29093821864592
   0.10817748079144    0.08949219504473   -3.29093748234370
   0.09674615728460    0.08003538180219   -3.29093682002326
   0.08536152034882    0.07061719105014   -3.29090594448654
   0.07388348798601    0.06112173688142   -3.29047177342992
   0.06238661125599    0.05161069329637   -3.29051071545784
   0.05104552264284    0.04222852884993   -3.29043888516540
   0.03958950798326    0.03275128930940   -3.29047067559139
   0.02815817683717    0.02329446974712   -3.29047045759136
   0.01672730787138    0.01383803253364   -3.29000637214229
   0.00529550369665    0.00438082164803   -3.29047024351105
  -0.00613536388257   -0.00507561441838   -3.29000630521093
  -0.01756670759310   -0.01453244437487   -3.29000638269148
  -0.02899805744389   -0.02398927941103   -3.29000653413632
  -0.04042941412337   -0.03344612009637   -3.29000675954553
  -0.05186077831996   -0.04290296700040   -3.29000705891921
  -0.06329215072208   -0.05235982069263   -3.29000743225745
  -0.07472353201815   -0.06181668174259   -3.29000787956034
  -0.08615492289660   -0.07127355071978   -3.29000840082797
  -0.09754074109665   -0.08069271869863   -3.28997863821149
  -0.10901778850651   -0.09018735804340   -3.28954572797920
  -0.12044921404816   -0.09964425569648   -3.28954647144958
  -0.13188011992003   -0.10910072344133   -3.28908334204113
  -0.14335360546383   -0.11859241615423   -3.28912168983095
  -0.15469826845866   -0.12797753758637   -3.28998266909869
  -0.16617449912087   -0.13747150125872   -3.28908623648320
  -0.17760598811685   -0.14692845140579   -3.28908734919105
  -0.18903749289137   -0.15638541460600   -3.28908853584596
  -0.20046901413284   -0.16584239142886   -3.28908979644803
  -0.21190055252970   -0.17529938244388   -3.28909113099735
  -0.22333210877033   -0.18475638822057   -3.28909253949402
  -0.23476368354318   -0.19421340932843   -3.28909402193813
  -0.24619527753663   -0.20367044633696   -3.28909557832977
  -0.25758227257469   -0.21309058788088   -3.28906670687812
  -0.26912214783232   -0.22263720294154   -3.28867427034864
  -0.28049018172483   -0.23204165846167   -3.28910069119082
  -0.29187744676761   -0.24146202337292   -3.28907199263547
  -0.30335364268961   -0.25095595830567   -3.28864053664101
  -0.31484863300102   -0.26046544130953   -3.28868185184237
  -0.32617282498779   -0.26983362765099   -3.28907794020688
  -0.33764889220034   -0.27932745610603   -3.28864675914544
  -0.34908006284589   -0.28878414289071   -3.28818502342693
  -0.36051188359034   -0.29824136748398   -3.28818731872173
  -0.37194373112828   -0.30769861424276   -3.28818968794659
  -0.38337560614813   -0.31715588373654   -3.28819213110158
  -0.39480750933828   -0.32661317653482   -3.28819464818681
  -0.40619571956393   -0.33603432336934   -3.28816653372248
  -0.41767150372632   -0.34552791766492   -3.28773597281081
  -0.42916605935513   -0.35503704106806   -3.28777808028814
  -0.44053541757008   -0.36444259216300   -3.28820545583201
  -0.45196679687066   -0.37389945156214   -3.28774437869457
  -0.46335618143362   -0.38332156989297   -3.28818048721203
  -0.47483178800286   -0.39281501727071   -3.28775040669389
  -0.48632615134500   -0.40232398160048   -3.28779294360046
  -0.49767442563424   -0.41171209055517   -3.28772400880569
  -0.50912765655942   -0.42118702719032   -3.28729598624929
  -0.52055991174525   -0.43064461118476   -3.28729931573683
  -0.53199220336256   -0.44010222531793   -3.28730271913724
  -0.54342453209973   -0.44955987015932   -3.28730619645059
  -0.55485689864517   -0.45901754627844   -3.28730974767699
  -0.56624655202125   -0.46843988699082   -3.28728236691578
  -0.57772187387288   -0.47793309882969   -3.28685314092562
  -0.58921592669161   -0.48744180627215   -3.28689643995458
  -0.60054421293261   -0.49681337967527   -3.28729360330421
  -0.61208087759569   -0.50635733870113   -3.28690424154556
  -0.62343104595050   -0.51574701456313   -3.28683572476020
  -0.63488395908291   -0.52522168829723   -3.28640876751667
  -0.64631664956842   -0.53467963240288   -3.28641290901066
  -0.65774938405805   -0.54413761291190   -3.28641712440004
  -0.66918216324020   -0.55359563039379   -3.28642141368490
  -0.68061498780326   -0.56305368541803   -3.28642577686533
  -0.69204785843562   -0.57251177855412   -3.28643021394144
  -0.70348077582568   -0.58196991037153   -3.28643472491331
  -0.71491374066182   -0.59142808143977   -3.28643930978105
  -0.72634595596516   -0.60088563244053   -3.28597998445096
  -0.73777901264216   -0.61034387948614   -3.28598471611794
  -0.74921292673070   -0.61980283584424   -3.28645350776040
  -0.76064608823512   -0.62926116961062   -3.28645838821254
  -0.77205439745724   -0.63869894378106   -3.28595888318014
  -0.78364289325201   -0.64828578124809   -3.28518055466677
  -0.79491310678951   -0.65760931273278   -3.28595779876439
  -0.80637874079127   -0.66709451008523   -3.28508679068150
  -0.81781216212950   -0.67655305880483   -3.28509203903692
  -0.82924563779844   -0.68601165247070   -3.28509736126120
  -0.84067916848648   -0.69547029165233   -3.28510275735445
  -0.85224257487524   -0.70503637335764   -3.28521249829758
  -0.86371199762120   -0.71452470503186   -3.28711517547641
  -0.87554994129237   -0.72431790372903   -3.29094240429095
  -0.88706017697780   -0.73383999880311   -3.29681523463540
  -0.88788971051873   -0.73452624862977   -3.29744750670629
  -0.89873049711181   -0.74349452725049   -3.30457520829012
  -0.90961380971948   -0.75249798645007   -3.31181459441932
  -0.91044558204831   -0.75318608836315   -3.31246627563869
  -0.92160677796847   -0.76241943263140   -3.32037017474164
  -0.93166932714382   -0.77074389726914   -3.32697130316002
  -0.93307117269938   -0.77190360476984   -3.32796555596178
  -0.94448357191165   -0.78134476247439   -3.33616579895086
  -0.95382117775022   -0.78906950182718   -3.34221172339738
  -0.95596600298441   -0.79084385557244   -3.34406983420834
  -0.96692023760858   -0.79990598656662   -3.35201976731022
  -0.97500503016032   -0.80659430863368   -3.35694249354776
  -0.97879942890511   -0.80973330826708   -3.35939628827482
  -0.99000693062405   -0.81900496002360   -3.36742966859484
  -0.99715622447585   -0.82491937026070   -3.37207606244895
  -1.00167752982348   -0.82865971933398   -3.37519356849485
  -1.01288549792665   -0.83793175691708   -3.38322673757550
  -1.01860506051342   -0.84266339058835   -3.38694401315509
  -1.02455616961792   -0.84758657619792   -3.39099152817005
  -1.03576395736336   -0.85685846457614   -3.39809608131000
  -1.04088265899149   -0.86109302283289   -3.40151857149560
  -1.04733763727111   -0.86643304527549   -3.40623414295554
  -1.05861802255572   -0.87576499156120   -3.41374394520920
  -1.06298685005919   -0.87937919999162   -3.41629859825868
  -1.07050430797339   -0.88559818202907   -3.42161373266184
  -1.08152380000981   -0.89471429864966   -3.42969358177839
  -1.08438377873579   -0.89708027881575   -3.43155246253562
  -1.09321949547955   -0.90438981940042   -3.43764470017057
  -1.10439106602247   -0.91363174630303   -3.44540069736409
  -1.10583759341541   -0.91482841783428   -3.44628390198198
  -1.11607553804142   -0.92329798220780   -3.45326172099895
  -1.12729470446409   -0.93257928384648   -3.46047263928250
  -1.12870379639482   -0.93374498607007   -3.46145191473676
  -1.13872641419681   -0.94203641660286   -3.46873010668531
  -1.14999278534738   -0.95135676938864   -3.47568781694982
  -1.15077982679011   -0.95200786669452   -3.47643121804957
  -1.16158544785461   -0.96094705385999   -3.48437950491388
  -1.17247582188621   -0.96995635477748   -3.49086305707212
  -1.17330012099189   -0.97063827430270   -3.49153816414283
  -1.18472079526617   -0.98008627773391   -3.49973945917913
  -1.19404535127753   -0.98780022133075   -3.50579345795392
  -1.19619076407260   -0.98957506114864   -3.50765233063138
  -1.20718180553769   -0.99866764140973   -3.51555898225826
  -1.21525745229689   -1.00534839741920   -3.52051748424887
  -1.21904537894109   -1.00848204286535   -3.52298068280537
  -1.23025793890456   -1.01775787916566   -3.53101190428428
  -1.23680699409498   -1.02317572879732   -3.53536801688586
  -1.24218018005046   -1.02762081479878   -3.53958254086916
  -1.25315310520554   -1.03669840794484   -3.54800729900501
  -1.25614347584290   -1.03917225768119   -3.55052333957928
  -1.26484304349051   -1.04636916593814   -3.55774040304180
  -1.27406518312332   -1.05399838333821   -3.56518588200607
  -1.27628174717913   -1.05583208459803   -3.56688439201958
  -1.28772359796069   -1.06529760675962   -3.57615469276470
  -1.29217278452439   -1.06897829398616   -3.57950997473763
  -1.29962557282671   -1.07514377666794   -3.58578692476393
  -1.31037134494796   -1.08403345248167   -3.59445368016033
  -1.31118094367617   -1.08470321079702   -3.59517983182122
  -1.32205287066189   -1.09369725099096   -3.60439224346423
  -1.32844109471716   -1.09898204953647   -3.61006268609117
  -1.33353734408294   -1.10319803366646   -3.61421580391422
  -1.34494398615692   -1.11263442865201   -3.62293218791364
  -1.34708981910155   -1.11440961604785   -3.62479160269276
  -1.35639289442999   -1.12210578927834   -3.63304495286033
  -1.36429321166891   -1.12864150009438   -3.63948662432014
  -1.36783745800078   -1.13157355565435   -3.64227235978647
  -1.37904319260155   -1.14084374552358   -3.65115612394922
  -1.38342442630285   -1.14446821725341   -3.65468251804157
  -1.39072669928885   -1.15050918283657   -3.66093955906872
  -1.40136114289396   -1.15930675969210   -3.66950547413437
  -1.40217165574216   -1.15997727423326   -3.67023820552985
  -1.41361679088553   -1.16944551345524   -3.67953708519437
  -1.41933942317256   -1.17417968660342   -3.68418660596106
  -1.42523437198543   -1.17905641237924   -3.68953549355088
  -1.43626736825116   -1.18818370066991   -3.69846458687416
  -1.43768009407715   -1.18935240911309   -3.69943711524428
  -1.44771427283493   -1.19765340370028   -3.70780208508002
  -1.45577529741020   -1.20432206318719   -3.71387023454144
  -1.45957052909718   -1.20746175189030   -3.71743497348242
  -1.47061725772187   -1.21660040057627   -3.72648902062041
  -1.47359233675580   -1.21906159999810   -3.72904034104317
  -1.48205578236978   -1.22606317112081   -3.73569604393320
  -1.49240180105232   -1.23462214212938   -3.74373747073581
  -1.49371845878429   -1.23571137613349   -3.74487444452334
  -1.50495103581686   -1.24500377199351   -3.75429318857024
  -1.51020861614567   -1.24935322070323   -3.75836951469246
  -1.51680112603345   -1.25480701918693   -3.76393872462165
  -1.52785324823910   -1.26395012983112   -3.77295671404683
  -1.52864796459345   -1.26460757637609   -3.77371593065855
  -1.53952614816014   -1.27360679246395   -3.78276876153644
  -1.54661748339236   -1.27947325516105   -3.78848066261652
  -1.55097921429788   -1.28308159277507   -3.79221567279231
  -1.56219692044833   -1.29236168637150   -3.80175575486485
  -1.56438851475892   -1.29417473086161   -3.80351603915736
  -1.57386878830820   -1.30201749520907   -3.81067442553767
  -1.58316208046145   -1.30970557509318   -3.81823140884916
  -1.58530864674267   -1.31148136915780   -3.82009175615343
  -1.59654585755589   -1.32077759841455   -3.82968611997075
  -1.60091357721873   -1.32439089035949   -3.83324635408818
  -1.60821702420408   -1.33043282715937   -3.83932897654626
  -1.61911309315535   -1.33944683932414   -3.84765945788563
  -1.61991893233118   -1.34011348746727   -3.84841442805146
  -1.63089604784843   -1.34919454718239   -3.85763278249843
  -1.63739720761118   -1.35457277427040   -3.86308828007193
  -1.64263030179555   -1.35890196627976   -3.86732328423506
  -1.65379612356140   -1.36813913738037   -3.87625581842071
  -1.65595786492988   -1.36992748536897   -3.87808608576286
  -1.66545855477129   -1.37778713954215   -3.88602909364552
  -1.67392125869963   -1.38478809708914   -3.89279963317413
  -1.67691148631472   -1.38726182850718   -3.89526150119970
  -1.68798829558623   -1.39642536206839   -3.90439946977171
  -1.69174383389192   -1.39953221355071   -3.90771990700399
  -1.69959865322818   -1.40603028522828   -3.91437584913149
  -1.70967282193948   -1.41436436238213   -3.92271174368914
  -1.71124844718447   -1.41566783294468   -3.92429252759614
  -1.72250179516042   -1.42497741202344   -3.93491108009076
  -1.72542013485846   -1.42739167258445   -3.93759453513108
  -1.73431934405820   -1.43475373869673   -3.94669518364892
  -1.73983045017822   -1.43931292218110   -3.95259813288942
  -1.74559862076772   -1.44408476788938   -3.95876944924984
  -1.75495427981171   -1.45182444215256   -3.96724927265502
  -1.75726494337114   -1.45373598929185   -3.96977600544054
  -1.76847327555360   -1.46300832806755   -3.98130458670090
  -1.76980814477845   -1.46411262792881   -3.98239592130368
  -1.77977170495960   -1.47235520174868   -3.99258230573235
  -1.78425955765054   -1.47606787637755   -3.99686008531737
  -1.79161473424683   -1.48215260763334   -4.00423722812097
  -1.79925958638395   -1.48847697933748   -4.01204616029546
  -1.80296547492961   -1.49154275696621   -4.01632165683677
  -1.81377200350766   -1.50048269489218   -4.02650700841549
  -1.81455624914714   -1.50113147930847   -4.02731947569817
  -1.82575063380464   -1.51039227968805   -4.03893373602280
  -1.82861433729143   -1.51276134124425   -4.04172495644969
  -1.83720553839532   -1.51986860089971   -4.05009874227011
  -1.84370527513405   -1.52524565075987   -4.05651477241454
  -1.84883495483616   -1.52948929086925   -4.06198452920141
  -1.85858224120320   -1.53755294743005   -4.07155424525681
  -1.86014488536865   -1.53884567910967   -4.07316171127719
  -1.87157614277197   -1.54830243766663   -4.08448306796940
  -1.87369290115247   -1.55005357249122   -4.08639953950761
  -1.88304663710787   -1.55779165583715   -4.09555367735354
  -1.88837237517327   -1.56219748953025   -4.10054657890640
  -1.89490342980878   -1.56760044780783   -4.10731523082872
  -1.90307783799482   -1.57436290637506   -4.11616238817950
  -1.90594194519456   -1.57673230191167   -4.11895416068420
  -1.91739269133940   -1.58620518295775   -4.13017137835578
  -1.91814752988952   -1.58682963971400   -4.13103748329129
  -1.92869177828680   -1.59555260060444   -4.14152952855818
  -1.93310967247974   -1.59920740053053   -4.14596280135049
  -1.94031342692287   -1.60516686448700   -4.15338639028598
  -1.94758554550665   -1.61118288417915   -4.16063984331644
  -1.95208954957064   -1.61490892038583   -4.16497681717232
  -1.96264625963061   -1.62364219046022   -4.17565968855402
  -1.96340096500352   -1.62426653704270   -4.17653210385078
  -1.97468713480192   -1.63360326869440   -4.18782166410332
  -1.97755162328840   -1.63597297965882   -4.19061395473934
  -1.98614518396629   -1.64308219132365   -4.19899095619244
  -1.99263367030588   -1.64844993404422   -4.20543199550606
  -1.99778136831729   -1.65270848019540   -4.21075277589624
  -2.00772426870263   -1.66093396274579   -4.22036237205501
  -2.00924538192128   -1.66219233703822   -4.22208613234839
  -2.02036273023438   -1.67138940741126   -4.23364686379687
  -2.02189660556666   -1.67265833944227   -4.23532116689165
  -2.03197291249697   -1.68099418548473   -4.24559490732990
  -2.03689904261274   -1.68506943473171   -4.25039316667894
  -2.04342395638336   -1.69046731284404   -4.25681249318032
  -2.05131396776938   -1.69699449791709   -4.26517250885108
  -2.05495039976277   -1.70000281608867   -4.26874780419802
  -2.06618884158378   -1.70930006372363   -4.27934124657862
  -2.06694832861995   -1.70992836604198   -4.28019768237040
  -2.07779657600906   -1.71890281676996   -4.29129252730582
  -2.08134873278447   -1.72184141641795   -4.29506189596047
  -2.08913901757913   -1.72828610047971   -4.30333354437891
  -2.09642235151230   -1.73431139831577   -4.30960134162170
  -2.10083392625993   -1.73796097034205   -4.31432067514391
  -2.11144783524527   -1.74674155948273   -4.32468317879063
  -2.11221283219194   -1.74737441999546   -4.32552617006563
  -2.12364478099048   -1.75683175052429   -4.33688854770491
  -2.12646218225214   -1.75916250754861   -4.33975772863352
  -2.13511332005757   -1.76631935115578   -4.34896069624347
  -2.14077414903182   -1.77100239615712   -4.35466084282493
  -2.14643620061038   -1.77568645258472   -4.36023913445305
  -2.15542788619765   -1.78312502181807   -4.36903138109666
  -2.15824963702130   -1.78545937711300   -4.37192461310426
  -2.16950695147681   -1.79477223754904   -4.38337455609762
  -2.17084275103799   -1.79587730705144   -4.38446709643048
  -2.18081716886981   -1.80412886310111   -4.39473793704124
  -2.18523728259179   -1.80778549918132   -4.39917420567876
  -2.19245592864716   -1.81375728255083   -4.40648311621723
  -2.20059317406613   -1.82048899740343   -4.41396102970994
  -2.20395186803299   -1.82326755069732   -4.41772584611015
  -2.21476459723679   -1.83221261822703   -4.42891307492805
  -2.21550658959572   -1.83282644768970   -4.42980587255414
  -2.22665925739088   -1.84205273687938   -4.44042961572973
  -2.23028492500726   -1.84505214998383   -4.44408061982380
  -2.23829611189669   -1.85167958015140   -4.45223956813549
  -2.24478787342964   -1.85705003234755   -4.45868501018216
  -2.25008157819489   -1.86142936579010   -4.46398931761847
  -2.25909604968241   -1.86888678515950   -4.47349675337735
  -2.26124538313160   -1.87066486842456   -4.47536009967384
  -2.27275697658606   -1.88018808674287   -4.48779856348869
  -2.27347375474588   -1.88078105720597   -4.48872969443291
  -2.28384945847065   -1.88936458581720   -4.50334608159420
  -2.28452712298581   -1.88992519865937   -4.50432158617508
  -2.29326949021583   -1.89715751381016   -4.51823395373393
  -2.29589734415212   -1.89933146364976   -4.52220677692299
  -2.30298003237277   -1.90519077291678   -4.53346931434542
  -2.30736902108349   -1.90882166014835   -4.54088110923699
  -2.31215862157271   -1.91278396226549   -4.54855238800875
  -2.31870231358385   -1.91819737508939   -4.55956323920915
  -2.32142883711595   -1.92045295151753   -4.56344040228814
  -2.33011740621396   -1.92764076098296   -4.57736093787372
  -2.33078469766236   -1.92819279247801   -4.57834219028343
  -2.33959587206462   -1.93548202987207   -4.59300989697905
  -2.34179120250188   -1.93729816515496   -4.59668877732734
  -2.34840300910097   -1.94276792726658   -4.60769890228437
  -2.35326318764322   -1.94678861662700   -4.61536572756875
  -2.35756666212519   -1.95034876033614   -4.62281431480421
  -2.36442299185143   -1.95602080957099   -4.63331110456138
  -2.36732700594279   -1.95842321895948   -4.63792897006362
  -2.37601539738409   -1.96561088145450   -4.65185145455755
  -2.37668277700059   -1.96616298588854   -4.65283286419084
  -2.38549574467327   -1.97345370680492   -4.66750298207058
  -2.38769138449487   -1.97527009803278   -4.67118243860689
  -2.39429195850838   -1.98073056774148   -4.68220690706679
  -2.39916369901601   -1.98476082199150   -4.68986204493154
  -2.40395461368841   -1.98872421129553   -4.69753573764060
  -2.41043305440881   -1.99408364355716   -4.70774346661717
  -2.41326759890870   -1.99642858270153   -4.71243454626022
  -2.42191978517365   -2.00358629366984   -4.72635375250054
  -2.42258725436958   -2.00413847221044   -4.72733532156894
  -2.43140203644149   -2.01143069412839   -4.74200788416192
  -2.43359799050809   -2.01324734532233   -4.74568792492885
  -2.44018758367041   -2.01869873088090   -4.75672651453955
  -2.44507065593297   -2.02273835957387   -4.76437022482296
  -2.44986224340555   -2.02670230546661   -4.77204514985069
  -2.45651621715262   -2.03220695127680   -4.78301260252510
  -2.45917703774835   -2.03440817350891   -4.78694648889519
  -2.46789664321072   -2.04162165848787   -4.80086334243324
  -2.46854168953723   -2.04215528721765   -4.80186049041421
  -2.47731484780036   -2.04941307492631   -4.81652476716462
  -2.47951112097552   -2.05122999010981   -4.82020540019154
  -2.48659774247588   -2.05709255326879   -4.83147512689670
  -2.49104545154560   -2.06077201820601   -4.83876680734100
  -2.49595909684964   -2.06483693911851   -4.84633387758242
  -2.50225769276906   -2.07004759082165   -4.85677791702291
  -2.50509305495765   -2.07239320641695   -4.86147050859713
  -2.51374815293865   -2.07955332616628   -4.87539434669717
  -2.51441580553156   -2.08010565642604   -4.87637624125674
  -2.52323427924752   -2.08740093233756   -4.89105379472608
  -2.52543579964317   -2.08922218839936   -4.89467640863455
  -2.53266988098987   -2.09520674095237   -4.90579204707255
  -2.53690438058848   -2.09870982367553   -4.91254814994415
  -2.54173004241871   -2.10270195832843   -4.92110939989975
  -2.54807883416547   -2.10795413563135   -4.93138154277989
  -2.55098450253796   -2.11035791356020   -4.93600242150530
  -2.55967233425237   -2.11754511300887   -4.94993296955595
  -2.56034008066522   -2.11809752088324   -4.95091503016495
  -2.56916043135743   -2.12539434956454   -4.96559513023458
  -2.57118549796182   -2.12706963035508   -4.96848435186338
  -2.57871298259123   -2.13329690721273   -4.98061191107033
  -2.58265813941200   -2.13656062477302   -4.98720388332434
  -2.58762487705765   -2.14066946749027   -4.99564629367569
  -2.59410902262426   -2.14603361921113   -5.00586128704224
  -2.59694522757661   -2.14837993200124   -5.01055543141029
  -2.60560331488253   -2.15554252473521   -5.02448402689483
  -2.60627115653147   -2.15609501139572   -5.02546625575158
  -2.61497171822855   -2.16329274200192   -5.04014393548361
  -2.61712016168300   -2.16507008899929   -5.04303887922220
  -2.62463919325958   -2.17129037288348   -5.05516420516151
  -2.62883103414915   -2.17475816525340   -5.06240228139955
  -2.63374681456418   -2.17882485248332   -5.06997318600620
  -2.64004494900251   -2.18403512241611   -5.08042172393827
  -2.64288158475425   -2.18638179159447   -5.08511665998762
  -2.65136638778256   -2.19340103110689   -5.09829167195193
  -2.65270226452427   -2.19450616445858   -5.10025646999263
  -2.66103330030968   -2.20139819664475   -5.11471537738223
  -2.66305492144922   -2.20307062709888   -5.11764859511332
  -2.67032169986613   -2.20908222902078   -5.12967577294465
  -2.67459675968699   -2.21261886607793   -5.13622612996160
  -2.67968984612835   -2.21683223360929   -5.14454480660465
  -2.68598785102007   -2.22204239637180   -5.15499487867536
  -2.68882492385853   -2.22438942713974   -5.15969061657549
  -2.69748607775945   -2.23155455678172   -5.17362409542968
  -2.69815411413552   -2.23210720453454   -5.17460666736459
  -2.70698021877931   -2.23940879329856   -5.18929461455064
  -2.70901037595196   -2.24108828537340   -5.19218603927666
  -2.71651252736144   -2.24729460476891   -5.20430681520366
  -2.72048019679152   -2.25057694637931   -5.21091351478210
  -2.72544924868335   -2.25468770360750   -5.21936021186306
  -2.73193782982326   -2.26005552475371   -5.22958091338889
  -2.73477534604335   -2.26240292231883   -5.23427746329464
  -2.74343806211904   -2.26956934430418   -5.24821343122800
  -2.74410619798978   -2.27012207436614   -5.24919617798745
  -2.75293426118787   -2.27742528338719   -5.26388681073588
  -2.75495647879921   -2.27909820728570   -5.26682107235738
  -2.76222553519168   -2.28511169371288   -5.27885242036302
  -2.76650252254295   -2.28864992536187   -5.28540522185588
  -2.77159720259033   -2.29286461123877   -5.29372680106351
  -2.77789498668518   -2.29807459134223   -5.30417998997966
  -2.78073295259010   -2.30042236091900   -5.30887736203167
  -2.78939725004257   -2.30759009113299   -5.32281585072299
  -2.79006548683140   -2.30814290468166   -5.32379877449353
  -2.79889552865314   -2.31544775056254   -5.33849212811265
  -2.80092911005935   -2.31713007540975   -5.34138509417452
  -2.80841443790741   -2.32332247714486   -5.35350118043608
  -2.81246623582959   -2.32667441589663   -5.36001444203100
  -2.81756172953475   -2.33088977488979   -5.36833749962855
  -2.82405628491400   -2.33626253835660   -5.37858444387615
  -2.82691352365022   -2.33862625180603   -5.38326425809384
  -2.83518874384955   -2.34547210932367   -5.39667504504679
  -2.83652542226479   -2.34657790587739   -5.39864125039316
  -2.84536222938574   -2.35388834850053   -5.41333884739624
  -2.84688695363094   -2.35514971009392   -5.41604606035212
  -2.85415835249635   -2.36116513438325   -5.42808168259086
  -2.85843730526698   -2.36470499196853   -5.43463699448603
  -2.86403439651172   -2.36933530853435   -5.44319043567890
  -2.86991629130842   -2.37420123508883   -5.45336189614885
  -2.87268810686334   -2.37649428033682   -5.45812047610635
  -2.88116259388413   -2.38350498570563   -5.47130399812383
  -2.88249947984637   -2.38461095395715   -5.47327056621620
  -2.89084014394491   -2.39151095137666   -5.48774277401927
  -2.89287717072117   -2.39319612648186   -5.49063734598439
  -2.90077597006086   -2.39973058158244   -5.50293618335150
  -2.90429898373009   -2.40264507195627   -5.50843970934103
  -2.91019914116143   -2.40752610667604   -5.51759774130191
  -2.91585110553206   -2.41220181823950   -5.52613689179919
  -2.91957579937057   -2.41528315295944   -5.53253153008798
  -2.92741044853535   -2.42176453841999   -5.54570359244202
  -2.92871894525358   -2.42284702104639   -5.54769097706654
  -2.93752416824038   -2.43013133500140   -5.56238798090458
  -2.93906423646478   -2.43140539023833   -5.56510982784366
  -2.94675297495029   -2.43776606788731   -5.57758022578980
  -2.95015458064658   -2.44058012085111   -5.58326040131336
  -2.95530116261395   -2.44483774373036   -5.59247921881927
  -2.96162277701552   -2.45006743797804   -5.60195074555519
  -2.96512889967112   -2.45296795489016   -5.60763689484875
  -2.97313291853222   -2.45958945514897   -5.62060276584420
  -2.97397672216212   -2.46028751021990   -5.62234325047238
  -2.98334858926654   -2.46804059295677   -5.63728242382661
  -2.98466233893862   -2.46912742120452   -5.63923414392845
  -2.99261106264164   -2.47570317733031   -5.65221383321312
  -2.99639566509268   -2.47883407276471   -5.65858626270837
  -3.00149452619329   -2.48305221750966   -5.66691541400935
  -3.00770176797274   -2.48818729449566   -5.67654408155891
  -3.01112556001000   -2.49101970159694   -5.68230178896127
  -3.01912959708062   -2.49764121691998   -5.69527290245376
  -3.02046712287270   -2.49874771448478   -5.69724058491084
  -3.02945042593693   -2.50617934909199   -5.71172171299905
  -3.03104543919277   -2.50749885881200   -5.71448518188448
  -3.03861624535770   -2.51376197436064   -5.72689059910245
  -3.04214652951468   -2.51668247940502   -5.73260025530265
  -3.04729492373265   -2.52094160150835   -5.74182244719039
  -3.05372573452718   -2.52626163086852   -5.75117723225061
  -3.05733577586091   -2.52924811678772   -5.75676168824767
  -3.06513408939144   -2.53569944279743   -5.76995708854633
  -3.06647183420900   -2.53680612155587   -5.77192515115212
  -3.07531892946722   -2.54412507526634   -5.78663707097110
  -3.07686451107013   -2.54540369156664   -5.78930663129925
  -3.08473041197585   -2.55191093071574   -5.80159536732632
  -3.08815425149398   -2.55474337709660   -5.80729128659838
  -3.09330356969555   -2.55900326358564   -5.81651519466120
  -3.09991625729052   -2.56447375452044   -5.82661097272611
  -3.10284045811606   -2.56689286382780   -5.83122710039836
  -3.11114649793463   -2.57376421755183   -5.84465548462447
  -3.11248446466262   -2.57487107989054   -5.84662393171888
  -3.12133367564398   -2.58219178387941   -5.86133882596249
  -3.12268352577247   -2.58330847702198   -5.86329795768432
  -3.13065028063887   -2.58989914982339   -5.87628679277304
  -3.13424681222931   -2.59287445951097   -5.88191367433892
  -3.13952539612937   -2.59724128388596   -5.89099524483609
  -3.14564799982470   -2.60230634215941   -5.90070176791198
  -3.14916106524224   -2.60521260262370   -5.90639826423790
  -3.15716692540317   -2.61183562613822   -5.91936825101134
  -3.15850740008931   -2.61294456324035   -5.92134000978094
  -3.16735646272659   -2.62026514450833   -5.93605499276549
  -3.16872657327354   -2.62139859852670   -5.93799049667732
  -3.17675510787762   -2.62804037997192   -5.95100954731315
  -3.18027216949408   -2.63094994637948   -5.95663394474087
  -3.18605288553501   -2.63573217058777   -5.96594660797623
  -3.19175304510434   -2.64044775268704   -5.97534988879504
  -3.19519015918784   -2.64329118074343   -5.98112355334574
  -3.20334989129123   -2.65004149819921   -5.99392195168401
  -3.20474309010401   -2.65119405249219   -5.99584243741835
  -3.21359471968389   -2.65851675731976   -6.01055820984256
  -3.21494241067701   -2.65963166427021   -6.01255090250169
  -3.22271655236126   -2.66606299358961   -6.02574095524038
  -3.22630569865894   -2.66903219363167   -6.03136883509563
  -3.23158621116348   -2.67340061348703   -6.04045392429022
  -3.23788374199135   -2.67861038406982   -6.05092352245809
  -3.24072655375485   -2.68096216248945   -6.05562967087559
  -3.24923224907833   -2.68799868561156   -6.06883753515149
  -3.25056173346297   -2.68909853074558   -6.07079820917185
  -3.25800693313303   -2.69525773556478   -6.08552441901718
  -3.26035486354423   -2.69720011252506   -6.09414014175754
  -3.26169897343902   -2.69831205693332   -6.10060741812266
  -3.26244097296186   -2.69892589232250   -6.11548690159725
  -3.26246971253071   -2.69894966776154   -6.13035759377114
  -3.26178587257754   -2.69838394615275   -6.14522579645642
  -3.26145561736499   -2.69811073528040   -6.16011546146725
  -3.26111654550716   -2.69783023064474   -6.17510846696259
  -3.26079269159565   -2.69756231538916   -6.18994999644371
  -3.26042824965349   -2.69726082279447   -6.19095788518845
  -3.26009514525367   -2.69698525486943   -6.20494195835033
  -3.25941026527172   -2.69641867287400   -6.21983780322852
  -3.25872041547216   -2.69584797948788   -6.23475524028519
  -3.25839048008107   -2.69557503319486   -6.24964718180216
  -3.25629160908198   -2.69383869609910   -6.26446612989522
  -3.25092167084623   -2.68939629684506   -6.27878286397005
  -3.24896447774326   -2.68777716589812   -6.28217246146176
  -3.24047649957184   -2.68075529967888   -6.29354238710912
  -3.23768181453835   -2.67844333515283   -6.29726177590805
  -3.22909872360178   -2.67134278481128   -6.30842192803938
  -3.22623769762914   -2.66897593828742   -6.31214202463301
  -3.21777944634524   -2.66197866428826   -6.32353572112136
  -3.21497360717953   -2.65965747226156   -6.32725589522528
  -3.20628483309137   -2.65246949321353   -6.33819198365731
  -3.20334969368751   -2.65004133472720   -6.34190357869702
  -3.19533290918446   -2.64340927381092   -6.35287101026039
  -3.19175739417346   -2.64045135054992   -6.35752237051078
  -3.18396494166970   -2.63400487320323   -6.36795011297259
  -3.18046392309438   -2.63110857875354   -6.37259894155162
  -3.17259634187325   -2.62459994952665   -6.38283030684721
  -3.16902017613559   -2.62164148793773   -6.38748098674051
  -3.16115264340316   -2.61513289882417   -6.39771260008107
  -3.15757649946385   -2.61217445526842   -6.40236339302443
  -3.14963482683372   -2.60560453229741   -6.41238718702755
  -3.14596473671514   -2.60256836970312   -6.41718972589579
  -3.13826545317748   -2.59619896842832   -6.42747827562444
  -3.13467377348297   -2.59322767257814   -6.43195274714545
  -3.12674492483265   -2.58666835852587   -6.44236394346706
  -3.12324587762822   -2.58377369493601   -6.44701279735640
  -3.11537852953900   -2.57726525857260   -6.45724541588017
  -3.11180246855907   -2.57430688364682   -6.46189666693433
  -3.10387033281691   -2.56774485027568   -6.47193256439625
  -3.10022685974954   -2.56473070722114   -6.47660950594342
  -3.09241369910816   -2.55826709861315   -6.48701662627742
  -3.08891583959794   -2.55537341756939   -6.49166551965210
  -3.08098851076779   -2.54881536082171   -6.50170754206882
  -3.07734494886882   -2.54580114427928   -6.50638507059257
  -3.06952651954464   -2.53933317703781   -6.51678694004277
  -3.06601722150244   -2.53643003321744   -6.52125900032422
  -3.05744521024265   -2.52933864878166   -6.53166753519582
  -3.05477742951282   -2.52713166862587   -6.53456869821440
  -3.04334787301490   -2.51767631718023   -6.54443600164595
  -3.04052194555682   -2.51533850667281   -6.54638101633486
  -3.03192714912561   -2.50822827270392   -6.55282344834440
  -3.02063516006931   -2.49888672694342   -6.56072739959333
  -3.01985662410832   -2.49824266598396   -6.56152045206667
  -3.00921379774918   -2.48943815431119   -6.56903306499352
  -2.99973570108341   -2.48159719083839   -6.57618978674663
  -2.99754939117961   -2.47978851798977   -6.57796135238316
  -2.98622416851170   -2.47041947899471   -6.58564981557500
  -2.97963916602223   -2.46497189117102   -6.59087955653398
  -2.97460477032601   -2.46080707684661   -6.59457613366770
  -2.96325148899745   -2.45141482570875   -6.60209480849269
  -2.95810909629864   -2.44716066849386   -6.60584046947102
  -2.95181041461407   -2.44194994583960   -6.61067371701776
  -2.94040566256224   -2.43251511441636   -6.61908634773579
  -2.93821056188626   -2.43069916920853   -6.62083435231288
  -2.92893944195485   -2.42302943178153   -6.62743275035266
  -2.91810302086861   -2.41406476462213   -6.63548951213510
  -2.91733033242991   -2.41342554115382   -6.63627959282618
  -2.90598039358735   -2.40403605516087   -6.64389323571437
  -2.89726826853735   -2.39682875851720   -6.65029010660360
  -2.89445642115209   -2.39450259605902   -6.65226310954676
  -2.88307258856837   -2.38508507072486   -6.66061389896512
  -2.87717538177275   -2.38020647698324   -6.66513734600834
  -2.87159623029696   -2.37559100148499   -6.66916036970494
  -2.86016513442035   -2.36613437655455   -6.67733530893410
  -2.85634991896842   -2.36297815584333   -6.68010329248153
  -2.84871153372624   -2.35665913401994   -6.68569629274371
  -2.83716563389788   -2.34710753500093   -6.69397448133573
  -2.83575289506476   -2.34593881579730   -6.69494736968502
  -2.82575540499045   -2.33766817272869   -6.70237252024740
  -2.81567693259692   -2.32933053525926   -6.70966673867890
  -2.81424971796209   -2.32814984063099   -6.71060678577061
  -2.80280505820365   -2.31868199468163   -6.71905883641410
  -2.79495600186281   -2.31218869056850   -6.72465380066950
  -2.79130356452727   -2.30916713162639   -6.72739575615002
  -2.77998973693443   -2.29980751945726   -6.73493329629401
  -2.77346434479943   -2.29440924560750   -6.73950369909192
  -2.76852748345625   -2.29032511871714   -6.74306923267835
  -2.75723016436726   -2.28097916357011   -6.74785286848700
  -2.74579280150939   -2.27151735414189   -6.75277514308110
  -2.74219755037302   -2.26854310373805   -6.75457935038689
  -2.73443206844005   -2.26211893838794   -6.75731804160004
  -2.72284942198863   -2.25253693991857   -6.76174672968797
  -2.71138940205701   -2.24305638692885   -6.76637829439527
  -2.70491252119607   -2.23769824509519   -6.76911692235753
  -2.69993431846947   -2.23357991763811   -6.77110849233576
  -2.68856980147315   -2.22417837154753   -6.77513438167373
  -2.67717779204684   -2.21475408174089   -6.77898438770394
  -2.66623340006463   -2.20570009328828   -6.78384199549702
  -2.66548525219226   -2.20508117154202   -6.78463422495289
  -2.65409607623233   -2.19565922578263   -6.78861510249592
  -2.64271549179701   -2.18624438755052   -6.79244187232154
  -2.63116845869147   -2.17669185100309   -6.79693708540790
  -2.62754938245462   -2.17369789076201   -6.79863067129842
  -2.61972914312900   -2.16722842615714   -6.80227440098959
  -2.60825030305859   -2.15773230379458   -6.80620258643457
  -2.59679138398888   -2.14825266151704   -6.81083554991987
  -2.59032999037347   -2.14290733184712   -6.81352809452157
  -2.58533192552888   -2.13877257301704   -6.81544579430800
  -2.57397405242683   -2.12937652323381   -6.81959438262023
  -2.56250172575062   -2.11988578921954   -6.82394028311083
  -2.55234150180274   -2.11148052098266   -6.82824459490567
  -2.55089340283092   -2.11028254932828   -6.82910489359786
  -2.53953554894645   -2.10088651544321   -6.83312650406667
  -2.52812487206164   -2.09144678257185   -6.83690853118870
  -2.51657803935930   -2.08189441181237   -6.84140413776773
  -2.51096184383605   -2.07724829081288   -6.84335248542819
  -2.50521099385897   -2.07249077396135   -6.84507550207552
      
      
