# shadow point cont 2D ind 156  size 1191
# norm  0.3387379 -0.9408808  0.0000000
# angle  1.2252211
   3.55665751  -6.83504235
   3.57145211  -6.83244619
   3.58072379  -6.82984655
   3.58631971  -6.82804582
   3.60128772  -6.82357261
   3.61607878  -6.81971425
   3.63083286  -6.81568542
   3.63185507  -6.81503451
   3.64596827  -6.80994196
   3.66071635  -6.80581767
   3.67543400  -6.80167886
   3.67913496  -6.79998480
   3.69045642  -6.79627410
   3.70544573  -6.79208237
   3.72020295  -6.78817468
   3.72835769  -6.78525372
   3.73511507  -6.78265958
   3.75008639  -6.77818862
   3.76496832  -6.77449112
   3.77691332  -6.77067206
   3.77967109  -6.76966483
   3.79462043  -6.76478979
   3.80961072  -6.76059906
   3.82428808  -6.75654747
   3.82618846  -6.75573119
   3.83928074  -6.75117771
   3.85414659  -6.74720189
   3.86908996  -6.74218320
   3.87360705  -6.74090283
   3.88392477  -6.73728753
   3.89880641  -6.73265775
   3.91373272  -6.72736022
   3.91640788  -6.72635041
   3.92858769  -6.72003362
   3.94334615  -6.71245818
   3.94518862  -6.71148050
   3.95833939  -6.70424027
   3.97222590  -6.69682121
   3.97323185  -6.69601104
   3.98808987  -6.68751419
   3.99921456  -6.68194755
   4.00287621  -6.67998957
   4.01772261  -6.67157661
   4.02611660  -6.66688986
   4.03261336  -6.66323120
   4.04732331  -6.65547565
   4.05300174  -6.65201398
   4.06246954  -6.64663585
   4.07745039  -6.63851576
   4.08010096  -6.63735297
   4.09231536  -6.63013852
   4.10614570  -6.62248470
   4.10716399  -6.62171750
   4.12197557  -6.61412327
   4.13400619  -6.60763105
   4.13682697  -6.60582383
   4.15167223  -6.59733034
   4.16059854  -6.59260724
   4.16649770  -6.58891147
   4.18129661  -6.58123967
   4.18789851  -6.57771068
   4.19645031  -6.57254573
   4.21122357  -6.56405421
   4.21223136  -6.56324939
   4.22606563  -6.55294593
   4.23172802  -6.54840716
   4.24112051  -6.53926430
   4.24679371  -6.53378688
   4.25586400  -6.52519620
   4.26236590  -6.51868076
   4.27083817  -6.51040471
   4.27816214  -6.50377555
   4.28580079  -6.49654668
   4.29418471  -6.48913541
   4.30068669  -6.48262043
   4.30908105  -6.47425751
   4.31555035  -6.46866258
   4.32483892  -6.45935582
   4.33018009  -6.45447177
   4.34039756  -6.44423461
   4.34513113  -6.43965373
   4.35549339  -6.42957788
   4.35998434  -6.42568357
   4.37128617  -6.41469083
   4.37506698  -6.41103187
   4.38707903  -6.39980418
   4.38986566  -6.39701250
   4.40263798  -6.38468459
   4.40454783  -6.38284746
   4.41843100  -6.36979876
   4.41935989  -6.36886824
   4.43259625  -6.35514145
   4.43448798  -6.35330576
   4.44838942  -6.34025641
   4.44928175  -6.33933689
   4.45744915  -6.32586544
   4.46114311  -6.31066941
   4.46075138  -6.29563240
   4.46071364  -6.28071037
   4.46067599  -6.26578877
   4.46063842  -6.25086759
   4.46029679  -6.23594214
   4.45965839  -6.22095378
   4.46015287  -6.20620461
   4.46016461  -6.19118246
   4.46012080  -6.17626340
   4.45950998  -6.16127942
   4.45910256  -6.14642392
   4.45726118  -6.13129211
   4.45155146  -6.11628265
   4.44979823  -6.11415272
   4.43966155  -6.10096584
   4.43549064  -6.09592283
   4.42710473  -6.08529564
   4.42030802  -6.07732410
   4.41425981  -6.07039602
   4.40520798  -6.05967161
   4.40173563  -6.05584601
   4.39039938  -6.04186240
   4.38954681  -6.04088600
   4.37738065  -6.02593795
   4.37562443  -6.02397480
   4.36436319  -6.01101721
   4.36060223  -6.00637156
   4.35206748  -5.99603507
   4.34553315  -5.98783550
   4.33993479  -5.98109977
   4.33052203  -5.97013219
   4.32705851  -5.96622206
   4.31573149  -5.95224236
   4.31487664  -5.95126662
   4.30271579  -5.93632258
   4.30095852  -5.93436118
   4.29033116  -5.92164875
   4.28570169  -5.91601900
   4.27768633  -5.90654155
   4.27097661  -5.89808629
   4.26541700  -5.89153306
   4.25593359  -5.88040509
   4.25239987  -5.87661968
   4.24110351  -5.86262530
   4.24022559  -5.86166809
   4.22807704  -5.84672183
   4.22631083  -5.84476900
   4.21570814  -5.83203788
   4.21107972  -5.82640952
   4.20303188  -5.81695044
   4.19635939  -5.80848162
   4.19079332  -5.80193585
   4.18132191  -5.79080529
   4.17777478  -5.78702656
   4.16649342  -5.77302949
   4.16561471  -5.77207227
   4.15347027  -5.75712998
   4.15168110  -5.75519788
   4.14110187  -5.74244905
   4.13647448  -5.73682205
   4.12841944  -5.72736444
   4.12175883  -5.71889888
   4.11619346  -5.71235457
   4.10672684  -5.70122733
   4.10381652  -5.69767551
   4.09218046  -5.68414748
   4.09102036  -5.68249823
   4.07887999  -5.66755985
   4.07685539  -5.66490009
   4.06651202  -5.65288189
   4.06211446  -5.64800266
   4.05382592  -5.63779842
   4.04744966  -5.63003736
   4.04103315  -5.62249805
   4.03214807  -5.61167086
   4.02859223  -5.60789141
   4.01732257  -5.59390287
   4.01644225  -5.59294563
   4.00405957  -5.57826248
   4.00230919  -5.57630578
   3.99193817  -5.56333589
   3.98744303  -5.55765087
   3.97933497  -5.54786558
   3.97260650  -5.53979777
   3.96704242  -5.53325631
   3.95758530  -5.52213552
   3.95402508  -5.51835575
   3.94299451  -5.50510345
   3.94188006  -5.50341412
   3.92947292  -5.48870197
   3.92752064  -5.48602822
   3.91735317  -5.47377768
   3.91275603  -5.46818819
   3.90468679  -5.45872997
   3.89790260  -5.45036165
   3.89219663  -5.44394152
   3.88320683  -5.43346589
   3.87947360  -5.42884090
   3.86864710  -5.41435788
   3.86775988  -5.41339325
   3.85491223  -5.39917227
   3.85297566  -5.39652105
   3.84280080  -5.38425714
   3.83844320  -5.37943120
   3.83014058  -5.36922683
   3.82351717  -5.36078014
   3.81795431  -5.35424145
   3.80850652  -5.34312684
   3.80493750  -5.33934650
   3.79368504  -5.32537014
   3.79280228  -5.32441292
   3.78039006  -5.30968609
   3.77867370  -5.30778348
   3.76828111  -5.29477429
   3.76368845  -5.28920251
   3.75560955  -5.27974393
   3.74922556  -5.27203847
   3.74343309  -5.26476440
   3.73398991  -5.25365280
   3.73104144  -5.25006424
   3.71913651  -5.23684934
   3.71800699  -5.23515932
   3.70588286  -5.22021984
   3.70393120  -5.21756729
   3.69377633  -5.20531130
   3.68917717  -5.19973968
   3.68048484  -5.19006468
   3.67457885  -5.18264441
   3.66864366  -5.17551191
   3.65941767  -5.16429687
   3.65591021  -5.16041761
   3.64466900  -5.14644900
   3.64375822  -5.14546920
   3.63205410  -5.13105170
   3.62943112  -5.12812000
   3.61928618  -5.11586782
   3.61468050  -5.11029638
   3.60658932  -5.10083372
   3.59999603  -5.09240401
   3.59443482  -5.08586929
   3.58500074  -5.07476352
   3.58138811  -5.07095108
   3.56991981  -5.05723833
   3.56902192  -5.05627782
   3.55691215  -5.04134569
   3.55517293  -5.03944082
   3.54481033  -5.02644351
   3.54042639  -5.02161766
   3.53201147  -5.01130818
   3.52563868  -5.00385135
   3.51921301  -4.99617339
   3.51045046  -4.98544472
   3.50758160  -4.98178203
   3.49571065  -4.96760509
   3.49480438  -4.96662637
   3.48244922  -4.95198516
   3.48047375  -4.94928280
   3.47034849  -4.93703800
   3.46572977  -4.93146694
   3.45755199  -4.92190583
   3.45103470  -4.91452446
   3.44455842  -4.90704189
   3.43598783  -4.89604683
   3.43311952  -4.89238489
   3.42125879  -4.87907270
   3.42009535  -4.87744357
   3.40799096  -4.86259400
   3.40624325  -4.86064078
   3.39520743  -4.84742175
   3.39150323  -4.84282524
   3.38314517  -4.83257020
   3.37658454  -4.82514148
   3.37010941  -4.81766045
   3.36153880  -4.80666727
   3.35801963  -4.80277706
   3.34654690  -4.78905667
   3.34564948  -4.78809676
   3.33354618  -4.77322103
   3.33176764  -4.77127957
   3.32083552  -4.75821311
   3.31706192  -4.75345636
   3.30870536  -4.74320337
   3.30191751  -4.73504353
   3.29633549  -4.72852780
   3.28694490  -4.71743070
   3.28331677  -4.71362275
   3.27211612  -4.69969902
   3.27121885  -4.69873932
   3.25911458  -4.68386589
   3.25736748  -4.68191346
   3.24634695  -4.66869742
   3.24263373  -4.66410524
   3.23427864  -4.65385425
   3.22772396  -4.64642927
   3.22125107  -4.63895122
   3.21275765  -4.62880675
   3.20889831  -4.62428013
   3.19769826  -4.61035891
   3.19680114  -4.60939940
   3.18469587  -4.59452822
   3.18292269  -4.59258853
   3.17170627  -4.57959566
   3.16801745  -4.57494245
   3.15986862  -4.56454043
   3.15331295  -4.55709932
   3.14684114  -4.54962271
   3.13834086  -4.54041853
   3.13288796  -4.53471929
   3.12361881  -4.52622773
   3.11612916  -4.51977473
   3.10877172  -4.51317579
   3.09871576  -4.50468371
   3.09397254  -4.50091377
   3.08082168  -4.49002342
   3.07910635  -4.48887071
   3.06396201  -4.47612953
   3.06296972  -4.47528680
   3.04919851  -4.46391802
   3.04455143  -4.46019497
   3.03447476  -4.45169803
   3.02705277  -4.44507003
   3.01954050  -4.43871743
   3.01016933  -4.43043106
   3.00460181  -4.42574805
   2.99234335  -4.41570834
   2.98965078  -4.41375824
   2.97539833  -4.40110263
   2.97443084  -4.40021795
   2.96007026  -4.38845879
   2.95719570  -4.38576648
   2.94524301  -4.37632937
   2.93878556  -4.37063385
   2.93031034  -4.36335405
   2.92188104  -4.35598754
   2.91538746  -4.35037723
   2.90347402  -4.34086004
   2.90055023  -4.33823921
   2.88638549  -4.32642763
   2.88541095  -4.32555342
   2.87063024  -4.31335791
   2.86798668  -4.31133234
   2.85592582  -4.30106040
   2.85107281  -4.29666255
   2.84109220  -4.28800660
   2.83280995  -4.28129716
   2.82618670  -4.27594946
   2.81572083  -4.26693921
   2.81118517  -4.26309848
   2.79736865  -4.25176547
   2.79640391  -4.25090174
   2.78141297  -4.23803099
   2.78045106  -4.23713923
   2.76693873  -4.22637975
   2.76206685  -4.22201292
   2.75190074  -4.21359037
   2.74441570  -4.20714240
   2.73705978  -4.20054871
   2.72769295  -4.19226714
   2.72213413  -4.18758635
   2.70854101  -4.17691400
   2.70756369  -4.17604562
   2.69243185  -4.16338153
   2.69146481  -4.16249735
   2.67740073  -4.15056511
   2.67453693  -4.14786218
   2.66293546  -4.13892751
   2.65542822  -4.13250953
   2.64780782  -4.12529153
   2.63851956  -4.11785178
   2.63296022  -4.11318796
   2.62085834  -4.10301872
   2.61798379  -4.10031337
   2.60345135  -4.08874199
   2.60247722  -4.08786891
   2.58844535  -4.07592780
   2.58557253  -4.07323746
   2.57339043  -4.06313305
   2.56792268  -4.05836872
   2.55870523  -4.05084181
   2.55028083  -4.04348076
   2.54379767  -4.03787402
   2.53261996  -4.02863610
   2.52897073  -4.02574492
   2.51481405  -4.01394219
   2.51384006  -4.01306925
   2.49905651  -4.00088311
   2.49714155  -3.99908985
   2.48422298  -3.98783859
   2.47969506  -3.98399179
   2.46976844  -3.97620831
   2.46132268  -3.96887604
   2.45480679  -3.96327940
   2.44346459  -3.95426509
   2.43976995  -3.95143251
   2.42495440  -3.94023792
   2.42324961  -3.93912521
   2.41017788  -3.92987201
   2.40264996  -3.92443890
   2.39531797  -3.91965035
   2.38128905  -3.90958103
   2.38030485  -3.90872594
   2.36562128  -3.89825470
   2.36009456  -3.89447363
   2.35087020  -3.88793021
   2.33923669  -3.87919558
   2.33617877  -3.87727206
   2.32088716  -3.86689334
   2.31815776  -3.86495989
   2.30622005  -3.85640761
   2.29696807  -3.84985696
   2.29134026  -3.84621170
   2.27703810  -3.83561824
   2.27603835  -3.83479610
   2.26169667  -3.82569661
   2.25503128  -3.82034368
   2.24678232  -3.81460947
   2.23369539  -3.80544607
   2.23191821  -3.80440411
   2.21709049  -3.79414771
   2.21234022  -3.79058627
   2.20227085  -3.78296093
   2.19207504  -3.77550619
   2.18726409  -3.77201610
   2.17245965  -3.76267301
   2.16980591  -3.76066150
   2.15775158  -3.75225701
   2.14938044  -3.74577509
   2.14282291  -3.74118971
   2.12879231  -3.73112573
   2.12781062  -3.73027688
   2.11293864  -3.72007815
   2.10745012  -3.71625071
   2.09821721  -3.70966921
   2.08673270  -3.70168099
   2.08313390  -3.69885555
   2.06840821  -3.68845648
   2.06567961  -3.68652385
   2.05358936  -3.67819219
   2.04450159  -3.67144248
   2.03882174  -3.66785618
   2.02393233  -3.65769764
   2.02296617  -3.65681446
   2.00901188  -3.64664604
   2.00181033  -3.64170331
   1.99427761  -3.63626706
   1.98115688  -3.62711952
   1.97947009  -3.62599297
   1.96448987  -3.61502498
   1.96080280  -3.61220606
   1.94994423  -3.60527483
   1.93849623  -3.59741458
   1.93481757  -3.59456136
   1.91989659  -3.58351992
   1.91813478  -3.58245901
   1.90531687  -3.57386849
   1.89694808  -3.56738913
   1.89034953  -3.56287726
   1.87565003  -3.55340470
   1.87467683  -3.55253264
   1.86063916  -3.54340056
   1.85055584  -3.53762123
   1.84591368  -3.53480700
   1.83097604  -3.52663199
   1.82537089  -3.52297649
   1.81627610  -3.51801300
   1.80143922  -3.50964233
   1.79859878  -3.50788450
   1.78658732  -3.50129059
   1.77340428  -3.49326039
   1.77160416  -3.49224899
   1.75672642  -3.48394392
   1.74744895  -3.47837064
   1.74200587  -3.47535059
   1.72706472  -3.46717823
   1.72066607  -3.46331268
   1.71236870  -3.45855999
   1.69733299  -3.44961239
   1.69550615  -3.44863346
   1.68248434  -3.44126458
   1.66949710  -3.43381192
   1.66770161  -3.43279972
   1.65302761  -3.42508343
   1.64274144  -3.41871897
   1.63810730  -3.41590344
   1.62316259  -3.40773364
   1.61755847  -3.40407920
   1.60847041  -3.39911615
   1.59343570  -3.39016997
   1.59160901  -3.38919119
   1.57858862  -3.38182335
   1.56559887  -3.37437247
   1.56380800  -3.37335952
   1.54913299  -3.36564497
   1.53965255  -3.35948649
   1.53403205  -3.35590848
   1.51909565  -3.34761005
   1.51456659  -3.34466878
   1.50438270  -3.33910569
   1.48954705  -3.33073642
   1.48853391  -3.32995801
   1.47485580  -3.32210702
   1.46249407  -3.31515625
   1.45972937  -3.31335987
   1.44504232  -3.30562850
   1.43496240  -3.29985263
   1.43037659  -3.29778908
   1.41557265  -3.29434385
   1.40070073  -3.29303018
   1.38571376  -3.29228289
   1.37102177  -3.29301641
   1.35610330  -3.29217081
   1.34126419  -3.29216409
   1.32642507  -3.29242066
   1.31158620  -3.29215086
   1.29674731  -3.29214435
   1.28190849  -3.29213792
   1.26706974  -3.29213157
   1.25223106  -3.29212529
   1.23739245  -3.29211908
   1.22255391  -3.29211294
   1.20771544  -3.29210688
   1.19287703  -3.29210090
   1.17803869  -3.29209499
   1.16320041  -3.29208915
   1.14836220  -3.29208339
   1.13352404  -3.29207770
   1.11876248  -3.29198334
   1.10374702  -3.29158379
   1.08900995  -3.29206107
   1.07424804  -3.29196699
   1.05933430  -3.29141620
   1.04449650  -3.29141263
   1.02965876  -3.29140912
   1.01482107  -3.29140569
   0.99998344  -3.29140233
   0.98514613  -3.29109694
   0.97030861  -3.29109207
   0.95547115  -3.29108727
   0.94063373  -3.29108254
   0.92579637  -3.29107789
   0.91095905  -3.29107331
   0.89612179  -3.29106881
   0.88128457  -3.29106437
   0.86644739  -3.29106002
   0.85161027  -3.29105574
   0.83677318  -3.29105153
   0.82200918  -3.29095899
   0.80700355  -3.29059080
   0.79226220  -3.29103934
   0.77742528  -3.29103543
   0.76266076  -3.29094324
   0.74775162  -3.29042811
   0.73291482  -3.29042603
   0.71807847  -3.29009262
   0.70324134  -3.29042208
   0.68840507  -3.29008560
   0.67356842  -3.29008221
   0.65873181  -3.29007889
   0.64389524  -3.29007564
   0.62905869  -3.29007247
   0.61422218  -3.29006937
   0.59938569  -3.29006635
   0.58461951  -3.28997517
   0.56971329  -3.28913263
   0.55481850  -3.28922604
   0.54004004  -3.29005499
   0.52520370  -3.29005234
   0.51036738  -3.29004976
   0.49553160  -3.28958332
   0.48069481  -3.29004482
   0.46589909  -3.28948853
   0.45102231  -3.28947209
   0.43618665  -3.28911007
   0.42135046  -3.28910794
   0.40651374  -3.28947033
   0.39167815  -3.28910389
   0.37684202  -3.28910197
   0.36200591  -3.28910013
   0.34716981  -3.28909836
   0.33233372  -3.28909667
   0.31749765  -3.28909505
   0.30266160  -3.28909351
   0.28782555  -3.28909204
   0.27298951  -3.28909064
   0.25815349  -3.28908932
   0.24338380  -3.28899988
   0.22839597  -3.28869059
   0.21371145  -3.28899759
   0.19881006  -3.28815688
   0.18397341  -3.28854327
   0.16913742  -3.28854390
   0.15430212  -3.28815425
   0.13946614  -3.28815352
   0.12463017  -3.28815286
   0.10979350  -3.28854712
   0.09495823  -3.28815177
   0.08012225  -3.28815133
   0.06528628  -3.28815097
   0.05045030  -3.28815068
   0.03567827  -3.28806221
   0.02069642  -3.28777335
   0.00594235  -3.28815026
  -0.00889365  -3.28815027
  -0.02372965  -3.28815035
  -0.03850257  -3.28806219
  -0.05340102  -3.28722286
  -0.06823704  -3.28722316
  -0.08307308  -3.28722354
  -0.09790912  -3.28722399
  -0.11274518  -3.28722452
  -0.12758126  -3.28722512
  -0.14241734  -3.28722579
  -0.15725345  -3.28722654
  -0.17208956  -3.28722736
  -0.18692570  -3.28722825
  -0.20176185  -3.28722922
  -0.21653698  -3.28714181
  -0.23143350  -3.28630350
  -0.24627056  -3.28673466
  -0.26110680  -3.28673736
  -0.27599106  -3.28640261
  -0.29071900  -3.28714804
  -0.30561564  -3.28674588
  -0.32045108  -3.28631175
  -0.33528743  -3.28631338
  -0.35012381  -3.28631509
  -0.36496021  -3.28631687
  -0.37979664  -3.28631873
  -0.39463310  -3.28632066
  -0.40946960  -3.28632266
  -0.42430612  -3.28632474
  -0.43914267  -3.28632689
  -0.45397926  -3.28632911
  -0.46881588  -3.28633141
  -0.48365254  -3.28633379
  -0.49848827  -3.28587227
  -0.51332500  -3.28587479
  -0.52816176  -3.28587739
  -0.54299855  -3.28588005
  -0.55783539  -3.28588280
  -0.57263242  -3.28576565
  -0.58763239  -3.28513873
  -0.60234615  -3.28589146
  -0.61718315  -3.28589450
  -0.63194198  -3.28569729
  -0.64685766  -3.28497294
  -0.66169377  -3.28451223
  -0.67653199  -3.28497953
  -0.69136818  -3.28451897
  -0.70620546  -3.28452245
  -0.72104384  -3.28498997
  -0.73588016  -3.28452963
  -0.75071759  -3.28453333
  -0.76555507  -3.28453710
  -0.78039260  -3.28454095
  -0.79523018  -3.28454487
  -0.81006782  -3.28454887
  -0.82490551  -3.28455294
  -0.83974327  -3.28455708
  -0.85458107  -3.28456130
  -0.86941894  -3.28456559
  -0.88425686  -3.28456996
  -0.89909485  -3.28457440
  -0.91393289  -3.28457891
  -0.92877100  -3.28458350
  -0.94360917  -3.28458816
  -0.95844740  -3.28459290
  -0.97323336  -3.28450795
  -0.98812430  -3.28413865
  -1.00017934  -3.28367869
  -1.00296036  -3.28321564
  -1.01779885  -3.28322067
  -1.03263740  -3.28322577
  -1.04747602  -3.28323094
  -1.06231471  -3.28323619
  -1.07715347  -3.28324152
  -1.09199230  -3.28324691
  -1.10680933  -3.28316057
  -1.12170943  -3.28288967
  -1.13650923  -3.28326355
  -1.15134836  -3.28326924
  -1.16618756  -3.28327501
  -1.18102684  -3.28328085
  -1.19584536  -3.28319469
  -1.21070591  -3.28282881
  -1.22554543  -3.28283488
  -1.24038502  -3.28284101
  -1.25522470  -3.28284722
  -1.27006446  -3.28285350
  -1.28494134  -3.28295579
  -1.29515380  -3.28374379
  -1.29987755  -3.28449126
  -1.31509047  -3.28845835
  -1.33053809  -3.29435722
  -1.33610498  -3.29714537
  -1.34583303  -3.30226467
  -1.36022934  -3.31015601
  -1.36394068  -3.31201485
  -1.37525030  -3.31832874
  -1.38991191  -3.32624243
  -1.39098425  -3.32691968
  -1.40446172  -3.33493097
  -1.41780449  -3.34203754
  -1.41959229  -3.34307995
  -1.43445392  -3.35130087
  -1.44461065  -3.35699478
  -1.44929766  -3.35970038
  -1.46385118  -3.36838785
  -1.47127461  -3.37210594
  -1.47909898  -3.37628424
  -1.49354612  -3.38418890
  -1.49833655  -3.38667722
  -1.50887799  -3.39292924
  -1.52324276  -3.40091910
  -1.52509871  -3.40184870
  -1.53838454  -3.40892942
  -1.55216396  -3.41656571
  -1.55323814  -3.41722813
  -1.56808101  -3.42566164
  -1.57892536  -3.43159379
  -1.58263744  -3.43345316
  -1.59748684  -3.44181925
  -1.60598904  -3.44616908
  -1.61254454  -3.44992588
  -1.62715762  -3.45783325
  -1.63292213  -3.46120449
  -1.64236805  -3.46651914
  -1.65687245  -3.47447088
  -1.65977883  -3.47610218
  -1.67202403  -3.48330160
  -1.68580769  -3.49079360
  -1.68688989  -3.49141632
  -1.70143738  -3.49945847
  -1.71370980  -3.50591923
  -1.71653627  -3.50771171
  -1.73113968  -3.51619380
  -1.74042117  -3.52084334
  -1.74619481  -3.52430533
  -1.76112590  -3.53258185
  -1.76582840  -3.53526241
  -1.77636585  -3.54170479
  -1.78974977  -3.55060838
  -1.79080907  -3.55132043
  -1.80558788  -3.56092512
  -1.81146345  -3.56513018
  -1.82092140  -3.57145769
  -1.83432681  -3.58019519
  -1.83539928  -3.58086167
  -1.85014677  -3.59067752
  -1.85670906  -3.59523384
  -1.86549077  -3.60098863
  -1.87915466  -3.60989904
  -1.88019032  -3.61067600
  -1.89476586  -3.62021749
  -1.90147675  -3.62452848
  -1.90993275  -3.63013474
  -1.92418638  -3.63929304
  -1.92519180  -3.64010238
  -1.93933042  -3.64997439
  -1.94675771  -3.65462446
  -1.95449564  -3.65989371
  -1.96875735  -3.66904317
  -1.96976283  -3.66985257
  -1.98383577  -3.67901855
  -1.99213018  -3.68468841
  -1.99871235  -3.68922679
  -2.01335001  -3.69867907
  -2.01438493  -3.69942742
  -2.02840367  -3.70877947
  -2.03600183  -3.71411343
  -2.04361711  -3.71922804
  -2.05813867  -3.72824290
  -2.05917929  -3.72900542
  -2.07297390  -3.73854258
  -2.08127285  -3.74420795
  -2.08807959  -3.74836729
  -2.10271084  -3.75800760
  -2.10446824  -3.75908706
  -2.11754651  -3.76830791
  -2.12662983  -3.77418347
  -2.13265264  -3.77813460
  -2.14728540  -3.78777453
  -2.14832536  -3.78853834
  -2.16192909  -3.79734290
  -2.17139233  -3.80357375
  -2.17714653  -3.80720925
  -2.19191402  -3.81736475
  -2.19369699  -3.81841565
  -2.20669782  -3.82691618
  -2.21602648  -3.83336867
  -2.22167282  -3.83688421
  -2.23646612  -3.84630496
  -2.23927571  -3.84812963
  -2.25134506  -3.85647607
  -2.26162756  -3.86296897
  -2.26653339  -3.86637823
  -2.28100055  -3.87623223
  -2.28377055  -3.87811682
  -2.29592858  -3.88625076
  -2.30626480  -3.89288555
  -2.31083819  -3.89643342
  -2.32558934  -3.90600117
  -2.32913706  -3.90810372
  -2.34045604  -3.91622330
  -2.34907760  -3.92235796
  -2.35592545  -3.92777090
  -2.36840020  -3.93760858
  -2.37042900  -3.93924238
  -2.38526553  -3.95047465
  -2.38728719  -3.95212346
  -2.40015774  -3.96250439
  -2.40590938  -3.96692107
  -2.41523466  -3.97441300
  -2.42461727  -3.98204590
  -2.42988060  -3.98682829
  -2.44273721  -3.99714497
  -2.44475508  -3.99879385
  -2.45939256  -4.01019022
  -2.46142542  -4.01180011
  -2.47434967  -4.02237725
  -2.47987955  -4.02708192
  -2.48913465  -4.03436834
  -2.49893765  -4.04160463
  -2.50457140  -4.04688413
  -2.51633421  -4.05659999
  -2.51896527  -4.05864349
  -2.53364054  -4.07000431
  -2.53558259  -4.07176385
  -2.54861531  -4.08182177
  -2.55444429  -4.08610825
  -2.56381056  -4.09374006
  -2.57295479  -4.10148289
  -2.57836478  -4.10610642
  -2.59143531  -4.11624366
  -2.59343200  -4.11792183
  -2.60799345  -4.12956024
  -2.60993573  -4.13132003
  -2.62297389  -4.14137879
  -2.62879332  -4.14568073
  -2.63815277  -4.15331425
  -2.64720559  -4.16091475
  -2.65290001  -4.16551994
  -2.66508103  -4.17552222
  -2.66778318  -4.17749860
  -2.68235470  -4.18912507
  -2.68429721  -4.19088512
  -2.69724573  -4.20118924
  -2.70286895  -4.20578646
  -2.71233653  -4.21396453
  -2.72063176  -4.22056792
  -2.72734630  -4.22583921
  -2.73938376  -4.23531813
  -2.74204093  -4.23733315
  -2.75701640  -4.24918815
  -2.75876046  -4.25027211
  -2.77184589  -4.26141177
  -2.77649444  -4.26513556
  -2.78676526  -4.27339590
  -2.79521496  -4.27980359
  -2.80196413  -4.28521353
  -2.81375906  -4.29489915
  -2.81667538  -4.29754451
  -2.83133212  -4.30893391
  -2.83304587  -4.31004254
  -2.84622668  -4.32099670
  -2.85087578  -4.32472106
  -2.86114934  -4.33298247
  -2.86958950  -4.33940520
  -2.87585363  -4.34440532
  -2.88818456  -4.35430702
  -2.89123625  -4.35675240
  -2.90578343  -4.36836698
  -2.90678019  -4.36920940
  -2.92061636  -4.38059095
  -2.92526601  -4.38431590
  -2.93554235  -4.39257838
  -2.94397320  -4.39901588
  -2.95071368  -4.40443176
  -2.96253625  -4.41408914
  -2.96544652  -4.41677899
  -2.97998055  -4.42821502
  -2.98097123  -4.42906335
  -2.99495489  -4.44031975
  -2.99953941  -4.44412169
  -3.00994445  -4.45218379
  -3.01850249  -4.45875063
  -3.02485238  -4.46436724
  -3.03598837  -4.47355947
  -3.03974002  -4.47631029
  -3.05361416  -4.48878702
  -3.05454455  -4.48971823
  -3.06677492  -4.50366215
  -3.06968208  -4.50736536
  -3.07815395  -4.51856358
  -3.08459387  -4.52686220
  -3.08948779  -4.53318473
  -3.09942319  -4.54559896
  -3.10134579  -4.54834740
  -3.11255364  -4.56324646
  -3.11422417  -4.56523515
  -3.12366903  -4.57813926
  -3.12915213  -4.58464676
  -3.13588086  -4.59284323
  -3.14429523  -4.60416146
  -3.14700923  -4.60793997
  -3.15790843  -4.62305641
  -3.15889302  -4.62480181
  -3.16948671  -4.63749565
  -3.17410730  -4.64315812
  -3.18099113  -4.65218274
  -3.18907951  -4.66275710
  -3.19262583  -4.66753526
  -3.20350794  -4.68166751
  -3.20436423  -4.68265474
  -3.21494297  -4.69733266
  -3.21857361  -4.70200412
  -3.22620812  -4.71210332
  -3.23367656  -4.72143441
  -3.23818282  -4.72713439
  -3.24855075  -4.74104299
  -3.24939356  -4.74203736
  -3.26053203  -4.75693822
  -3.26332933  -4.76064663
  -3.27179233  -4.77184625
  -3.27815121  -4.78027976
  -3.28351442  -4.78696790
  -3.29272412  -4.79914799
  -3.29467711  -4.80187314
  -3.30613701  -4.81655331
  -3.30810097  -4.81929144
  -3.31733979  -4.83145740
  -3.32292811  -4.83890983
  -3.32851650  -4.84636238
  -3.33772578  -4.85758976
  -3.34057680  -4.86127095
  -3.35110854  -4.87594932
  -3.35285710  -4.87790382
  -3.36293260  -4.89108351
  -3.36753242  -4.89671955
  -3.37433755  -4.90580952
  -3.38245873  -4.91633467
  -3.38600680  -4.92111540
  -3.39653365  -4.93580370
  -3.39738179  -4.93679600
  -3.40854951  -4.95071877
  -3.41226136  -4.95544649
  -3.41973494  -4.96568123
  -3.42723382  -4.97491653
  -3.43185610  -4.98053675
  -3.44183294  -4.99385564
  -3.44285957  -4.99565832
  -3.45352052  -5.01013127
  -3.45705265  -5.01411209
  -3.46526331  -5.02529763
  -3.47189799  -5.03370779
  -3.47726384  -5.04039967
  -3.48677910  -5.05331754
  -3.48846573  -5.05530767
  -3.49967549  -5.07021603
  -3.50158466  -5.07291730
  -3.51110633  -5.08491389
  -3.51647272  -5.09160655
  -3.52228875  -5.09982716
  -3.53133710  -5.11121991
  -3.53411266  -5.11496314
  -3.54554469  -5.12966029
  -3.54664787  -5.13138806
  -3.55683719  -5.14457121
  -3.56133064  -5.15021444
  -3.56813930  -5.15930954
  -3.57641190  -5.16968695
  -3.58006505  -5.17440426
  -3.59061731  -5.18909626
  -3.59147442  -5.19008462
  -3.60237293  -5.20424516
  -3.60611466  -5.20891814
  -3.61383309  -5.21917617
  -3.62092671  -5.22859040
  -3.62543748  -5.23429681
  -3.63554130  -5.24746249
  -3.63662341  -5.24921514
  -3.64803203  -5.26392307
  -3.65091196  -5.26762532
  -3.65935761  -5.27882812
  -3.66574433  -5.28727911
  -3.67048059  -5.29375052
  -3.68033694  -5.30617018
  -3.68229201  -5.30889839
  -3.69376579  -5.32359596
  -3.69549781  -5.32559013
  -3.70410515  -5.33850969
  -3.71038521  -5.34609588
  -3.71611963  -5.35344345
  -3.72521277  -5.36483559
  -3.72798983  -5.36858100
  -3.73919283  -5.38349870
  -3.74025723  -5.38523887
  -3.75062608  -5.39821291
  -3.75523060  -5.40385554
  -3.76204297  -5.41295599
  -3.77014440  -5.42348395
  -3.77369626  -5.42827017
  -3.78464765  -5.44243068
  -3.78549665  -5.44342415
  -3.79629911  -5.45791913
  -3.79999030  -5.46264555
  -3.80747198  -5.47289209
  -3.81485280  -5.48227605
  -3.81936600  -5.48798588
  -3.82947531  -5.50115943
  -3.83055807  -5.50291308
  -3.84132392  -5.51740216
  -3.84482458  -5.52137798
  -3.85311060  -5.53258983
  -3.85969497  -5.54099988
  -3.86506647  -5.54769973
  -3.87407444  -5.56005303
  -3.87596484  -5.56283512
  -3.88745397  -5.57755894
  -3.88940449  -5.58029282
  -3.89882232  -5.59231142
  -3.90420367  -5.59905115
  -3.91047664  -5.60762629
  -3.91911842  -5.61866056
  -3.92195834  -5.62236130
  -3.93315609  -5.63729170
  -3.93402140  -5.63827518
  -3.94435933  -5.65221833
  -3.94928093  -5.65853189
  -3.95602422  -5.66674874
  -3.96414516  -5.67728443
  -3.96769905  -5.68207357
  -3.97825869  -5.69679354
  -3.97910815  -5.69778764
  -3.99033281  -5.71174687
  -3.99406711  -5.71642259
  -4.00172063  -5.72665427
  -4.00888687  -5.73611585
  -4.01276982  -5.74160449
  -4.02347399  -5.75595528
  -4.02429919  -5.75696072
  -4.03512841  -5.77149214
  -4.03858314  -5.77544779
  -4.04696272  -5.78669870
  -4.05345723  -5.79509898
  -4.05819892  -5.80157826
  -4.06835491  -5.81472008
  -4.07002672  -5.81672212
  -4.08152972  -5.83145816
  -4.08348380  -5.83419455
  -4.09213799  -5.84616081
  -4.09846154  -5.85377006
  -4.10420245  -5.86112680
  -4.11328060  -5.87345690
  -4.11575688  -5.87647413
  -4.12726183  -5.89122981
  -4.12834963  -5.89297795
  -4.13846823  -5.90616468
  -4.14321117  -5.91264577
  -4.14967104  -5.92110726
  -4.15787176  -5.93152534
  -4.16150463  -5.93626944
  -4.17208445  -5.95098055
  -4.17295288  -5.95198808
  -4.18356020  -5.96572543
  -4.18817049  -5.97137609
  -4.19563878  -5.98071786
  -4.20307211  -5.99102035
  -4.20662862  -5.99581324
  -4.21761910  -6.00996338
  -4.21844479  -6.01096947
  -4.22930120  -6.02551813
  -4.23296977  -6.03024254
  -4.24046308  -6.04050348
  -4.24785636  -6.04990251
  -4.25237536  -6.05562049
  -4.26249785  -6.06881274
  -4.26358218  -6.07056879
  -4.27235281  -6.08525984
  -4.27636133  -6.10035977
  -4.27603002  -6.11510685
  -4.27466749  -6.13004792
  -4.27377208  -6.14496333
  -4.27198054  -6.15984753
  -4.27102199  -6.17478892
  -4.27012461  -6.18974470
  -4.26883655  -6.20453848
  -4.26701074  -6.21945284
  -4.26576883  -6.23432703
  -4.26424990  -6.24934676
  -4.26233056  -6.25844584
  -4.26070189  -6.26409033
  -4.25242032  -6.27863129
  -4.24810321  -6.28330651
  -4.23867401  -6.29351130
  -4.23330892  -6.29921836
  -4.22489063  -6.30826202
  -4.21822549  -6.31481800
  -4.21004781  -6.32330133
  -4.20354974  -6.32981162
  -4.19589243  -6.33795104
  -4.18853626  -6.34552054
  -4.18197065  -6.35283440
  -4.17369821  -6.36134157
  -4.16732547  -6.36796859
  -4.15908902  -6.37644683
  -4.15338863  -6.38283585
  -4.14414734  -6.39213456
  -4.13927500  -6.39748435
  -4.12928281  -6.40801517
  -4.12480661  -6.41281050
  -4.11444796  -6.42376457
  -4.11073492  -6.42748532
  -4.09959584  -6.43864773
  -4.09588282  -6.44236857
  -4.08463660  -6.45440483
  -4.08190172  -6.45724209
  -4.06966339  -6.47004686
  -4.06780690  -6.47190738
  -4.05494417  -6.48511835
  -4.05312347  -6.48701215
  -4.04010567  -6.50095021
  -4.03919681  -6.50189840
  -4.02534416  -6.51586674
  -4.02441593  -6.51679706
  -4.01040669  -6.52954423
  -4.00771076  -6.53151655
  -3.99596731  -6.53924672
  -3.98471489  -6.54651273
  -3.98097617  -6.54907220
  -3.96623445  -6.55689475
  -3.95960161  -6.56133233
  -3.95124203  -6.56578816
  -3.93623147  -6.57399843
  -3.93256386  -6.57594355
  -3.92148119  -6.58262175
  -3.90753110  -6.59093439
  -3.90651846  -6.59171963
  -3.89183009  -6.59942893
  -3.88145497  -6.60587960
  -3.87698122  -6.60873804
  -3.86222920  -6.61631407
  -3.85545565  -6.62041637
  -3.84718703  -6.62538795
  -3.83240673  -6.63391439
  -3.82957892  -6.63570459
  -3.81763390  -6.64232537
  -3.80428940  -6.65019663
  -3.80245541  -6.65116723
  -3.78790248  -6.65904533
  -3.77738929  -6.66532917
  -3.77292080  -6.66818835
  -3.75798763  -6.67632511
  -3.75229532  -6.67980401
  -3.74295945  -6.68548100
  -3.72814396  -6.69395773
  -3.72632663  -6.69495492
  -3.71339470  -6.70234044
  -3.70025008  -6.70977812
  -3.69844925  -6.71079732
  -3.68371545  -6.71926878
  -3.67353251  -6.72492078
  -3.66886597  -6.72764788
  -3.65407333  -6.73502539
  -3.64381669  -6.73960289
  -3.63920791  -6.74154474
  -3.62454553  -6.74635830
  -3.60956031  -6.75076780
  -3.59921204  -6.75436370
  -3.59456500  -6.75621901
  -3.57994476  -6.76045535
  -3.56507101  -6.76508653
  -3.55286564  -6.76931489
  -3.55006696  -6.77020876
  -3.53519417  -6.77485673
  -3.52045063  -6.77898091
  -3.50555758  -6.78340900
  -3.50454794  -6.78401025
  -3.49053239  -6.78868263
  -3.47570174  -6.79338399
  -3.46082899  -6.79801616
  -3.45803226  -6.79891642
  -3.44600768  -6.80274124
  -3.43108392  -6.80728091
  -3.41621609  -6.81169638
  -3.41060134  -6.81339713
  -3.40115429  -6.81721468
  -3.38658151  -6.82140178
  -3.37159545  -6.82581212
  -3.36409460  -6.82838242
  -3.35668343  -6.83130877
  -3.34196676  -6.83530153
  -3.32718065  -6.83831075
  -3.31230984  -6.84087527
         
