# shadow point cont 2D ind 242  size 1201
# norm -0.3239174 -0.9460854  0.0000000
# angle  1.9006636
   3.64798771  -6.84145172
   3.64816956  -6.84146133
   3.65045326  -6.84217160
   3.66453670  -6.83908801
   3.67905486  -6.83560271
   3.69385428  -6.83107352
   3.70518010  -6.82810375
   3.70889975  -6.82717943
   3.72399103  -6.82249536
   3.73862801  -6.81832796
   3.75336520  -6.81407348
   3.75627841  -6.81312875
   3.76851320  -6.80909847
   3.78339258  -6.80540180
   3.79824402  -6.80080121
   3.80557740  -6.79879269
   3.81308068  -6.79622426
   3.82813212  -6.79195288
   3.84281918  -6.78792698
   3.85473947  -6.78392304
   3.85750975  -6.78294556
   3.87265784  -6.77855881
   3.88764459  -6.77436970
   3.90213717  -6.77000817
   3.90602740  -6.76887067
   3.91729424  -6.76560571
   3.93228149  -6.76141700
   3.94673539  -6.75712963
   3.95703784  -6.75400089
   3.96173708  -6.75231019
   3.97681091  -6.74802571
   3.99131933  -6.74243280
   3.99773369  -6.73946313
   4.00619067  -6.73500610
   4.02071607  -6.72807988
   4.02645715  -6.72443013
   4.03593090  -6.71922023
   4.05057075  -6.71249307
   4.05535832  -6.70975287
   4.06585823  -6.70380896
   4.08032156  -6.69667740
   4.08317473  -6.69493766
   4.09541593  -6.68858346
   4.11006986  -6.68087351
   4.11191111  -6.67991258
   4.12515785  -6.67279962
   4.13899075  -6.66526906
   4.14000873  -6.66450579
   4.15490035  -6.65701646
   4.16689488  -6.65053519
   4.16973961  -6.64877727
   4.18452408  -6.64109567
   4.19561185  -6.63529159
   4.19951371  -6.63287654
   4.21420357  -6.62601104
   4.22435088  -6.62049673
   4.22903489  -6.61777683
   4.24394789  -6.61022984
   4.25240619  -6.60577443
   4.25900527  -6.60224705
   4.27363798  -6.59464438
   4.28029201  -6.59092204
   4.28875049  -6.58646685
   4.30314024  -6.57876414
   4.30688776  -6.57601974
   4.31791165  -6.56845407
   4.32721240  -6.56107002
   4.33286488  -6.55652733
   4.34382663  -6.54649603
   4.34754028  -6.54277481
   4.35975817  -6.53165307
   4.36260153  -6.52892569
   4.37470095  -6.51696268
   4.37725535  -6.51487110
   4.39118462  -6.50184997
   4.39211305  -6.50091973
   4.40693779  -6.48769964
   4.40788990  -6.48679611
   4.42165354  -6.47377265
   4.42350992  -6.47191174
   4.43650766  -6.45981828
   4.43929225  -6.45702698
   4.45154780  -6.44604998
   4.45526166  -6.44232937
   4.46645141  -6.43203500
   4.47110773  -6.42740883
   4.48128766  -6.41807132
   4.48697329  -6.41253668
   4.49633753  -6.40425726
   4.50285609  -6.39792434
   4.51098170  -6.39025266
   4.51859461  -6.38284699
   4.52602508  -6.37633911
   4.53512836  -6.36793606
   4.54069941  -6.36235583
   4.55053980  -6.35288157
   4.55520778  -6.34732335
   4.56077822  -6.33885987
   4.56469868  -6.32437697
   4.56506935  -6.30953252
   4.56498292  -6.29466512
   4.56452646  -6.27968521
   4.56402231  -6.26475861
   4.56393589  -6.24989004
   4.56301436  -6.23491051
   4.56292794  -6.22004117
   4.56252837  -6.20499226
   4.56285144  -6.19019614
   4.56234980  -6.17530390
   4.56133159  -6.16050270
   4.55794726  -6.14583017
   4.55532754  -6.14106614
   4.54925610  -6.13060218
   4.54113307  -6.12011556
   4.53734399  -6.11548522
   4.52581138  -6.10170532
   4.52495223  -6.10071448
   4.51300924  -6.08561344
   4.51121293  -6.08368195
   4.49991380  -6.07068039
   4.49605517  -6.06610320
   4.48698021  -6.05561170
   4.48130697  -6.04817755
   4.47478663  -6.04069042
   4.46640814  -6.03038520
   4.46261934  -6.02575579
   4.45134317  -6.01273290
   4.44960157  -6.01076542
   4.43762407  -5.99565904
   4.43649333  -5.99396003
   4.42519105  -5.98096034
   4.42133986  -5.97638594
   4.41285523  -5.96617255
   4.40644339  -5.95859177
   4.40002859  -5.95101378
   4.39144948  -5.94088769
   4.38702724  -5.93601815
   4.37663129  -5.92302707
   4.37482994  -5.92110551
   4.36246534  -5.90633879
   4.36160660  -5.90534847
   4.35048503  -5.89126221
   4.34671992  -5.88662561
   4.33764786  -5.87608114
   4.33197947  -5.86965263
   4.32533280  -5.86132391
   4.31675698  -5.85120069
   4.31229771  -5.84635587
   4.30193437  -5.83336336
   4.30014067  -5.83142314
   4.28840882  -5.81691607
   4.28664791  -5.81496212
   4.27508101  -5.80147075
   4.27219086  -5.79775523
   4.26282332  -5.78657820
   4.25720778  -5.78004100
   4.24973142  -5.77164838
   4.24220062  -5.76237981
   4.23762359  -5.75669184
   4.22749188  -5.74446893
   4.22480281  -5.74153041
   4.21309051  -5.72703012
   4.21221024  -5.72605338
   4.20019179  -5.71192846
   4.19736192  -5.70824687
   4.18750393  -5.69669800
   4.18277620  -5.69111614
   4.17506891  -5.68200144
   4.16740510  -5.67283756
   4.16209850  -5.66702172
   4.15259646  -5.65497073
   4.14992855  -5.65209864
   4.13841058  -5.63741778
   4.13751088  -5.63645510
   4.12557721  -5.62236536
   4.12286589  -5.61940866
   4.11260763  -5.60728704
   4.10797935  -5.60165009
   4.10049605  -5.59234527
   4.09300869  -5.58300254
   4.08766754  -5.57719674
   4.07794928  -5.56534991
   4.07524654  -5.56249814
   4.06377172  -5.54780201
   4.06287220  -5.54683956
   4.05091335  -5.53269654
   4.04823103  -5.52979728
   4.03797751  -5.51767928
   4.03325299  -5.51209271
   4.02496378  -5.50273249
   4.01836332  -5.49434084
   4.01277910  -5.48781906
   4.00352387  -5.47656999
   3.99995946  -5.47266864
   3.98848177  -5.45893035
   3.98760204  -5.45795429
   3.97543087  -5.44306636
   3.97367985  -5.44110895
   3.96251339  -5.42792303
   3.95871925  -5.42339607
   3.95026012  -5.41317756
   3.94373639  -5.40569675
   3.93732250  -5.39821506
   3.92914503  -5.38774228
   3.92534988  -5.38309058
   3.91410613  -5.37010296
   3.91299701  -5.36838015
   3.90079203  -5.35349955
   3.89899873  -5.35157186
   3.88851348  -5.33873601
   3.88411911  -5.33382934
   3.87566060  -5.32361279
   3.86913675  -5.31613330
   3.86266040  -5.30867084
   3.85428408  -5.29838073
   3.84983816  -5.29352807
   3.83922133  -5.28076616
   3.83742831  -5.27883882
   3.82575340  -5.26433454
   3.82403845  -5.26235720
   3.81329888  -5.24896493
   3.80943609  -5.24432551
   3.80016812  -5.23405964
   3.79466393  -5.22747743
   3.78799851  -5.21915352
   3.77944553  -5.20904962
   3.77500035  -5.20421519
   3.76468057  -5.19125391
   3.76296589  -5.18927693
   3.75096243  -5.17418445
   3.75006612  -5.17322104
   3.73780408  -5.15927293
   3.73494894  -5.15569209
   3.72559935  -5.14453443
   3.72009776  -5.13795412
   3.71275961  -5.12939891
   3.70511129  -5.12026408
   3.70043645  -5.11469643
   3.69003596  -5.10262587
   3.68742490  -5.09976997
   3.67594617  -5.08508443
   3.67506714  -5.08410928
   3.66308665  -5.07003072
   3.66024933  -5.06633434
   3.65038965  -5.05479869
   3.64564739  -5.04922019
   3.63806029  -5.04010028
   3.63079124  -5.03149737
   3.62523155  -5.02496705
   3.61571556  -5.01382637
   3.61287929  -5.01027392
   3.60098182  -4.99610910
   3.60010295  -4.99513416
   3.58881227  -4.98043429
   3.58608063  -4.97743113
   3.57584953  -4.96531159
   3.57110518  -4.95973355
   3.56275318  -4.95040611
   3.55600026  -4.94221976
   3.55043858  -4.93571114
   3.54119978  -4.92447870
   3.53828493  -4.92080852
   3.52617208  -4.90686152
   3.52529337  -4.90588679
   3.51314051  -4.89101969
   3.51139153  -4.88906491
   3.50108711  -4.87606486
   3.49633405  -4.87047762
   3.48810818  -4.86114767
   3.48170786  -4.85348508
   3.47526667  -4.84602021
   3.46664968  -4.83581576
   3.46291771  -4.83133409
   3.45165591  -4.81740533
   3.45077735  -4.81643079
   3.43862730  -4.80156689
   3.43687863  -4.79961252
   3.42593011  -4.78638744
   3.42205206  -4.78174842
   3.41281096  -4.77148776
   3.40711300  -4.76420111
   3.40064465  -4.75659097
   3.39212733  -4.74652090
   3.38768281  -4.74167367
   3.37738225  -4.72871324
   3.37562545  -4.72676457
   3.36348162  -4.71190456
   3.36260743  -4.71092757
   3.35115918  -4.69700019
   3.34765936  -4.69323241
   3.33831317  -4.68205833
   3.33268160  -4.67554397
   3.32536433  -4.66714733
   3.31763789  -4.65787731
   3.31301654  -4.65246803
   3.30302414  -4.63997523
   3.30096230  -4.63736679
   3.28847292  -4.62289724
   3.28759469  -4.62192314
   3.27586655  -4.60769452
   3.27305060  -4.60398700
   3.26382852  -4.59264655
   3.25819653  -4.58613318
   3.25059962  -4.57778142
   3.24332498  -4.57029682
   3.23663790  -4.56287935
   3.22841342  -4.55589930
   3.21896667  -4.54780904
   3.21338264  -4.54312112
   3.20119766  -4.53302048
   3.19831372  -4.53033228
   3.18370905  -4.51864090
   3.18272258  -4.51778377
   3.16860056  -4.50682668
   3.16489319  -4.50328832
   3.15407136  -4.49440245
   3.14648569  -4.48800032
   3.13890673  -4.48164989
   3.12868638  -4.47329777
   3.12409265  -4.46952124
   3.11103226  -4.45824066
   3.10905959  -4.45652666
   3.09438797  -4.44526056
   3.09246572  -4.44346883
   3.07951802  -4.43294222
   3.07382520  -4.42843374
   3.06460559  -4.42107642
   3.05620482  -4.41365921
   3.04952827  -4.40809306
   3.03850635  -4.39893407
   3.03472628  -4.39595951
   3.02060872  -4.38407496
   3.01963571  -4.38319630
   3.00491315  -4.37187242
   3.00128162  -4.36897435
   2.99013650  -4.35962540
   2.98352797  -4.35410911
   2.97534198  -4.34750140
   2.96522798  -4.33893935
   2.96049880  -4.33515220
   2.94733333  -4.32413290
   2.94536123  -4.32241951
   2.93047078  -4.31049222
   2.92878060  -4.30936609
   2.91582773  -4.29884347
   2.91013648  -4.29433661
   2.90069688  -4.28631452
   2.89253026  -4.27956698
   2.88595933  -4.27396861
   2.87472576  -4.26472334
   2.87114462  -4.26185077
   2.85693941  -4.24999300
   2.85596667  -4.24911464
   2.84137112  -4.23755223
   2.83843575  -4.23494444
   2.82649798  -4.22481792
   2.82065696  -4.22010564
   2.81169025  -4.21343230
   2.80230849  -4.20510317
   2.79661622  -4.20044909
   2.78382453  -4.19009745
   2.78190332  -4.18830687
   2.76705758  -4.17595858
   2.76536940  -4.17480050
   2.75201825  -4.16420450
   2.74741351  -4.16044017
   2.73726508  -4.15200937
   2.72888978  -4.14536708
   2.72246101  -4.13989774
   2.71208675  -4.13065830
   2.70739544  -4.12691101
   2.69354094  -4.11567780
   2.69256847  -4.11479973
   2.67771934  -4.10265050
   2.67502199  -4.10067566
   2.66280144  -4.09060908
   2.65703402  -4.08608021
   2.64802154  -4.07869397
   2.63865682  -4.07094524
   2.63311525  -4.06640003
   2.62082824  -4.05627987
   2.61809617  -4.05434415
   2.60323067  -4.04242454
   2.60227034  -4.04152956
   2.58839969  -4.02932184
   2.58477053  -4.02642629
   2.57365434  -4.01774675
   2.56604721  -4.01159171
   2.55887565  -4.00589870
   2.54849944  -3.99666199
   2.54391328  -3.99289007
   2.53061674  -3.98192061
   2.52887040  -3.98084122
   2.51410385  -3.97034391
   2.50933137  -3.96680383
   2.49904097  -3.95947494
   2.48834189  -3.95171216
   2.48423734  -3.94897358
   2.46943124  -3.93890048
   2.46745399  -3.93720117
   2.45472649  -3.92840101
   2.44531508  -3.92194220
   2.43970774  -3.91756076
   2.42509203  -3.90752544
   2.42403968  -3.90679149
   2.41003580  -3.89707705
   2.40349501  -3.89232945
   2.39503218  -3.88595603
   2.38294302  -3.87764287
   2.38021185  -3.87570805
   2.36559570  -3.86577787
   2.36069458  -3.86245367
   2.35053772  -3.85522650
   2.33946502  -3.84730155
   2.33558932  -3.84476563
   2.32078465  -3.83470804
   2.31880782  -3.83300917
   2.30610444  -3.82417952
   2.29743943  -3.81799125
   2.29096110  -3.81340922
   2.27693032  -3.80337725
   2.27594530  -3.80252166
   2.26150529  -3.79243894
   2.25489314  -3.78795297
   2.24669832  -3.78229878
   2.23449572  -3.77307229
   2.23173055  -3.77118125
   2.21714336  -3.76156891
   2.21235037  -3.75805654
   2.20195502  -3.75074160
   2.19167729  -3.74351069
   2.18727898  -3.74042987
   2.17211991  -3.72940780
   2.17034327  -3.72834900
   2.15751125  -3.71998518
   2.14916896  -3.71361350
   2.14259157  -3.70884983
   2.12842755  -3.69894534
   2.12743066  -3.69811417
   2.11291620  -3.68825250
   2.10630421  -3.68376930
   2.09811779  -3.67811477
   2.08571275  -3.66931896
   2.08298258  -3.66738516
   2.06822153  -3.65694247
   2.06445919  -3.65421971
   2.05361219  -3.64646980
   2.04348747  -3.63891181
   2.03851862  -3.63540814
   2.02407129  -3.62557526
   2.02130817  -3.62368294
   2.00915042  -3.61536495
   2.00058219  -3.60927608
   1.99402627  -3.60468507
   1.97985522  -3.59479634
   1.97884448  -3.59398576
   1.96435429  -3.58409210
   1.95845050  -3.57994109
   1.94977073  -3.57388950
   1.93723318  -3.56473282
   1.93440737  -3.56293792
   1.91990721  -3.55396536
   1.91317709  -3.54969120
   1.90485513  -3.54481468
   1.88976172  -3.53657664
   1.88683096  -3.53500732
   1.87522356  -3.52842065
   1.86191157  -3.51983855
   1.86005515  -3.51890844
   1.84513055  -3.51095701
   1.83613869  -3.50521741
   1.83035061  -3.50216972
   1.81544169  -3.49407421
   1.80887481  -3.49048318
   1.80079639  -3.48572438
   1.78579543  -3.47706308
   1.78286421  -3.47549558
   1.77107600  -3.46899726
   1.75781332  -3.46083189
   1.75599520  -3.45983443
   1.74149095  -3.45182298
   1.73099313  -3.44578536
   1.72629456  -3.44309873
   1.71179714  -3.43492014
   1.70415476  -3.43067396
   1.69671301  -3.42629103
   1.68183976  -3.41755896
   1.67890809  -3.41599323
   1.66696188  -3.40958793
   1.65236308  -3.40163166
   1.65129474  -3.40095058
   1.63739743  -3.39277876
   1.62629635  -3.38597123
   1.62266482  -3.38396916
   1.60842371  -3.37628704
   1.59951146  -3.37096671
   1.59274394  -3.36735863
   1.57805537  -3.35914107
   1.57341535  -3.35635257
   1.56318587  -3.35054751
   1.54842518  -3.34213756
   1.54660997  -3.34113585
   1.53380309  -3.33367585
   1.52143761  -3.32615804
   1.51880867  -3.32491986
   1.50402018  -3.31697982
   1.49493548  -3.31125355
   1.48880694  -3.30787138
   1.47375812  -3.30091328
   1.46167876  -3.29718630
   1.45791287  -3.29617235
   1.44307100  -3.29523705
   1.42815237  -3.29498974
   1.41331011  -3.29451862
   1.39846943  -3.29451160
   1.38362883  -3.29450466
   1.36878832  -3.29449779
   1.35394791  -3.29449100
   1.33910758  -3.29448427
   1.32426734  -3.29447763
   1.30942718  -3.29447106
   1.29458711  -3.29446456
   1.27974713  -3.29445813
   1.26490723  -3.29445178
   1.25014864  -3.29422134
   1.23522799  -3.29397536
   1.22038833  -3.29396923
   1.20546647  -3.29419765
   1.19079115  -3.29419689
   1.17586984  -3.29395129
   1.16103050  -3.29394546
   1.14619123  -3.29393970
   1.13135070  -3.29347002
   1.11651160  -3.29346441
   1.10167257  -3.29345887
   1.08683493  -3.29391741
   1.07199472  -3.29344803
   1.05715590  -3.29344271
   1.04231716  -3.29343747
   1.02747848  -3.29343231
   1.01263988  -3.29342722
   0.99780134  -3.29342220
   0.98296287  -3.29341726
   0.96812446  -3.29341239
   0.95328612  -3.29340760
   0.93853410  -3.29317830
   0.92360989  -3.29293429
   0.90877174  -3.29292972
   0.89393365  -3.29292522
   0.87909439  -3.29245682
   0.86425642  -3.29245247
   0.84941852  -3.29244819
   0.83452143  -3.29267790
   0.81980190  -3.29267726
   0.80490634  -3.29289979
   0.79006747  -3.29243183
   0.77522984  -3.29242793
   0.76039227  -3.29242409
   0.74555475  -3.29242034
   0.73071729  -3.29241665
   0.71587987  -3.29241305
   0.70104251  -3.29240951
   0.68620519  -3.29240605
   0.67136792  -3.29240266
   0.65662147  -3.29217455
   0.64169262  -3.29146821
   0.62685550  -3.29146504
   0.61201842  -3.29146195
   0.59709059  -3.29215918
   0.58234527  -3.29238389
   0.56750831  -3.29238102
   0.55273383  -3.29168758
   0.53783473  -3.29191158
   0.52299789  -3.29190893
   0.50816002  -3.29144239
   0.49325865  -3.29167464
   0.47855105  -3.29167472
   0.46364987  -3.29143512
   0.44881322  -3.29143284
   0.43397660  -3.29143064
   0.41914002  -3.29142851
   0.40430347  -3.29142646
   0.38946695  -3.29142448
   0.37463046  -3.29142257
   0.35979400  -3.29142074
   0.34495757  -3.29141898
   0.33021712  -3.29119244
   0.31518864  -3.29118863
   0.30044844  -3.29141415
   0.28570877  -3.29118784
   0.27067896  -3.29118432
   0.25603666  -3.29118515
   0.24110343  -3.29094481
   0.22626720  -3.29094364
   0.21136101  -3.29071388
   0.19666287  -3.29071486
   0.18175769  -3.29047663
   0.16692153  -3.29047576
   0.15208540  -3.29047497
   0.13724928  -3.29047425
   0.12241317  -3.29047360
   0.10767655  -3.29024823
   0.09264132  -3.29024584
   0.07800487  -3.29024732
   0.06296873  -3.29024509
   0.04823283  -3.29047146
   0.03349744  -3.29024652
   0.01856090  -3.29000719
   0.00372488  -3.29000713
  -0.01111114  -3.29000715
  -0.02594714  -3.29000724
  -0.04078314  -3.29000740
  -0.05561914  -3.29000764
  -0.07045594  -3.28954401
  -0.08529112  -3.29000834
  -0.10012790  -3.28954486
  -0.11496389  -3.28954540
  -0.12979987  -3.28954601
  -0.14463585  -3.28954669
  -0.15936815  -3.28932286
  -0.17430693  -3.28934219
  -0.18924798  -3.28932282
  -0.20387543  -3.28932562
  -0.21881572  -3.28908726
  -0.23375669  -3.28932600
  -0.24838275  -3.28932906
  -0.26332378  -3.28909086
  -0.27815981  -3.28909221
  -0.29299585  -3.28909363
  -0.30783191  -3.28909513
  -0.32266797  -3.28909670
  -0.33750405  -3.28909834
  -0.34733296  -3.28840912
  -0.36717692  -3.28863792
  -0.38190585  -3.28841546
  -0.39695665  -3.28841550
  -0.41157766  -3.28841946
  -0.42652143  -3.28818187
  -0.44135762  -3.28818403
  -0.45619383  -3.28818626
  -0.47103006  -3.28818857
  -0.48586631  -3.28819095
  -0.50070258  -3.28819341
  -0.51553887  -3.28819489
  -0.53037519  -3.28819560
  -0.54521154  -3.28819638
  -0.56004791  -3.28819722
  -0.57488431  -3.28819814
  -0.58961084  -3.28752177
  -0.60470527  -3.28785419
  -0.61928329  -3.28752786
  -0.63434201  -3.28752875
  -0.64891771  -3.28786081
  -0.66390383  -3.28727719
  -0.67873990  -3.28748202
  -0.69357654  -3.28748313
  -0.70841375  -3.28728162
  -0.72325046  -3.28728323
  -0.73808670  -3.28748688
  -0.75292400  -3.28728667
  -0.76776082  -3.28728850
  -0.78259768  -3.28729039
  -0.79743459  -3.28729235
  -0.81227153  -3.28729439
  -0.82710852  -3.28729649
  -0.84194601  -3.28687846
  -0.85662425  -3.28658846
  -0.87182941  -3.28620120
  -0.88645734  -3.28689137
  -0.90129455  -3.28689582
  -0.91590612  -3.28649627
  -0.93096917  -3.28565462
  -0.94580652  -3.28565693
  -0.96064393  -3.28565931
  -0.97548138  -3.28566176
  -0.99031889  -3.28566428
  -1.00515645  -3.28566687
  -1.01999407  -3.28566953
  -1.03483174  -3.28567226
  -1.04966946  -3.28567506
  -1.06450724  -3.28567794
  -1.07934541  -3.28548701
  -1.09418298  -3.28568389
  -1.10902124  -3.28549380
  -1.12385925  -3.28549729
  -1.13869732  -3.28550086
  -1.15353545  -3.28550449
  -1.16837364  -3.28550820
  -1.18321190  -3.28551197
  -1.19835129  -3.28689050
  -1.21317701  -3.28963757
  -1.22776076  -3.29420233
  -1.23900007  -3.29960512
  -1.24284412  -3.30215912
  -1.25753431  -3.30980245
  -1.26763435  -3.31465835
  -1.27229999  -3.31739358
  -1.28728325  -3.32538153
  -1.29491641  -3.32916060
  -1.30223209  -3.33368859
  -1.31688909  -3.34137177
  -1.32161898  -3.34397165
  -1.33203784  -3.35013890
  -1.34656737  -3.35715740
  -1.35031967  -3.35906147
  -1.36140664  -3.36551432
  -1.37617106  -3.37311091
  -1.37718926  -3.37388453
  -1.39119890  -3.38206351
  -1.40409285  -3.38874743
  -1.40590700  -3.38974433
  -1.42076548  -3.39801598
  -1.43191542  -3.40360303
  -1.43555832  -3.40557585
  -1.45044595  -3.41380393
  -1.45888645  -3.41826188
  -1.46541861  -3.42197455
  -1.48008462  -3.42969434
  -1.48670434  -3.43340208
  -1.49496777  -3.43795102
  -1.50995345  -3.44606710
  -1.51363399  -3.44798013
  -1.52483531  -3.45429753
  -1.53962831  -3.46187963
  -1.54146579  -3.46284102
  -1.55444974  -3.47029297
  -1.56833931  -3.47770431
  -1.56941759  -3.47850620
  -1.58401593  -3.48624987
  -1.59608914  -3.49275934
  -1.59894295  -3.49448680
  -1.61370005  -3.50204159
  -1.62392372  -3.50762494
  -1.62861442  -3.51029698
  -1.64357037  -3.51839094
  -1.65114885  -3.52234337
  -1.65848271  -3.52667008
  -1.67317983  -3.53441644
  -1.67866046  -3.53735353
  -1.68803382  -3.54274935
  -1.70262664  -3.55063765
  -1.70464582  -3.55222194
  -1.71764203  -3.56058631
  -1.72873237  -3.56706899
  -1.73257013  -3.56977635
  -1.74727213  -3.57927972
  -1.75183838  -3.58219902
  -1.76217542  -3.58938245
  -1.77410735  -3.59703621
  -1.77689082  -3.59889406
  -1.79187805  -3.60886271
  -1.79650123  -3.61167577
  -1.80691917  -3.61877511
  -1.81881189  -3.62656560
  -1.82157920  -3.62837108
  -1.83637798  -3.63773983
  -1.84206545  -3.64148469
  -1.85124782  -3.64790869
  -1.86514557  -3.65626230
  -1.86618012  -3.65710043
  -1.88109813  -3.66721281
  -1.88753810  -3.67121565
  -1.89599545  -3.67730547
  -1.90973786  -3.68601874
  -1.91072067  -3.68683123
  -1.92542518  -3.69633727
  -1.93278102  -3.70118060
  -1.94032798  -3.70644316
  -1.95496683  -3.71514100
  -1.95598231  -3.71598291
  -1.96989702  -3.72519492
  -1.97846664  -3.73066099
  -1.98495927  -3.73514980
  -1.99966488  -3.74465697
  -2.00066432  -3.74547884
  -2.01456754  -3.75476422
  -2.02295365  -3.76013821
  -2.02966510  -3.76461406
  -2.04438361  -3.77416892
  -2.04615257  -3.77522311
  -2.05911399  -3.78357403
  -2.06855592  -3.78987225
  -2.07410948  -3.79363970
  -2.08879893  -3.80312303
  -2.09160237  -3.80495180
  -2.10366266  -3.81331422
  -2.11390077  -3.81962016
  -2.11860320  -3.82250929
  -2.13352517  -3.83262578
  -2.13709498  -3.83469953
  -2.14821334  -3.84212835
  -2.15940770  -3.84958743
  -2.16315555  -3.85225231
  -2.17792614  -3.86162109
  -2.18175051  -3.86422816
  -2.19297492  -3.87153950
  -2.20491217  -3.87934415
  -2.20764264  -3.88114122
  -2.22260318  -3.89126124
  -2.22714425  -3.89419515
  -2.23732142  -3.90069153
  -2.24955322  -3.90885048
  -2.25234671  -3.91083762
  -2.26689719  -3.92140908
  -2.27064236  -3.92419127
  -2.28187382  -3.93337235
  -2.28923184  -3.93911762
  -2.29657380  -3.94469985
  -2.30869874  -3.95392117
  -2.31165119  -3.95648647
  -2.32646894  -3.96771192
  -2.32744741  -3.96857703
  -2.34124698  -3.97992683
  -2.34659772  -3.98389025
  -2.35599379  -3.99117857
  -2.36535482  -3.99828652
  -2.37115405  -4.00289218
  -2.38411078  -4.01321118
  -2.38604335  -4.01494919
  -2.40071878  -4.02633227
  -2.40342015  -4.02831477
  -2.41544062  -4.03762357
  -2.42213236  -4.04293995
  -2.43049818  -4.04945156
  -2.44147849  -4.05804801
  -2.44540011  -4.06149708
  -2.45945157  -4.07247245
  -2.46050440  -4.07339048
  -2.47484776  -4.08415128
  -2.47954660  -4.08779630
  -2.49015183  -4.09657359
  -2.49840168  -4.10251237
  -2.50490478  -4.10792706
  -2.51688714  -4.11733931
  -2.51980693  -4.11998080
  -2.53434427  -4.13052606
  -2.53633260  -4.13219862
  -2.54931990  -4.14252671
  -2.55575401  -4.14738150
  -2.56429416  -4.15435760
  -2.57456268  -4.16202904
  -2.57908407  -4.16577081
  -2.59299342  -4.17684031
  -2.59401046  -4.17771827
  -2.60880454  -4.18893812
  -2.61175826  -4.19150483
  -2.62351697  -4.20024619
  -2.63145645  -4.20643981
  -2.63864702  -4.21208795
  -2.65063164  -4.22150262
  -2.65332520  -4.22349382
  -2.66821721  -4.23551420
  -2.66997389  -4.23662847
  -2.68286523  -4.24694740
  -2.68858776  -4.25155245
  -2.69782416  -4.25884615
  -2.70740004  -4.26620381
  -2.71292478  -4.27071735
  -2.72674735  -4.28101956
  -2.72780928  -4.28195926
  -2.74258897  -4.29398986
  -2.74533557  -4.29590615
  -2.75722457  -4.30547220
  -2.76476967  -4.31109131
  -2.77229210  -4.31730784
  -2.78344022  -4.32568184
  -2.78715630  -4.32847321
  -2.80187049  -4.33993004
  -2.80281687  -4.34081715
  -2.81686499  -4.35178253
  -2.82154500  -4.35545940
  -2.83175192  -4.36382930
  -2.84000180  -4.37014088
  -2.84670676  -4.37492129
  -2.85968208  -4.38524969
  -2.86160928  -4.38698927
  -2.87652165  -4.39902916
  -2.87824387  -4.40013030
  -2.89123428  -4.41031324
  -2.89770880  -4.41500721
  -2.90630740  -4.42215681
  -2.91714551  -4.43018229
  -2.92077563  -4.43294337
  -2.93559598  -4.44415879
  -2.93658106  -4.44501492
  -2.95046447  -4.45625710
  -2.95440492  -4.45968171
  -2.96561518  -4.46882083
  -2.97408308  -4.47463828
  -2.98049388  -4.48020171
  -2.99155248  -4.48980769
  -2.99512983  -4.49365199
  -3.00460438  -4.50474444
  -3.00996103  -4.51142376
  -3.01638211  -4.51976133
  -3.02481071  -4.53004230
  -3.02848616  -4.53473614
  -3.03967257  -4.54861303
  -3.04057321  -4.54959372
  -3.05137152  -4.56403078
  -3.05486448  -4.56793436
  -3.06334064  -4.57883453
  -3.06956742  -4.58675317
  -3.07498631  -4.59425586
  -3.08420932  -4.60547603
  -3.08707860  -4.60915184
  -3.09853276  -4.62381706
  -3.09939543  -4.62479957
  -3.11032911  -4.63891126
  -3.11406708  -4.64354949
  -3.12177101  -4.65357089
  -3.12889916  -4.66223729
  -3.13423641  -4.66890799
  -3.14370324  -4.68088046
  -3.14567723  -4.68358102
  -3.15711022  -4.69822728
  -3.15886642  -4.70020819
  -3.16913377  -4.71305397
  -3.17373949  -4.71885387
  -3.18099368  -4.72817627
  -3.18861282  -4.73843065
  -3.19218273  -4.74311608
  -3.20319737  -4.75630515
  -3.20428280  -4.75802334
  -3.21573368  -4.77269514
  -3.21835436  -4.77562414
  -3.22773840  -4.78750739
  -3.23330266  -4.79520430
  -3.23936798  -4.80286410
  -3.24780017  -4.81313619
  -3.25145095  -4.81783540
  -3.26266073  -4.83173577
  -3.26355130  -4.83270843
  -3.27437565  -4.84718599
  -3.27802357  -4.85189626
  -3.28611940  -4.86220478
  -3.29279279  -4.87056833
  -3.29826242  -4.87717620
  -3.30752855  -4.88935296
  -3.30940932  -4.89203332
  -3.32151674  -4.90694685
  -3.32240547  -4.90791339
  -3.33304548  -4.92171514
  -3.33750920  -4.92736120
  -3.34482360  -4.93682735
  -3.35220704  -4.94606784
  -3.35622187  -4.95140668
  -3.36703055  -4.96483035
  -3.36870906  -4.96677520
  -3.38014580  -4.98142799
  -3.38216059  -4.98408980
  -3.39171915  -4.99625505
  -3.39710453  -5.00270819
  -3.40370763  -5.01101792
  -3.41186239  -5.02147534
  -3.41554629  -5.02617591
  -3.42649410  -5.04031249
  -3.42734879  -5.04126522
  -3.43827413  -5.05540680
  -3.44193675  -5.05940528
  -3.45038582  -5.07032017
  -3.45690080  -5.07903632
  -3.46207803  -5.08575473
  -3.47153369  -5.09772966
  -3.47352251  -5.10041984
  -3.48566661  -5.11536197
  -3.48650061  -5.11628533
  -3.49713724  -5.13004148
  -3.50164380  -5.13574233
  -3.50894396  -5.14516903
  -3.51628250  -5.15458361
  -3.52070715  -5.16023862
  -3.53116722  -5.17323098
  -3.53223724  -5.17499271
  -3.54361745  -5.18960675
  -3.54626968  -5.19257646
  -3.55563982  -5.20497156
  -3.56096091  -5.21134599
  -3.56756686  -5.21965974
  -3.57572985  -5.23012369
  -3.57939482  -5.23479713
  -3.59064597  -5.24873842
  -3.59150531  -5.24971108
  -3.60296317  -5.26438946
  -3.60581396  -5.26807097
  -3.61493254  -5.27920939
  -3.62046948  -5.28601999
  -3.62628239  -5.29423730
  -3.63529870  -5.30564348
  -3.63809176  -5.30936872
  -3.64997740  -5.32351845
  -3.65082030  -5.32446782
  -3.66104436  -5.33874367
  -3.66555292  -5.34444734
  -3.67285636  -5.35387868
  -3.68010024  -5.36237291
  -3.68492848  -5.36876000
  -3.69509209  -5.38195563
  -3.69678901  -5.38394104
  -3.70884838  -5.39879600
  -3.70996187  -5.40049427
  -3.72042939  -5.41359261
  -3.72494095  -5.41911308
  -3.73242873  -5.42840615
  -3.73969771  -5.43790511
  -3.74427366  -5.44356310
  -3.75475839  -5.45723657
  -3.75566087  -5.45819479
  -3.76781594  -5.47313958
  -3.76982041  -5.47595468
  -3.77886726  -5.48798036
  -3.78443234  -5.49480053
  -3.79088104  -5.50324687
  -3.79917614  -5.51349437
  -3.80294893  -5.51811810
  -3.81422568  -5.53208426
  -3.81509291  -5.53306708
  -3.82565923  -5.54777606
  -3.82937738  -5.55229082
  -3.83790508  -5.56242562
  -3.84440966  -5.57109505
  -3.84962669  -5.57788114
  -3.85902424  -5.58979730
  -3.86101526  -5.59249064
  -3.87309685  -5.60738983
  -3.87426324  -5.60918640
  -3.88439371  -5.62201463
  -3.88918434  -5.62786153
  -3.89649248  -5.63729950
  -3.90371250  -5.64676264
  -3.90829061  -5.65242362
  -3.91874590  -5.66539780
  -3.92044388  -5.66738465
  -3.93105960  -5.68213453
  -3.93356786  -5.68489630
  -3.94312925  -5.69660929
  -3.94876952  -5.70346655
  -3.95522137  -5.71191733
  -3.96346893  -5.72233242
  -3.96706644  -5.72709100
  -3.97827706  -5.74099197
  -3.97914469  -5.74197533
  -3.99003570  -5.75636696
  -3.99345629  -5.76034629
  -4.00207343  -5.77136054
  -4.00836531  -5.77908636
  -4.01396060  -5.78654958
  -4.02321148  -5.79873393
  -4.02578478  -5.80170167
  -4.03716861  -5.81633518
  -4.03807803  -5.81732075
  -4.04939525  -5.83133638
  -4.05305108  -5.83605782
  -4.06058736  -5.84626501
  -4.06782631  -5.85476524
  -4.07266016  -5.86116027
  -4.08285433  -5.87437976
  -4.08455313  -5.87636772
  -4.09594239  -5.89100072
  -4.09773207  -5.89299649
  -4.10790208  -5.90585269
  -4.11266586  -5.91170405
  -4.11934556  -5.92092369
  -4.12749577  -5.93039399
  -4.13143346  -5.93583122
  -4.14269084  -5.94975867
  -4.14354381  -5.95075606
  -4.15473887  -5.96568926
  -4.15736607  -5.96862700
  -4.16680330  -5.98066439
  -4.17253008  -5.98811969
  -4.17813069  -5.99558523
  -4.18703149  -6.00607574
  -4.19080865  -6.01070548
  -4.20146497  -6.02545112
  -4.20226872  -6.02642238
  -4.21359820  -6.04038610
  -4.21722504  -6.04513337
  -4.22480113  -6.05531935
  -4.23205460  -6.06596995
  -4.23552403  -6.07114863
  -4.24004821  -6.08652646
  -4.23961922  -6.10141512
  -4.23867005  -6.11636243
  -4.23689704  -6.13124099
  -4.23646825  -6.14613088
  -4.23510578  -6.16107101
  -4.23415656  -6.17602299
  -4.23238407  -6.19090008
  -4.23167614  -6.19930141
  -4.23096286  -6.20590763
  -4.22882099  -6.22100792
  -4.22417703  -6.23550494
  -4.21581893  -6.24974733
  -4.21504884  -6.25051863
  -4.20158545  -6.26494124
  -4.20065671  -6.26587166
  -4.18742227  -6.27959744
  -4.18556480  -6.28145834
  -4.17349303  -6.29448726
  -4.17070682  -6.29727868
  -4.15886716  -6.30960822
  -4.15608096  -6.31239971
  -4.14470409  -6.32426561
  -4.14098917  -6.32798771
  -4.12984441  -6.33915415
  -4.12612950  -6.34287635
  -4.11494382  -6.35411251
  -4.11118504  -6.35872954
  -4.10175233  -6.36870416
  -4.09634108  -6.37454592
  -4.08712669  -6.38382712
  -4.08155437  -6.38941088
  -4.07223814  -6.39876663
  -4.06686484  -6.40452365
  -4.05831291  -6.41365342
  -4.05201547  -6.42034805
  -4.04371270  -6.42873449
  -4.03721170  -6.43524942
  -4.02885329  -6.44362589
  -4.02212015  -6.45084099
  -4.01466941  -6.45832470
  -4.00744684  -6.46595605
  -4.00006507  -6.47341237
  -3.99263541  -6.48085864
  -3.98543972  -6.48853820
  -3.97777789  -6.49668474
  -3.97106601  -6.50293248
  -3.96272886  -6.51040262
  -3.95332607  -6.51752948
  -3.94755934  -6.52185078
  -3.93278310  -6.53016420
  -3.93065091  -6.53196882
  -3.91809273  -6.53888313
  -3.90477561  -6.54649546
  -3.90250395  -6.54782270
  -3.88819295  -6.55523821
  -3.87791691  -6.56191261
  -3.87335624  -6.56452199
  -3.85841908  -6.57290747
  -3.85193303  -6.57677798
  -3.84348990  -6.58223099
  -3.82867502  -6.59056616
  -3.82687887  -6.59147165
  -3.81378268  -6.59893794
  -3.80003017  -6.60672094
  -3.79887711  -6.60775758
  -3.78411948  -6.61563241
  -3.77477378  -6.62138693
  -3.76915209  -6.62496886
  -3.75437412  -6.63235971
  -3.74867419  -6.63626371
  -3.73944847  -6.64167766
  -3.72456985  -6.65004470
  -3.72348026  -6.65091601
  -3.70972038  -6.65839949
  -3.69762226  -6.66600134
  -3.69488725  -6.66768350
  -3.68001363  -6.67511486
  -3.67146904  -6.68066140
  -3.66505071  -6.68445322
  -3.64987034  -6.69256535
  -3.64534993  -6.69553122
  -3.63534654  -6.70116478
  -3.62062620  -6.70989695
  -3.61969152  -6.71062754
  -3.60579088  -6.71825505
  -3.59169993  -6.72511934
  -3.59023247  -6.72625902
  -3.57600974  -6.73177938
  -3.56110002  -6.73651433
  -3.55260436  -6.73928569
  -3.54556050  -6.74160197
  -3.53131289  -6.74618091
  -3.51646544  -6.75040637
  -3.50602353  -6.75420549
  -3.50117258  -6.75612971
  -3.48675253  -6.76006717
  -3.47183529  -6.76470689
  -3.45784719  -6.76920939
  -3.45669218  -6.76994729
  -3.44215809  -6.77440398
  -3.42729953  -6.77859530
  -3.41232878  -6.78324144
  -3.41114329  -6.78399526
  -3.39756218  -6.78830235
  -3.38270897  -6.79293524
  -3.36770133  -6.79807733
  -3.36399868  -6.79914919
  -3.35286468  -6.80270506
  -3.33808109  -6.80683856
  -3.32307378  -6.81198112
  -3.31832654  -6.81378069
  -3.30823900  -6.81705278
  -3.29341469  -6.82123803
  -3.27844727  -6.82588624
  -3.27092669  -6.82862680
  -3.26351979  -6.83098615
  -3.24878812  -6.83514380
  -3.23404508  -6.83745932
  -3.21916636  -6.83929469
         
