# shadow point cont 3D ind 346  size 1081
# norm -0.9114033 -0.4115144  0.0000000
# angle  2.7174776
   1.21961840360081   -2.70115534499085   -6.82885905287858
   1.22027279735777   -2.70260466650742   -6.82533289521803
   1.22310951339296   -2.70888729610536   -6.81435547394441
   1.22467859483690   -2.71236242629077   -6.81224671552719
   1.23076450940185   -2.72584123294681   -6.80693396503082
   1.23682547092145   -2.73926477473340   -6.80304971892051
   1.24292007950486   -2.75276283650593   -6.79868815137573
   1.24333188619446   -2.75367488722396   -6.79804491920415
   1.24908180030082   -2.76640953535305   -6.79381724042703
   1.25520176074274   -2.77996374526824   -6.78981214464382
   1.26136731950182   -2.79361894426143   -6.78561486711925
   1.26469354394310   -2.80098571480350   -6.78335229237240
   1.26744319338051   -2.80707551326241   -6.78147189499363
   1.27360883728832   -2.82073090083916   -6.77727492169470
   1.27972987460646   -2.83428749577079   -6.77357180614483
   1.28580437455026   -2.84774102184328   -6.76960245440932
   1.28659099881617   -2.84948320147431   -6.76885800815452
   1.29198112181862   -2.86142100063774   -6.76458624054571
   1.29809242094052   -2.87495602785544   -6.76059675699023
   1.30417814264464   -2.88843440737209   -6.75678173443222
   1.30797823978428   -2.89685068960424   -6.75393222912553
   1.31028952142104   -2.90196961100498   -6.75211958637691
   1.31646448912063   -2.91564564849149   -6.74697621834788
   1.32255206308281   -2.92912813030500   -6.74222708722078
   1.32488759990526   -2.93430077098733   -6.73976743274878
   1.32876697372830   -2.94289263161060   -6.73458750117225
   1.33484290350772   -2.95634932441797   -6.72692219089532
   1.33637270356409   -2.95973745597356   -6.72506337643479
   1.34096211726689   -2.96990188061416   -6.71948702911608
   1.34704655019662   -2.98337740581194   -6.71194019235046
   1.34855414064327   -2.98671634853452   -6.71000150545080
   1.35320012329804   -2.99700605951593   -6.70368393797391
   1.35931941651185   -3.01055879168465   -6.69624934621253
   1.36006762756474   -3.01221589547935   -6.69533735291320
   1.36543823447425   -3.02411047128819   -6.68788165047695
   1.37148117529002   -3.03749410163993   -6.68100710330952
   1.37220716210865   -3.03910198421184   -6.68005275102481
   1.37764270887988   -3.05114038587150   -6.67276264811648
   1.38335270971481   -3.06378663590319   -6.66538497045734
   1.38376978865540   -3.06471036336279   -6.66459887564969
   1.38988130036393   -3.07824586140770   -6.65696212958854
   1.39522070734107   -3.09007133702598   -6.65051795157828
   1.39597945866463   -3.09175178493255   -6.64956093184272
   1.40215375994671   -3.10542634646790   -6.64141281069304
   1.40703570359740   -3.11623865312634   -6.63545594633423
   1.40821478331407   -3.11885002523210   -6.63374108048208
   1.41435935307408   -3.13245873874521   -6.62629665103089
   1.41891618255660   -3.14255099733740   -6.62077898300152
   1.42049641473264   -3.14605082365688   -6.61819358080039
   1.42650521244715   -3.15935883542153   -6.61098830770924
   1.43106804797510   -3.16946439592984   -6.60536014656728
   1.43267433040122   -3.17302191715784   -6.60294255715579
   1.43876569810827   -3.18651280118487   -6.59544264897208
   1.44184529264127   -3.19333334702828   -6.59104240292858
   1.44498957890557   -3.20029716917454   -6.58658581430725
   1.45107953834039   -3.21378493422432   -6.57906081603927
   1.45297856352056   -3.21799080878357   -6.57641284442553
   1.45718653295755   -3.22731042802079   -6.56973012731391
   1.46184988848223   -3.23763861564398   -6.56180532944089
   1.46334033117336   -3.24093958029789   -6.55887454071955
   1.46844279747555   -3.25224029049060   -6.54714399135909
   1.46960482561539   -3.25481389753992   -6.54439945966772
   1.47522598561402   -3.26726338692979   -6.53201918098855
   1.47561648391002   -3.26812824478726   -6.53109153047351
   1.48171031653388   -3.28162458799987   -6.51799726574083
   1.48210437885813   -3.28249733930493   -6.51709931243626
   1.48783721624931   -3.29519416670227   -6.50316360423669
   1.48821933465930   -3.29604046516950   -6.50223266479483
   1.49383511019509   -3.30847802929609   -6.48979112901162
   1.49500457499305   -3.31106810671742   -6.48710428372337
   1.49999871359698   -3.32212889765316   -6.47592709159677
   1.50159591094860   -3.32566629767157   -6.47240676337920
   1.50623675260948   -3.33594462261365   -6.46140849538125
   1.50779723919391   -3.33940071729529   -6.45776950124330
   1.51225194443683   -3.34926679576847   -6.44811839994122
   1.51458900852089   -3.35444281896031   -6.44264957200154
   1.51845828277582   -3.36301231151971   -6.43346783644417
   1.52108586930340   -3.36883177060006   -6.42775996352240
   1.52466516758118   -3.37675903755979   -6.41881643312271
   1.52728953684027   -3.38257137118027   -6.41310101466835
   1.53072405671703   -3.39017798952516   -6.40564136534399
   1.53387655742989   -3.39716000465832   -6.39845944296233
   1.53685016716487   -3.40374582019361   -6.39171395370556
   1.54057582801954   -3.41199724432883   -6.38310654053196
   1.54290772557543   -3.41716182492916   -6.37760636155922
   1.54707258874854   -3.42638597437459   -6.36821746426633
   1.54901847220430   -3.43069562851046   -6.36363663008988
   1.55328278585237   -3.44014003634262   -6.35355966613888
   1.55519340596439   -3.44437159082931   -6.34890635792592
   1.55939676353325   -3.45368099591086   -6.33866920078874
   1.56126484948592   -3.45781834767685   -6.33210046016726
   1.56325860977304   -3.46223403724030   -6.32384694279640
   1.56414138762356   -3.46418917345532   -6.30935861033224
   1.56431902049672   -3.46458258666011   -6.29396099280016
   1.56374399299437   -3.46330904191292   -6.27892250963399
   1.56334511069839   -3.46242561555379   -6.26404052606515
   1.56314143019589   -3.46197451324477   -6.24915384109128
   1.56255329181550   -3.46067193112145   -6.23420256927264
   1.56197465445082   -3.45939039141543   -6.21926254169495
   1.56176327287129   -3.45892223311141   -6.20442903745838
   1.56155158939724   -3.45845340618515   -6.19419062717510
   1.56135613043462   -3.45802051256854   -6.18952581983125
   1.56097008692410   -3.45716552096726   -6.17453177178793
   1.56057437576307   -3.45628911789353   -6.15961513272985
   1.55980175812497   -3.45457795950448   -6.14462018691253
   1.55763718708322   -3.44978396605391   -6.12881123619507
   1.55567339432662   -3.44543464721346   -6.12141762361189
   1.55336722924737   -3.44032705773150   -6.11368603524849
   1.54959505707082   -3.43197262243696   -6.10247543609577
   1.54840032123838   -3.42932657587836   -6.09876559295602
   1.54368573277859   -3.41888491988169   -6.08407384188820
   1.54332557638336   -3.41808726188545   -6.08309473652334
   1.53842667800106   -3.40723740465893   -6.06890436549794
   1.53724690870613   -3.40462450530658   -6.06522824493057
   1.53335701632202   -3.39600934865288   -6.05390295396254
   1.53106623392078   -3.39093582802621   -6.04668082956968
   1.52844387421952   -3.38512794508296   -6.03902747419207
   1.52490912949150   -3.37729935329796   -6.02884886086710
   1.52336418859440   -3.37387768849726   -6.02434930153296
   1.51871824952609   -3.36358807404913   -6.01034841542352
   1.51835871620107   -3.36279179600044   -6.00939171962328
   1.51340145933323   -3.35181268905557   -5.99450066496180
   1.51269580732730   -3.35024984310155   -5.99252206384110
   1.50847049268136   -3.34089180848479   -5.97931768803878
   1.50653124546391   -3.33659685198755   -5.97376461276099
   1.50306098427450   -3.32891107540973   -5.96431357466973
   1.50040170272731   -3.32302141964213   -5.95614404977212
   1.49813567228296   -3.31800271852334   -5.94942982944376
   1.49424000058998   -3.30937476211930   -5.93832260017547
   1.49305910350537   -3.30675936498970   -5.93475445126416
   1.48834322881556   -3.29631486030932   -5.92006042409430
   1.48798521560383   -3.29552194893837   -5.91907871796317
   1.48308491041216   -3.28466897597445   -5.90489300167970
   1.48199972372523   -3.28226555387860   -5.90196522061358
   1.47781466757304   -3.27299668194194   -5.88978835646948
   1.47592087376358   -3.26880239358452   -5.88414532589061
   1.47277125349869   -3.26182675793645   -5.87474567310455
   1.46965882511595   -3.25493349317666   -5.86570041951762
   1.46746193492106   -3.25006792073632   -5.85986254623458
   1.46358186587288   -3.24147452036004   -5.84792472839262
   1.46276238659488   -3.23965957494323   -5.84518405554296
   1.45778394092169   -3.22863353999640   -5.83026719516399
   1.45742398848366   -3.22783633371527   -5.82928876648204
   1.45252857489588   -3.21699419445309   -5.81510855970725
   1.45134951374168   -3.21438286345862   -5.81143490591139
   1.44747076183330   -3.20579238022363   -5.80012159913601
   1.44526450020455   -3.20090605235800   -5.79365286099037
   1.44255268432966   -3.19490004595185   -5.78525256785282
   1.43892765682880   -3.18687149998964   -5.77435935762850
   1.43747310726102   -3.18365002979209   -5.77058219397914
   1.43283389370821   -3.17337531070969   -5.75659359790217
   1.43247337747808   -3.17257685576748   -5.75563680225392
   1.42748076398975   -3.16151944258835   -5.74070339838175
   1.42674352588834   -3.15988664118729   -5.73877634848747
   1.42240936758661   -3.15028754459430   -5.72605430670669
   1.42055404133833   -3.14617845244102   -5.72034748605240
   1.41719227332532   -3.13873296161359   -5.71059218244562
   1.41444689089287   -3.13265261352311   -5.70249427337143
   1.41215966357735   -3.12758696653855   -5.69595369879112
   1.40835984740122   -3.11917130657158   -5.68473203810356
   1.40718659786047   -3.11657284687416   -5.68104809212859
   1.40228632543910   -3.10571994648841   -5.66684898502337
   1.40192033998057   -3.10490937854800   -5.66588105981165
   1.39721873392909   -3.09449647539855   -5.65120676987755
   1.39613413617269   -3.09209435763925   -5.64828094932133
   1.39218798676203   -3.08335460548293   -5.63623349818770
   1.38996435438589   -3.07842980567639   -5.62972260614426
   1.38691973995301   -3.07168673216708   -5.62108325914674
   1.38380122558144   -3.06477998843614   -5.61204068954638
   1.38187910863280   -3.06052297127882   -5.60643851857262
   1.37772482289000   -3.05132224824475   -5.59427454280762
   1.37663977630028   -3.04891913642982   -5.59130793875840
   1.37182446242372   -3.03825439836333   -5.57688028272270
   1.37147451417906   -3.03747934891447   -5.57588872989703
   1.36667947224307   -3.02685950821952   -5.56148100833611
   1.36550108056076   -3.02424965994094   -5.55780970723064
   1.36163333657895   -3.01568355656084   -5.54650761103992
   1.35932474855744   -3.01057060085661   -5.53928464546479
   1.35671017349970   -3.00477995898761   -5.53164492842254
   1.35318590831276   -2.99697457681335   -5.52148345423030
   1.35160669021763   -2.99347699643413   -5.51694639255052
   1.34698278495178   -2.98323618144913   -5.50395468358318
   1.34652565324805   -2.98222374695219   -5.50228122274510
   1.34128161658109   -2.97060949315735   -5.48714728431654
   1.34092192269926   -2.96981285951473   -5.48616972136534
   1.33657358501244   -2.96018235906482   -5.47248138658070
   1.33481144472728   -2.95627965094250   -5.46754160748579
   1.33145531949114   -2.94884665748053   -5.45712328467746
   1.32865607942633   -2.94264702795654   -5.44880456493116
   1.32633369478818   -2.93750351613354   -5.44240314067299
   1.32253423903274   -2.92908865440994   -5.43118743640864
   1.32134149560394   -2.92644702053625   -5.42747581089387
   1.31635391853261   -2.91540076178434   -5.41353995375196
   1.31600652700059   -2.91463137482631   -5.41260730563808
   1.31129060679825   -2.90418676934684   -5.39792833006378
   1.31023438666651   -2.90184750105939   -5.39496793684904
   1.30611779114499   -2.89273025261242   -5.38254841851833
   1.30418403392483   -2.88844745511139   -5.37701224724069
   1.30107252007355   -2.88155621581425   -5.36789121690741
   1.29799042221813   -2.87473012572628   -5.35854276289892
   1.29607049683980   -2.87047796235915   -5.35294476443877
   1.29181581759331   -2.86105489236124   -5.34089993703318
   1.29073672636228   -2.85866497020376   -5.33808596398160
   1.28611328233524   -2.84842517674947   -5.32313277118928
   1.28565134018056   -2.84740208828468   -5.32143435316229
   1.28076158416219   -2.83657247914978   -5.30824084430362
   1.27958382377055   -2.83396402902505   -5.30457178105175
   1.27584288335809   -2.82567876442049   -5.29349755588709
   1.27355547227576   -2.82061271043757   -5.28663644527562
   1.27080749650607   -2.81452661874175   -5.27843629482127
   1.26736795966637   -2.80690888905563   -5.26816277418718
   1.26581478266386   -2.80346898330343   -5.26350818935731
   1.26109815026211   -2.79302280047713   -5.24979551813847
   1.26072887086638   -2.79220493727447   -5.24883506160724
   1.25549124852118   -2.78060488962759   -5.23372513758872
   1.25503815635859   -2.77960140172257   -5.23199911326752
   1.25051125584139   -2.76957542844096   -5.21881863051773
   1.24897248764374   -2.76616743465412   -5.21417610449613
   1.24556033178336   -2.75861034711509   -5.20397632716834
   1.24293340126293   -2.75279234092954   -5.19627871310209
   1.24028302951283   -2.74692241817512   -5.18877933112835
   1.23675347526334   -2.73910532202579   -5.17779898190227
   1.23556574697368   -2.73647479545409   -5.17409201421915
   1.23057909779527   -2.72543059175719   -5.16016389114156
   1.23022743264195   -2.72465173977714   -5.15922891484561
   1.22525369878604   -2.71363614034884   -5.14433647928672
   1.22445723612474   -2.71187217108738   -5.14159917018227
   1.22033066966846   -2.70273283946781   -5.12913423571464
   1.21832091921829   -2.69828173561882   -5.12292709565180
   1.21529995684179   -2.69159104560775   -5.11453853743079
   1.21215820803806   -2.68463284331368   -5.10529091350689
   1.21019247861849   -2.68027923524020   -5.09981962342848
   1.20605480991289   -2.67111531486400   -5.08756766485507
   1.20495649891399   -2.66868282563921   -5.08472348543868
   1.20024466249815   -2.65824726474425   -5.07004537650141
   1.19979623603384   -2.65725411021549   -5.06832566683790
   1.19500227328509   -2.64663665965535   -5.05492573639651
   1.19391893038184   -2.64423732108770   -5.05200415551023
   1.18999840118809   -2.63555431142203   -5.03998201946019
   1.18775514251553   -2.63058604418721   -5.03347110629550
   1.18502315155604   -2.62453535492171   -5.02508662924631
   1.18160327094382   -2.61696115895380   -5.01581699018696
   1.17970171365557   -2.61274967639681   -5.01025874121467
   1.17535154740588   -2.60311512612907   -4.99651604416544
   1.17498243695484   -2.60229763709743   -4.99555615692555
   1.16973563470886   -2.59067725822402   -4.98043576293621
   1.16936873734227   -2.58986467063113   -4.97947189955532
   1.16476664783066   -2.57967217218595   -4.96555532570210
   1.16313482894187   -2.57605809396238   -4.96017022678173
   1.15976670211294   -2.56859851991880   -4.95061571461238
   1.15705710222976   -2.56259742139026   -4.94240660532896
   1.15450552841395   -2.55694631180518   -4.93549000926533
   1.15099996701546   -2.54918235393051   -4.92550736429878
   1.14946398481285   -2.54578053043873   -4.92088702303918
   1.14484618879651   -2.53555324594156   -4.90693531731711
   1.14448231577234   -2.53474735652465   -4.90597828410359
   1.13939207522821   -2.52347372338458   -4.89127945738056
   1.13862188682361   -2.52176794515132   -4.88857467999928
   1.13460918180809   -2.51288078866981   -4.87592504714984
   1.13268913011834   -2.50862834555390   -4.87045021084451
   1.12930879982103   -2.50114174382384   -4.86110798720718
   1.12659248365649   -2.49512577038095   -4.85273970319699
   1.12431036822256   -2.49007144495911   -4.84617949282228
   1.12033492488891   -2.48126681395511   -4.83438055986385
   1.11923273522018   -2.47882573442883   -4.83153567543350
   1.11452480228657   -2.46839881878874   -4.81686668332893
   1.11415942950154   -2.46758960776971   -4.81589780134349
   1.10929818501230   -2.45682314467218   -4.80180341842223
   1.10820089672452   -2.45439292050144   -4.79883489330177
   1.10429094019940   -2.44573332670116   -4.78682256793885
   1.10203932976116   -2.44074656235574   -4.78031163362318
   1.09931797412232   -2.43471942771449   -4.77193535072992
   1.09579770589582   -2.42692289782633   -4.76192902805475
   1.09397686733942   -2.42289018744376   -4.75707932594977
   1.08972321402903   -2.41346938964244   -4.74417621590348
   1.08901109984121   -2.41189223154199   -4.74221502881462
   1.08403595739961   -2.40087351244220   -4.72732246849035
   1.08358334422849   -2.39987108538569   -4.72559829682525
   1.07905659209450   -2.38984544073644   -4.71241756327690
   1.07752455979621   -2.38645236531302   -4.70779602222785
   1.07378623034638   -2.37817288334971   -4.69727194687169
   1.07144749523287   -2.37299315923785   -4.69004848269866
   1.06884516278017   -2.36722963173343   -4.68242874560767
   1.06524215011034   -2.35924984321726   -4.67157049220934
   1.06403132950031   -2.35656817282515   -4.66798820881079
   1.05904518463055   -2.34552508604810   -4.65406774199293
   1.05867628545640   -2.34470806494291   -4.65310857548786
   1.05370134347591   -2.33368978981525   -4.63824107837474
   1.05288966780542   -2.33189212747327   -4.63554154539041
   1.04873556329944   -2.32269180583427   -4.62331814604056
   1.04687533030563   -2.31857184644423   -4.61767635017619
   1.04387651728945   -2.31193021182855   -4.60826362198408
   1.04080235318502   -2.30512169305125   -4.59988327241520
   1.03851632716042   -2.30005870663114   -4.59335456854417
   1.03462471853208   -2.29143974891780   -4.58141165614857
   1.03354739321484   -2.28905373782585   -4.57848499101566
   1.02855686833079   -2.27800095039244   -4.56455142874630
   1.02819022341909   -2.27718892192515   -4.56358843010242
   1.02254170414767   -2.26467883846280   -4.54937268165928
   1.02214409195873   -2.26379822507895   -4.54842649569954
   1.01644077330254   -2.25116677443270   -4.53620916863054
   1.01523757037070   -2.24850197532763   -4.53352302819310
   1.01020846278585   -2.23736373668409   -4.52349592334200
   1.00759737394139   -2.23158081592162   -4.51863872203706
   1.00417595391519   -2.22400321052969   -4.51206907995879
   0.99998743762195   -2.21472667523007   -4.50378396311190
   0.99803147106887   -2.21039468950907   -4.50002546276539
   0.99230226145311   -2.19770589674364   -4.48886315140405
   0.99189870941726   -2.19681212805715   -4.48800030913996
   0.98576738833765   -2.18323275711855   -4.47600314356408
   0.98465986475241   -2.18077986427669   -4.47397890257458
   0.97972458838939   -2.16984943875375   -4.46460462710866
   0.97702020090838   -2.16385988441635   -4.45909691533848
   0.97359914130200   -2.15628307726582   -4.45252826611539
   0.96940879405723   -2.14700248685807   -4.44424426525122
   0.96745594978019   -2.14267741621198   -4.44048626980086
   0.96205122164729   -2.13070727027018   -4.42959362849580
   0.96132358609268   -2.12909573615284   -4.42846299826709
   0.95519182121128   -2.11551538230223   -4.41646781200366
   0.95408538624749   -2.11306490048963   -4.41444371683083
   0.94915011196235   -2.10213447956867   -4.40507095482824
   0.94613874972225   -2.09546505150286   -4.39933681178650
   0.94302552758641   -2.08857002877483   -4.39299633381837
   0.93883334654149   -2.07928537694994   -4.38471341308970
   0.93679176331054   -2.07476377130653   -4.38032384395510
   0.93108287311197   -2.06211998106173   -4.37001757765765
   0.93067779253651   -2.06122282703525   -4.36916195070989
   0.92453409980144   -2.04761605591706   -4.35718515473214
   0.92344689733539   -2.04520816936535   -4.35516045532201
   0.91849304053426   -2.03423659273353   -4.34580634694460
   0.91580246513795   -2.02827762877283   -4.34027240848472
   0.91239632837493   -2.02073387205677   -4.33368025459006
   0.90826101479877   -2.01157516771410   -4.32519124812372
   0.90631436847727   -2.00726382401790   -4.32143429261503
   0.90051420995020   -1.99441789683205   -4.31049754680252
   0.90010917220474   -1.99352083766351   -4.30964204228859
   0.89405932939120   -1.98012192108115   -4.29833334317352
   0.89255930374439   -1.97679973253305   -4.29539537786236
   0.88792457602940   -1.96653494848014   -4.28629004345587
   0.88523427113455   -1.96057658361379   -4.28075688222804
   0.88188757491831   -1.95316447311604   -4.27395848865928
   0.87740519160047   -1.94323709450194   -4.26544483889633
   0.87583994980409   -1.93977046819323   -4.26255313203326
   0.86994855140134   -1.92672246708234   -4.25098603047789
   0.86954355539917   -1.92582550036494   -4.25013064623028
   0.86349275623619   -1.91242446570336   -4.23882380353339
   0.86199440380007   -1.90910598290615   -4.23588600992145
   0.85745312095513   -1.89904815629947   -4.22743717783769
   0.85435363577817   -1.89218355756290   -4.22100997397222
   0.85135739932663   -1.88554762940533   -4.21532336080341
   0.84683887120689   -1.87554019892864   -4.20593961681502
   0.84524238297548   -1.87200436943743   -4.20310224058616
   0.83931241776873   -1.85887095232391   -4.19171907839709
   0.83891163812676   -1.85798332380921   -4.19084473794879
   0.83288197075419   -1.84462909087550   -4.17943440483694
   0.83136422552564   -1.84126765780403   -4.17661317086491
   0.82689050672136   -1.83135946896030   -4.16793752393188
   0.82379235296596   -1.82449781899562   -4.16151098059776
   0.82073641684752   -1.81772967073226   -4.15593297169707
   0.81608456104153   -1.80742695216278   -4.14690634592294
   0.81457503120510   -1.80408371416796   -4.14402474290534
   0.80853774922338   -1.79071261674438   -4.13264306989872
   0.80813927021194   -1.78983008356150   -4.13177279308245
   0.80236826959257   -1.77704873398288   -4.11982949922615
   0.80087323506952   -1.77373759954855   -4.11689207580817
   0.79623671418469   -1.76346884406468   -4.10779115028354
   0.79323387389796   -1.75681829003342   -4.10202011194831
   0.79017820820975   -1.75005074070665   -4.09644287520925
   0.78552392043474   -1.73974263592283   -4.08741737768721
   0.78399200419148   -1.73634981753280   -4.08459928036225
   0.77817065192477   -1.72345695141674   -4.07277901046724
   0.77779300978512   -1.72262056678938   -4.07186345526658
   0.77185801801367   -1.70947601706908   -4.06109558257030
   0.77024793011454   -1.70591006765261   -4.05763558672035
   0.76565048439517   -1.69572785406718   -4.04838522086724
   0.76260923176546   -1.68899222612653   -4.04276384875442
   0.75962271566530   -1.68237782616092   -4.03696073306401
   0.75496599562152   -1.67206433449892   -4.02793630479541
   0.75334614238487   -1.66847675725723   -4.02449178019308
   0.74755649443245   -1.65565410841385   -4.01349513257695
   0.74715890494161   -1.65477354530073   -4.01261162728729
   0.74126117290693   -1.64171151675004   -4.00178143875502
   0.73937746692644   -1.63753957045718   -3.99792486731891
   0.73513110573938   -1.62813492291880   -3.98974608454500
   0.73205402956811   -1.62131995462838   -3.98330427914451
   0.72904120533891   -1.61464728861562   -3.97755713406271
   0.72365621485409   -1.60272085671870   -3.96839671322117
   0.72283705573034   -1.60090662036495   -3.96673760942336
   0.71682685804033   -1.58759550799824   -3.95709653527993
   0.71487263520451   -1.58326738418287   -3.95353541253193
   0.71071140344849   -1.57405127743479   -3.94688900958507
   0.70576743194104   -1.56310159430160   -3.93844416252734
   0.70462187109008   -1.56056445825443   -3.93658553808431
   0.69851992945214   -1.54705015556641   -3.92637430455103
   0.69698064346063   -1.54364101499328   -3.92357118298961
   0.69240273599277   -1.53350207383828   -3.91617049755651
   0.68793952586625   -1.52361715913587   -3.90852274932037
   0.68630308334431   -1.51999284069999   -3.90582079263612
   0.68009941575163   -1.50625323999615   -3.89600682497803
   0.67897680079766   -1.50376692347755   -3.89407420699294
   0.67406587982024   -1.49289043915441   -3.88552818467706
   0.67023974219376   -1.48441648363690   -3.87895653544125
   0.66791887814113   -1.47927633953753   -3.87541909756019
   0.66175710706990   -1.46562952934301   -3.86539409137710
   0.66103217456801   -1.46402398182384   -3.86433304472355
   0.65566995553314   -1.45214798309812   -3.85509942190610
   0.65231872029757   -1.44472581978690   -3.84925580616209
   0.64959220201579   -1.43868725115896   -3.84475823159646
   0.64355744638381   -1.42532174897982   -3.83526683028948
   0.64315699761884   -1.42443485327646   -3.83439459925675
   0.63733512517065   -1.41154083508613   -3.82446550579164
   0.63437233626229   -1.40497898502528   -3.81952318401418
   0.63120241574216   -1.39795838929561   -3.81433456354992
   0.62552223303606   -1.38537817909888   -3.80488183606857
   0.62511566140275   -1.38447772274532   -3.80404019323271
   0.61906592375406   -1.37107903907728   -3.79453553059964
   0.61668714170625   -1.36581062083759   -3.79021244266743
   0.61296594838353   -1.35756909118885   -3.78429149453020
   0.60758336300713   -1.34564798601662   -3.77513487429419
   0.60675714644485   -1.34381811916914   -3.77352240067010
   0.60070282765961   -1.33040928940833   -3.76401829696978
   0.59848663472873   -1.32550096614664   -3.76007641811794
   0.59464108039161   -1.31698400738191   -3.75363726619578
   0.58971192517185   -1.30606713868854   -3.74524174358753
   0.58853320327447   -1.30345655906463   -3.74339722443664
   0.58236908862240   -1.28980455841392   -3.73339306851673
   0.58085231686795   -1.28644528134860   -3.73057465544935
   0.57629300900123   -1.27634753374386   -3.72306446076565
   0.57167248764704   -1.26611421329243   -3.71575031123958
   0.57014221592205   -1.26272503710664   -3.71300760129903
   0.56412604024013   -1.24940068495546   -3.70340972142068
   0.56291210160851   -1.24671210891103   -3.70084666758157
   0.55801149589245   -1.23585847035937   -3.69321102504536
   0.55381847745808   -1.22657196392244   -3.68576124879865
   0.55186251094614   -1.22223997829254   -3.68219796174656
   0.54578858183147   -1.20878771646642   -3.67279986338385
   0.54497355543305   -1.20698263308469   -3.67111833175843
   0.53968101341625   -1.19526095184811   -3.66258409833743
   0.53619397175693   -1.18753801064906   -3.65625929401902
   0.53345463318544   -1.18147104822684   -3.65188393380695
   0.52737582286222   -1.16800797572213   -3.64246026513152
   0.52696832653779   -1.16710547140474   -3.64161955109225
   0.52128776134971   -1.15452441410433   -3.63217102995975
   0.51824825975068   -1.14779266426677   -3.62655478979916
   0.51513324070831   -1.14089366183190   -3.62123848024825
   0.50939141228379   -1.12817692150303   -3.61192975267476
   0.50899109139474   -1.12729030901343   -3.61105791677636
   0.50301970020280   -1.11406514351288   -3.60135031231300
   0.50031854576799   -1.10808274957910   -3.59681457519580
   0.49692026517298   -1.10055639234647   -3.59111089403858
   0.49153989481887   -1.08864019290479   -3.58195783954101
   0.49080137750314   -1.08700455835808   -3.58093660330596
   0.48472097761459   -1.07353796535640   -3.57156569700467
   0.48237315780426   -1.06833812087142   -3.56711668301900
   0.47857814875107   -1.05993310750162   -3.56054799198370
   0.47321962670758   -1.04806529670417   -3.55224488788628
   0.47247580889971   -1.04641792286863   -3.55124787494623
   0.46644102793277   -1.03305236457879   -3.54352580720524
   0.46192255233851   -1.02304505043314   -3.53698434636384
   0.46029883288572   -1.01944891047190   -3.53436067933080
   0.45420562427474   -1.00595394929460   -3.52688238463053
   0.45109735009276   -0.99906988506963   -3.52248878658911
   0.44808632213673   -0.99240119736097   -3.51857420508348
   0.44193110271102   -0.97876889745285   -3.51043848807092
   0.44002289955911   -0.97454269593942   -3.50765305088982
   0.43585520909087   -0.96531228472938   -3.50194700248783
   0.42975608462103   -0.95180422137708   -3.49451016644952
   0.42862404650967   -0.94929703487825   -3.49260955730127
   0.42366208181148   -0.93830750124494   -3.48607537425424
   0.41764741804084   -0.92498649760608   -3.47839004624831
   0.41721270196319   -0.92402370821783   -3.47753327055053
   0.41138953749967   -0.91112682853075   -3.46963811231513
   0.40614151602197   -0.89950374935840   -3.46267971005585
   0.40537341291273   -0.89780258954243   -3.46177658944098
   0.39918817452132   -0.88410380499500   -3.45380109764844
   0.39537202446952   -0.87565196950345   -3.44823098880311
   0.39313306580445   -0.87069322572957   -3.44522360026054
   0.38703955128780   -0.85719758704632   -3.43774758898684
   0.38393160475042   -0.85031424847369   -3.43335494973331
   0.38092177052633   -0.84364820458822   -3.42944069900081
   0.37476485685367   -0.83001215233904   -3.42130789264620
   0.37285684731170   -0.82578637962410   -3.41852303904358
   0.36864906342744   -0.81646717134061   -3.41300621934255
   0.36262794811867   -0.80313187912865   -3.40521675751810
   0.36145970213516   -0.80054450108212   -3.40346022811885
   0.35648275390398   -0.78952178260174   -3.39703410877800
   0.35061998153722   -0.77653718113279   -3.38909469225344
   0.35021978146290   -0.77565083621817   -3.38822323829292
   0.34430854113758   -0.76255889012002   -3.38109155632314
   0.33929065964225   -0.75144551450874   -3.37392793386136
   0.33810779802033   -0.74882576641130   -3.37225712545352
   0.33211009980533   -0.73554233731311   -3.36526952875916
   0.32787909826428   -0.72617170761980   -3.35890896306394
   0.32597376937034   -0.72195187188214   -3.35610606503251
   0.31995944233428   -0.70863161402770   -3.34920040901486
   0.31643350551174   -0.70082252959097   -3.34404664661698
   0.31376357138350   -0.69490928097159   -3.34032658080641
   0.30759162919791   -0.68123994425581   -3.33227445622439
   0.30532407862154   -0.67621787641778   -3.32939241175628
   0.30155355863302   -0.66786710031410   -3.32454769368062
   0.29540119114787   -0.65424111675418   -3.31638443007543
   0.29391776990704   -0.65095570288888   -3.31436140570300
   0.28926751896704   -0.64065653870356   -3.30821272271858
   0.28316260165820   -0.62713564563503   -3.30078761943836
   0.28171258397680   -0.62392421245324   -3.29948803258742
   0.27717152504052   -0.61386688174929   -3.29592437817453
   0.27104365225537   -0.60029514793633   -3.29415645422582
   0.26492025360473   -0.58673332323293   -3.29378717871958
   0.25884445992565   -0.57327693185440   -3.29368790611578
   0.25267302170996   -0.55960871130823   -3.29342303226221
   0.24660391593752   -0.54616713200102   -3.29377787636812
   0.24051623674259   -0.53268441712279   -3.29321311183395
   0.23439329180868   -0.51912359729055   -3.29284414575087
   0.22828789576657   -0.50560164394535   -3.29284134180967
   0.22218251078838   -0.49207971510404   -3.29283861188627
   0.21607713650644   -0.47855780995228   -3.29283595598073
   0.21000080821104   -0.46510023452985   -3.29273734192595
   0.20386641087648   -0.45151405044176   -3.29236690579451
   0.19776106553465   -0.43799220938523   -3.29236447264438
   0.19165572941808   -0.42447038876039   -3.29236211350336
   0.18555063318530   -0.41094909941925   -3.29189589343974
   0.17944531714763   -0.39742732326426   -3.29189368219357
   0.17334000923219   -0.38390556509801   -3.29189154494738
   0.16726319521741   -0.37044691392639   -3.29179349093238
   0.16109423979840   -0.35678419216533   -3.29152918060783
   0.15505246003028   -0.34340313324910   -3.29178958270094
   0.14894733325045   -0.32988177625373   -3.29085989131922
   0.14281379448222   -0.31629749367929   -3.29049012681994
   0.13670852841979   -0.30277582820718   -3.29048843460635
   0.13056849362817   -0.28917715853570   -3.29059231546903
   0.12452597010732   -0.27579445238977   -3.29085325402234
   0.11839276204962   -0.26221090225794   -3.29048380180367
   0.11228751597302   -0.24868928104954   -3.29048240548244
   0.10618227397370   -0.23516766887130   -3.29048108313451
   0.10007703568399   -0.22164606490894   -3.29047983475997
   0.09397180073621   -0.20812446834814   -3.29047866035891
   0.08789431128550   -0.19466432125177   -3.28991766213905
   0.08176131210702   -0.18108123373615   -3.29000129642727
   0.07565636488597   -0.16756027441941   -3.28954769697443
   0.06955114141181   -0.15403870326986   -3.28954681868524
   0.06344591944098   -0.14051713544981   -3.28954601435145
   0.05734069860581   -0.12699557014498   -3.28954528397314
   0.05123547853863   -0.11347400654105   -3.28954462755042
   0.04516907353577   -0.10003840877540   -3.28944984698027
   0.03902530253236   -0.08643146431207   -3.28861565444959
   0.03292008434382   -0.07290990486886   -3.28861522000011
   0.02685344511326   -0.05947378834638   -3.28852067121516
   0.02066434073522   -0.04576644158768   -3.28825755944724
   0.01464284779279   -0.03243031300987   -3.28852014874106
   0.00849916283793   -0.01882355912295   -3.28815028124283
   0.00239393650821   -0.00530198164904   -3.28815021688982
  -0.00371129236303    0.00821960145373   -3.28815022646545
  -0.00981652414347    0.02174119099963   -3.28815030996981
  -0.01592143806071    0.03526207655662   -3.28768652519905
  -0.02198871916221    0.04869961466567   -3.28759250667612
  -0.02817660259460    0.06240425732950   -3.28732992816474
  -0.03423715838295    0.07582690052098   -3.28768743974747
  -0.04030468639179    0.08926498546917   -3.28759359769597
  -0.04644770833540    0.10287027094895   -3.28722448249424
  -0.05255296899755    0.11639192446077   -3.28722508334892
  -0.05865823551043    0.12991359093052   -3.28722575811448
  -0.06470730141492    0.14331078685005   -3.28662944985580
  -0.07086856725413    0.15695647807968   -3.28560999874454
  -0.07707409877132    0.17070020691869   -3.28592624809087
  -0.08290946957315    0.18362412064845   -3.28646824552576
  -0.08918406755984    0.19752081476146   -3.28537447829346
  -0.09528975545915    0.21104341449869   -3.28562122931365
  -0.10139507263565    0.22456519317592   -3.28562421751908
  -0.10750001056593    0.23808613191589   -3.28537805291854
  -0.11360534273128    0.25160794378972   -3.28537939220939
  -0.11971068442437    0.26512977676519   -3.28538080537496
  -0.12581603601288    0.27865163165657   -3.28538229241533
  -0.13192139786445    0.29217350927813   -3.28538385333059
  -0.13797828401759    0.30558802512853   -3.28528804067515
  -0.14413183733017    0.31921663500510   -3.28445931372970
  -0.15023723040433    0.33273858177701   -3.28446109582076
  -0.15634304662066    0.34626146570495   -3.28472649191863
  -0.16265817844904    0.36024793232615   -3.28555356006869
  -0.16896205950529    0.37420948124914   -3.28955000522540
  -0.17506859147084    0.38773395038589   -3.29605113593485
  -0.17584591644577    0.38945553437039   -3.29690233912669
  -0.18137445370998    0.40169988714261   -3.30390753638806
  -0.18728231363371    0.41478434648115   -3.31091034643397
  -0.18772762781048    0.41577060805710   -3.31148676112691
  -0.19358751666720    0.42874882325919   -3.31876798097702
  -0.19949922734170    0.44184181106533   -3.32615545626935
  -0.19993867040781    0.44281506957252   -3.32682177510349
  -0.20585762245634    0.45592409524433   -3.33503150034094
  -0.21077388676130    0.46681241372619   -3.34103496634485
  -0.21197020817615    0.46946197196057   -3.34266179335745
  -0.21794408442711    0.48269264125676   -3.35051024008058
  -0.22254895327079    0.49289129524014   -3.35618436883543
  -0.22405203383938    0.49622024968999   -3.35814715877518
  -0.23015826249080    0.50974404706040   -3.36630051824150
  -0.23397515182167    0.51819751987362   -3.37094496795798
  -0.23639253825102    0.52355143734097   -3.37404404942155
  -0.24237176205588    0.53679395015621   -3.38144397702858
  -0.24549153402410    0.54370347915497   -3.38580325903990
  -0.24899285342250    0.55145804204086   -3.39024427530709
  -0.25446571228468    0.56357908082177   -3.39754277500217
  -0.25719761260411    0.56962956934181   -3.40096798684959
  -0.26090856085730    0.57784840867672   -3.40579239457526
  -0.26667803152624    0.59062636979076   -3.41307913255575
  -0.26867839620259    0.59505668645496   -3.41535790841880
  -0.27294937607087    0.60451585832832   -3.42129343310607
  -0.27889358028204    0.61768081134093   -3.42887106937383
  -0.28044825449018    0.62112403303604   -3.43057519508152
  -0.28520452656161    0.63165800799906   -3.43671509121773
  -0.29123209079649    0.64500758299911   -3.44433255099559
  -0.29231589956549    0.64740795334503   -3.44555886540296
  -0.29740882367063    0.65868752991391   -3.45253284412558
  -0.30332347274804    0.67178702556109   -3.45991307334574
  -0.30376225212727    0.67275881416479   -3.46058303212254
  -0.30955555594507    0.68558955985246   -3.46848795520817
  -0.31522033787346    0.69813566110749   -3.47528851342964
  -0.31566329806538    0.69911670918489   -3.47592106805710
  -0.32176813391682    0.71263742184529   -3.48363484680201
  -0.32699511794574    0.72421390823333   -3.49044234518613
  -0.32775861205201    0.72590486023925   -3.49137148310319
  -0.33398384632028    0.73969222583484   -3.49943030506524
  -0.33812560562738    0.74886520588910   -3.50502039573428
  -0.34009544547687    0.75322791755575   -3.50751212645917
  -0.34620347868710    0.76675571158089   -3.51494602096412
  -0.35006140814357    0.77530007819686   -3.51965362903155
  -0.35244056907066    0.78056933556116   -3.52298412893953
  -0.35842003379526    0.79381238195446   -3.53074283351634
  -0.36147413116441    0.80057645783955   -3.53445998780172
  -0.36459720871181    0.80749330788468   -3.53922146008277
  -0.37063274670612    0.82086054280430   -3.54774918599124
  -0.37181876405550    0.82348728006333   -3.54943246405974
  -0.37694725489632    0.83484562822002   -3.55754475871239
  -0.38112611223498    0.84410077130653   -3.56439228934286
  -0.38307232575400    0.84841115645149   -3.56798854682807
  -0.38908122935406    0.86171940272665   -3.57721674800518
  -0.39024408199108    0.86429483583478   -3.57900755014388
  -0.39525720980184    0.87539768320178   -3.58755736679423
  -0.39927094320889    0.88428711731808   -3.59440556393395
  -0.40129932204574    0.88877947847026   -3.59766002866623
  -0.40728775004203    0.90204237630987   -3.60721824350579
  -0.40847367812910    0.90466891587479   -3.60890252132741
  -0.41358321948049    0.91598529556454   -3.61729480592762
  -0.41759855937943    0.92487828766597   -3.62414212066074
  -0.41962674408869    0.92937021887321   -3.62739787755605
  -0.42558596792388    0.94256843666566   -3.63737851903794
  -0.42673146772873    0.94510543751070   -3.63923714342375
  -0.43171019174445    0.95613208891788   -3.64743892722615
  -0.43562939680311    0.96481216594940   -3.65355364472483
  -0.43795486562588    0.96996250848416   -3.65713767419892
  -0.44406418808033    0.98349315786874   -3.66643218951738
  -0.44522707063527    0.98606865723774   -3.66822375425244
  -0.45023734132477    0.99716517678256   -3.67677556528053
  -0.45399975381213    1.00549799676157   -3.68341547629045
  -0.45625018392101    1.01048214696723   -3.68727116149839
  -0.46227546997978    1.02382667636650   -3.69643627179189
  -0.46346126413880    1.02645291931368   -3.69812208697437
  -0.46856548010730    1.03775750458772   -3.70651893001227
  -0.47232835055820    1.04609133884354   -3.71315889646453
  -0.47457897483840    1.05107591909100   -3.71701448149797
  -0.48057752732991    1.06436124020195   -3.72658534194534
  -0.48172329208579    1.06689882784846   -3.72844387097303
  -0.48669912525488    1.07791907674007   -3.73666435086997
  -0.49065768744049    1.08668632014553   -3.74290433493966
  -0.49290850881417    1.09167133690666   -3.74675981831768
  -0.49891011308040    1.10496341694940   -3.75632281094848
  -0.50005592356250    1.10750110586827   -3.75818147198465
  -0.50516440277680    1.11881513318512   -3.76681990740723
  -0.50898777778541    1.12728297018227   -3.77265181387069
  -0.51123879920355    1.13226842999277   -3.77650719401122
  -0.51737029127644    1.14584817963951   -3.78653112408451
  -0.51808810836815    1.14743796827198   -3.78762791199823
  -0.52336215068749    1.15911867722040   -3.79615801276305
  -0.52731863492227    1.16788131847491   -3.80240135537368
  -0.52956985936572    1.17286722793663   -3.80625663059002
  -0.53549365419248    1.18598697917331   -3.81606566155933
  -0.53631999063700    1.18781711153052   -3.81768978820434
  -0.54169482433271    1.19972104863308   -3.82590792453311
  -0.54593361872403    1.20910893757658   -3.83248738265352
  -0.54790170266440    1.21346776033557   -3.83600815002198
  -0.55391235065562    1.22677987000891   -3.84554804078784
  -0.55505830334230    1.22931787387601   -3.84740710607663
  -0.56016143944044    1.24062006750233   -3.85607379179970
  -0.56398270290680    1.24908322795177   -3.86190671435883
  -0.56626217765147    1.25413170489518   -3.86581294914878
  -0.57217103813129    1.26721838021981   -3.87544401393934
  -0.57333394644916    1.26979393664736   -3.87723500291678
  -0.57836574219443    1.28093812890628   -3.88540167658819
  -0.58231594043252    1.28968684822135   -3.89166257586863
  -0.58456779215230    1.29467414694614   -3.89551752509146
  -0.59070188266109    1.30825965149046   -3.90554548102038
  -0.59142029956944    1.30985076856955   -3.90664081401347
  -0.59680404934586    1.32177445260196   -3.91586421560908
  -0.59992990119312    1.32869744704018   -3.92119712279014
  -0.60299677275755    1.33548981463172   -3.92706372162528
  -0.60818300811987    1.34697605272714   -3.93677748369696
  -0.60898849040192    1.34875999823423   -3.93850808989877
  -0.61509911548799    1.36229353262805   -3.94968548817754
  -0.61591029111016    1.36409008748577   -3.95139990966336
  -0.62122219309122    1.37585464629026   -3.96167355907318
  -0.62358216363129    1.38108140165858   -3.96610407331944
  -0.62739118961975    1.38951745909881   -3.97365543126153
  -0.63124169032272    1.39804537284955   -3.98109719675197
  -0.63352725979449    1.40310734811721   -3.98570151843417
  -0.63914760688782    1.41555503712145   -3.99626484427410
  -0.63954844249850    1.41644278959308   -3.99713791777032
  -0.64558923807533    1.42982166876725   -4.00841488705195
  -0.64680880271195    1.43252270503156   -4.01096257241168
  -0.65188556383652    1.44376648456652   -4.02100523176620
  -0.65447578997601    1.44950319955933   -4.02590631989782
  -0.65807121031868    1.45746617293477   -4.03277544554637
  -0.66221096536686    1.46663471404759   -4.04059213578055
  -0.66405497669096    1.47071874642165   -4.04436042542901
  -0.67001724095208    1.48392369801112   -4.05511213438110
  -0.67041649393147    1.48480794534298   -4.05599137036530
  -0.67623174557170    1.49768730006911   -4.06780492675813
  -0.67774157429740    1.50103120003028   -4.07065130934682
  -0.68236137171172    1.51126291713263   -4.07975826633189
  -0.68541845699877    1.51803361052233   -4.08533811496708
  -0.68847993659967    1.52481403623837   -4.09104752247802
  -0.69337469891830    1.53565473309929   -4.10044046001032
  -0.69459031817136    1.53834703130763   -4.10300734684152
  -0.70061293412781    1.55168564708578   -4.11446450516768
  -0.70101814926225    1.55258309912736   -4.11532016011569
  -0.70681969862026    1.56543210666230   -4.12625770897310
  -0.70875357013576    1.56971515729944   -4.12990361884061
  -0.71299843164357    1.57911648341647   -4.13824252872682
  -0.71641447687936    1.58668218496717   -4.14482438858157
  -0.71914122181979    1.59272125558837   -4.15028433994400
  -0.72435940254822    1.60427824482706   -4.15978264514986
  -0.72517793316935    1.60609108920180   -4.16145577208881
  -0.73124643692232    1.61953133518370   -4.17301494621492
  -0.73204001978347    1.62128892639483   -4.17479174999656
  -0.73739531622686    1.63314959327995   -4.18485388412520
  -0.74004762517313    1.63902380644828   -4.18957933925163
  -0.74355256210108    1.64678638127401   -4.19687980323967
  -0.74770181958576    1.65597596795081   -4.20456337343329
  -0.74959101582331    1.66016007381517   -4.20830093780186
  -0.75501721006131    1.67217776190979   -4.21923668448202
  -0.75572542198457    1.67374627745224   -4.22033704931411
  -0.76177141989524    1.68713667851866   -4.23161925891463
  -0.76330640726454    1.69053629869889   -4.23439009406020
  -0.76795216472212    1.70082551092381   -4.24362648236455
  -0.77065732567142    1.70681677830360   -4.24912059181591
  -0.77411217719890    1.71446842626337   -4.25551557649065
  -0.77867765333320    1.72457983506646   -4.26409049990225
  -0.78023829639210    1.72803627630065   -4.26759407031914
  -0.78623001158075    1.74130645446432   -4.27817809947849
  -0.78663533988194    1.74220415714247   -4.27903408653765
  -0.79243840631382    1.75505652462359   -4.28997599175184
  -0.79437278513555    1.75934069881949   -4.29362335656103
  -0.79861215456247    1.76872986132564   -4.30198068139693
  -0.80203396962699    1.77630834163047   -4.30855036793803
  -0.80475507814263    1.78233492895454   -4.31417479056961
  -0.80957279356516    1.79300498585577   -4.32369382966040
  -0.81069655392464    1.79549383916639   -4.32562932614414
  -0.81689883869577    1.80923037725996   -4.33748200196677
  -0.81761338307839    1.81081291764527   -4.33856993068012
  -0.82293029093846    1.82258856324280   -4.34889223779976
  -0.82527024096920    1.82777097809806   -4.35339628160854
  -0.82910254215930    1.83625858439581   -4.36088477102918
  -0.83292577869407    1.84472611470739   -4.36832924099080
  -0.83523974705895    1.84985098655130   -4.37294727280506
  -0.84089015151619    1.86236524523745   -4.38328590619331
  -0.84129957710731    1.86327202240690   -4.38412292852158
  -0.84740538965565    1.87679489821113   -4.39537945288217
  -0.84862576062399    1.87949772030226   -4.39792949094314
  -0.85358505784452    1.89048134612743   -4.40739221544390
  -0.85629097894818    1.89647429706249   -4.41288852490030
  -0.85967373636747    1.90396627427187   -4.41954313367112
  -0.86390596960112    1.91333963186189   -4.42772657394312
  -0.86590276481142    1.91776204303512   -4.43145964724931
  -0.87178766706457    1.93079565676948   -4.44220231682944
  -0.87219498399849    1.93169776378090   -4.44305012240839
  -0.87806153705648    1.94469073855274   -4.45482632545094
  -0.87957230535245    1.94803671943140   -4.45767540444465
  -0.88417462063094    1.95822971789480   -4.46695891559339
  -0.88718672975955    1.96490080013530   -4.47268382603962
  -0.89033901997827    1.97188234907561   -4.47885426989231
  -0.89490212810599    1.98198851332550   -4.48743455705052
  -0.89652433958708    1.98558131349964   -4.49119945295116
  -0.90070141375406    1.99483250729865   -4.50250360558648
  -0.90252157772288    1.99886372363536   -4.50733244643604
  -0.90597948541128    2.00652214024126   -4.51740526182819
  -0.90865599770185    2.01244995787525   -4.52506756885175
  -0.91095170348150    2.01753438257640   -4.53251140935330
  -0.91463967112912    2.02570232551176   -4.54297215303081
  -0.91617007040544    2.02909178419243   -4.54762495288109
  -0.92080657982074    2.03936051427412   -4.56152653571379
  -0.92115848361036    2.04013989477497   -4.56251291040463
  -0.92624312210696    2.05140112075508   -4.57717867217182
  -0.92704461942932    2.05317624055477   -4.57986643493529
  -0.93094274130510    2.06180962351218   -4.59184149037324
  -0.93321015350117    2.06683138487181   -4.59835488560835
  -0.93596752278403    2.07293828089316   -4.60656716544299
  -0.93925301425331    2.08021483790228   -4.61623776852900
  -0.94115174000997    2.08442004931195   -4.62185050361744
  -0.94538275791012    2.09379071523664   -4.63481104482721
  -0.94611355969906    2.09540926178570   -4.63674320876201
  -0.95110537526191    2.10646490775579   -4.65163425338403
  -0.95155834825692    2.10746813173386   -4.65335956182761
  -0.95606755344048    2.11745491419571   -4.66652750393174
  -0.95761934549225    2.12089175262204   -4.67112931360556
  -0.96108269053920    2.12856221164226   -4.68120704674366
  -0.96381087027160    2.13460445997544   -4.68865553388567
  -0.96620926703795    2.13991632000125   -4.69588778581823
  -0.96984287106332    2.14796386085971   -4.70665537403145
  -0.97130058958759    2.15119234951787   -4.71143134464989
  -0.97587873802173    2.16133182435406   -4.72535779497766
  -0.97624050569661    2.16213305093916   -4.72633019656026
  -0.98097340396676    2.17261525867066   -4.74099734461114
  -0.98203422022382    2.17496470624734   -4.74390492502393
  -0.98596083919918    2.18366120328422   -4.75568015841033
  -0.98829616252212    2.18883337111754   -4.76227337473736
  -0.99099878424116    2.19481901472568   -4.77060678064986
  -0.99445364076596    2.20247067375327   -4.78081647811366
  -0.99599185097694    2.20587743173664   -4.78545737137663
  -1.00042001119228    2.21568471949060   -4.79883966212288
  -1.00112983005619    2.21725679401207   -4.80080553449815
  -1.00618511364740    2.22845300608343   -4.81548448680011
  -1.00655589825528    2.22927420296146   -4.81644135326045
  -1.01117935847808    2.23951403228537   -4.83037785947553
  -1.01271836246749    2.24292254829307   -4.83504789300374
  -1.01610521089682    2.25042358608532   -4.84529605517528
  -1.01887822732492    2.25656513669197   -4.85358425151222
  -1.02087181807244    2.26098045076683   -4.85994576864046
  -1.02494746319069    2.27000700412399   -4.87139299740355
  -1.02611934517134    2.27260243501152   -4.87507232366081
  -1.03099553342266    2.28340199487332   -4.88922812594688
  -1.03135739680808    2.28420343343378   -4.89020087005857
  -1.03582960801355    2.29410828331626   -4.90464785909420
  -1.03724782723202    2.29724929070925   -4.90852239345982
  -1.04106597788174    2.30570555703404   -4.91977180777796
  -1.04333213940786    2.31072454846679   -4.92628099245132
  -1.04609968098942    2.31685397363244   -4.93447901922082
  -1.04951870772586    2.32442627847511   -4.94486173764707
  -1.05101951568702    2.32775019965745   -4.94957401736920
  -1.05554212002015    2.33776665794609   -4.96273446835585
  -1.05625213200668    2.33933916018676   -4.96470103728182
  -1.06096445363859    2.34977579571616   -4.97937843900443
  -1.06167173461506    2.35134224944002   -4.98129706817455
  -1.06603728268277    2.36101086665839   -4.99405614068128
  -1.06793796048800    2.36522040137643   -4.99970951466646
  -1.07123887216914    2.37253111036911   -5.00921047225820
  -1.07396013119658    2.37855803103985   -5.01762391930857
  -1.07616547313578    2.38344232201890   -5.02431161500581
  -1.08006366814703    2.39207586695343   -5.03627940398482
  -1.08113598871742    2.39445079375979   -5.03921942425765
  -1.08584553626569    2.40488128537499   -5.05389858788535
  -1.08620500346957    2.40567741698162   -5.05487560144227
  -1.09091726630492    2.41611392229107   -5.06857936614227
  -1.09247725722969    2.41956891920826   -5.07319822824683
  -1.09593926932449    2.42723642606671   -5.08348536765935
  -1.09849707976683    2.43290134824843   -5.09116151887763
  -1.10105492681369    2.43856635150019   -5.09883779557755
  -1.10449221971850    2.44617911142142   -5.10909187652135
  -1.10602411065284    2.44957187375841   -5.11375023788138
  -1.11065941306990    2.45983793063531   -5.12766414415733
  -1.11101164583077    2.46061803972673   -5.12865171380219
  -1.11597204556282    2.47160410734423   -5.14357334385891
  -1.11680669869777    2.47345265912898   -5.14620835532333
  -1.12107684284733    2.48290998009054   -5.15824754271521
  -1.12296840691815    2.48709933012429   -5.16388367499079
  -1.12603251175395    2.49388557009113   -5.17320158876490
  -1.12913095918944    2.50074787048512   -5.18244707211067
  -1.13103154329358    2.50495719767824   -5.18806664792852
  -1.13520952300020    2.51421039702525   -5.20025984646724
  -1.13601812781611    2.51600125817825   -5.20297448782504
  -1.14099361372268    2.52702073796864   -5.21788581047674
  -1.14135318380183    2.52781709741870   -5.21886318854925
  -1.14599701013689    2.53810203268135   -5.23279266686564
  -1.14751920851751    2.54147332839138   -5.23740795146634
  -1.15099042492068    2.54916122053319   -5.24770423819637
  -1.15357301053050    2.55488101362853   -5.25527900329161
  -1.15592941495241    2.56009987092062   -5.26262090268960
  -1.15964590573576    2.56833098559911   -5.27309951828035
  -1.16117826610253    2.57172478761371   -5.27775960242450
  -1.16579373362543    2.58194691506956   -5.29170161354668
  -1.16615584715495    2.58274890763778   -5.29267524332430
  -1.17085906345101    2.59316537708366   -5.30736451543416
  -1.17195715176062    2.59559737310636   -5.31027279867377
  -1.17586603552639    2.60425459100804   -5.32226848760693
  -1.17814320906705    2.60929797134951   -5.32878986634818
  -1.18091279470433    2.61543192359676   -5.33699533561697
  -1.18423252464670    2.62278431041816   -5.34661687864245
  -1.18608683323872    2.62689114871267   -5.35232142874678
  -1.19026131714895    2.63613660572889   -5.36451251068813
  -1.19106491454534    2.63791637667699   -5.36723964887062
  -1.19604467522696    2.64894532404464   -5.38215687264319
  -1.19640310302912    2.64973915363160   -5.38313314775498
  -1.20113200980466    2.66021252118247   -5.39685447215449
  -1.20266722809410    2.66361265279413   -5.40152681984162
  -1.20581878200938    2.67059257100311   -5.41177116557667
  -1.20872133571565    2.67702101487921   -5.42031571220797
  -1.21098420100210    2.68203270595033   -5.42691354354033
  -1.21489562396665    2.69069554755390   -5.43888426368898
  -1.21596871549315    2.69307218183878   -5.44182701662776
  -1.22086546059961    2.70391727008797   -5.45596497118888
  -1.22121438777192    2.70469005811225   -5.45695779926877
  -1.22594023922013    2.71515665886317   -5.47165264717437
  -1.22711877516497    2.71776682664784   -5.47531691264685
  -1.23099148477854    2.72634392768321   -5.48639175521364
  -1.23332196791150    2.73150537568401   -5.49288199135751
  -1.23609243949982    2.73764129009531   -5.50109064926137
  -1.23950185581473    2.74519231021368   -5.51147769863263
  -1.24100427982995    2.74851981055901   -5.51619597780963
  -1.24541913196655    2.75829762418574   -5.52958665335913
  -1.24612411849742    2.75985899627588   -5.53156364624390
  -1.25094399387632    2.77053383695018   -5.54605479487848
  -1.25167938554265    2.77216254895084   -5.54799503236280
  -1.25600197232323    2.78173601746533   -5.56076708400608
  -1.25792103736129    2.78598627538996   -5.56646684884968
  -1.26090449277941    2.79259389669627   -5.57594078940862
  -1.26390817226538    2.79924630934783   -5.58444232543461
  -1.26617176282579    2.80425960672270   -5.59104275021816
  -1.27005448334492    2.81285887945618   -5.60306859464233
  -1.27115251391562    2.81529074760138   -5.60597326196189
  -1.27587339234890    2.82574633434511   -5.62066091968160
  -1.27623323013047    2.82654328669033   -5.62163923701635
  -1.28095698829154    2.83700525132414   -5.63536521098637
  -1.28240455027319    2.84021124573388   -5.63929703891009
  -1.28586679447723    2.84787926665729   -5.65049697045194
  -1.28846363618847    2.85363063351738   -5.65809034901347
  -1.29108915166456    2.85944550572712   -5.66566769650103
  -1.29446191997856    2.86691535952064   -5.67606092039091
  -1.29595397759257    2.87021990083225   -5.68079910177274
  -1.30059993245101    2.88050955025164   -5.69380233823159
  -1.30105684165457    2.88152149196531   -5.69552265668550
  -1.30604508540235    2.89256922724189   -5.71043595448896
  -1.30686400449380    2.89438293198303   -5.71313784421916
  -1.31111438284898    2.90379647656257   -5.72518383710214
  -1.31303673354434    2.90805401141149   -5.73079222256873
  -1.31610425656351    2.91484782181534   -5.74012257197148
  -1.31920757376085    2.92172090753629   -5.74938148485951
  -1.32111025859148    2.92593488732285   -5.75500862525116
  -1.32517753601962    2.93494290830068   -5.76742622736739
  -1.32624413441711    2.93730516189888   -5.77038167201557
  -1.33096630426475    2.94776360880838   -5.78508822265925
  -1.33133471205918    2.94857954162812   -5.78607142538384
  -1.33606222472647    2.95904982157147   -5.79980351772313
  -1.33762015258707    2.96250024930801   -5.80441893584781
  -1.34107421774045    2.97015015564220   -5.81471055923306
  -1.34367692746715    2.97591451871591   -5.82231187489228
  -1.34603604644789    2.98113938808937   -5.82966369368120
  -1.34975519108011    2.98937638039161   -5.84015571822201
  -1.35128929799257    2.99277405057611   -5.84482213177365
  -1.35580299638178    3.00277078438538   -5.85896476309438
  -1.35615220137675    3.00354418771865   -5.85995857216614
  -1.36098764991380    3.01425351911503   -5.87447152411359
  -1.36206619266633    3.01664222652727   -5.87741222978915
  -1.36611859756313    3.02561730849943   -5.88980435499755
  -1.36812234698557    3.03005512154526   -5.89534704736522
  -1.37104734949113    3.03653328400056   -5.90413979161571
  -1.37445665059224    3.04408404894865   -5.91453424178012
  -1.37622047235595    3.04799048113317   -5.91948147278571
  -1.38047671263308    3.05741700843072   -5.93249428507067
  -1.38120587051962    3.05903191413954   -5.93443801028118
  -1.38592968414664    3.06949400161683   -5.94913447429640
  -1.38664991825883    3.07108914335627   -5.95109240369414
  -1.39091379442076    3.08053258226402   -5.96407573064623
  -1.39280839195184    3.08472865066753   -5.96972278568150
  -1.39588167601138    3.09153522036147   -5.97905339636054
  -1.39894763052355    3.09832555690739   -5.98746089894830
  -1.40126275530158    3.10345298992253   -5.99396836549675
  -1.40490253162871    3.11151420091406   -6.00549055445735
  -1.40603134431215    3.11401424388191   -6.00936217575036
  -1.41103393022507    3.12509374353324   -6.02335263693197
  -1.41139467299068    3.12589270019592   -6.02428619681719
  -1.41611681623365    3.13635108818260   -6.03900679572646
  -1.41728443660208    3.13893708064534   -6.04269686932115
  -1.42082196655410    3.14677184101772   -6.05375213058089
  -1.42346471390665    3.15262487760335   -6.06129824217911
  -1.42609242765563    3.15844461844788   -6.06888333609388
  -1.42946155218046    3.16590640214295   -6.07928135162683
  -1.43095246977709    3.16920841859595   -6.08401686571356
  -1.43516567339275    3.17853963025393   -6.09892283954986
  -1.43542117428877    3.17910550201258   -6.09980211717003
  -1.43766490921940    3.18407482404210   -6.11384789764614
  -1.43880980923567    3.18661049650269   -6.12857320730857
  -1.43941067855743    3.18794127453565   -6.14368334173710
  -1.43942236920827    3.18796716645719   -6.15818288351533
  -1.43999971238477    3.18924583985412   -6.17317675642115
  -1.44002028451833    3.18929140207945   -6.18801733244796
  -1.44040639504310    3.19014654210083   -6.20301117280202
  -1.44061832579601    3.19061591668907   -6.21785336491452
  -1.44100535620523    3.19147309402867   -6.23287835193135
  -1.44120799718379    3.19192189404738   -6.24776663044702
  -1.44122855242976    3.19196741887085   -6.26260543480569
  -1.44069797746945    3.19079232559109   -6.27731583402165
  -1.43834397533017    3.18557878876525   -6.29133095480627
  -1.43543989170482    3.17914695649397   -6.29946816647240
  -1.43281865304777    3.17334155638843   -6.30597089786104
  -1.42938275014667    3.16573187498416   -6.31434450479572
  -1.42671038369548    3.15981323936659   -6.32085739484892
  -1.42328133229699    3.15221873235856   -6.32911372185675
  -1.42021938811553    3.14543727771061   -6.33574246915627
  -1.41717756041499    3.13870037612926   -6.34306800388601
  -1.41406914777407    3.13181600525173   -6.35052781578243
  -1.41103696774823    3.12510047090131   -6.35784817359925
  -1.40757841242277    3.11744061993832   -6.36541421190074
  -1.40493598120268    3.11158828350847   -6.37180078359558
  -1.40108770180110    3.10306528939497   -6.38030101652388
  -1.39879721743387    3.09799242884047   -6.38588435230422
  -1.39497975328557    3.08953768294778   -6.39519003337117
  -1.39272970489658    3.08455437815798   -6.40064229503850
  -1.38848908695365    3.07516245049536   -6.41007765647918
  -1.38662051904213    3.07102403130885   -6.41389811158191
  -1.38239263354931    3.06166030289739   -6.42485021894440
  -1.38043744125395    3.05733003196716   -6.42953570400588
  -1.37589807483625    3.04727644977632   -6.43974119726684
  -1.37439430003176    3.04394595776439   -6.44259533759944
  -1.36905532897237    3.03212144759690   -6.45471954144345
  -1.36828585250883    3.03041724613832   -6.45656511380608
  -1.36291085169587    3.01851293891206   -6.46952363432277
  -1.36214261965710    3.01681149354883   -6.47137260150907
  -1.35676707891921    3.00490599052141   -6.48444203813836
  -1.35600361947942    3.00321511529325   -6.48630354590778
  -1.35031026295156    2.99060572831551   -6.49930731039768
  -1.34992632080101    2.98975539071067   -6.50023232589231
  -1.34385088967102    2.97629980228938   -6.51324737781623
  -1.34346487027128    2.97544486408756   -6.51416625986595
  -1.33771026592624    2.96269982823125   -6.52722589037335
  -1.33659227850600    2.96022376056378   -6.52915902423400
  -1.33173247714198    2.94946049363432   -6.53835051328610
  -1.32832813789980    2.94192071798563   -6.54393678405211
  -1.32568903961082    2.93607576317994   -6.54846208819866
  -1.31963155196920    2.92265991518021   -6.55592312620075
  -1.31770404973040    2.91839097092728   -6.55862956122586
  -1.31347192676106    2.90901785754564   -6.56426443430538
  -1.30740198040455    2.89557441655106   -6.57172114989424
  -1.30623897615919    2.89299864766769   -6.57349895561968
  -1.30128774396910    2.88203288390496   -6.58008676003921
  -1.29548692875581    2.86918550232036   -6.58834922651685
  -1.29509220711264    2.86831129078575   -6.58922389435033
  -1.28908425917604    2.85500516107053   -6.59611334527657
  -1.28373325761823    2.84315400630258   -6.60320922818444
  -1.28296522235779    2.84145299675504   -6.60411811613139
  -1.27677111579155    2.82773457137752   -6.61245927516591
  -1.27252702327606    2.81833494838970   -6.61813214397456
  -1.27061903876553    2.81410923111325   -6.62093148874610
  -1.26465999508052    2.80091141230921   -6.62777806514708
  -1.26075817097165    2.79226982981440   -6.63311887439832
  -1.25844053700518    2.78713683956289   -6.63672592745935
  -1.25237203160692    2.77369658993708   -6.64422068925068
  -1.25004840883444    2.76855033595051   -6.64778823573482
  -1.24625806879035    2.76015566328962   -6.65258807717376
  -1.24009308646658    2.74650174095910   -6.66093138998599
  -1.23857303354494    2.74313519691401   -6.66282761635645
  -1.23399891643280    2.73300465046636   -6.66917123074944
  -1.22786429802015    2.71941797674457   -6.67673469486562
  -1.22710420636276    2.71773456032762   -6.67768253994173
  -1.22180275573736    2.70599314871009   -6.68498560634967
  -1.21636694533616    2.69395416317477   -6.69239530635608
  -1.21560604403572    2.69226895359721   -6.69333967165718
  -1.20951471893916    2.67877816394198   -6.70090549984943
  -1.20492492089978    2.66861288809020   -6.70739547893698
  -1.20340574215514    2.66524828013253   -6.70929493549705
  -1.19734446668793    2.65182404302903   -6.71673616078029
  -1.19282276416641    2.64180958203171   -6.72213646318585
  -1.19128229316515    2.63839781695294   -6.72391880936119
  -1.18522722967780    2.62498733785977   -6.72875748174046
  -1.17912861683201    2.61148040762913   -6.73341921386448
  -1.17415990620341    2.60047593341611   -6.73714263483827
  -1.17301128815977    2.59793202643769   -6.73805750126053
  -1.16692137483691    2.58444436351461   -6.74275874108126
  -1.16084084196124    2.57097747597911   -6.74658037075980
  -1.15465860407160    2.55728533680648   -6.75104035710234
  -1.15351004366855    2.55474155748780   -6.75195556719459
  -1.14852733039747    2.54370607085938   -6.75589128487595
  -1.14248812835755    2.53033072097826   -6.75956019482337
  -1.13635655226195    2.51675078524183   -6.76349055060280
  -1.13252739550053    2.50827014308164   -6.76678279343472
  -1.13022328473754    2.50316710340586   -6.76853805494758
  -1.12410089328295    2.48960750939442   -6.77270042390608
  -1.11801874618420    2.47613704675112   -6.77717961789551
  -1.11224949841397    2.46335957930300   -6.78147978894340
  -1.11185506312258    2.46248600196730   -6.78228653194826
  -1.10567664282563    2.44880231782525   -6.78642270653703
  -1.09971194203708    2.43559196992568   -6.79060186911377
  -1.09353599027665    2.42191375298599   -6.79502605726915
  -1.09123542705238    2.41681857023755   -6.79682907518066
  -1.08710739542205    2.40767599361715   -6.80301508757776
  -1.08291471821887    2.39839024292354   -6.81108970725465
      
      
