# shadow point cont 2D ind 381  size 982
# norm -0.9888865 -0.1486724  0.0000000
# angle  2.9923670
   2.33956069  -6.81519577
   2.33977386  -6.81347364
   2.34012106  -6.81302587
   2.35270952  -6.80718898
   2.36740649  -6.80117176
   2.37765172  -6.79724471
   2.38237970  -6.79571517
   2.39735688  -6.79151198
   2.41241561  -6.78654080
   2.42347690  -6.78350502
   2.42717495  -6.78246287
   2.44215097  -6.77725615
   2.45693738  -6.77338266
   2.47169402  -6.76921152
   2.47446064  -6.76822763
   2.48662255  -6.76383814
   2.50143248  -6.75995146
   2.51641014  -6.75574954
   2.52237423  -6.75390981
   2.53133713  -6.75013914
   2.54614567  -6.74553429
   2.56104091  -6.73976891
   2.56206298  -6.73902397
   2.57619829  -6.73095035
   2.58993441  -6.72413977
   2.59103429  -6.72334284
   2.60582081  -6.71502151
   2.61529047  -6.70966848
   2.62097676  -6.70598533
   2.63554952  -6.69827545
   2.64298644  -6.69439461
   2.65040483  -6.68976266
   2.66523065  -6.68139936
   2.66892111  -6.67949107
   2.68032858  -6.67259838
   2.69487895  -6.66540295
   2.69589226  -6.66461653
   2.70987158  -6.65641423
   2.72204272  -6.65009058
   2.72502534  -6.64831013
   2.73970571  -6.63978455
   2.74889151  -6.63502245
   2.75463527  -6.63147345
   2.76943442  -6.62304219
   2.77411678  -6.62031780
   2.78431417  -6.61468615
   2.79894959  -6.60684644
   2.80179384  -6.60508591
   2.81402767  -6.59793031
   2.82789895  -6.59039696
   2.82891679  -6.58962916
   2.84375665  -6.58119014
   2.85393395  -6.57552503
   2.85876964  -6.57186843
   2.87282249  -6.56088793
   2.87380707  -6.56003127
   2.88854374  -6.54667818
   2.88949008  -6.54576627
   2.90361962  -6.53201169
   2.90456469  -6.53109833
   2.91817286  -6.51666980
   2.91906273  -6.51570576
   2.93310772  -6.50197992
   2.93405405  -6.50106810
   2.94818337  -6.48731481
   2.94912842  -6.48640154
   2.96311360  -6.47242829
   2.96404198  -6.47149718
   2.97796772  -6.45753069
   2.97889610  -6.45659960
   2.99241490  -6.44312448
   2.99423577  -6.44122920
   3.00760106  -6.42772539
   3.00854610  -6.42681223
   3.02244626  -6.41374626
   3.02433413  -6.41191746
   3.03698991  -6.39938235
   3.03972502  -6.39654298
   3.05215476  -6.38395512
   3.05404262  -6.38212642
   3.06686065  -6.36978701
   3.06964575  -6.36699425
   3.08178245  -6.35398164
   3.08360584  -6.35208890
   3.09641321  -6.33791234
   3.09730306  -6.33694863
   3.10464013  -6.32230586
   3.10621338  -6.30675000
   3.10570220  -6.29174066
   3.10474646  -6.27682411
   3.10376009  -6.26182235
   3.10237232  -6.24702223
   3.10092720  -6.23200917
   3.09903462  -6.21707486
   3.09762204  -6.20221908
   3.09632707  -6.18921315
   3.09576175  -6.18735864
   3.09478221  -6.17239095
   3.09289761  -6.15747669
   3.09032268  -6.14222550
   3.08351488  -6.12717950
   3.08141373  -6.12361204
   3.07328677  -6.11225920
   3.06657858  -6.10210220
   3.06301636  -6.09732992
   3.05271909  -6.08239812
   3.05186254  -6.08140923
   3.04135363  -6.06747691
   3.03659031  -6.06115102
   3.03009182  -6.05277375
   3.02148081  -6.04079795
   3.01895905  -6.03785600
   3.00865180  -6.02292785
   3.00693890  -6.02095038
   2.99691674  -6.00779406
   2.99215118  -6.00126887
   2.98574254  -5.99287224
   2.97709222  -5.98083077
   2.97517667  -5.97816675
   2.96425495  -5.96301938
   2.96231810  -5.96027790
   2.95308229  -5.94809933
   2.94749609  -5.94063952
   2.94133286  -5.93296656
   2.93267374  -5.92093927
   2.93075126  -5.91826262
   2.92019849  -5.90356670
   2.91740563  -5.89983718
   2.90902717  -5.88864882
   2.90258542  -5.88020170
   2.89791440  -5.87373711
   2.88786374  -5.85960023
   2.88703175  -5.85859986
   2.87664782  -5.84371920
   2.87292494  -5.83905763
   2.86470719  -5.82877134
   2.85803261  -5.81948077
   2.85348989  -5.81384711
   2.84318276  -5.79993798
   2.84235086  -5.79893776
   2.83226146  -5.78407781
   2.82849986  -5.77920927
   2.82083636  -5.76910009
   2.81290270  -5.75832484
   2.81007516  -5.75463143
   2.79921834  -5.73950364
   2.79838654  -5.73850357
   2.78838104  -5.72437826
   2.78349716  -5.71792853
   2.77687068  -5.70967927
   2.76850088  -5.69847098
   2.76571285  -5.69476880
   2.75481874  -5.67963487
   2.75373890  -5.67788314
   2.74431896  -5.66495057
   2.73896389  -5.65821830
   2.73254455  -5.64982553
   2.72392711  -5.63779796
   2.72196642  -5.63513084
   2.71081141  -5.62022293
   2.70893039  -5.61744152
   2.69977194  -5.60509603
   2.69407692  -5.59782654
   2.68848878  -5.59040819
   2.67903886  -5.57743320
   2.67793138  -5.57571673
   2.66642505  -5.56037136
   2.66448976  -5.55763247
   2.65589298  -5.54568952
   2.64945543  -5.53724924
   2.64474701  -5.53078416
   2.63442323  -5.51685174
   2.63361086  -5.51588145
   2.62354219  -5.50079655
   2.61982166  -5.49613876
   2.61150746  -5.48584629
   2.60462421  -5.47590682
   2.60099116  -5.47117055
   2.58977487  -5.45723763
   2.58895736  -5.45626655
   2.57890932  -5.44120170
   2.57528967  -5.43647078
   2.56777127  -5.42623698
   2.56006565  -5.41621938
   2.55638570  -5.41156081
   2.54612797  -5.39666147
   2.54504875  -5.39491083
   2.53504619  -5.38176940
   2.53032753  -5.37522758
   2.52319557  -5.36664013
   2.51551813  -5.35652056
   2.51234920  -5.35217543
   2.50148720  -5.33706310
   2.50063180  -5.33607598
   2.49039997  -5.32217084
   2.48568932  -5.31563211
   2.47917776  -5.30726613
   2.47082477  -5.29606960
   2.46802434  -5.29236844
   2.45748023  -5.27768913
   2.45581796  -5.27569111
   2.44664189  -5.26257590
   2.44108298  -5.25509526
   2.43483187  -5.24745746
   2.42601633  -5.23475953
   2.42431386  -5.23278485
   2.41316227  -5.21788934
   2.41128268  -5.21511037
   2.40291985  -5.20299726
   2.39648616  -5.19456335
   2.39175742  -5.18810416
   2.38145519  -5.17420235
   2.38060967  -5.17320907
   2.36945003  -5.15831644
   2.36666100  -5.15459323
   2.35832404  -5.14342133
   2.35174882  -5.13414008
   2.34713336  -5.12853262
   2.33683060  -5.11463235
   2.33598564  -5.11363927
   2.32548873  -5.09899469
   2.32191081  -5.09418872
   2.31461516  -5.08385630
   2.30715687  -5.07362396
   2.30345002  -5.06896760
   2.29251205  -5.05482951
   2.29168821  -5.05385883
   2.28134039  -5.03897034
   2.27774442  -5.03429939
   2.27024734  -5.02407581
   2.26254176  -5.01406665
   2.25883350  -5.00941067
   2.24831675  -4.99475296
   2.24746790  -4.99374024
   2.23748697  -4.97963087
   2.23304798  -4.97386209
   2.22630389  -4.96474817
   2.21796462  -4.95356086
   2.21453880  -4.94964248
   2.20467106  -4.93522244
   2.20295352  -4.93319491
   2.19317245  -4.91987315
   2.18823868  -4.91261540
   2.18261969  -4.90520633
   2.17340123  -4.89305638
   2.17082980  -4.89009723
   2.16032191  -4.87543394
   2.15844342  -4.87265689
   2.14946295  -4.86033014
   2.14376816  -4.85296306
   2.13802096  -4.84566511
   2.12864089  -4.83271772
   2.12686695  -4.83078413
   2.11664298  -4.81590403
   2.11407880  -4.81294593
   2.10549303  -4.80102169
   2.09906344  -4.79259468
   2.09434230  -4.78614124
   2.08425630  -4.77302208
   2.08319444  -4.77125739
   2.07204469  -4.75637723
   2.06903413  -4.75189460
   2.06089574  -4.74149661
   2.05446673  -4.73307057
   2.04974929  -4.72660986
   2.03975341  -4.71248861
   2.03888118  -4.71151318
   2.02745071  -4.69685358
   2.02474235  -4.69307966
   2.01658560  -4.68175495
   2.00990939  -4.67259805
   2.00545794  -4.66687785
   1.99516317  -4.65297371
   1.99429101  -4.65199840
   1.98425884  -4.63782191
   1.97981960  -4.63191431
   1.97291749  -4.62224430
   1.96521149  -4.61224286
   1.96149190  -4.60758520
   1.95127613  -4.59271506
   1.95042166  -4.59172944
   1.94013165  -4.57784143
   1.93548839  -4.57226326
   1.92805826  -4.56296567
   1.92049581  -4.55379979
   1.91506290  -4.54809460
   1.90578274  -4.53879961
   1.90021154  -4.53322047
   1.89108703  -4.52561506
   1.88275823  -4.51812533
   1.87624238  -4.51258574
   1.86609098  -4.50323066
   1.86128895  -4.49874911
   1.84842946  -4.48835835
   1.84651135  -4.48656943
   1.83243593  -4.47370726
   1.83148612  -4.47282334
   1.81665340  -4.45976008
   1.81572498  -4.45883038
   1.80179959  -4.44674301
   1.79901439  -4.44395399
   1.78694607  -4.43372631
   1.78158765  -4.42885175
   1.77224925  -4.42055082
   1.76560391  -4.41420499
   1.75740824  -4.40752271
   1.74818886  -4.39909521
   1.74250942  -4.39362894
   1.73147973  -4.38422075
   1.72761440  -4.38066787
   1.71453894  -4.36957860
   1.71263461  -4.36779871
   1.69806287  -4.35540212
   1.69711461  -4.35447922
   1.68286692  -4.34184624
   1.68094497  -4.34006365
   1.66804024  -4.32879447
   1.66422501  -4.32519178
   1.65297388  -4.31508303
   1.64751004  -4.31031990
   1.63813398  -4.30205099
   1.63079783  -4.29544832
   1.62370256  -4.28951661
   1.61338611  -4.28034582
   1.60862909  -4.27583029
   1.59665941  -4.26547334
   1.59380420  -4.26279289
   1.57995341  -4.25060311
   1.57901537  -4.24971681
   1.56417585  -4.23666261
   1.56324773  -4.23573334
   1.54923299  -4.22378432
   1.54636257  -4.22109502
   1.53447777  -4.21064128
   1.52913154  -4.20576649
   1.51973567  -4.19754058
   1.51223571  -4.19112676
   1.50495456  -4.18444893
   1.49571168  -4.17603772
   1.48988273  -4.17075015
   1.47902847  -4.16115890
   1.47540568  -4.15825337
   1.46209278  -4.14652365
   1.46019954  -4.14474217
   1.44608518  -4.13188937
   1.44521743  -4.13102056
   1.43031027  -4.11888078
   1.42845434  -4.11702266
   1.41561595  -4.10575674
   1.41180188  -4.10215569
   1.40078370  -4.09272662
   1.39437253  -4.08705972
   1.38612412  -4.07952235
   1.37768545  -4.07219381
   1.37106303  -4.06583259
   1.36097938  -4.05732968
   1.35622315  -4.05281635
   1.34494357  -4.04269827
   1.34140312  -4.03978465
   1.32820197  -4.02804249
   1.32617547  -4.02624911
   1.31177348  -4.01366812
   1.31084564  -4.01273924
   1.29684379  -4.00079376
   1.29324774  -3.99787542
   1.28201576  -3.98776058
   1.27654149  -3.98301350
   1.26736633  -3.97547674
   1.25892871  -3.96814969
   1.25227374  -3.96278448
   1.24033426  -3.95328908
   1.23764504  -3.95141583
   1.22261413  -3.94043537
   1.22069321  -3.93865422
   1.20797553  -3.92905858
   1.20141980  -3.92356147
   1.19309179  -3.91798337
   1.18096071  -3.90870309
   1.17807788  -3.90614852
   1.16322951  -3.89495059
   1.16226383  -3.89406751
   1.14860632  -3.88447426
   1.14205094  -3.87897764
   1.13369119  -3.87254360
   1.12239783  -3.86442068
   1.11873082  -3.86149965
   1.10407052  -3.85012855
   1.10309766  -3.84925648
   1.08918861  -3.83906171
   1.08348284  -3.83461134
   1.07438832  -3.82783943
   1.06339349  -3.81931165
   1.05948750  -3.81589102
   1.04470685  -3.80555132
   1.04373405  -3.80467933
   1.02986638  -3.79440764
   1.02425599  -3.78982128
   1.01479977  -3.78261875
   1.00477824  -3.77496366
   1.00012781  -3.77131610
   0.98534605  -3.76097807
   0.98437330  -3.76010615
   0.97032761  -3.74908397
   0.96579249  -3.74525483
   0.95565890  -3.73777921
   0.94635210  -3.73039220
   0.94057814  -3.72604306
   0.92672220  -3.71575525
   0.92573910  -3.71490104
   0.91096897  -3.70451599
   0.90643406  -3.70068716
   0.89648646  -3.69298145
   0.88702435  -3.68581719
   0.88144567  -3.68117970
   0.86835347  -3.67116924
   0.86632372  -3.66947123
   0.85176906  -3.65889781
   0.84805953  -3.65611264
   0.83694042  -3.64773700
   0.82857680  -3.64126093
   0.82187048  -3.63598560
   0.80901514  -3.62641897
   0.80714508  -3.62471939
   0.79241774  -3.61433684
   0.78870837  -3.61155190
   0.77762189  -3.60311424
   0.76938980  -3.59647954
   0.76293271  -3.59181233
   0.75043923  -3.58226205
   0.74762179  -3.58035143
   0.73284634  -3.56914836
   0.73012006  -3.56721762
   0.71824089  -3.55862079
   0.71063291  -3.55237006
   0.70334827  -3.54764656
   0.68852528  -3.53831306
   0.68674206  -3.53727772
   0.67390286  -3.52963750
   0.66202747  -3.52199128
   0.65918890  -3.52015221
   0.64402835  -3.51135558
   0.63773362  -3.50736262
   0.62935159  -3.50189108
   0.61452980  -3.49349928
   0.61352077  -3.49270760
   0.59950838  -3.48447666
   0.58859564  -3.47765851
   0.58501165  -3.47559743
   0.56984847  -3.46680355
   0.56432875  -3.46302895
   0.55498934  -3.45761094
   0.54035267  -3.44894815
   0.53934368  -3.44815654
   0.52533074  -3.43992693
   0.51441841  -3.43310939
   0.51083724  -3.43104689
   0.49567140  -3.42225569
   0.49015189  -3.41848142
   0.48080194  -3.41314287
   0.46599050  -3.40466122
   0.46499205  -3.40384031
   0.45115582  -3.39538132
   0.44102842  -3.38877852
   0.43648016  -3.38594370
   0.42149698  -3.37771190
   0.41597767  -3.37393795
   0.40682851  -3.36824659
   0.39200646  -3.35985827
   0.39099756  -3.35906679
   0.37698344  -3.35083973
   0.36685639  -3.34423749
   0.36231097  -3.34140141
   0.34732505  -3.33317208
   0.34258067  -3.32961637
   0.33265926  -3.32370656
   0.31843717  -3.31493724
   0.31742831  -3.31414583
   0.30299186  -3.30700486
   0.29080350  -3.29982434
   0.28802959  -3.29824707
   0.27343915  -3.29406569
   0.25864900  -3.29273973
   0.24381338  -3.29181062
   0.22897325  -3.29140687
   0.21417024  -3.29134623
   0.19933466  -3.29041735
   0.18449909  -3.28948854
   0.16963016  -3.28908318
   0.15479418  -3.28908238
   0.13995864  -3.28861770
   0.12515556  -3.28855762
   0.11032003  -3.28762918
   0.09545121  -3.28722412
   0.08067697  -3.28716612
   0.06577974  -3.28629544
   0.05107151  -3.28566028
   0.03610828  -3.28490312
   0.02127231  -3.28490297
   0.00649847  -3.28438149
  -0.00839916  -3.28397504
  -0.02331800  -3.28404162
  -0.03868095  -3.28644826
  -0.05363704  -3.29206094
  -0.06530433  -3.29739289
  -0.06878719  -3.29958911
  -0.08313587  -3.30840630
  -0.09157614  -3.31286149
  -0.09852592  -3.31686219
  -0.11302646  -3.32488001
  -0.11693877  -3.32731136
  -0.12786456  -3.33414501
  -0.14193140  -3.34220527
  -0.14299707  -3.34288536
  -0.15783708  -3.35126276
  -0.16798021  -3.35693779
  -0.17300819  -3.36011014
  -0.18721181  -3.36835249
  -0.19384746  -3.37178016
  -0.20255219  -3.37704662
  -0.21691093  -3.38523891
  -0.21974435  -3.38700874
  -0.23202416  -3.39469498
  -0.24444875  -3.40128940
  -0.24718029  -3.40321763
  -0.26142977  -3.41212100
  -0.26976537  -3.41678492
  -0.27630123  -3.42044358
  -0.29110394  -3.42877539
  -0.29583112  -3.43139352
  -0.30623853  -3.43760995
  -0.32080041  -3.44561498
  -0.32181447  -3.44639974
  -0.33563628  -3.45482804
  -0.34698322  -3.46136465
  -0.35055253  -3.46403188
  -0.36530258  -3.47234189
  -0.37193818  -3.47577178
  -0.38063691  -3.48104475
  -0.39500727  -3.48922243
  -0.39784082  -3.49099293
  -0.41011698  -3.49816400
  -0.42286344  -3.50586346
  -0.42469006  -3.50684202
  -0.43951285  -3.51598649
  -0.44878912  -3.52062960
  -0.45485022  -3.52395449
  -0.46922188  -3.53292639
  -0.47384430  -3.53573817
  -0.48429974  -3.54292427
  -0.49465081  -3.55014116
  -0.49944855  -3.55377776
  -0.51395078  -3.56449106
  -0.51492880  -3.56535526
  -0.52859552  -3.57573706
  -0.53440572  -3.58001589
  -0.54397687  -3.58721477
  -0.55409344  -3.59476265
  -0.55881998  -3.59836091
  -0.57332751  -3.60906848
  -0.57430543  -3.60993294
  -0.58851797  -3.62060101
  -0.59394448  -3.62450687
  -0.60335034  -3.63180079
  -0.61346758  -3.63934906
  -0.61819415  -3.64294790
  -0.63270693  -3.65364984
  -0.63368490  -3.65451438
  -0.64789389  -3.66518987
  -0.65332096  -3.66909566
  -0.66272662  -3.67639070
  -0.67284454  -3.68393937
  -0.67757114  -3.68753879
  -0.69208913  -3.69823522
  -0.69306715  -3.69909983
  -0.70694687  -3.70929690
  -0.71341244  -3.71398182
  -0.72178926  -3.72047659
  -0.73281060  -3.72872819
  -0.73669349  -3.73123027
  -0.75149265  -3.74267224
  -0.75326092  -3.74372590
  -0.76665440  -3.75437947
  -0.77208261  -3.75828511
  -0.78148790  -3.76558245
  -0.79231160  -3.77342927
  -0.79633391  -3.77673255
  -0.81086219  -3.78741823
  -0.81184032  -3.78828300
  -0.82572280  -3.79848147
  -0.83218901  -3.80316727
  -0.84056615  -3.80966344
  -0.85159346  -3.81791416
  -0.85547018  -3.82042768
  -0.87027415  -3.83186259
  -0.87129192  -3.83266387
  -0.88511530  -3.84308003
  -0.89158184  -3.84776628
  -0.89995916  -3.85426317
  -0.91098949  -3.86251342
  -0.91486321  -3.86503254
  -0.92945059  -3.87584659
  -0.93143804  -3.87751809
  -0.94451093  -3.88768286
  -0.95097781  -3.89236956
  -0.95935532  -3.89886718
  -0.97049246  -3.90723091
  -0.97424709  -3.91008286
  -0.98877886  -3.92163488
  -0.98973990  -3.92252592
  -1.00413600  -3.93492475
  -1.00612029  -3.93662741
  -1.01895665  -3.94801497
  -1.02353371  -3.95180763
  -1.03378705  -3.96107922
  -1.04026916  -3.96667309
  -1.04863423  -3.97410658
  -1.05774339  -3.98173898
  -1.06345971  -3.98713714
  -1.07372653  -3.99617944
  -1.07850918  -3.99999606
  -1.09125469  -4.01150632
  -1.09309606  -4.01334982
  -1.10764901  -4.02555656
  -1.10863317  -4.02641176
  -1.12288100  -4.03921519
  -1.12478396  -4.04102284
  -1.13772371  -4.05225940
  -1.14151441  -4.05589329
  -1.15256919  -4.06529470
  -1.15895155  -4.07099662
  -1.16750452  -4.07898953
  -1.17577105  -4.08560530
  -1.18254067  -4.09197485
  -1.19243855  -4.10074198
  -1.19710762  -4.10520722
  -1.20913419  -4.11540844
  -1.21213916  -4.11808961
  -1.22592067  -4.13026969
  -1.22688198  -4.13116111
  -1.24171821  -4.14423889
  -1.24267235  -4.14513974
  -1.25656039  -4.15729314
  -1.26012660  -4.16024418
  -1.27125686  -4.17034627
  -1.27689207  -4.17491324
  -1.28633245  -4.18312625
  -1.29393394  -4.18942155
  -1.30172940  -4.19665568
  -1.31053402  -4.20460759
  -1.31623978  -4.20992824
  -1.32729148  -4.21951669
  -1.33100115  -4.22314023
  -1.34380820  -4.23440882
  -1.34574168  -4.23617720
  -1.36048501  -4.24857542
  -1.36141364  -4.24950526
  -1.37523547  -4.26153142
  -1.37814578  -4.26416945
  -1.39007607  -4.27460125
  -1.39489585  -4.27904278
  -1.40510561  -4.28751856
  -1.41242623  -4.29414421
  -1.42004059  -4.30122969
  -1.42863135  -4.30838377
  -1.43545039  -4.31460118
  -1.44614624  -4.32367294
  -1.44983883  -4.32720364
  -1.46286179  -4.33855418
  -1.46471928  -4.34041421
  -1.47920689  -4.35277510
  -1.48016448  -4.35367230
  -1.49404829  -4.36583905
  -1.49690404  -4.36855239
  -1.50912765  -4.37956606
  -1.51363591  -4.38343407
  -1.52402210  -4.39249231
  -1.53050791  -4.39809133
  -1.53887662  -4.40553196
  -1.54726443  -4.41294097
  -1.55392103  -4.41935475
  -1.56369780  -4.42792360
  -1.56876182  -4.43228054
  -1.58155178  -4.44274940
  -1.58348586  -4.44451860
  -1.59752707  -4.45762245
  -1.59845599  -4.45855270
  -1.61294061  -4.47093950
  -1.61484982  -4.47274248
  -1.62794591  -4.48483524
  -1.63073278  -4.48762617
  -1.64280911  -4.50081151
  -1.64455366  -4.50276265
  -1.65518427  -4.51746432
  -1.65767625  -4.52034551
  -1.66643668  -4.53212112
  -1.67265997  -4.53988921
  -1.67807755  -4.54743926
  -1.68751045  -4.56033123
  -1.68920270  -4.56231239
  -1.69978567  -4.57699950
  -1.70225748  -4.57998493
  -1.71060197  -4.59209187
  -1.71715073  -4.60034822
  -1.72261255  -4.60695165
  -1.73162347  -4.61930870
  -1.73351356  -4.62207783
  -1.74491722  -4.63672369
  -1.74688958  -4.63942427
  -1.75565153  -4.65120254
  -1.76196038  -4.65989960
  -1.76699295  -4.66675173
  -1.77645124  -4.67963298
  -1.77750590  -4.68140643
  -1.78952944  -4.69627286
  -1.79147306  -4.69907634
  -1.79981903  -4.71118599
  -1.80625813  -4.71957865
  -1.81094604  -4.72606284
  -1.82106384  -4.73918672
  -1.82273516  -4.74117895
  -1.83350056  -4.75560191
  -1.83611827  -4.75853007
  -1.84488177  -4.77031107
  -1.85118314  -4.77900845
  -1.85562223  -4.78565298
  -1.86568036  -4.79874735
  -1.86735182  -4.80073982
  -1.87786340  -4.81540062
  -1.88071656  -4.81899693
  -1.88945502  -4.82984460
  -1.89580043  -4.83857326
  -1.90023993  -4.84521856
  -1.91022495  -4.85833536
  -1.91131610  -4.86007172
  -1.92256320  -4.87501255
  -1.92527531  -4.87869375
  -1.93364259  -4.88986395
  -1.94034074  -4.89904318
  -1.94480740  -4.90476156
  -1.95534257  -4.91844040
  -1.95621533  -4.91941677
  -1.96711316  -4.93454726
  -1.96990248  -4.93827106
  -1.97827053  -4.94944260
  -1.98474633  -4.95785469
  -1.98943596  -4.96434193
  -1.99948194  -4.97749242
  -2.00057332  -4.97922919
  -2.01111308  -4.99390782
  -2.01453377  -4.99785554
  -2.02227148  -5.00880495
  -2.02960120  -5.01820975
  -2.03406867  -5.02392952
  -2.04434292  -5.03783741
  -2.04520816  -5.03881872
  -2.05574826  -5.05349906
  -2.05939335  -5.05821081
  -2.06690772  -5.06839801
  -2.07401507  -5.07703556
  -2.07870560  -5.08352438
  -2.08898191  -5.09743412
  -2.08984722  -5.09841555
  -2.10038769  -5.11309762
  -2.10403312  -5.11780996
  -2.11154821  -5.12799841
  -2.11875864  -5.13746373
  -2.12332624  -5.14311663
  -2.13362518  -5.15703822
  -2.13449057  -5.15801978
  -2.14503141  -5.17270358
  -2.14867718  -5.17741651
  -2.15619301  -5.18760624
  -2.16352357  -5.19701438
  -2.16799230  -5.20273629
  -2.17803464  -5.21686588
  -2.17885370  -5.21786315
  -2.18929806  -5.23250872
  -2.19302826  -5.23725309
  -2.20054483  -5.24744411
  -2.20791052  -5.25683010
  -2.21233230  -5.26256231
  -2.22292481  -5.27626889
  -2.22379036  -5.27725070
  -2.23433197  -5.29193805
  -2.23791419  -5.29673738
  -2.24521890  -5.30707997
  -2.25256393  -5.31645409
  -2.25637398  -5.32198101
  -2.26730260  -5.33611740
  -2.26815764  -5.33710310
  -2.27871728  -5.35180674
  -2.28233840  -5.35650399
  -2.28985650  -5.36669762
  -2.29722185  -5.37608576
  -2.30103229  -5.38161338
  -2.31196290  -5.39575176
  -2.31281849  -5.39673765
  -2.32351803  -5.41116284
  -2.32723021  -5.41600308
  -2.33453644  -5.42634831
  -2.34161582  -5.43591739
  -2.34538890  -5.44145787
  -2.35662778  -5.45539390
  -2.35748273  -5.45638527
  -2.36795710  -5.47103894
  -2.37166669  -5.47578582
  -2.37918635  -5.48598212
  -2.38667195  -5.49619651
  -2.39034917  -5.50089159
  -2.40129729  -5.51504391
  -2.40215399  -5.51603019
  -2.41210196  -5.53052289
  -2.41646734  -5.53629883
  -2.42357060  -5.54583721
  -2.43117231  -5.55600060
  -2.43473621  -5.56076247
  -2.44556449  -5.57524236
  -2.44641784  -5.57622187
  -2.45738247  -5.59039773
  -2.46092330  -5.59517683
  -2.46761846  -5.60530839
  -2.47575880  -5.61572005
  -2.47877580  -5.62021369
  -2.49035277  -5.63458312
  -2.49122233  -5.63557837
  -2.50200013  -5.65001924
  -2.50582062  -5.65562783
  -2.51291879  -5.66519091
  -2.52044100  -5.67539155
  -2.52409297  -5.68010741
  -2.53463558  -5.69481119
  -2.53549273  -5.69578055
  -2.54582881  -5.70976149
  -2.55041058  -5.71533952
  -2.55724388  -5.72440881
  -2.56521457  -5.73501433
  -2.56877011  -5.73979377
  -2.57930654  -5.75447518
  -2.58017064  -5.75548204
  -2.59045711  -5.76937861
  -2.59487764  -5.77520579
  -2.60139910  -5.78453295
  -2.61004464  -5.79552380
  -2.61283806  -5.79925457
  -2.62401381  -5.81418064
  -2.62486386  -5.81517269
  -2.63515750  -5.82907137
  -2.63991695  -5.83557533
  -2.64636055  -5.84402641
  -2.65431882  -5.85458747
  -2.65724691  -5.85917029
  -2.66871192  -5.87387948
  -2.66956206  -5.87487168
  -2.67916633  -5.88853911
  -2.68461728  -5.89527725
  -2.69106160  -5.90372953
  -2.69923466  -5.91508074
  -2.70195043  -5.91887569
  -2.71341509  -5.93358675
  -2.71426531  -5.93457909
  -2.72387675  -5.94824867
  -2.72919231  -5.95509343
  -2.73548141  -5.96366030
  -2.74387531  -5.97484186
  -2.74665904  -5.97858957
  -2.75746410  -5.99305916
  -2.75919699  -5.99506480
  -2.76859229  -6.00796677
  -2.77390122  -6.01481198
  -2.77954808  -6.02315282
  -2.78858695  -6.03456348
  -2.79135395  -6.03831642
  -2.80252146  -6.05324999
  -2.80357248  -6.05503454
  -2.81284756  -6.06815742
  -2.81819081  -6.07484585
  -2.82395812  -6.08311269
  -2.83315367  -6.09625151
  -2.83411407  -6.09803760
  -2.84058329  -6.11293411
  -2.84425731  -6.12778535
  -2.84569996  -6.14278220
  -2.84717193  -6.15122416
  -2.84805457  -6.15775741
  -2.84944171  -6.17256139
  -2.85086148  -6.18750707
  -2.85184377  -6.20250506
  -2.85323071  -6.21730853
  -2.85468009  -6.23233937
  -2.85604980  -6.24708312
  -2.85653847  -6.26199975
  -2.85656220  -6.27669835
  -2.85268320  -6.29130972
  -2.84745954  -6.29822376
  -2.84107419  -6.30551250
  -2.83264052  -6.31484971
  -2.82716234  -6.32040218
  -2.81779892  -6.33055026
  -2.81316107  -6.33520304
  -2.80288490  -6.34629679
  -2.79906310  -6.35020536
  -2.78811945  -6.36114341
  -2.78433377  -6.36490900
  -2.77320191  -6.37619040
  -2.76956724  -6.37987344
  -2.75852277  -6.39019710
  -2.75388481  -6.39485031
  -2.74359523  -6.40593197
  -2.73988493  -6.40965473
  -2.72875405  -6.42082315
  -2.72504375  -6.42454601
  -2.71391286  -6.43571475
  -2.71006508  -6.43966233
  -2.69914389  -6.45057560
  -2.69536134  -6.45432986
  -2.68424317  -6.46561194
  -2.68060692  -6.46930904
  -2.66939110  -6.48132454
  -2.66660835  -6.48411701
  -2.65454981  -6.49621789
  -2.65176706  -6.49901045
  -2.63972565  -6.51122161
  -2.63696391  -6.51403372
  -2.62486716  -6.52600592
  -2.62208602  -6.52879701
  -2.61011199  -6.53887949
  -2.60372985  -6.54351964
  -2.59552209  -6.54903631
  -2.58075918  -6.55739404
  -2.57891162  -6.55834030
  -2.56600209  -6.56576085
  -2.55376677  -6.57318349
  -2.55096824  -6.57502076
  -2.53622901  -6.58329745
  -2.52860291  -6.58799882
  -2.52128813  -6.59180555
  -2.50639981  -6.60111208
  -2.50272475  -6.60303349
  -2.49166342  -6.60946989
  -2.47771576  -6.61765217
  -2.47676275  -6.61853238
  -2.46191555  -6.62621118
  -2.45162358  -6.63270330
  -2.44698746  -6.63550260
  -2.43222271  -6.64388278
  -2.42572663  -6.64758785
  -2.41735512  -6.65225399
  -2.40251458  -6.66062357
  -2.40060056  -6.66238139
  -2.38771184  -6.66913821
  -2.37464006  -6.67742421
  -2.37279947  -6.67838129
  -2.35809066  -6.68653060
  -2.34849758  -6.69223649
  -2.34300180  -6.69513853
  -2.32834452  -6.70341116
  -2.32248476  -6.70719966
  -2.31340497  -6.71271601
  -2.29863674  -6.72015508
  -2.29492281  -6.72201494
  -2.28400194  -6.72654103
  -2.26917869  -6.73119044
  -2.25426735  -6.73597988
  -2.25239331  -6.73686431
  -2.23947911  -6.74064709
  -2.22478320  -6.74451804
  -2.20968461  -6.74990594
  -2.20503271  -6.75174157
  -2.19483815  -6.75532571
  -2.18007579  -6.75924275
  -2.16526719  -6.76372071
  -2.15759783  -6.76646437
  -2.15017282  -6.76926358
  -2.13543351  -6.77390471
  -2.12057303  -6.77854787
  -2.11207448  -6.78142160
  -2.10565352  -6.78347185
  -2.09104752  -6.78845958
  -2.07631834  -6.79259559
  -2.06331295  -6.79742203
  -2.06115428  -6.79915072
  -2.04861236  -6.81102485
         
