# shadow point cont 2D ind 10  size 979
# norm  0.9969173 -0.0784591  0.0000000
# angle  0.0785398
   2.09706453  -6.81256993
   2.10369038  -6.80716103
   2.11842910  -6.79780345
   2.12056834  -6.79682544
   2.13353844  -6.79235258
   2.14843051  -6.78770637
   2.16319050  -6.78308273
   2.16505935  -6.78218429
   2.17823297  -6.77671906
   2.19311987  -6.77241630
   2.20784247  -6.76821148
   2.20880132  -6.76737996
   2.22281657  -6.76279400
   2.23772099  -6.75850060
   2.25196549  -6.75465691
   2.25707763  -6.75252819
   2.26733437  -6.74886840
   2.28226226  -6.74422942
   2.29696997  -6.74052764
   2.30625075  -6.73761734
   2.31180295  -6.73574102
   2.32663593  -6.73017540
   2.34139303  -6.72370539
   2.34415496  -6.72272811
   2.35623901  -6.71548419
   2.37020347  -6.70795247
   2.37106094  -6.70712805
   2.38595651  -6.69780683
   2.39520926  -6.69307114
   2.40081868  -6.68943392
   2.41559272  -6.68110077
   2.42032978  -6.67825550
   2.43061616  -6.67197393
   2.44537475  -6.66418202
   2.44633093  -6.66330791
   2.46029644  -6.65523470
   2.47138048  -6.64858219
   2.47504153  -6.64667589
   2.48993761  -6.63814234
   2.49732722  -6.63362237
   2.50491824  -6.62826622
   2.51964753  -6.62140541
   2.52335034  -6.61874131
   2.53458473  -6.61152753
   2.54745384  -6.60395749
   2.54936244  -6.60294748
   2.56422325  -6.59457751
   2.57352973  -6.58906595
   2.57907263  -6.58621235
   2.59379196  -6.57791672
   2.59939170  -6.57412423
   2.60874151  -6.56841619
   2.62329605  -6.56028076
   2.62542110  -6.55912101
   2.63835426  -6.55095172
   2.64750742  -6.54442747
   2.65305832  -6.53975563
   2.66413330  -6.52958057
   2.66791820  -6.52500071
   2.67907938  -6.51463048
   2.68277927  -6.51102394
   2.69299473  -6.50003193
   2.69753445  -6.49529619
   2.70866049  -6.48490253
   2.71237107  -6.48117953
   2.72257730  -6.47014139
   2.72715256  -6.46543396
   2.73741561  -6.45511763
   2.74205383  -6.45046416
   2.75233531  -6.44030385
   2.75708182  -6.43482805
   2.76717780  -6.42541354
   2.77181608  -6.42076040
   2.78113830  -6.41068000
   2.78659889  -6.40500634
   2.79587033  -6.39568023
   2.80137014  -6.39003908
   2.81069737  -6.38066532
   2.81626319  -6.37508195
   2.82553958  -6.36577645
   2.83110540  -6.36019324
   2.83951755  -6.35084746
   2.84607306  -6.34440359
   2.85510288  -6.33598090
   2.86068483  -6.32948196
   2.86792240  -6.32141457
   2.87447637  -6.30664434
   2.87528067  -6.30493193
   2.87742329  -6.29196147
   2.87658413  -6.27732044
   2.87536844  -6.26617084
   2.87471434  -6.26241651
   2.87285957  -6.24752571
   2.87186421  -6.23256636
   2.87002278  -6.21769052
   2.86813975  -6.20277266
   2.86714501  -6.18781591
   2.86584380  -6.17299053
   2.86471804  -6.15809727
   2.86283003  -6.14318168
   2.86009421  -6.13406120
   2.85824635  -6.12845900
   2.85197663  -6.11351271
   2.84585221  -6.10417074
   2.84143753  -6.09841954
   2.83119939  -6.08441631
   2.83034890  -6.08342357
   2.81972952  -6.06877066
   2.81607795  -6.06404811
   2.80855012  -6.05383811
   2.80118488  -6.04445145
   2.79734175  -6.03890932
   2.78648278  -6.02468708
   2.78563239  -6.02369450
   2.77501390  -6.00904369
   2.77136275  -6.00432183
   2.76383581  -5.99411330
   2.75665662  -5.98456756
   2.75272014  -5.97917166
   2.74157096  -5.96513333
   2.74070389  -5.96405777
   2.73030347  -5.94932532
   2.72665273  -5.94460414
   2.71912667  -5.93439707
   2.71172953  -5.92407344
   2.70801053  -5.91945765
   2.69706511  -5.90525441
   2.69621490  -5.90426211
   2.68559816  -5.88961548
   2.68194783  -5.88489496
   2.67442263  -5.87468934
   2.66724730  -5.86514638
   2.66265117  -5.85952250
   2.65236393  -5.84555081
   2.65151381  -5.84455865
   2.64089792  -5.82991407
   2.63747260  -5.82595890
   2.62909193  -5.81476593
   2.62235929  -5.80560880
   2.61790213  -5.79984897
   2.60766776  -5.78585559
   2.60681773  -5.78486357
   2.59557100  -5.76999696
   2.59277772  -5.76626642
   2.58439798  -5.75507501
   2.57785815  -5.74575881
   2.57325726  -5.74013670
   2.56297656  -5.72616867
   2.56212662  -5.72517679
   2.55088075  -5.71031224
   2.54808778  -5.70658222
   2.53970896  -5.69539235
   2.53320330  -5.68699440
   2.52852321  -5.68047953
   2.51831144  -5.66741127
   2.51651505  -5.66549929
   2.50589795  -5.65085834
   2.50315484  -5.64706351
   2.49438745  -5.63550986
   2.48851925  -5.62732110
   2.48321975  -5.62058639
   2.47340165  -5.60698641
   2.47252506  -5.60606298
   2.46149151  -5.59097857
   2.45894692  -5.58800263
   2.44971393  -5.57582758
   2.44387099  -5.56856724
   2.43824744  -5.56113485
   2.42892672  -5.54809158
   2.42734755  -5.54606946
   2.41657892  -5.53152178
   2.41401868  -5.52852435
   2.40503621  -5.51618527
   2.39939206  -5.50875504
   2.39360561  -5.50145732
   2.38447622  -5.48921140
   2.38268139  -5.48641606
   2.37190657  -5.47186950
   2.36934978  -5.46887243
   2.36007797  -5.45673787
   2.35448878  -5.44928578
   2.34801023  -5.44180426
   2.33977695  -5.42959778
   2.33779784  -5.42686910
   2.32720430  -5.41223275
   2.32468553  -5.40922839
   2.31541238  -5.39709540
   2.30982417  -5.38964427
   2.30360999  -5.38196581
   2.29473004  -5.37024981
   2.29277876  -5.36750329
   2.28189336  -5.35238355
   2.28002587  -5.34959214
   2.27075136  -5.33746072
   2.26538837  -5.33077442
   2.25895057  -5.32233309
   2.25029958  -5.31135950
   2.24748907  -5.30764868
   2.23723755  -5.29275465
   2.23544217  -5.29083123
   2.22546030  -5.27762338
   2.22053284  -5.27129485
   2.21400469  -5.26292543
   2.20582924  -5.25161198
   2.20287998  -5.24797791
   2.19230386  -5.23334467
   2.19055246  -5.23144299
   2.18050632  -5.21821989
   2.17607151  -5.21247720
   2.16935364  -5.20330803
   2.16120051  -5.19289942
   2.15755462  -5.18818631
   2.14702427  -5.17350729
   2.14621513  -5.17252323
   2.13586971  -5.15859845
   2.13120474  -5.15209223
   2.12470698  -5.14369816
   2.11655522  -5.13329083
   2.11290967  -5.12857831
   2.10268354  -5.11369594
   2.10171725  -5.11269198
   2.09152105  -5.09878792
   2.08658618  -5.09246255
   2.08006465  -5.08409573
   2.07191424  -5.07368967
   2.06826904  -5.06897773
   2.05774077  -5.05430235
   2.05684067  -5.05332611
   2.04657889  -5.03940683
   2.04194419  -5.03380131
   2.03450114  -5.02449560
   2.02703997  -5.01334742
   2.02363266  -5.00938450
   2.01310542  -4.99471091
   2.01220078  -4.99373567
   2.00194494  -4.97981719
   1.99730861  -4.97421255
   1.98986690  -4.96490790
   1.98241913  -4.95468032
   1.97870899  -4.95001211
   1.96846614  -4.93513797
   1.96756508  -4.93415247
   1.95703912  -4.92044902
   1.95265854  -4.91466081
   1.94523682  -4.90532741
   1.93779125  -4.89510096
   1.93407994  -4.89043341
   1.92384045  -4.87556093
   1.92293353  -4.87457644
   1.91204351  -4.86041290
   1.90827937  -4.85579666
   1.90061084  -4.84575405
   1.89338933  -4.83629838
   1.88945497  -4.83086181
   1.87882355  -4.81655485
   1.87784345  -4.81547284
   1.86714400  -4.80107865
   1.86363023  -4.79630611
   1.85535980  -4.78597909
   1.84899136  -4.77750266
   1.84360100  -4.77088253
   1.83420592  -4.75699185
   1.83322000  -4.75591084
   1.82252505  -4.74151756
   1.81880730  -4.73686442
   1.81074337  -4.72641967
   1.80437549  -4.71794422
   1.79959939  -4.71154218
   1.78959223  -4.69743578
   1.78860052  -4.69635576
   1.77698254  -4.68195159
   1.77419241  -4.67824921
   1.76611187  -4.66684888
   1.75954965  -4.65851989
   1.75467595  -4.65218250
   1.74445152  -4.63824347
   1.74352035  -4.63727124
   1.73259936  -4.62215337
   1.72957879  -4.61866380
   1.72060161  -4.60732820
   1.71493154  -4.59902108
   1.71006614  -4.59263862
   1.70006685  -4.57946856
   1.69890866  -4.57772974
   1.68776431  -4.56288302
   1.68497654  -4.55916195
   1.67599737  -4.54778921
   1.67054674  -4.54026020
   1.66483674  -4.53289624
   1.65546365  -4.51993268
   1.65368114  -4.51800859
   1.64245356  -4.50307962
   1.64036246  -4.50052121
   1.62851818  -4.48819509
   1.62573132  -4.48540415
   1.61248267  -4.47352394
   1.61063684  -4.47168081
   1.59621936  -4.45909798
   1.59531226  -4.45819112
   1.58113407  -4.44535328
   1.57924439  -4.44352500
   1.56604113  -4.43166125
   1.56231177  -4.42885664
   1.55141812  -4.41932062
   1.54560408  -4.41398217
   1.53632388  -4.40561773
   1.52909769  -4.39887460
   1.52169336  -4.39233431
   1.51236804  -4.38398915
   1.50682865  -4.37929986
   1.49570224  -4.36911929
   1.49222015  -4.36609654
   1.47884987  -4.35422154
   1.47688890  -4.35260164
   1.46296528  -4.33958732
   1.46202203  -4.33864463
   1.44739445  -4.32629015
   1.44553052  -4.32446742
   1.43277700  -4.31304213
   1.42893202  -4.30935323
   1.41765966  -4.30021663
   1.41137270  -4.29447307
   1.40282522  -4.28631160
   1.39536741  -4.27982342
   1.38796433  -4.27328484
   1.37884845  -4.26471357
   1.37333475  -4.25999803
   1.36198107  -4.25007415
   1.35849954  -4.24705218
   1.34526748  -4.23519567
   1.34341027  -4.23333605
   1.32878716  -4.22101502
   1.32780712  -4.22004543
   1.31367734  -4.20725805
   1.31178777  -4.20543102
   1.29881965  -4.19423777
   1.29438442  -4.19032547
   1.28420662  -4.18098925
   1.27838019  -4.17567988
   1.26911649  -4.16728908
   1.26165924  -4.16080291
   1.25425734  -4.15426599
   1.24493306  -4.14592631
   1.23939545  -4.14123945
   1.22819431  -4.13105077
   1.22452629  -4.12820491
   1.21141348  -4.11618364
   1.20962865  -4.11514654
   1.19509297  -4.10200768
   1.19410922  -4.10104021
   1.17998170  -4.08825601
   1.17736364  -4.08619955
   1.16512605  -4.07523913
   1.16069326  -4.07132682
   1.15051706  -4.06199290
   1.14397353  -4.05645375
   1.13566269  -4.04896918
   1.12724938  -4.04158134
   1.12057135  -4.03527677
   1.11051648  -4.02671008
   1.10571071  -4.02225401
   1.09460304  -4.01207436
   1.09088975  -4.00835678
   1.07794088  -3.99697800
   1.07621239  -3.99587838
   1.06178194  -3.98266747
   1.06085374  -3.98173803
   1.04628863  -3.96926399
   1.04441697  -3.96745721
   1.03145275  -3.95626948
   1.02702234  -3.95235717
   1.01685538  -3.94301709
   1.01030463  -3.93748788
   1.00200258  -3.92999675
   0.99349416  -3.92262727
   0.98687187  -3.91721215
   0.97474077  -3.90798522
   0.97181991  -3.90542231
   0.95776038  -3.89429009
   0.95556856  -3.89250764
   0.94231368  -3.88374939
   0.93518536  -3.87774864
   0.92746885  -3.87167326
   0.91585338  -3.86282037
   0.91325516  -3.86073918
   0.89837902  -3.84969085
   0.89625355  -3.84788737
   0.88313416  -3.83878000
   0.87662643  -3.83319220
   0.86827474  -3.82761677
   0.85690657  -3.81877572
   0.85323991  -3.81593173
   0.83869485  -3.80459482
   0.83761247  -3.80361717
   0.82413142  -3.79374242
   0.81723505  -3.78859317
   0.80871936  -3.78250162
   0.79782233  -3.77368850
   0.79406192  -3.77096927
   0.77931113  -3.75999474
   0.77822274  -3.75902206
   0.76474465  -3.74914516
   0.75797767  -3.74393245
   0.74953970  -3.73754490
   0.73843592  -3.72909409
   0.73467564  -3.72637522
   0.71993041  -3.71539881
   0.71883599  -3.71443111
   0.70500184  -3.70410088
   0.69859394  -3.69934018
   0.69015626  -3.69295338
   0.67977617  -3.68478898
   0.67507285  -3.68122213
   0.66092190  -3.67043814
   0.65974151  -3.66934887
   0.64558640  -3.65947654
   0.63991159  -3.65505715
   0.63077572  -3.64836588
   0.62045451  -3.64000163
   0.61569151  -3.63663797
   0.60154767  -3.62584958
   0.60042569  -3.62478921
   0.58624178  -3.61399932
   0.58095829  -3.60984094
   0.57173311  -3.60326622
   0.56127970  -3.59530733
   0.55655362  -3.59170854
   0.54241202  -3.58078188
   0.54145265  -3.57997699
   0.52722640  -3.56986790
   0.52142632  -3.56534800
   0.51195676  -3.55914596
   0.50176899  -3.55102149
   0.49723040  -3.54719034
   0.48280764  -3.53761276
   0.47951843  -3.53557532
   0.46717841  -3.52887997
   0.45513935  -3.52137792
   0.45232935  -3.51959226
   0.43806827  -3.51123480
   0.42937268  -3.50606907
   0.42283804  -3.50246311
   0.40796375  -3.49367157
   0.40425272  -3.49144046
   0.39317094  -3.48482867
   0.37945967  -3.47643457
   0.37825585  -3.47551423
   0.36352040  -3.46813244
   0.35327638  -3.46169726
   0.34862834  -3.45882190
   0.33386576  -3.45050811
   0.32816493  -3.44673164
   0.31876227  -3.44159785
   0.30472176  -3.43267201
   0.30326758  -3.43158162
   0.28934503  -3.42451193
   0.27805207  -3.41719793
   0.27442173  -3.41518496
   0.25967968  -3.40688224
   0.25228473  -3.40201250
   0.24477155  -3.39755941
   0.23052448  -3.38903156
   0.22720691  -3.38702016
   0.21511969  -3.38086333
   0.20204198  -3.37259892
   0.20021807  -3.37155220
   0.18546209  -3.36323777
   0.17699900  -3.35774592
   0.17047920  -3.35389736
   0.15552818  -3.34598050
   0.15090853  -3.34311271
   0.14086526  -3.33720872
   0.12607071  -3.32887362
   0.12502697  -3.32813106
   0.11157056  -3.31997684
   0.09998873  -3.31305607
   0.09633786  -3.31121572
   0.08182133  -3.30321694
   0.07113255  -3.29819529
   0.06618195  -3.29642997
   0.05125073  -3.29414034
   0.03638233  -3.29325448
   0.02154881  -3.29274629
   0.00674158  -3.29228406
  -0.00806566  -3.29182191
  -0.02296257  -3.29093464
  -0.03779890  -3.29047085
  -0.05263489  -3.29047107
  -0.06747087  -3.29047137
  -0.08227566  -3.29042934
  -0.09711209  -3.28950188
  -0.11197923  -3.28908088
  -0.12675537  -3.28904083
  -0.14165154  -3.28815426
  -0.15642784  -3.28811433
  -0.17132384  -3.28722794
  -0.18610031  -3.28718813
  -0.20099613  -3.28630191
  -0.21583211  -3.28630295
  -0.23063028  -3.28578837
  -0.24561878  -3.28542559
  -0.26039714  -3.28705818
  -0.27500711  -3.29216329
  -0.28871526  -3.29963826
  -0.28982693  -3.30052186
  -0.30466844  -3.30886798
  -0.31403689  -3.31424405
  -0.31969223  -3.31779883
  -0.33449415  -3.32620258
  -0.33982797  -3.32931223
  -0.34919001  -3.33576340
  -0.36381526  -3.34324508
  -0.36490537  -3.34414082
  -0.37902157  -3.35307023
  -0.38911155  -3.35878768
  -0.39366322  -3.36176282
  -0.40849339  -3.37011662
  -0.41415637  -3.37363260
  -0.42333154  -3.37939417
  -0.43819394  -3.38772977
  -0.43998451  -3.38869029
  -0.45299097  -3.39703080
  -0.46404510  -3.40355151
  -0.46786243  -3.40629026
  -0.48282304  -3.41437694
  -0.48832961  -3.41817595
  -0.49753154  -3.42392359
  -0.51239983  -3.43209384
  -0.51418941  -3.43322214
  -0.52715094  -3.44065541
  -0.53918259  -3.44808797
  -0.54200889  -3.44992601
  -0.55677989  -3.45830265
  -0.56329000  -3.46293749
  -0.57170607  -3.46847372
  -0.58647064  -3.47593153
  -0.58927379  -3.47778029
  -0.60134632  -3.48519766
  -0.61352346  -3.49242160
  -0.61636786  -3.49415535
  -0.63102437  -3.50283040
  -0.63930415  -3.50749440
  -0.64585719  -3.51211399
  -0.66065019  -3.52048441
  -0.66342168  -3.52234357
  -0.67549859  -3.53069085
  -0.68563524  -3.53720194
  -0.69031434  -3.54090719
  -0.70504286  -3.55112387
  -0.70606038  -3.55204965
  -0.71997701  -3.56225875
  -0.72644444  -3.56690372
  -0.73480038  -3.57339995
  -0.74592812  -3.58175420
  -0.74963738  -3.58453898
  -0.76457213  -3.59564605
  -0.76631640  -3.59660815
  -0.77932492  -3.60681564
  -0.78579333  -3.61146044
  -0.79414930  -3.61795743
  -0.80527750  -3.62631236
  -0.80898691  -3.62909737
  -0.82391958  -3.64020838
  -0.82566703  -3.64116725
  -0.83867528  -3.65137622
  -0.84514468  -3.65602084
  -0.85352116  -3.66251560
  -0.86548024  -3.67087153
  -0.86836097  -3.67365630
  -0.88320673  -3.68386799
  -0.88520432  -3.68551074
  -0.89798136  -3.69501471
  -0.90525110  -3.70080990
  -0.91285465  -3.70708352
  -0.92474417  -3.71566267
  -0.92749819  -3.71760948
  -0.94256103  -3.72843563
  -0.94530865  -3.73029677
  -0.95759461  -3.74021302
  -0.96403113  -3.74492999
  -0.97220505  -3.75072440
  -0.98429613  -3.76000661
  -0.98707142  -3.76186496
  -1.00205242  -3.77277137
  -1.00466695  -3.77486741
  -1.01654343  -3.78354340
  -1.02432044  -3.78950848
  -1.03158190  -3.79529610
  -1.04464065  -3.80456579
  -1.04663361  -3.80614377
  -1.06118398  -3.81664776
  -1.06402805  -3.81944198
  -1.07609193  -3.82872876
  -1.08351231  -3.83430099
  -1.09094366  -3.83987303
  -1.10315871  -3.84894100
  -1.10579290  -3.85101742
  -1.12061484  -3.86123478
  -1.12432517  -3.86402107
  -1.13567321  -3.87301916
  -1.14304403  -3.87865605
  -1.15032290  -3.88445335
  -1.16345202  -3.89352794
  -1.16513950  -3.89467135
  -1.18015206  -3.90650190
  -1.18275902  -3.90860321
  -1.19479537  -3.91788845
  -1.20055808  -3.92323177
  -1.20963068  -3.93088982
  -1.21798756  -3.93832193
  -1.22448727  -3.94389609
  -1.23488225  -3.95295629
  -1.23930977  -3.95689461
  -1.25143538  -3.96805032
  -1.25417915  -3.96990494
  -1.26898197  -3.98196849
  -1.26992306  -3.98290242
  -1.28390490  -3.99591849
  -1.28590324  -3.99756228
  -1.29871378  -4.00891991
  -1.30260604  -4.01240933
  -1.31354499  -4.02192202
  -1.32003269  -4.02749373
  -1.32861358  -4.03559500
  -1.33673999  -4.04235957
  -1.34345512  -4.04860457
  -1.35271251  -4.05698863
  -1.35808237  -4.06186929
  -1.36941014  -4.07185994
  -1.37292351  -4.07487448
  -1.38681705  -4.08694115
  -1.38778048  -4.08788538
  -1.40259110  -4.09994868
  -1.40447262  -4.10181904
  -1.41766997  -4.11365289
  -1.42045384  -4.11644004
  -1.43251684  -4.12666065
  -1.43786901  -4.13154752
  -1.44715284  -4.13991207
  -1.45457628  -4.14641635
  -1.46199535  -4.15291849
  -1.47128697  -4.16128710
  -1.47685217  -4.16593229
  -1.48818144  -4.17592504
  -1.49191715  -4.17961374
  -1.50477032  -4.19104054
  -1.50677234  -4.19261490
  -1.52137123  -4.20494622
  -1.52231942  -4.20588885
  -1.53645216  -4.21865332
  -1.53902713  -4.22075979
  -1.55109348  -4.23098407
  -1.55592405  -4.23540249
  -1.56615017  -4.24467475
  -1.57242982  -4.25049474
  -1.58078246  -4.25792981
  -1.58913996  -4.26536836
  -1.59564019  -4.27094749
  -1.60603945  -4.28001368
  -1.61048587  -4.28395721
  -1.62346327  -4.29509728
  -1.62534236  -4.29697464
  -1.63967615  -4.30948091
  -1.64063213  -4.31043157
  -1.65525045  -4.32274756
  -1.65710690  -4.32460643
  -1.66987781  -4.33600189
  -1.67453233  -4.33973273
  -1.68496467  -4.34875897
  -1.69143319  -4.35436941
  -1.69981350  -4.36177670
  -1.70814437  -4.36923913
  -1.71466349  -4.37479350
  -1.72485493  -4.38411062
  -1.72951511  -4.38873824
  -1.74135091  -4.39921517
  -1.74436636  -4.40175485
  -1.75805889  -4.41408873
  -1.75898141  -4.41500978
  -1.77406637  -4.42779396
  -1.77499474  -4.42872359
  -1.78869986  -4.44013215
  -1.79240064  -4.44383176
  -1.80378264  -4.45381090
  -1.80931971  -4.45849830
  -1.81862681  -4.46684416
  -1.82582174  -4.47358466
  -1.83348743  -4.48078017
  -1.84181974  -4.48824454
  -1.84832070  -4.49475721
  -1.85552310  -4.50330532
  -1.86295240  -4.51260174
  -1.86694240  -4.51795696
  -1.87781085  -4.53211179
  -1.87874783  -4.53308592
  -1.88895690  -4.54790650
  -1.89289289  -4.55333167
  -1.90010227  -4.56278935
  -1.90753298  -4.57301597
  -1.91124797  -4.57767841
  -1.92146689  -4.59253200
  -1.92239812  -4.59351616
  -1.93234415  -4.60766900
  -1.93725591  -4.61394823
  -1.94375784  -4.62230232
  -1.95190301  -4.63359379
  -1.95490535  -4.63721677
  -1.96451300  -4.65182137
  -1.96698534  -4.65482379
  -1.97598079  -4.66715868
  -1.98161860  -4.67454784
  -1.98741523  -4.68182675
  -1.99649891  -4.69495171
  -1.99763345  -4.69672846
  -2.00815410  -4.71134070
  -2.01179255  -4.71605415
  -2.01901103  -4.72642639
  -2.02666181  -4.73649818
  -2.03042324  -4.74111041
  -2.04089796  -4.75581580
  -2.04175828  -4.75671335
  -2.05153432  -4.77105838
  -2.05616247  -4.77667974
  -2.06295113  -4.78574776
  -2.07104157  -4.79710915
  -2.07382095  -4.80084602
  -2.08433918  -4.81550470
  -2.08633756  -4.81821570
  -2.09520098  -4.83059339
  -2.10099031  -4.83789209
  -2.10635147  -4.84547633
  -2.11585833  -4.85835613
  -2.11750221  -4.86035970
  -2.12833533  -4.87546414
  -2.13048359  -4.87809672
  -2.13887253  -4.89013198
  -2.14559442  -4.89928208
  -2.15002088  -4.90502099
  -2.16024075  -4.91897931
  -2.16114652  -4.91996000
  -2.17139977  -4.93478553
  -2.17510177  -4.93945968
  -2.18254588  -4.94967936
  -2.19019826  -4.96067662
  -2.19304284  -4.96435303
  -2.20392863  -4.97944398
  -2.20482203  -4.98043472
  -2.21507390  -4.99434034
  -2.21972430  -5.00084971
  -2.22558074  -5.00901128
  -2.23481251  -5.02116045
  -2.23674588  -5.02389615
  -2.24761353  -5.03899512
  -2.24947693  -5.04178252
  -2.25783812  -5.05388427
  -2.26432891  -5.06227676
  -2.26923226  -5.06857747
  -2.27943257  -5.08258065
  -2.28019581  -5.08362964
  -2.29065854  -5.09834224
  -2.29411313  -5.10318970
  -2.30152075  -5.11345129
  -2.30894302  -5.12277342
  -2.31293009  -5.12813595
  -2.32342453  -5.14285145
  -2.32425320  -5.14375558
  -2.33408341  -5.15810640
  -2.33868506  -5.16373261
  -2.34522064  -5.17301340
  -2.35379995  -5.18495635
  -2.35573386  -5.18769297
  -2.36689022  -5.20258671
  -2.36852432  -5.20462757
  -2.37775837  -5.21769643
  -2.38355188  -5.22591402
  -2.38890673  -5.23259823
  -2.39843427  -5.24639733
  -2.39932093  -5.24731214
  -2.41030922  -5.26237566
  -2.41308220  -5.26611197
  -2.42081896  -5.27706043
  -2.42797340  -5.28658396
  -2.43193414  -5.29196877
  -2.44284182  -5.30614305
  -2.44371560  -5.30713027
  -2.45401469  -5.32196190
  -2.45770328  -5.32664038
  -2.46453702  -5.33664598
  -2.47282368  -5.34787998
  -2.47565601  -5.35155377
  -2.48656459  -5.36665635
  -2.48741929  -5.36765351
  -2.49680285  -5.38155084
  -2.50255779  -5.38884312
  -2.50821805  -5.39624795
  -2.51725499  -5.40856246
  -2.51912418  -5.41135126
  -2.52962610  -5.42604463
  -2.53256964  -5.42967201
  -2.54080879  -5.44094215
  -2.54744691  -5.45014780
  -2.55194826  -5.45584797
  -2.56191175  -5.47002519
  -2.56274841  -5.47102782
  -2.57334278  -5.48565215
  -2.57698884  -5.49036536
  -2.58423763  -5.50076209
  -2.59186004  -5.51085380
  -2.59479298  -5.51545072
  -2.60562674  -5.53057308
  -2.60646488  -5.53157278
  -2.61703343  -5.54527455
  -2.62166444  -5.55185220
  -2.62733154  -5.56016663
  -2.63652697  -5.57233881
  -2.63909401  -5.57530161
  -2.64935311  -5.59019458
  -2.65134844  -5.59282603
  -2.65988536  -5.60488598
  -2.66629941  -5.61333123
  -2.67165780  -5.62002122
  -2.68119725  -5.63383199
  -2.68204874  -5.63475298
  -2.69247056  -5.64960635
  -2.69607413  -5.65432748
  -2.70333033  -5.66472820
  -2.71119324  -5.67467344
  -2.71478315  -5.67942707
  -2.72522830  -5.69417553
  -2.72604735  -5.69512499
  -2.73620666  -5.70924413
  -2.74072330  -5.71489480
  -2.74734453  -5.72415869
  -2.75584056  -5.73614726
  -2.75781535  -5.73885238
  -2.76939359  -5.75419549
  -2.77022534  -5.75519553
  -2.77964253  -5.76910316
  -2.78537498  -5.77640282
  -2.79081100  -5.78401633
  -2.80029594  -5.79691246
  -2.80197979  -5.79893003
  -2.81184522  -5.81341194
  -2.81543505  -5.81820655
  -2.82276095  -5.82854367
  -2.83007776  -5.83792571
  -2.83391333  -5.84346074
  -2.84476525  -5.85766849
  -2.84561515  -5.85866009
  -2.85534537  -5.87328939
  -2.85985663  -5.87894227
  -2.86648428  -5.88820964
  -2.87477945  -5.89945784
  -2.87760024  -5.90313684
  -2.88854287  -5.91825829
  -2.88937488  -5.91925873
  -2.89906331  -5.93296273
  -2.90457652  -5.94048298
  -2.91020047  -5.94788747
  -2.91968118  -5.96082623
  -2.92139373  -5.96280328
  -2.93193388  -5.97749926
  -2.93463051  -5.98141031
  -2.94197049  -5.99263374
  -2.94901497  -6.00126472
  -2.95390142  -6.00758168
  -2.96397377  -6.02176000
  -2.96479733  -6.02276440
  -2.97539957  -6.03740647
  -2.97927368  -6.04289038
  -2.98594134  -6.05210513
  -2.99397224  -6.06264924
  -2.99768232  -6.06726599
  -3.00822839  -6.08201107
  -3.00924344  -6.08359752
  -3.01835014  -6.09709139
  -3.02394230  -6.10442188
  -3.02945696  -6.11201849
  -3.03890015  -6.12592532
  -3.03973370  -6.12694092
  -3.04578311  -6.14221903
  -3.04859390  -6.15690575
  -3.05105010  -6.17199724
  -3.05204798  -6.18695135
  -3.05300285  -6.20186514
  -3.05350012  -6.20282672
  -3.05486188  -6.21675493
  -3.05672844  -6.23165453
  -3.05772717  -6.24661218
  -3.05919305  -6.26141381
  -3.06014096  -6.27649569
  -3.06147845  -6.29131708
  -3.06158700  -6.30632716
  -3.05981043  -6.32135394
  -3.05368216  -6.33363028
  -3.05171307  -6.33633381
  -3.03896526  -6.35059303
  -3.03803690  -6.35152393
  -3.02387792  -6.36525478
  -3.02294956  -6.36618571
  -3.00908304  -6.38036715
  -3.00808273  -6.38119041
  -2.99417037  -6.39504542
  -2.99324201  -6.39597641
  -2.97931654  -6.40994141
  -2.97838817  -6.41087243
  -2.96469495  -6.42413806
  -2.96283822  -6.42600015
  -2.94960876  -6.43973476
  -2.94868038  -6.44066584
  -2.93475480  -6.45463212
  -2.93382642  -6.45556322
  -2.92013311  -6.46883006
  -2.91827636  -6.47069232
  -2.90504542  -6.48349544
  -2.90318866  -6.48535775
  -2.89019133  -6.49839415
  -2.88833456  -6.50025652
  -2.87510484  -6.51399327
  -2.87417646  -6.51492449
  -2.86071535  -6.52749299
  -2.85793018  -6.53028672
  -2.84562875  -6.54309307
  -2.84377197  -6.54495561
  -2.83089898  -6.55728965
  -2.82797685  -6.55991293
  -2.81578803  -6.57095341
  -2.81108842  -6.57460240
  -2.80102933  -6.58144417
  -2.78781666  -6.58940939
  -2.78604329  -6.59054281
  -2.77130684  -6.59818809
  -2.76094488  -6.60444970
  -2.75623816  -6.60713416
  -2.74159768  -6.61493923
  -2.73493092  -6.61931844
  -2.72666736  -6.62420551
  -2.71169944  -6.63231041
  -2.70891281  -6.63417169
  -2.69678156  -6.64061939
  -2.68275741  -6.64884076
  -2.68175700  -6.64966457
  -2.66727746  -6.65679793
  -2.65515999  -6.66417333
  -2.65234644  -6.66606381
  -2.63736361  -6.67415514
  -2.62915657  -6.67904809
  -2.62261820  -6.68280869
  -2.60783872  -6.69029693
  -2.60221292  -6.69393622
  -2.59289002  -6.69955447
  -2.57797132  -6.70770815
  -2.57622543  -6.70878748
  -2.56316189  -6.71630115
  -2.55000712  -6.72337662
  -2.54821734  -6.72449659
  -2.53345582  -6.73213129
  -2.52219166  -6.73842723
  -2.51848598  -6.74041557
  -2.50348882  -6.74657181
  -2.48886670  -6.75195477
  -2.48505715  -6.75353487
  -2.47381523  -6.75704062
  -2.45883799  -6.76124290
  -2.44398983  -6.76506414
  -2.43478187  -6.76808551
  -2.42921144  -6.77003305
  -2.41423439  -6.77423579
  -2.39937522  -6.77801245
  -2.38717178  -6.78226061
  -2.38438706  -6.78339194
  -2.36964127  -6.78823098
  -2.35477394  -6.79287393
  -2.34018948  -6.79651305
  -2.33638214  -6.79809289
  -2.32517224  -6.80258563
  -2.31034173  -6.80727778
  -2.29727565  -6.81258593
  -2.29495014  -6.82652830
         
