# shadow point cont 3D ind 21  size 1013
# norm  0.9864293 -0.1641868  0.0000000
# angle  0.1649336
   0.38167043485545    2.29306361263713   -6.81280211459568
   0.38216119954259    2.29601211098460   -6.81004003700026
   0.38435855313156    2.30921374018823   -6.80131622024231
   0.38569028042441    2.31721471463715   -6.79722125324746
   0.38692511182997    2.32463354173314   -6.79446190968102
   0.38936543150874    2.33929490333611   -6.78915895455369
   0.39179449482963    2.35388863710550   -6.78530722655160
   0.39302234692921    2.36126553275716   -6.78257777699665
   0.39424591246093    2.36861667484793   -6.77987874124874
   0.39668617116140    2.38327767009526   -6.77523886352631
   0.39913101589485    2.39796621808023   -6.77059871502240
   0.40064814194602    2.40708106226521   -6.76781712048554
   0.40156672582799    2.41259988448076   -6.76595956420540
   0.40401778220704    2.42732575183139   -6.76132078973927
   0.40645221738105    2.44195175952032   -6.75761319443959
   0.40873837371436    2.45568691273619   -6.75303208739458
   0.40890432893644    2.45668396633622   -6.75236695572397
   0.41133906939339    2.47131180815518   -6.74833599150071
   0.41378521959352    2.48600819934172   -6.74401999413788
   0.41617963804072    2.50039378783187   -6.74002301692564
   0.41696363160068    2.50510399575135   -6.73812516130126
   0.41863897691390    2.51516941613900   -6.73442554432876
   0.42107237578178    2.52978919773424   -6.72886133307545
   0.42334191029601    2.54342448759940   -6.72324356382226
   0.42349955895721    2.54437163565058   -6.72237732242986
   0.42592541332646    2.55894609014247   -6.71497265542519
   0.42774251050264    2.56986315113224   -6.70845018045650
   0.42835910815646    2.57356764986861   -6.70647894638330
   0.43079311041512    2.58819105661614   -6.69812741890083
   0.43217124325652    2.59647083409798   -6.69343678075797
   0.43325622175893    2.60298934980463   -6.68890238680165
   0.43565929383749    2.61742692903177   -6.68082336440868
   0.43629370036138    2.62123842288274   -6.67867939233016
   0.43812988048519    2.63227013360396   -6.67217612674002
   0.44051036411883    2.64657200218554   -6.66485269983462
   0.44071149719723    2.64778040320707   -6.66375195612867
   0.44299943570705    2.66152626368172   -6.65546324129061
   0.44496224555781    2.67331876170169   -6.64888021545838
   0.44543315199196    2.67614795230829   -6.64697076228446
   0.44788157430496    2.69085799427534   -6.63857667135636
   0.44924117993776    2.69902646088784   -6.63399184295366
   0.45032079893453    2.70551277685820   -6.63020974256453
   0.45274828417083    2.72009702954643   -6.62202052424957
   0.45352574945928    2.72476801582210   -6.61917472223921
   0.45521319834556    2.73490615408473   -6.61287814813353
   0.45758491001020    2.74915532096063   -6.60535351304714
   0.45794346334969    2.75130949781295   -6.60418100159099
   0.46009392320841    2.76422939100387   -6.59614603169675
   0.46218523169281    2.77679390465341   -6.58946920897735
   0.46250785641579    2.77873222354126   -6.58840550254925
   0.46495630442902    2.79344241991442   -6.58001246521618
   0.46647095210173    2.80254237408190   -6.57456695635452
   0.46739645714391    2.80810277840386   -6.57085397231220
   0.46982289828195    2.82268075818360   -6.56252761613392
   0.47058841508145    2.82727995832460   -6.55969122849413
   0.47226187991391    2.83733408084468   -6.55323008874825
   0.47452568500498    2.85093494852105   -6.54478482586085
   0.47468040182986    2.85186448219455   -6.54387352013018
   0.47709688070134    2.86638260899940   -6.53097197809044
   0.47724919713890    2.86729772122369   -6.53004121198885
   0.47952473156588    2.88096905837033   -6.51695469054949
   0.47984115245099    2.88287010480112   -6.51503939843697
   0.48199939992929    2.89583678575828   -6.50136113167143
   0.48214323718574    2.89670095533704   -6.50047504898770
   0.48440801752095    2.91030768224856   -6.48629732122289
   0.48456033370849    2.91122279297071   -6.48536663441781
   0.48683579264444    2.92489367656967   -6.47228077867615
   0.48715216904274    2.92679445572515   -6.47036558436361
   0.48930365885542    2.93972053684614   -6.45747137475157
   0.48958925292371    2.94143637675978   -6.45571017898308
   0.49169270069866    2.95407382287387   -6.44345823998245
   0.49217188212778    2.95695272938228   -6.44053873397916
   0.49416611354963    2.96893400718376   -6.42853932135722
   0.49460254099183    2.97155604912325   -6.42586109960633
   0.49656673399684    2.98335685708913   -6.41367916583575
   0.49704586088599    2.98623543592319   -6.41075973906284
   0.49904015538294    2.99821709267780   -6.39876143453092
   0.49949399843836    3.00094376705757   -6.39600893015560
   0.50148501774709    3.01290574658751   -6.38398340517065
   0.50193216897850    3.01559221670530   -6.38124424822367
   0.50391299211232    3.02749293794653   -6.36822154023722
   0.50422188886256    3.02934877961869   -6.36633090618294
   0.50634208501084    3.04208684941735   -6.35416044399154
   0.50679903342825    3.04483218071136   -6.35136908031556
   0.50876964887629    3.05667157450699   -6.34014598037215
   0.50922492012115    3.05940682940265   -6.33653309558135
   0.51119645216479    3.07125173007495   -6.32346162032065
   0.51132230800954    3.07200786791452   -6.32189441846191
   0.51255247741282    3.07939868585174   -6.30709934195046
   0.51284134143480    3.08113417154126   -6.29251582766218
   0.51273864050608    3.08051714768736   -6.27773878905476
   0.51253489933840    3.07929307734987   -6.26295522758947
   0.51237331571875    3.07832228819574   -6.24797203298864
   0.51221563133839    3.07737492554497   -6.23305472439296
   0.51205796330325    3.07642766109576   -6.21813781172020
   0.51180755442653    3.07492321267360   -6.20319625567403
   0.51159397174186    3.07364001482079   -6.18836775817543
   0.51143241456899    3.07266938455801   -6.17338758878950
   0.51123303460683    3.07147151620206   -6.15859501885592
   0.51109622178008    3.07064954916947   -6.15764695509884
   0.51072212553905    3.06840199106807   -6.14352748196320
   0.51021118625487    3.06533228439494   -6.12881098673382
   0.50916914896951    3.05907175812969   -6.11398413262497
   0.50876449098068    3.05664058603721   -6.11020851244820
   0.50742495079990    3.04859267201058   -6.09885892674130
   0.50633105728672    3.04202059520796   -6.09061756894245
   0.50551712589539    3.03713052176709   -6.08434216143795
   0.50383751994429    3.02703950360509   -6.07117591962451
   0.50355609854113    3.02534873292840   -6.06919677223254
   0.50171989126665    3.01431685908687   -6.05426168437403
   0.50140352113050    3.01241611755421   -6.05164134535771
   0.49988155275998    3.00327218087137   -6.03932912826253
   0.49898375136884    2.99787821918768   -6.03274076959612
   0.49790128116503    2.99137477325778   -6.02438402916053
   0.49653380929840    2.98315904656714   -6.01407067360500
   0.49591651144745    2.97945034106913   -6.00944291133489
   0.49411814377607    2.96864580633765   -5.99523611058279
   0.49397847737211    2.96780669510559   -5.99424339906979
   0.49208943544845    2.95645739240276   -5.97957979056806
   0.49162945469549    2.95369384293496   -5.97579220961693
   0.49024834754924    2.94539619592592   -5.96465489046204
   0.48915625695767    2.93883495101793   -5.95640398813914
   0.48826093842237    2.93345590625174   -5.94972069316448
   0.48670682743210    2.92411885775035   -5.93772708638972
   0.48627516746530    2.92152545864862   -5.93478480693828
   0.48447734000316    2.91072416947677   -5.91965161855014
   0.48434065442751    2.90990296696466   -5.91865040900047
   0.48256745350241    2.89924963322980   -5.90514223316681
   0.48184565535800    2.89491309335284   -5.90020921723743
   0.48050587599572    2.88686374233154   -5.88977730378662
   0.47939997505289    2.88021952528039   -5.88061659678097
   0.47863353734486    2.87561479235078   -5.87505371333098
   0.47698964052471    2.86573831349110   -5.86271357295220
   0.47665882589119    2.86375078988596   -5.86009140567839
   0.47479800688033    2.85257104952926   -5.84521431162164
   0.47448904821923    2.85071483589869   -5.84232218391603
   0.47296673827474    2.84156884705052   -5.83028236042622
   0.47206200124209    2.83613321625727   -5.82370472747691
   0.47087432929873    2.82899772168300   -5.81512422452647
   0.46961347020099    2.82142252105530   -5.80504405766666
   0.46899603002435    2.81771296046914   -5.80041888649520
   0.46716606517790    2.80671859093306   -5.78638490231058
   0.46702350786427    2.80586211120931   -5.78545550314138
   0.46520840595266    2.79495703770444   -5.77036995513501
   0.46472933583819    2.79207879997089   -5.76679980286534
   0.46322637150896    2.78304903895267   -5.75542759788983
   0.46230759711877    2.77752907216995   -5.74796975070489
   0.46124482894551    2.77114399540155   -5.74047829780037
   0.45986126373539    2.76283158042436   -5.72931392525295
   0.45940252272226    2.76007547927331   -5.72558317047616
   0.45756759084606    2.74905126798332   -5.71066047765578
   0.45742697538142    2.74820645482544   -5.70967178277058
   0.45565211071985    2.73754312541578   -5.69617145489349
   0.45489510818805    2.73299507871941   -5.69047580058389
   0.45369648175242    2.72579376991035   -5.68103775030850
   0.45248696364026    2.71852702426136   -5.67165750051775
   0.45171988785330    2.71391845777421   -5.66609799071581
   0.45007411803765    2.70403072601824   -5.65284345471201
   0.44978266227072    2.70227966920895   -5.65091327616746
   0.44789353671226    2.69092986403097   -5.63626376379590
   0.44758187834166    2.68905743063317   -5.63338571647115
   0.44595086075215    2.67925832977408   -5.62112160754613
   0.44515128388767    2.67445449786570   -5.61477439903035
   0.44396446689479    2.66732413980621   -5.60619797517899
   0.44274158999510    2.65997713499441   -5.59687310578100
   0.44197901769837    2.65539562533071   -5.59127061691110
   0.44025786019050    2.64505496676117   -5.57747284203545
   0.44012339331645    2.64424709413643   -5.57641131055413
   0.43826306469768    2.63307030003957   -5.56166674298136
   0.43780720514296    2.63033151059730   -5.55788302679128
   0.43631994030104    2.62139607159048   -5.54653067289241
   0.43540177839609    2.61587978459918   -5.53907640838387
   0.43433792577145    2.60948819248206   -5.53158957691257
   0.43295640317977    2.60118804949034   -5.52042976571498
   0.43249784632984    2.59843305478579   -5.51670081822360
   0.43066364984528    2.58741326170498   -5.50178534357630
   0.43052085517667    2.58655535596022   -5.50079772341304
   0.42867933617826    2.57549156945335   -5.48685837450580
   0.42803722786689    2.57163380351260   -5.48238492511876
   0.42669034158414    2.56354175434327   -5.47195310551861
   0.42565386630140    2.55731464440963   -5.46342120670441
   0.42471316341706    2.55166293194417   -5.45698332794434
   0.42317640479833    2.54243013592908   -5.44491618655008
   0.42276583357844    2.53996343733587   -5.44192544299243
   0.42099258451093    2.52930981436298   -5.42742512839900
   0.42071602888887    2.52764827714155   -5.42538956545983
   0.41905097836355    2.51764470750626   -5.41229006009535
   0.41828890296775    2.51306618320727   -5.40668717841097
   0.41706516523587    2.50571400654352   -5.39737373833859
   0.41580531281477    2.49814485399647   -5.38730338290249
   0.41518756222183    2.49443342843923   -5.38268327431962
   0.41336015289964    2.48345441241016   -5.36866229557743
   0.41322967762900    2.48267052120946   -5.36760429805394
   0.41136580354015    2.47147242604317   -5.35286389028983
   0.41091198184950    2.46874588002222   -5.34908176519519
   0.40942393932166    2.45980576870356   -5.33773472584230
   0.40851044331707    2.45431751429057   -5.33119227462691
   0.40743814555797    2.44787518407905   -5.32282216483425
   0.40602700003697    2.43939706748728   -5.31181788629235
   0.40545286762516    2.43594769854976   -5.30790725248528
   0.40368810782219    2.42534507880333   -5.29340724485596
   0.40354821521987    2.42450460857885   -5.29249008600877
   0.40173527886465    2.41361254566663   -5.27832370570532
   0.40113641713620    2.41001460379554   -5.27360908352083
   0.39979820141103    2.40197464705539   -5.26319231549899
   0.39873290473453    2.39557437912145   -5.25571156657492
   0.39781235930030    2.39004377196342   -5.24828401169717
   0.39628319352205    2.38085659348805   -5.23524862208402
   0.39598551786812    2.37906816779912   -5.23332625277740
   0.39410180916687    2.36775090692383   -5.21868549760023
   0.39380848853936    2.36598864609262   -5.21678848698447
   0.39215957230851    2.35608201077599   -5.20356793664401
   0.39139887444743    2.35151176266101   -5.19795737847818
   0.39017597395872    2.34416461612707   -5.18864798610018
   0.38895400837316    2.33682308646105   -5.17933193828834
   0.38819121118745    2.33224022567165   -5.17373534815795
   0.38647249261988    2.32191422017650   -5.15994973668931
   0.38634598322135    2.32115415580700   -5.15889498836603
   0.38447855844071    2.30993472819939   -5.14415877723207
   0.38403187776532    2.30725108516690   -5.14133132389024
   0.38253634596254    2.29826597852693   -5.12904734394477
   0.38162371099483    2.29278289719561   -5.12249758515552
   0.38055272829801    2.28634846783568   -5.11413059518443
   0.37917919921056    2.27809634955851   -5.10387621808188
   0.37856788983803    2.27442362264492   -5.09922269248927
   0.37688459771358    2.26431045807281   -5.08434475586540
   0.37673814804421    2.26343059320183   -5.08335157772172
   0.37485993909900    2.25214637468270   -5.06963589705042
   0.37425361654549    2.24850360841629   -5.06493977477471
   0.37291587702287    2.24046651268565   -5.05452770388743
   0.37188464223829    2.23427088749525   -5.04689595750070
   0.37093281479083    2.22855233901482   -5.03960487848393
   0.36940401004268    2.21936732959657   -5.02751583750041
   0.36909605699615    2.21751715766575   -5.02474301559218
   0.36711424113233    2.20561047213483   -5.00981326531174
   0.36696393493140    2.20470743734711   -5.00884641496800
   0.36528017032048    2.19459143409155   -4.99493007489936
   0.36451853100171    2.19001552972923   -4.98932269351940
   0.36325566147266    2.18242825049535   -4.98022848608242
   0.36207304146477    2.17532310778580   -4.97072524695558
   0.36136170316099    2.17104941029258   -4.96493069676240
   0.35963169175167    2.16065555776988   -4.95115182854905
   0.35948103179599    2.15975039763511   -4.95018343076931
   0.35753418159005    2.14805378464443   -4.93505355790216
   0.35719054627965    2.14598923482779   -4.93249259112013
   0.35566142428103    2.13680231937900   -4.92043165214925
   0.35474650410057    2.13130550856346   -4.91389672807739
   0.35367680798452    2.12487880893916   -4.90553268624544
   0.35230326844399    2.11662662786023   -4.89528317583518
   0.35169237921179    2.11295642513614   -4.89063154566891
   0.34986034064464    2.10194959675323   -4.87666641326833
   0.34970895396188    2.10104007046572   -4.87569921515634
   0.34791478091857    2.09026073692380   -4.86057270106363
   0.34741855997368    2.08727945755647   -4.85708099324268
   0.34599867201431    2.07874881667811   -4.84616770614890
   0.34497319593576    2.07258778960703   -4.83759432444708
   0.34405927035770    2.06709695433052   -4.83104031774669
   0.34253200127566    2.05792117114456   -4.81895571022624
   0.34207506052763    2.05517588592790   -4.81612134823349
   0.34024204917789    2.04416321309873   -4.80127315508757
   0.34005244051729    2.04302405040609   -4.79958333023829
   0.33825803366109    2.03224331212393   -4.78636988784616
   0.33761052092998    2.02835307660442   -4.78096030541919
   0.33632019101886    2.02060081628429   -4.77125057338485
   0.33524235559577    2.01412521596688   -4.76291892683026
   0.33433863576506    2.00869569648998   -4.75637584580468
   0.33279883062495    1.99944459707307   -4.74340540655954
   0.33250354762111    1.99767054634843   -4.74146355324258
   0.33062582779022    1.98638926641231   -4.72679966092869
   0.33031980312733    1.98455068014792   -4.72403657655966
   0.32879400948392    1.97538376134945   -4.71191742580325
   0.32787837478157    1.96988265770955   -4.70538612122415
   0.32670625730392    1.96284061386155   -4.69680671835026
   0.32550968540199    1.95565164862440   -4.68738897328815
   0.32476046492925    1.95115035628688   -4.68165839292730
   0.32299429132720    1.94053924248134   -4.66815912449937
   0.32284104305972    1.93961853185305   -4.66720711450328
   0.32101035369848    1.92861980945560   -4.65236105278172
   0.32055247938259    1.92586891539349   -4.64863895641907
   0.31907392277862    1.91698579519827   -4.63724192222671
   0.31818473638286    1.91164359212785   -4.63060295462923
   0.31709046864742    1.90506926700996   -4.62235546117203
   0.31570585207488    1.89675053548143   -4.61124161650473
   0.31520963565281    1.89376928328703   -4.60765414384851
   0.31337986302085    1.88277606856941   -4.59280890962188
   0.31322552261284    1.88184879639621   -4.59183680115222
   0.31139588128146    1.87085637052816   -4.57791216258204
   0.31078549067144    1.86718916351003   -4.57326000138766
   0.30941203576372    1.85893749090223   -4.56302197090048
   0.30838035281206    1.85273917313858   -4.55451851751731
   0.30747254245540    1.84728507791418   -4.54790202236989
   0.30590210332464    1.83784993047350   -4.53603619498016
   0.30549404477377    1.83539832791440   -4.53303938805173
   0.30366740589452    1.82442394068156   -4.51817994540295
   0.30353245504884    1.82361316037095   -4.51717812349143
   0.30167477945049    1.81245230553484   -4.50324882721363
   0.30105694861201    1.80874039786501   -4.49863534969520
   0.29922503725551    1.79773433375956   -4.48833283088444
   0.29861484125673    1.79406829595945   -4.48461113578312
   0.29661626764938    1.78206093044804   -4.47342218572024
   0.29613112712405    1.77914622188261   -4.47085376416124
   0.29384588041556    1.76541653366321   -4.45877241620269
   0.29369572931530    1.76451443071535   -4.45785913363899
   0.29132956675458    1.75029860267609   -4.44614673831604
   0.29085362239508    1.74743914437712   -4.44342305555063
   0.28884852394109    1.73539257779843   -4.43335789927450
   0.28792724840012    1.72985758418281   -4.42876339757455
   0.28637209719498    1.72051428610416   -4.42062093763425
   0.28515259649260    1.71318756537644   -4.41411170381830
   0.28393270883017    1.70585851980528   -4.40760043611120
   0.28240628972651    1.69668784326186   -4.39922136745987
   0.28149156353791    1.69119219794313   -4.39457100017460
   0.27951147702240    1.67929590228087   -4.38435019078988
   0.27909301660007    1.67678180561488   -4.38226223974967
   0.27669119490085    1.66235173862631   -4.36993527144454
   0.27653062194577    1.66138702151217   -4.36896213782464
   0.27420984855389    1.64744389012946   -4.35616906890412
   0.27374132217237    1.64462899880199   -4.35433579969421
   0.27173106496091    1.63255143857545   -4.34433335426158
   0.27081784317585    1.62706483166453   -4.33968928465664
   0.26929512727788    1.61791640386098   -4.33132874154201
   0.26809817958425    1.61072518087945   -4.32456901081911
   0.26688655686889    1.60344579084267   -4.31892303537220
   0.26517798173666    1.59318072677850   -4.30993392998078
   0.26445372444262    1.58882941241023   -4.30598114268803
   0.26231896143789    1.57600382540975   -4.29481920605169
   0.26201395868498    1.57417137874740   -4.29295914787996
   0.25961256139154    1.55974386157501   -4.28063463355210
   0.25944632668690    1.55874512885286   -4.27964344312840
   0.25712871737384    1.54482100715323   -4.26777950699775
   0.25654751336750    1.54132915230476   -4.26481412016257
   0.25473126056393    1.53041716427826   -4.25541785983442
   0.25376756748124    1.52462732744561   -4.25016124579946
   0.25224967088917    1.51550785387582   -4.24267010265257
   0.25087484989083    1.50724797383989   -4.23528323519443
   0.24981226846787    1.50086401906127   -4.22967038232693
   0.24812713433507    1.49073978776259   -4.22040190467745
   0.24737107163596    1.48619738755061   -4.21663619649144
   0.24534500479597    1.47402484358788   -4.20574058019427
   0.24489330012433    1.47131101654863   -4.20388914913224
   0.24245975403032    1.45669035042347   -4.19181606651844
   0.24230329811226    1.45575036833446   -4.19087409980953
   0.24002039603672    1.44203476659386   -4.17879737804387
   0.23943768317168    1.43853384657120   -4.17576516824295
   0.23761398786759    1.42757714424259   -4.16642465105417
   0.23654512823438    1.42115547018009   -4.16088944801542
   0.23517678804084    1.41293452660949   -4.15342521390749
   0.23379897227907    1.40465665413181   -4.14601111461091
   0.23273652547042    1.39827350811163   -4.14039935678000
   0.23102572310533    1.38799506290457   -4.13137481321113
   0.23030165011798    1.38364485584489   -4.12742354674786
   0.22816743107008    1.37082253691943   -4.11626602417584
   0.22790288810295    1.36923317133983   -4.11509092465920
   0.22551272192371    1.35487313033782   -4.10254560414902
   0.22519035719964    1.35293637351508   -4.10073632487901
   0.22297701728194    1.33963869896610   -4.08924181447563
   0.22236311858562    1.33595041547900   -4.08650507191510
   0.22053964612709    1.32499505199928   -4.07716636547034
   0.21947113187627    1.31857545298305   -4.07163148382712
   0.21810296181362    1.31035553155328   -4.06416866288807
   0.21672521775390    1.30207808985922   -4.05675630525347
   0.21566290059147    1.29569572274933   -4.05114561600448
   0.21382263369300    1.28463945881829   -4.04188160363752
   0.21322038942327    1.28102119474879   -4.03903595998891
   0.21094251522030    1.26733580030378   -4.02701490778433
   0.21079007447463    1.26641994124042   -4.02608539603867
   0.20831315435858    1.25153868539551   -4.01330313727583
   0.20815570889853    1.25059275817018   -4.01236459801691
   0.20590717116406    1.23708361627794   -4.00094466396730
   0.20517011668933    1.23265541686246   -3.99703280259846
   0.20346736700003    1.22242535187081   -3.98792505296027
   0.20239919074678    1.21600778353297   -3.98239048681737
   0.20103118435766    1.20778884544848   -3.97492904425813
   0.19949965185037    1.19858744774168   -3.96751768837369
   0.19859054748002    1.19312557812496   -3.96283207748798
   0.19662840253409    1.18133707483172   -3.95242087510443
   0.19614878566481    1.17845555221291   -3.94980249243404
   0.19387194869648    1.16477638944007   -3.93778118538458
   0.19371952666885    1.16386064283405   -3.93685183793630
   0.19127231439391    1.14915787073651   -3.92471203483028
   0.19082723887845    1.14648387145288   -3.92268905269284
   0.18883181021939    1.13449540068901   -3.91354800190967
   0.18762187640624    1.12722615752195   -3.90782537272493
   0.18639177545038    1.11983575081460   -3.90238733120356
   0.18440145541659    1.10787797250593   -3.89316772712013
   0.18394909744700    1.10516022047372   -3.89121756940436
   0.18150931987287    1.09050211581787   -3.88098870160319
   0.18089068763700    1.08678539337849   -3.87830371913365
   0.17907892919137    1.07590040730893   -3.87079522962625
   0.17754039984540    1.06665697282186   -3.86343119444802
   0.17663776493103    1.06123397148719   -3.85963098607192
   0.17425788981504    1.04693575885992   -3.84921926532263
   0.17406960543214    1.04580455238488   -3.84823997181427
   0.17176591979997    1.03196408370907   -3.83827495467229
   0.17083683619572    1.02638217950212   -3.83369181784493
   0.16931839666344    1.01725944396513   -3.82708892986057
   0.16733452329388    1.00534039700640   -3.81882066124621
   0.16684985609420    1.00242853216612   -3.81625599337843
   0.16445760965528    0.98805599303130   -3.80577889899772
   0.16400719138742    0.98534989466432   -3.80373364300055
   0.16205329548269    0.97361095134344   -3.79514723062736
   0.16064463420084    0.96514775998005   -3.78888406489121
   0.15957392842150    0.95871499433141   -3.78437049829066
   0.15742126148325    0.94578184107814   -3.77423203445714
   0.15712996383192    0.94403173422227   -3.77320036919560
   0.15470881077481    0.92948552506153   -3.76304960320519
   0.15382604143820    0.92418187547465   -3.75884473180260
   0.15225517352265    0.91474415190885   -3.75183331009092
   0.15056473583043    0.90458805699696   -3.74450013461198
   0.14978069954035    0.89987759235628   -3.74099649519312
   0.14735987772653    0.88533337329449   -3.73077579856468
   0.14706772208637    0.88357811166957   -3.72962325751914
   0.14495131412155    0.87086280115447   -3.72027758465278
   0.14373723845822    0.86356867388568   -3.71454584099239
   0.14254797473835    0.85642361596968   -3.70964372157580
   0.14039318248759    0.84347769390768   -3.69966927546738
   0.14006524463579    0.84150745391399   -3.69794568601393
   0.13764761769697    0.82698242955773   -3.68780689947618
   0.13702428017751    0.82323743792686   -3.68483705311059
   0.13519696536719    0.81225898972207   -3.67752835282417
   0.13355596408041    0.80239990713307   -3.66990744729535
   0.13281086557711    0.79792337945447   -3.66607347490402
   0.13038137858511    0.78332710028278   -3.65593998376231
   0.13018909027239    0.78217183832700   -3.65497720155893
   0.12788584541242    0.76833401779629   -3.64502098024310
   0.12683046976586    0.76199335508893   -3.64022161518485
   0.12544283695465    0.75365650209618   -3.63385751631577
   0.12349108119373    0.74193041669002   -3.62533802818522
   0.12305701049692    0.73932253400046   -3.62330579750520
   0.12058557263904    0.72447421538509   -3.61256224820919
   0.12011748499936    0.72166196000440   -3.61051698941988
   0.11813230041403    0.70973503530376   -3.60228136256592
   0.11676539035926    0.70152268396057   -3.59584264859385
   0.11575082877105    0.69542723079405   -3.59083859812320
   0.11341451482841    0.68139073228561   -3.58079575320619
   0.11325226153374    0.68041591974559   -3.57997789045175
   0.11083648384309    0.66590200561248   -3.56983591397263
   0.11005445661344    0.66120361134182   -3.56595726130835
   0.10838673703763    0.65118400613760   -3.55956853060668
   0.10655948474761    0.64020593355269   -3.55107606382104
   0.10593452958763    0.63645122319004   -3.54839061452561
   0.10354379266391    0.62208775317369   -3.53962928669106
   0.10261674453246    0.61651807802138   -3.53597730696429
   0.10108993584317    0.60734506086013   -3.53029052817240
   0.09869913837202    0.59298122707677   -3.52217574273326
   0.09847311014908    0.59162325683301   -3.52126171719876
   0.09618725734040    0.57788992718329   -3.51402881411683
   0.09421028296950    0.56601232918504   -3.50652677917228
   0.09373600051226    0.56316285554108   -3.50473139827204
   0.09132040785523    0.54865005308392   -3.49732470452602
   0.08980530727018    0.53954737783378   -3.49147631686214
   0.08886195899662    0.53387977195554   -3.48801599130569
   0.08644960060190    0.51938640084161   -3.48061527002084
   0.08539627276632    0.51305804131630   -3.47657991206865
   0.08404083867896    0.50491463721366   -3.47180840613290
   0.08170406154829    0.49087535588655   -3.46328368330440
   0.08128386965752    0.48835085661425   -3.46156023243281
   0.07916467539236    0.47561880609693   -3.45508673819008
   0.07684481596418    0.46168116577849   -3.44697329240423
   0.07667722691031    0.46067429617002   -3.44623045952025
   0.07425785550535    0.44613879111771   -3.43881393852533
   0.07244696874188    0.43525904208637   -3.43202385045046
   0.07181038721377    0.43143448088048   -3.42951874456565
   0.06943607028036    0.41716966163414   -3.42172170888688
   0.06818573417783    0.40965768282089   -3.41699113691177
   0.06693675635677    0.40215386451872   -3.41280604129588
   0.06456385750310    0.38789756504959   -3.40501285030314
   0.06390727081392    0.38395281348385   -3.40236758600444
   0.06210531378497    0.37312671400826   -3.39658523183877
   0.05966721591854    0.35847870098189   -3.38822624829680
   0.05949288591118    0.35743133194313   -3.38753596870598
   0.05719375311583    0.34361821656354   -3.37938469048893
   0.05535514818501    0.33257193768034   -3.37288380769261
   0.05475302192478    0.32895438260806   -3.37102718202039
   0.05237218111315    0.31465036811270   -3.36319817881730
   0.05082395470010    0.30534867396070   -3.35757293693810
   0.04988633914872    0.29971551009166   -3.35432048810050
   0.04747350879383    0.28521930345631   -3.34550468064720
   0.04655978968718    0.27972970865332   -3.34271967956834
   0.04501045567255    0.27042136006693   -3.33760865614833
   0.04260025136468    0.25594093063700   -3.32879520187940
   0.04229568249812    0.25411109074984   -3.32786690453278
   0.04013545898334    0.24113253782952   -3.32089856365539
   0.03799398248662    0.22826661638657   -3.31347284847578
   0.03769658029053    0.22647983362346   -3.31254361149788
   0.03527535617844    0.21193319756671   -3.30465287746323
   0.03312095938769    0.19898965141567   -3.29862108022662
   0.03277835952904    0.19693132255959   -3.29777912475807
   0.03032905813450    0.18221599909911   -3.29507026219671
   0.02788768404387    0.16754830262377   -3.29418701583643
   0.02545178384715    0.15291349312583   -3.29418620472941
   0.02301581728127    0.13827828488411   -3.29372152010076
   0.02057992328925    0.12364351266380   -3.29372085757234
   0.01814461699885    0.10901227133576   -3.29367285031446
   0.01570813783957    0.09437398344946   -3.29325581411314
   0.01327274452573    0.07974221928743   -3.29274396894578
   0.01083629550258    0.06510411245807   -3.29232712104400
   0.00840041205819    0.05046940360756   -3.29232682841081
   0.00596498851817    0.03583745784765   -3.29181516209517
   0.00352858334008    0.02119961443795   -3.29139858064672
   0.00109270497672    0.00656493611410   -3.29139851005925
  -0.00134317222289   -0.00806973521796   -3.29139851346181
  -0.00377904840544   -0.02270440043958   -3.29139859085432
  -0.00620972438673   -0.03730782302045   -3.29135300185939
  -0.00865080641987   -0.05197376482381   -3.29093502453705
  -0.01108673454478   -0.06660874211342   -3.29047138316190
  -0.01352260741586   -0.08124338743984   -3.29047175642160
  -0.01595848000329   -0.09587803106204   -3.29047220365224
  -0.01838921905566   -0.11048183257188   -3.29042694264420
  -0.02083023491758   -0.12514737682075   -3.29000937510926
  -0.02326615620002   -0.13978231300099   -3.28954610559326
  -0.02569693443318   -0.15438634990776   -3.28950103633341
  -0.02813791220197   -0.16905166529429   -3.28908371944423
  -0.03057378583552   -0.18368631520162   -3.28908460976558
  -0.03299985999309   -0.19826209017458   -3.28904154501173
  -0.03544559058400   -0.21295596036244   -3.28815872886703
  -0.03788146617577   -0.22759062203466   -3.28815984073904
  -0.04031236838954   -0.24219540381293   -3.28765123040182
  -0.04275324050761   -0.25686008445338   -3.28748813066622
  -0.04518915289324   -0.27149496718193   -3.28723573618580
  -0.04762503338609   -0.28612965829963   -3.28723714340156
  -0.05005120732415   -0.30070603275054   -3.28719455437822
  -0.05249684994763   -0.31539937443299   -3.28631229560328
  -0.05493273547836   -0.33003409581816   -3.28631392412707
  -0.05737731427900   -0.34472104608743   -3.28636670089477
  -0.05981309871733   -0.35935516011273   -3.28693434968651
  -0.06224808343145   -0.37398446942091   -3.28987055504033
  -0.06463833023263   -0.38834499479687   -3.29500375803074
  -0.06585609066895   -0.39566126006250   -3.29964308327906
  -0.06708417324572   -0.40303954041360   -3.30424805563726
  -0.06953604069249   -0.41777028063279   -3.31235686646997
  -0.07012174215434   -0.42128915604832   -3.31447982133658
  -0.07195525208364   -0.43230482432733   -3.32095107787789
  -0.07435355298622   -0.44671373848373   -3.32843726573505
  -0.07453488293925   -0.44780316296934   -3.32933090894948
  -0.07682326400325   -0.46155168229519   -3.33766654453407
  -0.07879185908435   -0.47337893779163   -3.34419143576109
  -0.07925691545347   -0.47617298139702   -3.34602505435061
  -0.08169310627556   -0.49080953696275   -3.35437524860811
  -0.08305056878249   -0.49896512774446   -3.35904599455902
  -0.08413319369580   -0.50546950316404   -3.36363905541898
  -0.08654920626046   -0.51998482841260   -3.37111393568275
  -0.08730397967016   -0.52451948261562   -3.37407252325113
  -0.08900449732605   -0.53473613762278   -3.38034420860524
  -0.09140407038361   -0.54915269484509   -3.38782536265452
  -0.09158446221171   -0.55023648310654   -3.38872330540983
  -0.09386925829645   -0.56396346399308   -3.39707219758654
  -0.09570264381179   -0.57497838479707   -3.40354676062505
  -0.09633917440027   -0.57880263995934   -3.40599583408269
  -0.09873749211710   -0.59321165513516   -3.41378661304184
  -0.09995537228390   -0.60052863973764   -3.41842706008842
  -0.10118303001462   -0.60790436762744   -3.42303765810039
  -0.10363627974779   -0.62264341257853   -3.43114065982174
  -0.10422124335548   -0.62615785499014   -3.43326895317810
  -0.10605457788333   -0.63717246946298   -3.43974501006736
  -0.10837933241673   -0.65113951941504   -3.44768506122555
  -0.10853640254287   -0.65208319164632   -3.44850557633716
  -0.11091976665315   -0.66640236603830   -3.45647360044093
  -0.11273430177456   -0.67730403428602   -3.46299450868793
  -0.11336201582038   -0.68107531994548   -3.46573513387734
  -0.11579363591319   -0.69568441471776   -3.47317575898715
  -0.11715198185784   -0.70384531316470   -3.47784265956850
  -0.11822898143740   -0.71031589176122   -3.48245960933132
  -0.12066964675637   -0.72497932995938   -3.49079883014642
  -0.12127230513466   -0.72860008197971   -3.49267515001837
  -0.12310556207924   -0.73961423033476   -3.49915372166707
  -0.12554151490526   -0.75424935602787   -3.50658082859450
  -0.12570533462143   -0.75523357957750   -3.50732732559232
  -0.12797456172542   -0.76886702253183   -3.51587351051677
  -0.12981552799241   -0.77992748824624   -3.52218021819692
  -0.13043835691820   -0.78366942426279   -3.52483974322538
  -0.13283713624576   -0.79808121278097   -3.53353400930727
  -0.13374829961434   -0.80355545279236   -3.53725078905260
  -0.13527138134445   -0.81270607850356   -3.54374799753808
  -0.13723180593678   -0.82448424596808   -3.55210824626743
  -0.13767799517686   -0.82716493647315   -3.55428455309325
  -0.14017623347803   -0.84217427128388   -3.56480661192743
  -0.14062387104710   -0.84486366330259   -3.56673745058835
  -0.14257918838821   -0.85661114656724   -3.57531129856905
  -0.14409316148541   -0.86570704790685   -3.58181618027718
  -0.14501311453987   -0.87123409606636   -3.58645375175087
  -0.14728147322684   -0.88486232159943   -3.59666591820146
  -0.14745670804211   -0.88591512669479   -3.59758332100024
  -0.14988680483564   -0.90051506953431   -3.60687687752469
  -0.15094856115519   -0.90689406711836   -3.61152220614369
  -0.15232450996099   -0.91516072298504   -3.61801578588437
  -0.15430569159260   -0.92706359806938   -3.62636940935215
  -0.15476109329939   -0.92979963677606   -3.62822822065082
  -0.15722990506044   -0.94463217788676   -3.63907653866422
  -0.15780241734031   -0.94807181312401   -3.64123045671202
  -0.15963710917094   -0.95909458222796   -3.64957776315581
  -0.16117907580631   -0.96835866783843   -3.65586099425882
  -0.16207003373558   -0.97371151422479   -3.65979610604193
  -0.16448871545002   -0.98824287563881   -3.67000989699512
  -0.16465575223608   -0.98924642724016   -3.67094095083734
  -0.16690504511294   -1.00276010600347   -3.68053240893502
  -0.16812668718973   -1.01009969203929   -3.68602351556613
  -0.16938211429801   -1.01764225745023   -3.69229047444843
  -0.17149382880194   -1.03032936980432   -3.70065010138439
  -0.17181566687018   -1.03226296249593   -3.70250850682930
  -0.17425781113331   -1.04693528614266   -3.71271524179037
  -0.17488516038507   -1.05070438013125   -3.71529034126973
  -0.17672244411424   -1.06174272127768   -3.72356482569058
  -0.17823516246866   -1.07083108416333   -3.73014681232274
  -0.17912518053565   -1.07617828388754   -3.73408115313900
  -0.18154504395509   -1.09071674494696   -3.74429259860914
  -0.18171125250313   -1.09171532052111   -3.74522689423172
  -0.18399671240807   -1.10544628961790   -3.75544133384021
  -0.18506563197385   -1.11186832375330   -3.76008234439093
  -0.18646939233768   -1.12030207055996   -3.76627822279146
  -0.18855073207438   -1.13280669229617   -3.77493742620179
  -0.18887160440171   -1.13473448284772   -3.77680005704208
  -0.19130463383163   -1.14935204487168   -3.78701802639901
  -0.19191870701573   -1.15304137667569   -3.78980138701805
  -0.19377891842804   -1.16421746659992   -3.79785895068589
  -0.19529200029772   -1.17330801347350   -3.80444300922347
  -0.19618172502573   -1.17865345082663   -3.80837761231140
  -0.19860279298606   -1.19319914872868   -3.81858663159914
  -0.19890085304209   -1.19498988389295   -3.81973667771104
  -0.20108834269249   -1.20813225087316   -3.82944434745728
  -0.20214532062329   -1.21448254005234   -3.83416258038871
  -0.20349332352138   -1.22258129781050   -3.83995656185293
  -0.20576138074304   -1.23620771214967   -3.84923660893879
  -0.20592896730732   -1.23721456680076   -3.85017491670001
  -0.20839698886118   -1.25204236037223   -3.86103838124809
  -0.20899879967562   -1.25565802025639   -3.86388142548470
  -0.21083685946817   -1.26670102396649   -3.87216476650236
  -0.21235007433845   -1.27579236990338   -3.87874987461667
  -0.21324331274846   -1.28115891734419   -3.88268364686978
  -0.21571306386680   -1.29599710208300   -3.89258297192346
  -0.21587710878633   -1.29698267864714   -3.89340476014582
  -0.21811040582142   -1.31040025491110   -3.90312321325318
  -0.21932894805135   -1.31772121716740   -3.90869680975194
  -0.22058337904090   -1.32525779792925   -3.91490721504456
  -0.22240273046667   -1.33618840237755   -3.92333502075516
  -0.22298465145221   -1.33968456481383   -3.92634638112157
  -0.22541097153194   -1.35426181727916   -3.93748015724137
  -0.22556867268294   -1.35520928068741   -3.93841837652210
  -0.22785906479238   -1.36896988230910   -3.95049908276703
  -0.22834350049826   -1.37188035634208   -3.95306315926756
  -0.23032907001063   -1.38380959367195   -3.96323244345790
  -0.23123770067293   -1.38926861726609   -3.96791546110395
  -0.23276531934503   -1.39844650077780   -3.97624398943999
  -0.23409983287845   -1.40646421486986   -3.98300821383652
  -0.23516722437752   -1.41287706842994   -3.98858356621574
  -0.23699905396265   -1.42388264125566   -3.99787766750083
  -0.23764099223143   -1.42773938558602   -4.00132273366170
  -0.23988347258808   -1.44121213494852   -4.01272559911393
  -0.24004302552410   -1.44217072382118   -4.01366860830019
  -0.24248730460895   -1.45685587340768   -4.02575196908980
  -0.24281545291696   -1.45882737781549   -4.02739600991451
  -0.24491859841683   -1.47146300787067   -4.03875453742233
  -0.24555775088764   -1.47530301521704   -4.04224446150474
  -0.24739092924217   -1.48631669140564   -4.05149423483956
  -0.24845268237785   -1.49269566986107   -4.05710174727090
  -0.24979303248509   -1.50074844989962   -4.06383991077181
  -0.25134714714014   -1.51008552041888   -4.07197479444859
  -0.25226684110910   -1.51561101200114   -4.07657781898320
  -0.25424211178573   -1.52747837425937   -4.08683695497098
  -0.25466862102318   -1.53004082794594   -4.08892805699383
  -0.25709985891524   -1.54464762646853   -4.10099168944199
  -0.25725665194689   -1.54558963392506   -4.10193305495842
  -0.25954666409294   -1.55934795273904   -4.11402134152326
  -0.26003120640484   -1.56225906725760   -4.11658628686213
  -0.26201798071895   -1.57419554299723   -4.12675560561284
  -0.26292680147307   -1.57965570865687   -4.13144018199128
  -0.26445751606638   -1.58885219236295   -4.13975445846174
  -0.26582136412688   -1.59704614734375   -4.14631654602269
  -0.26689211749964   -1.60347919893215   -4.15185624101990
  -0.26868858097114   -1.61427229329240   -4.16141579076302
  -0.26929804438407   -1.61793392974051   -4.16420411491296
  -0.27165161460130   -1.63207410338786   -4.17579858148935
  -0.27180220555115   -1.63297884893783   -4.17671083320985
  -0.27424216700474   -1.64763805833553   -4.18973852521263
  -0.27439456078679   -1.64855363524298   -4.19066779323855
  -0.27664653755205   -1.66208343872092   -4.20202816143902
  -0.27740218829503   -1.66662336391381   -4.20579160812447
  -0.27908363876392   -1.67672546387900   -4.21504674035572
  -0.28026492162599   -1.68382257305976   -4.22088650647249
  -0.28148584459512   -1.69115783872006   -4.22739826661793
  -0.28316269445105   -1.70123229835156   -4.23576557143571
  -0.28396049616837   -1.70602546523333   -4.24013945982059
  -0.28607039951400   -1.71870169620699   -4.25065655085718
  -0.28639977760666   -1.72068058912111   -4.25221601860867
  -0.28883370943576   -1.73530357273016   -4.26432679595709
  -0.28898612037202   -1.73621925269958   -4.26525620611617
  -0.29127666582618   -1.74998077561135   -4.27731174716555
  -0.29187879450247   -1.75359834519928   -4.28015731231950
  -0.29367945033235   -1.76441662711293   -4.28968469203252
  -0.29477368903031   -1.77099077777455   -4.29503977574638
  -0.29615306445035   -1.77927802062862   -4.30241401320646
  -0.29754849415635   -1.78766171711283   -4.30967403652193
  -0.29859221287317   -1.79393234536378   -4.31542328780146
  -0.30031897793935   -1.80430669396202   -4.32433035070816
  -0.30106752265944   -1.80880392639954   -4.32816334824356
  -0.30334662846891   -1.82249672029652   -4.33937253299734
  -0.30350315147803   -1.82343710546646   -4.34032146753070
  -0.30590372482371   -1.83785967238744   -4.35263965502942
  -0.30632285245896   -1.84037777764703   -4.35473129343692
  -0.30830804876619   -1.85230477277250   -4.36497953189840
  -0.30922344376599   -1.85780443628721   -4.36963254350988
  -0.31078328539289   -1.86717591426791   -4.37772970169961
  -0.31199848256326   -1.87447677951465   -4.38426672187393
  -0.31322305554382   -1.88183397432543   -4.39073894420202
  -0.31501457834244   -1.89259738528306   -4.39938185908994
  -0.31558273197689   -1.89601083391982   -4.40238117430422
  -0.31778889613320   -1.90926539672671   -4.41403693611184
  -0.31810101852357   -1.91114061794031   -4.41584162080629
  -0.32053692441291   -1.92577546163935   -4.42795213444149
  -0.32068937490746   -1.92669137927372   -4.42888186746815
  -0.32297899766319   -1.94044735864320   -4.44094700203511
  -0.32358126848278   -1.94406578222345   -4.44379364550083
  -0.32541865832276   -1.95510476088021   -4.45395863149206
  -0.32635156889525   -1.96070965738845   -4.45846012810447
  -0.32785561986919   -1.96974594693286   -4.46606771537433
  -0.32922386096018   -1.97796629509856   -4.47353270280634
  -0.33029548791743   -1.98440459515423   -4.47908075205552
  -0.33211904256294   -1.99536045241067   -4.48842248374962
  -0.33273159278711   -1.99904063432077   -4.49212296591751
  -0.33452327317447   -2.00980499206642   -4.50349466622930
  -0.33513203035844   -2.01346238551379   -4.50812147563664
  -0.33639793323890   -2.02106788902471   -4.51812420365507
  -0.33760773265011   -2.02833632470926   -4.52747138100670
  -0.33833425520415   -2.03270124868628   -4.53320679332808
  -0.34001227215968   -2.04278272021437   -4.54623829189023
  -0.34016515889042   -2.04370125874160   -4.54803224829081
  -0.34199497941730   -2.05469476121043   -4.56296655924089
  -0.34245256098268   -2.05744389643690   -4.56668570844038
  -0.34382532079314   -2.06569139292289   -4.57784331213709
  -0.34489308028903   -2.07210645739596   -4.58621751989335
  -0.34565566541165   -2.07668804411722   -4.59271296010507
  -0.34733358205497   -2.08676891297280   -4.60574599785586
  -0.34763978819663   -2.08860858955572   -4.60764399164717
  -0.34942023985965   -2.09930548548922   -4.62269945136797
  -0.34973754341802   -2.10121183499235   -4.62543327702441
  -0.35114709175999   -2.10968035578423   -4.63735448129917
  -0.35217782981413   -2.11587299663420   -4.64497514118896
  -0.35313009843231   -2.12159419565407   -4.65225530162990
  -0.35469424814599   -2.13099155648060   -4.66506723169871
  -0.35499925219861   -2.13282401095151   -4.66692760819908
  -0.35679156540111   -2.14359217063007   -4.68197973235301
  -0.35713258519415   -2.14564100650309   -4.68461863597933
  -0.35862211206589   -2.15459003571182   -4.69686564591281
  -0.35953728062956   -2.16008833880565   -4.70431342535786
  -0.36049550058027   -2.16584529323865   -4.71154875239263
  -0.36197865249259   -2.17475602189764   -4.72383239455102
  -0.36243557388289   -2.17750119081364   -4.72668252664652
  -0.36416294638808   -2.18787918888580   -4.74129351835656
  -0.36442288431133   -2.18944088751086   -4.74332119044379
  -0.36609720820038   -2.19950017121516   -4.75640622094613
  -0.36682453270554   -2.20386991328856   -4.76212914404048
  -0.36792811753874   -2.21050021522808   -4.77128687244212
  -0.36930152769372   -2.21875161896277   -4.78244307328167
  -0.36975926350494   -2.22150168089335   -4.78616379011108
  -0.37148656382838   -2.23187924529988   -4.80082343875995
  -0.37177940385635   -2.23363861870461   -4.80274119204574
  -0.37342144123514   -2.24350392610083   -4.81592697486329
  -0.37418332058737   -2.24808127257638   -4.82152957929232
  -0.37525297941357   -2.25450774816446   -4.83080383172215
  -0.37662476177319   -2.26274937215745   -4.84106238022548
  -0.37712928054337   -2.26578050459041   -4.84548321041371
  -0.37891552838054   -2.27651222375044   -4.86057047203972
  -0.37906514926490   -2.27741114117839   -4.86156343578751
  -0.38079152747767   -2.28778316557382   -4.87525348999436
  -0.38158161481195   -2.29252998469209   -4.88165571982521
  -0.38262716067523   -2.29881159037984   -4.89012953824406
  -0.38402421237461   -2.30720503174772   -4.90115692941088
  -0.38449700794881   -2.31004557224659   -4.90480251767767
  -0.38632572865510   -2.32103246702884   -4.91974098452246
  -0.38646564874209   -2.32187310238033   -4.92064479092931
  -0.38822463364585   -2.33244102671936   -4.93500257468209
  -0.38883294151169   -2.33609572067793   -4.93967914408607
  -0.39009926210580   -2.34370373379897   -4.94969070470383
  -0.39134859863142   -2.35120970718649   -4.95981776647574
  -0.39193743652424   -2.35474742617771   -4.96456458632146
  -0.39365152026139   -2.36504558576178   -4.97929218919724
  -0.39379063029173   -2.36588135431919   -4.98019702523129
  -0.39559804665681   -2.37674025330939   -4.99434644721850
  -0.39619633739233   -2.38033476467340   -4.99905524021195
  -0.39742963994008   -2.38774440644118   -5.00923585215833
  -0.39863904987073   -2.39501050213912   -5.01953166551101
  -0.39925575597179   -2.39871565242293   -5.02413802365155
  -0.40108025287389   -2.40967717072644   -5.03813940394920
  -0.40120513167550   -2.41042743852242   -5.03918791263924
  -0.40287765171298   -2.42047588474491   -5.05411601184043
  -0.40352010335611   -2.42433571341177   -5.05860329813292
  -0.40486016998250   -2.43238679030651   -5.06902172901806
  -0.40592796751542   -2.43880208330487   -5.07740451421627
  -0.40669300800682   -2.44339842180220   -5.08390574931441
  -0.40840732520919   -2.45369798403780   -5.09770528811620
  -0.40855698088114   -2.45459711046840   -5.09862636407977
  -0.41035773476135   -2.46541598146532   -5.11368484252187
  -0.41084664615281   -2.46835334527236   -5.11724252985329
  -0.41218959265836   -2.47642172438785   -5.12857899294502
  -0.41329091391457   -2.48303842683007   -5.13679521590328
  -0.41406853075785   -2.48771032364227   -5.14326237502646
  -0.41570022230520   -2.49751347361820   -5.15651011314065
  -0.41588416826077   -2.49861861496239   -5.15820067848711
  -0.41768611075460   -2.50944462711144   -5.17326017095009
  -0.41817406935471   -2.51237626657885   -5.17681919961555
  -0.41956333758716   -2.52072294512952   -5.18794867793601
  -0.42058466470660   -2.52685904538859   -5.19561742241180
  -0.42150077363130   -2.53236299814097   -5.20306523303592
  -0.42302694030958   -2.54153215812090   -5.21517265885654
  -0.42336459653751   -2.54356078580365   -5.21778368699086
  -0.42506698854135   -2.55378870183267   -5.23262652719859
  -0.42550210987455   -2.55640289671161   -5.23547325676656
  -0.42699904946506   -2.56539646129468   -5.24774687212183
  -0.42794798989124   -2.57109766464474   -5.25503051087191
  -0.42887654725942   -2.57667640724247   -5.26243335843033
  -0.43039364224911   -2.58579106481108   -5.27458984737848
  -0.43071129979734   -2.58769954107390   -5.27732729402704
  -0.43254379764918   -2.59870912882431   -5.29222568745687
  -0.43287443935659   -2.60069561349495   -5.29493824455640
  -0.43433124392065   -2.60944804813881   -5.30732943725736
  -0.43523979496935   -2.61490659341701   -5.31389040716720
  -0.43620654006452   -2.62071476664179   -5.32202794104897
  -0.43775967798105   -2.63004596894768   -5.33400207201382
  -0.43808375943791   -2.63199303984550   -5.33670503785315
  -0.43988012044064   -2.64278551857669   -5.35181677925962
  -0.44020443568118   -2.64473399403930   -5.35451228429474
  -0.44181150838860   -2.65438923482218   -5.36694520467597
  -0.44260856558758   -2.65917792866186   -5.37329643204562
  -0.44364591959771   -2.66541031796113   -5.38183939480668
  -0.44505264590297   -2.67386188404789   -5.39285583661864
  -0.44552070596767   -2.67667397375901   -5.39653695499560
  -0.44731240817053   -2.68743846257148   -5.41164096823891
  -0.44745288649321   -2.68828245178489   -5.41264323345497
  -0.44914306359733   -2.69843698109196   -5.42655358918239
  -0.44990220041364   -2.70299785050053   -5.43216538727454
  -0.45097780097628   -2.70946002384877   -5.44144978653332
  -0.45238426134614   -2.71790999220419   -5.45246782081154
  -0.45285243411041   -2.72072275901066   -5.45614940087411
  -0.45472267821939   -2.73195912505167   -5.47087274865240
  -0.45486050208200   -2.73278716635496   -5.47179477059889
  -0.45652970386914   -2.74281567663684   -5.48594364190874
  -0.45731216017231   -2.74751664876727   -5.49236840405282
  -0.45846151153955   -2.75442191456121   -5.50107531451158
  -0.45967983402806   -2.76174155661811   -5.51040834359827
  -0.46033446701038   -2.76567457037638   -5.51577707754889
  -0.46212760321115   -2.77644767460185   -5.52995821204656
  -0.46226874216201   -2.77729563284797   -5.53095260322425
  -0.46396386188582   -2.78747985725406   -5.54578610139441
  -0.46456867838096   -2.79111357517055   -5.55046965074591
  -0.46583575301895   -2.79872611856279   -5.56049512404926
  -0.46705477512756   -2.80604996391463   -5.57079235558836
  -0.46777529065753   -2.81037879788559   -5.57563530963107
  -0.46949550599699   -2.82071379593782   -5.58942348983356
  -0.46963083188698   -2.82152682950245   -5.59048097729973
  -0.47134300895502   -2.83181353388030   -5.60520957305595
  -0.47194195318225   -2.83541197140134   -5.60992473926300
  -0.47317663831957   -2.84282991972246   -5.62011906164540
  -0.47438549370393   -2.85009268372426   -5.62949253031137
  -0.47511630520196   -2.85448337553787   -5.63524535144867
  -0.47682999751138   -2.86477918343684   -5.64906241726824
  -0.47697373118743   -2.86564273070794   -5.64999200837003
  -0.47868490108137   -2.87592338401637   -5.66484341613553
  -0.47927686023682   -2.87947985545236   -5.66956649117635
  -0.48061546264980   -2.88752213540041   -5.67998632305477
  -0.48175854541443   -2.89438973963281   -5.68897159255969
  -0.48249815077737   -2.89883326470207   -5.69467574259381
  -0.48420667753944   -2.90909803815982   -5.70857571657518
  -0.48434185934944   -2.90991020609657   -5.70957951978783
  -0.48616611486719   -2.92087027417075   -5.72450156804657
  -0.48661688888938   -2.92357850989824   -5.72829250182413
  -0.48799802664950   -2.93187634083445   -5.73941810690461
  -0.48905780926864   -2.93824348049032   -5.74786050624090
  -0.48993807934015   -2.94353211457341   -5.75455365746782
  -0.49146519563021   -2.95270697979011   -5.76667658434988
  -0.49179658599116   -2.95469796234698   -5.76929823900214
  -0.49361103888401   -2.96559913656820   -5.78437055167233
  -0.49393636369498   -2.96755367749723   -5.78701008493688
  -0.49534124884332   -2.97599418197278   -5.79907097182764
  -0.49642658542075   -2.98251484898253   -5.80732144178916
  -0.49732069202490   -2.98788661250564   -5.81399751016259
  -0.49884393238447   -2.99703819125747   -5.82710501609012
  -0.49913305576194   -2.99877523514637   -5.82896345294586
  -0.50099276172230   -3.00994828833172   -5.84382774983065
  -0.50131125134020   -3.01186176364214   -5.84644590643651
  -0.50272628695039   -3.02036325176377   -5.85852077773306
  -0.50377081302387   -3.02663873058744   -5.86703774834676
  -0.50465852446076   -3.03197207215270   -5.87366854802397
  -0.50621170153389   -3.04130350971017   -5.88565307871038
  -0.50653703140710   -3.04325808105293   -5.88836511824897
  -0.50833912894455   -3.05408502469903   -5.90349611363453
  -0.50861051637750   -3.05571551160757   -5.90542294064839
  -0.51016797057690   -3.06507264600116   -5.91842114717775
  -0.51110341895509   -3.07069278956384   -5.92574585203885
  -0.51200711147897   -3.07612214498225   -5.93333824374834
  -0.51355048946217   -3.08539470992476   -5.94533470244893
  -0.51387592236438   -3.08734990026244   -5.94804711919832
  -0.51577949816186   -3.09878652200850   -5.96339861759658
  -0.51591616117408   -3.09960758896025   -5.96439935573797
  -0.51754571192334   -3.10939787709062   -5.97789143948601
  -0.51848576870170   -3.11504570777229   -5.98530307919399
  -0.51939326131218   -3.12049789398792   -5.99280907847567
  -0.52085873146338   -3.12930239119871   -6.00428423391426
  -0.52132184735043   -3.13208477645061   -6.00796592404662
  -0.52311995549609   -3.14288775195995   -6.02309184514455
  -0.52325663496313   -3.14370891777172   -6.02409273586530
  -0.52499210578698   -3.15413557028013   -6.03781473894475
  -0.52574731651251   -3.15867285186242   -6.04345772140565
  -0.52683678451742   -3.16521834035475   -6.05272904773704
  -0.52819968318486   -3.17340659141273   -6.06398356561457
  -0.52866259917430   -3.17618777568628   -6.06766580708153
  -0.53053513952855   -3.18743793749448   -6.08241111266692
  -0.53070993358874   -3.18848809454755   -6.08401252660329
  -0.53234861640804   -3.19833324785897   -6.09750436501691
  -0.53312607804583   -3.20300421220163   -6.10391363565218
  -0.53417850272793   -3.20932714561008   -6.11243573730907
  -0.53557809588231   -3.21773585595729   -6.12446317119562
  -0.53588053328233   -3.21955289006251   -6.12735663787833
  -0.53683881011133   -3.22531018621842   -6.14232836676237
  -0.53733907278803   -3.22831574817957   -6.15736182165736
  -0.53758369135101   -3.22978540858425   -6.17244039176256
  -0.53782063896725   -3.23120898218935   -6.18724815272768
  -0.53804712053885   -3.23256967613716   -6.19852910396251
  -0.53817985390692   -3.23336713391408   -6.20217272372962
  -0.53830121790174   -3.23409628486477   -6.21714971123575
  -0.53851749819112   -3.23539568983932   -6.23210392134533
  -0.53867465301143   -3.23633987091046   -6.24702002684370
  -0.53883182058604   -3.23728412860905   -6.26193655748800
  -0.53898900092314   -3.23822846298422   -6.27685351422644
  -0.53914619403090   -3.23917287408512   -6.29177089800725
  -0.53915724080232   -3.23923924273007   -6.30673565439762
  -0.53894366440921   -3.23795608267670   -6.32170561676307
  -0.53805907788822   -3.23264151550496   -6.33139943809603
  -0.53732001757688   -3.22820126508805   -6.33723656644906
  -0.53559914486200   -3.21786231754564   -6.34913240862048
  -0.53514184690385   -3.21511488622215   -6.35192488505910
  -0.53312185805644   -3.20297885864198   -6.36379282132413
  -0.53255024591170   -3.19954463138743   -6.36681655191004
  -0.53072105255604   -3.18855489694305   -6.37798694017390
  -0.53011132054735   -3.18489164678034   -6.38171045961211
  -0.52828188084361   -3.17390043228463   -6.39194848832427
  -0.52751971495086   -3.16932136428288   -6.39660302298518
  -0.52584295014248   -3.15924741561429   -6.40684314683292
  -0.52508078305777   -3.15466834045129   -6.41149782012882
  -0.52340377348999   -3.14459292127620   -6.42080551544507
  -0.52248917173309   -3.13909802353911   -6.42639128708657
  -0.52092670891120   -3.12971079750383   -6.43640084191612
  -0.52016453914566   -3.12513170623447   -6.44105579373683
  -0.51851606906544   -3.11522775137637   -6.45060010037098
  -0.51745351555660   -3.10884396430488   -6.45621738229344
  -0.51608670697523   -3.10063222261060   -6.46456063636364
  -0.51501966588010   -3.09422147426599   -6.47107795497155
  -0.51364751746750   -3.08597765103864   -6.47852466455277
  -0.51242803973205   -3.07865106829548   -6.48597325025412
  -0.51120856221781   -3.07132448688133   -6.49342194464822
  -0.50998908179797   -3.06399788801044   -6.50087075721694
  -0.50876936479680   -3.05666986776661   -6.50738681193876
  -0.50739744655695   -3.04842742740968   -6.51576697722352
  -0.50632311812913   -3.04197289700626   -6.52228746876236
  -0.50491991012420   -3.03354246875397   -6.53045902909367
  -0.50389119302179   -3.02736196971655   -6.53625069145552
  -0.50236683234124   -3.01820366011256   -6.54556255302571
  -0.50141384310894   -3.01247813166639   -6.55091681454957
  -0.49977518166774   -3.00263310679388   -6.56046017627963
  -0.49896385718551   -2.99775869557852   -6.56485169938048
  -0.49687277769730   -2.98519555773065   -6.57538789421262
  -0.49652480348824   -2.98310493995138   -6.57714794178025
  -0.49406392627121   -2.96832006932420   -6.58522756809513
  -0.49284683088615   -2.96100779966505   -6.58990872088999
  -0.49161746945358   -2.95362183598972   -6.59448631697270
  -0.48921026966608   -2.93915945762090   -6.60227984991602
  -0.48844286011643   -2.93454888589828   -6.60501988200364
  -0.48676179087309   -2.92444907632391   -6.61062277456732
  -0.48429807593809   -2.90964715677911   -6.61868412551560
  -0.48399973134207   -2.90785471210773   -6.61968234511503
  -0.48185435915590   -2.89496538548873   -6.62703068108589
  -0.47971403908649   -2.88210641182362   -6.63442806728218
  -0.47940963585807   -2.88027756708506   -6.63535599813186
  -0.47700232552330   -2.86581452455182   -6.64318158473673
  -0.47515273592226   -2.85470225012568   -6.64947441450366
  -0.47455121437775   -2.85108832816590   -6.65150824501488
  -0.47209548459412   -2.83633438315190   -6.65867817600061
  -0.47057540912939   -2.82720181898581   -6.66431192644024
  -0.46967636187425   -2.82180037219158   -6.66734593550350
  -0.46721855465652   -2.80703394602080   -6.67544884020174
  -0.46617439985115   -2.80076069776396   -6.67938498912194
  -0.46479497411936   -2.79247315263851   -6.68408764721571
  -0.46236201884040   -2.77785603611109   -6.69155425175023
  -0.46172838937368   -2.77404921079442   -6.69409563868394
  -0.45991341478936   -2.76314490226776   -6.69989714259418
  -0.45745002386218   -2.74834492935144   -6.70796420065589
  -0.45715168975927   -2.74655254772238   -6.70896269824426
  -0.45503885262208   -2.73385869062403   -6.71573339593762
  -0.45275666932784   -2.72014740729822   -6.72393650229917
  -0.45257812903064   -2.71907474297446   -6.72483346257536
  -0.45018594538638   -2.70470258110802   -6.73189680689108
  -0.44806626537180   -2.69196761222391   -6.73905149890653
  -0.44772142317485   -2.68989581147192   -6.74023011722158
  -0.44525520558674   -2.67507885606833   -6.74632672731411
  -0.44280987779331   -2.66038740587458   -6.75187073005840
  -0.44189438814324   -2.65488717370412   -6.75372733207833
  -0.44036655730797   -2.64570801552293   -6.75649513133531
  -0.43791532522019   -2.63098109251996   -6.76102897302620
  -0.43548354620644   -2.61637104295585   -6.76390912192134
  -0.43334211833314   -2.60350541364083   -6.76830028784620
  -0.43303330782420   -2.60165009010360   -6.76932957750898
  -0.43057775793534   -2.58689722589159   -6.77363261466940
  -0.42813784496667   -2.57223830778967   -6.77740522380489
  -0.42569616556026   -2.55756877698706   -6.78203321734116
  -0.42523633135205   -2.55480610795536   -6.78291886468309
  -0.42325529699329   -2.54290411768155   -6.78668700542168
  -0.42083036143903   -2.52833518340037   -6.79076869535879
  -0.41837754896137   -2.51359876546623   -6.79513743237445
  -0.41716608243977   -2.50632031383646   -6.79805748039103
  -0.41593156242164   -2.49890335754610   -6.80061085217022
  -0.41351197887234   -2.48436657793744   -6.80474466309254
  -0.41105222609313   -2.46958846289630   -6.80996621432999
  -0.40954818065511   -2.46055220661151   -6.81309502436698
  -0.40873773782756   -2.45568309234890   -6.82671179809952
      
      
