# shadow point cont 3D ind 133  size 1196
# norm  0.5022655 -0.8647134  0.0000000
# angle  1.0445796
   3.04181018340517    1.76682394640462   -6.83670548467390
   3.05029767669344    1.77175387479676   -6.83560145953038
   3.06307007751627    1.77917267553257   -6.83327865740152
   3.07583371297932    1.78658638494229   -6.82943241825017
   3.07748875245296    1.78754770836419   -6.82872315480482
   3.08888735387146    1.79416854290922   -6.82474575706114
   3.10165311193575    1.80158348522385   -6.82085594894032
   3.11440250918208    1.80898892441922   -6.81681737804147
   3.12087512390923    1.81274851821575   -6.81417457743602
   3.12748638035661    1.81658864153140   -6.81178180067693
   3.14025224306285    1.82400364462690   -6.80789211620857
   3.15312680382137    1.83148178457518   -6.80327393745422
   3.16433394163675    1.83799140821011   -6.79939732736453
   3.16598475294123    1.83895027571593   -6.79862794562625
   3.17895302351644    1.84648284665700   -6.79418735524781
   3.19171902568450    1.85389793075837   -6.79029783041864
   3.20458867160712    1.86137321594280   -6.78574718456014
   3.20852967209974    1.86366233118120   -6.78454448734942
   3.21745250411254    1.86884512442582   -6.78103480060624
   3.23032839802327    1.87632403873051   -6.77708879234325
   3.24310002569428    1.88374239038401   -6.77324721786004
   3.25352196976514    1.88979593720063   -6.76948248179807
   3.25594165572291    1.89120140264232   -6.76858244930525
   3.26892225800873    1.89874113641087   -6.76344390871979
   3.28176775466317    1.90620239458416   -6.75944919190693
   3.29457357647777    1.91364060777670   -6.75536206313189
   3.29700978944465    1.91505567286917   -6.75454533450627
   3.30752625595172    1.92116412268553   -6.75048556957494
   3.32040376766261    1.92864397668334   -6.74654115511458
   3.33326599828297    1.93611495471747   -6.74223918716301
   3.33885572422221    1.93936172589904   -6.74024831357737
   3.34613144125701    1.94358779863510   -6.73752847527271
   3.35899964557357    1.95106224646810   -6.73289857465213
   3.37177326979109    1.95848175780809   -6.72743270968805
   3.37502253526510    1.96036908137582   -6.72566189429420
   3.38472973622001    1.96600747235540   -6.71948276039946
   3.39745582434360    1.97339937253493   -6.71182730412648
   3.39902810579561    1.97431262627281   -6.71082981151359
   3.41039900387711    1.98091736943927   -6.70347765953405
   3.42246353867229    1.98792500886879   -6.69617808828259
   3.42334008919762    1.98843414992790   -6.69539228936184
   3.43612573988216    1.99586064679580   -6.68768490638748
   3.44584122785150    2.00150385125638   -6.68149419731443
   3.44895208671932    2.00331078187011   -6.67944788981226
   3.46185135941374    2.01080327565294   -6.67095946454158
   3.46983952957159    2.01544317409231   -6.66630538196049
   3.47459888070228    2.01820762520531   -6.66338635349615
   3.48749424585157    2.02569784930532   -6.65506128692499
   3.49308772567381    2.02894680091564   -6.65136795407394
   3.50044195988024    2.03321848005403   -6.64680617543822
   3.51324718522567    2.04065634678971   -6.63851199893061
   3.51637244295538    2.04247164092794   -6.63648683968591
   3.52616849106484    2.04816163844138   -6.63008266215348
   3.53894938401837    2.05558537179921   -6.62263933008790
   3.54052180545322    2.05649870684559   -6.62164208356272
   3.55189691824104    2.06310589810828   -6.61429328128137
   3.56381842591914    2.07003046077752   -6.60676838871635
   3.56469109299922    2.07053734615213   -6.60596785250863
   3.57756179591732    2.07801324528839   -6.59749142982270
   3.58711169106274    2.08356026578317   -6.59162673285088
   3.59048800512131    2.08552138504097   -6.58921056837747
   3.60328102641253    2.09295216309790   -6.58169165212017
   3.61050877003704    2.09715037065994   -6.57695197052835
   3.61621743495779    2.10046622709931   -6.57342302078819
   3.62894121170027    2.10785678472186   -6.56504455415308
   3.63150559902255    2.10934629940413   -6.56256332346920
   3.64196229007996    2.11542002887653   -6.55333172246718
   3.64760748824398    2.11869902089017   -6.54788939495517
   3.65495280145661    2.12296551830303   -6.53962745668442
   3.66066062213977    2.12628088437019   -6.53322971126104
   3.66788922104652    2.13047958871968   -6.52485258588630
   3.67411403775294    2.13409524997260   -6.51810629752364
   3.68075951475623    2.13795525016878   -6.51089116765890
   3.68797218083574    2.14214469999580   -6.50344998164931
   3.69359446694689    2.14541038363015   -6.49693479752353
   3.70144920656072    2.14997277944242   -6.48832626360710
   3.70634916455688    2.15281890152170   -6.48284175806152
   3.71448957445217    2.15754722783707   -6.47366765467861
   3.71919526553324    2.16028051071310   -6.46887346560164
   3.72813500386307    2.16547312392805   -6.45878100482854
   3.73215096878974    2.16780578197459   -6.45412768080103
   3.74161692748514    2.17330404829967   -6.44365837672068
   3.74489183976164    2.17520626871568   -6.44001337147593
   3.75524483171223    2.18121976495388   -6.42877209842124
   3.75765443123783    2.18261937172958   -6.42598025299735
   3.76829834129285    2.18880184664901   -6.41411574693588
   3.77070795036923    2.19020145897225   -6.41132397699749
   3.78116505303753    2.19627542752728   -6.39922407968520
   3.78362966127100    2.19770698590299   -6.39650209768611
   3.79480587762702    2.20419864892514   -6.38434009684005
   3.79641229772149    2.20513173196444   -6.38247901594812
   3.80829911650371    2.21203614571964   -6.36921932199330
   3.80912247179389    2.21251438852750   -6.36831460110571
   3.82131366253074    2.21959559558196   -6.35456605824642
   3.82211687994835    2.22006214138266   -6.35363556690543
   3.83409468878807    2.22701940636880   -6.33971236924105
   3.83497768205004    2.22753228966712   -6.33790942319570
   3.84112146205815    2.23110088106016   -6.32520652501183
   3.84317581099995    2.23229414187718   -6.31026849098485
   3.84357635114884    2.23252679410854   -6.29525957646110
   3.84355193501585    2.23251261209000   -6.28024922038175
   3.84351949424918    2.23249376899330   -6.26532771343948
   3.84348712462885    2.23247496722170   -6.25040662764796
   3.84345482616026    2.23245620677832   -6.23548596206661
   3.84342259884877    2.23243748766626   -6.22056571575489
   3.84379292736849    2.23265259158703   -6.20564989565536
   3.84415523626106    2.23286303733768   -6.19081307571391
   3.84372970960239    2.23261587178656   -6.17575647207104
   3.84369687513175    2.23259680000841   -6.16089288813363
   3.84326252983600    2.23234451218528   -6.14597074032091
   3.84173990895648    2.23146010360321   -6.13032275683008
   3.83607900051000    2.22817198633140   -6.11725621010509
   3.83498624499718    2.22753726342260   -6.11522098828048
   3.82453909025586    2.22146907308336   -6.10029306738736
   3.82305416749843    2.22060656131299   -6.09831268406669
   3.81345787884046    2.21503259332182   -6.08481069356522
   3.81037324762462    2.21324089694060   -6.08102928490921
   3.80214530240644    2.20846172606383   -6.07015993172802
   3.79722682428066    2.20560484663727   -6.06355365353384
   3.79078693431956    2.20186426089738   -6.05519940769304
   3.78414802174234    2.19800807362327   -6.04600849155033
   3.78011369444807    2.19566474986492   -6.04050094904602
   3.77132817392170    2.19056171347813   -6.02823811411916
   3.76901334460022    2.18921715361725   -6.02531790326862
   3.75869536260601    2.18322399277987   -6.01204647148581
   3.75717549464753    2.18234118322158   -6.01008482648357
   3.74697207215231    2.17641456383612   -5.99565993126404
   3.74541603187492    2.17551074372313   -5.99373415275616
   3.73600857371806    2.17004645721472   -5.98089477550971
   3.73276499260948    2.16816243538916   -5.97669074969013
   3.72469190868950    2.16347321511204   -5.96556802877293
   3.71977883423228    2.16061947438593   -5.95896454107814
   3.71333877593715    2.15687879086986   -5.95061252630073
   3.70690388445198    2.15314110847583   -5.94215127001623
   3.70210636924215    2.15035448990172   -5.93568906845236
   3.69384254190048    2.14555447702917   -5.92445275731869
   3.69077923617065    2.14377516747588   -5.92074080411391
   3.68083978768040    2.13800187639334   -5.90702070759823
   3.68008244602830    2.13756197735762   -5.90604150812488
   3.66895921156076    2.13110108866511   -5.89085849712078
   3.66818139310436    2.13064929575501   -5.88989589871801
   3.65856056736037    2.12506107549018   -5.87632283017749
   3.65522757690142    2.12312512058145   -5.87214754457516
   3.64650756425915    2.11806013420150   -5.86102312576418
   3.64234242075031    2.11564082633943   -5.85534039815477
   3.63513067206632    2.11145190937813   -5.84606015205592
   3.62926356443917    2.10804402209169   -5.83780910535746
   3.62437722447338    2.10520580999387   -5.83134842869525
   3.61619921038076    2.10045564142263   -5.82026399152495
   3.61313167313898    2.09867387401163   -5.81642525909605
   3.60361623206269    2.09314686603266   -5.80322735172096
   3.60204493061113    2.09223418152434   -5.80125450765604
   3.59136375955598    2.08603006369383   -5.78656239064822
   3.59060303253248    2.08558819827792   -5.78558621895248
   3.58023416520073    2.07956548088459   -5.77142031821814
   3.57790782098617    2.07821423264159   -5.76852787457416
   3.56909362753231    2.07309454169325   -5.75649243454512
   3.56493591947625    2.07067955268583   -5.75081262204855
   3.55772294687586    2.06648992481731   -5.74153466040761
   3.55206099522925    2.06320120160664   -5.73400986407585
   3.54581974810669    2.05957599680861   -5.72636300633840
   3.53899842523979    2.05561385720728   -5.71647609996320
   3.53516508956410    2.05338727867081   -5.71167849133265
   3.52613330053217    2.04814119815351   -5.69952284988638
   3.52442308595147    2.04714782647924   -5.69697342565640
   3.51340271441014    2.04074668532858   -5.68283211642910
   3.51266103922232    2.04031588609941   -5.68184309204091
   3.50220858024672    2.03424461481574   -5.66665742516524
   3.50042387527971    2.03320797568218   -5.66404505533899
   3.49150597200090    2.02802804527407   -5.65224491446314
   3.48745077814747    2.02567260125371   -5.64648897920029
   3.47958597165784    2.02110435813469   -5.63678269671032
   3.47466609532004    2.01824666656195   -5.63045067749631
   3.46879819135050    2.01483831672305   -5.62233700414848
   3.46159853991771    2.01065642640438   -5.61292637926244
   3.45699513578921    2.00798255651809   -5.60719429863672
   3.44898301330404    2.00332874545993   -5.59591655847920
   3.44647383130477    2.00187129658085   -5.59225954881742
   3.43594820602437    1.99575752692561   -5.57829465100581
   3.43517310973747    1.99530731517738   -5.57733101456839
   3.42450268261895    1.98910943792185   -5.56264901359456
   3.42278422520140    1.98811127842696   -5.55995154114911
   3.41330328440487    1.98260430980508   -5.54747144758608
   3.41006653597766    1.98072425671667   -5.54295656077411
   3.40219282834280    1.97615084340108   -5.53257951094668
   3.39730194899091    1.97330999461800   -5.52598662167453
   3.39086079856330    1.96956867674090   -5.51764364457274
   3.38443756308854    1.96583776469646   -5.50919311203834
   3.37963123464484    1.96304602698878   -5.50273614513723
   3.37140609402098    1.95826848515001   -5.49151615350042
   3.36832138380755    1.95647674288334   -5.48780674084098
   3.35855575362970    1.95080441351049   -5.47382150576526
   3.35776569631777    1.95034551170743   -5.47287224393837
   3.34634315744490    1.94371077318251   -5.45820126629499
   3.34558302075387    1.94326925065899   -5.45722596416465
   3.33580378313054    1.93758901745287   -5.44330519875088
   3.33270435897312    1.93578872864745   -5.43945205870870
   3.32408280663496    1.93078093256296   -5.42815577976900
   3.31994839073652    1.92837947271723   -5.42248444918437
   3.31273131540145    1.92418746179078   -5.41321358126037
   3.30688071633814    1.92078916344125   -5.40497337792867
   3.30205558524089    1.91798650428333   -5.39853811646691
   3.29424922416038    1.91345220895926   -5.38797159056983
   3.29041320409416    1.91122407120469   -5.38315129211421
   3.28118364103449    1.90586311439100   -5.37030895446782
   3.27968376884131    1.90499191929740   -5.36846030578967
   3.26900666478135    1.89879016376567   -5.35378383141932
   3.26824670624589    1.89834874472314   -5.35280879397262
   3.25789710436070    1.89233721759161   -5.33866045400859
   3.25557307253915    1.89098731249335   -5.33577138581267
   3.24655121375726    1.88574699992424   -5.32370098099072
   3.24271444641159    1.88351842811523   -5.31898721791229
   3.23540360854180    1.87927195557493   -5.30880832707274
   3.22955690108987    1.87587591765315   -5.30057055263517
   3.22409541656830    1.87270363501426   -5.29388686084464
   3.21670460769815    1.86841071162071   -5.28377919925558
   3.21286613944882    1.86618115184823   -5.27898583326784
   3.20387044410306    1.86095603621210   -5.26684574177358
   3.20213953480680    1.85995064409054   -5.26429808575479
   3.19162284087714    1.85384206217662   -5.24937747867572
   3.19083207623393    1.85338274952285   -5.24842987262163
   3.17961089124013    1.84686496663743   -5.23448132893080
   3.17809137565991    1.84598236175673   -5.23253184990241
   3.16844106987100    1.84037701811924   -5.21931781411835
   3.16519102505182    1.83848924187181   -5.21480622007742
   3.15787547427902    1.83424003185962   -5.20466502378440
   3.15236025494690    1.83103653755915   -5.19708266615348
   3.14670139016784    1.82774960734382   -5.18950027038241
   3.13938434087805    1.82349952692370   -5.18034611259846
   3.13533058096987    1.82114491580502   -5.17484674050631
   3.12637326141765    1.81594209060350   -5.16271111417663
   3.12407536180478    1.81460736429987   -5.15994496700605
   3.11375598712214    1.80861339452468   -5.14575238848938
   3.11298162896120    1.80816361151412   -5.14478983553133
   3.10231324731114    1.80196692236121   -5.13012274711972
   3.10079406993167    1.80108451392313   -5.12817377377667
   3.09115266924261    1.79548434277923   -5.11496339645697
   3.08789837191603    1.79359409647895   -5.11045288868884
   3.07988324413645    1.78893853980691   -5.10005732089029
   3.07504978953077    1.78613104597058   -5.09367117370951
   3.06861417983575    1.78239294640707   -5.08515178791372
   3.06201869271254    1.77856198264376   -5.07613751805957
   3.05799893417503    1.77622712109271   -5.07048958549251
   3.04925960854370    1.77115091683608   -5.05921626049624
   3.04675662452568    1.76969706803097   -5.05559291561632
   3.03644817688200    1.76370944518505   -5.04139385052745
   3.03565884539800    1.76325096497639   -5.04044564444979
   3.02422928749593    1.75661214947490   -5.02578907933594
   3.02327245742381    1.75605637834451   -5.02406936479332
   3.01368087187022    1.75048514213374   -5.01086735049217
   3.01069862139251    1.74875291321724   -5.00702775516658
   3.00261461042222    1.74405734600426   -4.99573302464342
   2.99767489863585    1.74118813308621   -4.98939401471288
   2.99121958190269    1.73743858676409   -4.98108008194817
   2.98481802890864    1.73372026890659   -4.97261971535474
   2.97993378091903    1.73088327192522   -4.96617285785733
   2.97177203701269    1.72614255383019   -4.95511301377892
   2.96869258393212    1.72435386514926   -4.95128049458232
   2.95875705153634    1.71858284871539   -4.93752591522645
   2.95799635117026    1.71814099878335   -4.93661316711160
   2.94696607353886    1.71173410371771   -4.92148300729745
   2.94620681077010    1.71129308880864   -4.92050900937635
   2.93587543952912    1.70529215087788   -4.90637656366025
   2.93355350037822    1.70394346129945   -4.90349058923291
   2.92455922876740    1.69871917263438   -4.89143295466192
   2.92050470801660    1.69636411958314   -4.88598767690710
   2.91389789783527    1.69252657886433   -4.87676827343044
   2.90766581834544    1.68890669905112   -4.86921300577029
   2.90210614452037    1.68567738352646   -4.86165015507793
   2.89472219105870    1.68138844207101   -4.85155299239066
   2.89087826489378    1.67915571208890   -4.84676371672376
   2.88191761629249    1.67395095322181   -4.83463709292180
   2.87959629340914    1.67260262160006   -4.83186144221111
   2.86909374920746    1.66650225850215   -4.81792352662498
   2.86831990290766    1.66605277280420   -4.81696173328858
   2.85765242190251    1.65985660678748   -4.80230521353966
   2.85593700963146    1.65886021605443   -4.79961261827462
   2.84725205402719    1.65381559242249   -4.78744385623751
   2.84346354900674    1.65161505360264   -4.78245165825308
   2.83545922283348    1.64696577100279   -4.77203164055163
   2.83052290280416    1.64409852817399   -4.76571378231880
   2.82465054924288    1.64068759380655   -4.75761623025742
   2.81747403873576    1.63651914480708   -4.74822661618172
   2.81337707354704    1.63413943806452   -4.74271874195720
   2.80444074952410    1.62894880803682   -4.73072079495932
   2.80213576782656    1.62760996813107   -4.72783292840473
   2.79186520361331    1.62164434973251   -4.71366770965888
   2.79109151070437    1.62119495313106   -4.71270614616756
   2.78040200517746    1.61498599425414   -4.69804407937977
   2.77885038342339    1.61408474062372   -4.69612477569057
   2.76927777438425    1.60852452684963   -4.68324919603978
   2.76622819393353    1.60675318957283   -4.67913647472698
   2.75804151789474    1.60199798974290   -4.66801837689087
   2.75298989776796    1.59906377528835   -4.66089902448035
   2.74738495192944    1.59580816368582   -4.65336107676562
   2.74004551229127    1.59154507791648   -4.64420107032477
   2.73594802653617    1.58916506880492   -4.63872145612328
   2.72742400190655    1.58421392132125   -4.62721814269613
   2.72435298210310    1.58243013107746   -4.62336841700965
   2.71441311762934    1.57665659837247   -4.60962292881873
   2.71365273462417    1.57621493277831   -4.60870558056196
   2.70240829034343    1.56968363982400   -4.59382325056617
   2.70164950791871    1.56924290392095   -4.59284997829012
   2.69205420380258    1.56366950779718   -4.57901898855321
   2.68874656884884    1.56174828053780   -4.57422068964470
   2.68016778950113    1.55676532898311   -4.56383532510973
   2.67609333621559    1.55439869819442   -4.55818236686067
   2.66886374250318    1.55019941601582   -4.54892890713117
   2.66335255510237    1.54699826364741   -4.54216253610670
   2.65599588876944    1.54272517181753   -4.53378855901351
   2.65034896859194    1.53944517957888   -4.52824443076284
   2.64144732107305    1.53427469126747   -4.51912806086720
   2.63739355851490    1.53192007860957   -4.51525960450693
   2.62527047330614    1.52487843039365   -4.50423360740845
   2.62442748881117    1.52438878603638   -4.50335966287210
   2.61172581239667    1.51701106530580   -4.49196254998668
   2.60856472863871    1.51517496175449   -4.48911125417625
   2.59884539113833    1.50952952130835   -4.47987353036144
   2.59382612929521    1.50661410204055   -4.47468336780107
   2.58602568050215    1.50208324084629   -4.46682617111429
   2.57801107663491    1.49742798848675   -4.45933194405046
   2.57315010692013    1.49460451260332   -4.45473529394858
   2.56194762552088    1.48809759363009   -4.44437425876864
   2.56024387127187    1.48710797441507   -4.44266192148248
   2.54719397854311    1.47952799355467   -4.43086047814180
   2.54636676393529    1.47904750907675   -4.43000454006953
   2.53443309955376    1.47211588523228   -4.41868491600372
   2.53043084301000    1.46979118964814   -4.41488939792870
   2.52181376947449    1.46478599505923   -4.40723538072160
   2.51455354159238    1.46056891913896   -4.39976928325001
   2.50885108565190    1.45725666916231   -4.39425290011288
   2.49859588238861    1.45129997311346   -4.38488082399850
   2.49596103336439    1.44976953101798   -4.38217438307636
   2.48322329866592    1.44237086596946   -4.37086606539169
   2.48237792706393    1.44187983507011   -4.36999730487118
   2.47013026676744    1.43476582788540   -4.35821711600194
   2.46696577295976    1.43292774361960   -4.35533539327601
   2.45752244647271    1.42744262312718   -4.34675765984772
   2.45098834700394    1.42364731615090   -4.34023587444622
   2.44462921003823    1.41995363548312   -4.33467693100361
   2.43556228141647    1.41468714426791   -4.32557622665022
   2.43154701353026    1.41235489109468   -4.32194580647158
   2.41956367823571    1.40539441608815   -4.31067717289507
   2.41872103106128    1.40490496766225   -4.30980365585784
   2.40582779910489    1.39741598261927   -4.29776614514239
   2.40414693597316    1.39643965962319   -4.29601961773958
   2.39323663158240    1.39010245056087   -4.28629021305372
   2.38754941949534    1.38679905491885   -4.28068734170884
   2.38034647966887    1.38261525454914   -4.27421158689754
   2.37225098659064    1.37791301799716   -4.26602822677846
   2.36746309381309    1.37513198857648   -4.26120337400673
   2.35626840422710    1.36862959544853   -4.25084616994622
   2.35475847499302    1.36775255876074   -4.24976676337562
   2.34152025860427    1.36006319081433   -4.23733914235197
   2.34004895715439    1.35920859092897   -4.23625647984994
   2.32875648995163    1.35264940404194   -4.22517190213159
   2.32481023693368    1.35035723789406   -4.22137535319745
   2.31598865239547    1.34523325386232   -4.21287101574242
   2.30870673290369    1.34100357845257   -4.20649371440610
   2.30305218795116    1.33771915739216   -4.20098934823710
   2.29292323488531    1.33183579329325   -4.19138553495689
   2.29049931715333    1.33042786984150   -4.18930867151726
   2.27738177570608    1.32280859547869   -4.17756410153618
   2.27659827172125    1.32235350015090   -4.17673078001025
   2.26447884187751    1.31531397513994   -4.16473298799397
   2.26131781911892    1.31347790701988   -4.16185197631845
   2.25187172147930    1.30799117691397   -4.15327993546217
   2.24535237761944    1.30420444067734   -4.14675726214172
   2.23898600644095    1.30050655804442   -4.14120435299764
   2.22925621895921    1.29485504776611   -4.13188782196853
   2.22610772367314    1.29302625618112   -4.12912799196902
   2.21393270529943    1.28595444278265   -4.11721503967315
   2.21309037171342    1.28546517650340   -4.11634192725700
   2.20039785917472    1.27809277857543   -4.10495605615571
   2.19787832658501    1.27662931759501   -4.10233656507580
   2.18753004631658    1.27061855811958   -4.09287770171159
   2.18183209384448    1.26730892396552   -4.08745905302979
   2.17472692743095    1.26318191491311   -4.08076736402348
   2.16662356599146    1.25847510805324   -4.07258941382476
   2.16185046931810    1.25570267289374   -4.06776441294015
   2.15066322003411    1.24920460143709   -4.05741080075689
   2.14896074904389    1.24821572759809   -4.05570009304747
   2.13592017434763    1.24064115908164   -4.04391015564014
   2.13444341854532    1.23978339105629   -4.04282994359018
   2.12335188987975    1.23334091855900   -4.03241207616999
   2.11851356012079    1.23053059300832   -4.02773004616191
   2.11047322482194    1.22586039464399   -4.02033995395257
   2.10246820103504    1.22121070683790   -4.01285310469724
   2.09765634840018    1.21841576042467   -4.00824061082170
   2.08701076220378    1.21223231192485   -3.99805331022321
   2.08477405292174    1.21093312779357   -3.99617125910005
   2.07180957211357    1.20340275812436   -3.98415984937756
   2.07101343623813    1.20294032561066   -3.98333180917224
   2.05889902067691    1.19590371312674   -3.97133915453390
   2.05574135162511    1.19406959299460   -3.96845880724849
   2.04622430057884    1.18854164987065   -3.95992235054959
   2.03895404008598    1.18431874654636   -3.95337618675777
   2.03328935051509    1.18102843302272   -3.94882210780795
   2.02116881591163    1.17398826631625   -3.93871564362720
   2.02030419024789    1.17348605176791   -3.93789332748124
   2.00764953395092    1.16613564249485   -3.92833550483878
   2.00207811903033    1.16289950719924   -3.92361320966317
   1.99492463366761    1.15874443226785   -3.91783369813350
   1.98286367116166    1.15173886778902   -3.90842612375524
   1.98198581244721    1.15122896687321   -3.90765095915307
   1.96911697653861    1.14375415218237   -3.89858590895667
   1.96354585824867    1.14051818918356   -3.89386396601537
   1.95639371290263    1.13636389259579   -3.88808450180069
   1.94507355199152    1.12978861992295   -3.87888717003406
   1.94333271166210    1.12877745939832   -3.87727883970828
   1.93055879615720    1.12135777886515   -3.86792803094903
   1.92576781658272    1.11857495649014   -3.86412977675804
   1.91790581439639    1.11400834224008   -3.85832462294710
   1.90654569164961    1.10740985788606   -3.84914071504301
   1.90498558461437    1.10650367561214   -3.84812742481269
   1.89203061881917    1.09897883270226   -3.83818291614414
   1.88791942905847    1.09659086367085   -3.83459948851185
   1.87918823700759    1.09151938377367   -3.82795894259212
   1.86895572052312    1.08557586525454   -3.81950213172062
   1.86645951108601    1.08412595143915   -3.81745500154429
   1.85376321698902    1.07675135700734   -3.80811863800448
   1.84892813532867    1.07394291810247   -3.80422778934505
   1.84083410745629    1.06924153260977   -3.79791516494851
   1.83037886207580    1.06316864285335   -3.78955808222104
   1.82793558207251    1.06174947289950   -3.78771318725094
   1.81504197714497    1.05426027121764   -3.77773278408400
   1.81177839408304    1.05236463133309   -3.77490854270776
   1.80212263831693    1.04675612209696   -3.76756038431684
   1.79321406407803    1.04158161042641   -3.76024803792949
   1.78927833545321    1.03929555733249   -3.75734080017728
   1.77655198017311    1.03190350197611   -3.74776103678286
   1.77330851525507    1.03001954763939   -3.74515612232493
   1.76376778779419    1.02447785215952   -3.73751613489675
   1.75486261528781    1.01930531637245   -3.73028643858556
   1.75089313503530    1.01699965877318   -3.72730799543015
   1.73812808191431    1.00958512592220   -3.71727819382154
   1.73563798861433    1.00813876464194   -3.71523164257386
   1.72529678623778    1.00213211633325   -3.70776598774144
   1.71706230991610    0.99734915188970   -3.70057527683506
   1.71219422896747    0.99452154547297   -3.69697806420821
   1.69924979106623    0.98700281765049   -3.68698610939186
   1.69771762006532    0.98611286191651   -3.68590944301511
   1.68658739555022    0.97964791308130   -3.67740785327855
   1.67865180751784    0.97503855677074   -3.67081676495877
   1.67385798746343    0.97225408451369   -3.66691164936099
   1.66086769229020    0.96470872066813   -3.65699990174944
   1.66001065011077    0.96421091095800   -3.65617755557398
   1.64824062053562    0.95737433377224   -3.64737914168064
   1.64086938573404    0.95309277990243   -3.64109894545501
   1.63516266596900    0.94977805329940   -3.63658609551305
   1.62296900079288    0.94269540897625   -3.62669218834919
   1.62210195405761    0.94219178815766   -3.62584957022160
   1.60953743592779    0.93489373529825   -3.61703314915151
   1.60235552730416    0.93072215082321   -3.61137011867553
   1.59669122494425    0.92743206220960   -3.60682109047919
   1.58445443016165    0.92032436621756   -3.59691708315737
   1.58358922277868    0.91982181377982   -3.59612167077052
   1.57107568003263    0.91255336977936   -3.58727096204919
   1.56466944916879    0.90883233479888   -3.58163837551471
   1.55813801873919    0.90503857812391   -3.57620267230706
   1.54606892142635    0.89802828857326   -3.56699594263221
   1.54520486469574    0.89752640448758   -3.56617433659638
   1.53244867820415    0.89011702178477   -3.55671143415836
   1.52601162888636    0.88637808602182   -3.55213323594184
   1.51958888551287    0.88264745981253   -3.54744801932780
   1.50687601917134    0.87526323945512   -3.53969229632034
   1.50283605297009    0.87291664035898   -3.53706568282695
   1.49408881302828    0.86783583910502   -3.53130148493877
   1.48120516286819    0.86035241961220   -3.52297007316286
   1.47960075993545    0.85942050823367   -3.52204095918602
   1.46844647763277    0.85294158552349   -3.51549348327877
   1.45641742146730    0.84595455372192   -3.50699164893482
   1.45553495038864    0.84544197373178   -3.50624860178688
   1.44289686504526    0.83810118963447   -3.49936590461210
   1.43239672877658    0.83200222517534   -3.49225031408230
   1.42986539186956    0.83053190770184   -3.49045581895551
   1.41710596482095    0.82312064273373   -3.48298070767453
   1.40900932369077    0.81841773934013   -3.47745070934808
   1.40424326705915    0.81564939336226   -3.47463504964345
   1.39141544355262    0.80819840057012   -3.46627190412455
   1.38578860614992    0.80493007333529   -3.46256301622566
   1.37852809333779    0.80071283191450   -3.45794443511029
   1.36576790971228    0.79330112749156   -3.45047077938398
   1.36171711984645    0.79094824151076   -3.44770549844867
   1.35290632451568    0.78583052434938   -3.44212558332802
   1.34012886210457    0.77840878360915   -3.43361049716443
   1.33853575901386    0.77748343570114   -3.43265756138998
   1.32724523868587    0.77092537964897   -3.42540451839898
   1.31596401515763    0.76437272360778   -3.41800605509145
   1.31435985008722    0.76344095039068   -3.41707721543957
   1.30144283893587    0.75593815329220   -3.40899639453463
   1.29207981502895    0.75049967624989   -3.40290025133877
   1.28879646916642    0.74859255721732   -3.40093330318526
   1.27579355105834    0.74103986138776   -3.39319144367803
   1.26939644888286    0.73732412877141   -3.38845619605460
   1.26302787407860    0.73362496617079   -3.38457214996728
   1.25031213459678    0.72623907696071   -3.37708305983746
   1.24538303099938    0.72337602576912   -3.37342816112181
   1.23740678701515    0.71874305460262   -3.36875750985024
   1.22446105765341    0.71122357664019   -3.35976173107291
   1.22215129665632    0.70988196069637   -3.35855286964281
   1.21169815367379    0.70381029210985   -3.35206982000152
   1.19951358811768    0.69673293326658   -3.34408318269490
   1.19863386072209    0.69622194693439   -3.34332342609064
   1.18608348090431    0.68893210626008   -3.33625370499212
   1.17480626446883    0.68238177772357   -3.32885539744318
   1.17320228682063    0.68145011336996   -3.32792678158603
   1.16028182472519    0.67394531180365   -3.31985035436822
   1.15231288054540    0.66931658070096   -3.31416493741268
   1.14749691905397    0.66651924767392   -3.31124630914305
   1.13456981243837    0.65901058666319   -3.30412296979737
   1.12525767166869    0.65360166489880   -3.29889833330984
   1.12181581549290    0.65160247574997   -3.29701713997911
   1.10880882646607    0.64404741534265   -3.29445808964542
   1.09606261442917    0.63664382626415   -3.29438752582604
   1.08314647482957    0.62914153540320   -3.29393110782606
   1.07031531446591    0.62168860441022   -3.29392564068006
   1.05748421289132    0.61423570756465   -3.29392024612690
   1.04465316933317    0.60678284441770   -3.29391492417905
   1.03182218301879    0.59933001452059   -3.29390967484896
   1.01899125317554    0.59187721742451   -3.29390449814905
   1.00616044035039    0.58442448829796   -3.29348133091415
   0.99332962725501    0.57697175901445   -3.29347556355987
   0.98049879474605    0.56951901845462   -3.29388940395405
   0.96766808306082    0.56206634807481   -3.29388451789839
   0.95483750975764    0.55461375807369   -3.29345870563574
   0.94200690861268    0.54716115190077   -3.29345323437422
   0.92917635852375    0.53970857538356   -3.29344783713611
   0.91634585871823    0.53225602807327   -3.29344251392148
   0.90351540842349    0.52480350952114   -3.29343726473042
   0.89076883498193    0.51739971052210   -3.29336832195691
   0.87775345107209    0.50983977397872   -3.29303897410041
   0.86502434687773    0.50244612192588   -3.29342196129953
   0.85219408689987    0.49499371391859   -3.29341700820360
   0.83944739498403    0.48758984610422   -3.29334844536409
   0.82653380060869    0.48008903362716   -3.29290762201680
   0.81370367300486    0.47263670250883   -3.29290361066981
   0.80087358873651    0.46518439656173   -3.29289967214082
   0.78804354703099    0.45773211533710   -3.29289580644173
   0.77521354711567    0.45027985838615   -3.29289201358442
   0.76238358821791    0.44282762526010   -3.29288829358071
   0.74955366956509    0.43537541551016   -3.29288464644242
   0.73672379038455    0.42792322868755   -3.29288107218134
   0.72389394990368    0.42047106434349   -3.29287757080921
   0.71106434792932    0.41301903853504   -3.29243949617639
   0.69823438195038    0.40556680129591   -3.29287078677873
   0.68540486545456    0.39811482513735   -3.29243144260678
   0.67257517800788    0.39066274968262   -3.29242752683181
   0.65974552539149    0.38321069445895   -3.29242368506353
   0.64691590683280    0.37575865901755   -3.29241991730200
   0.63408632155918    0.36830664290966   -3.29241622354733
   0.62125676879802    0.36085464568651   -3.29241260379958
   0.60850941217471    0.35345039177932   -3.29234570661217
   0.59549818091821    0.34589286728893   -3.29201807484159
   0.58285031288425    0.33854640095277   -3.29233886206047
   0.56993892091879    0.33104686773718   -3.29191332370227
   0.55710951699125    0.32359495696347   -3.29191077217075
   0.54428014094591    0.31614306238504   -3.29190829367083
   0.53145079201017    0.30869118355312   -3.29190588821383
   0.51862146941139    0.30123932001892   -3.29190355581104
   0.50579217237696    0.29378747133367   -3.29190129647372
   0.49296320148009    0.28633581208420   -3.29145257874973
   0.48013395912561    0.27888399515960   -3.29144977378352
   0.46730474001164    0.27143219173416   -3.29144704280677
   0.45455681512089    0.26402760775097   -3.29138119459437
   0.44164672553736    0.25652883101899   -3.29051390841272
   0.42871855464693    0.24901955182825   -3.29105149651371
   0.41598808050860    0.24162510404864   -3.29143685879605
   0.40315896600803    0.23417336138750   -3.29143449776787
   0.39032987011232    0.22672162953292   -3.29143221072968
   0.37750079204886    0.21926990803614   -3.29142999768154
   0.36475248622675    0.21186510279040   -3.29136471329789
   0.35184270414721    0.20436650467096   -3.29095198653613
   0.33891549205532    0.19685778239473   -3.29103589804257
   0.32624056273849    0.18949559761471   -3.29089302307944
   0.31335565386534    0.18201144700317   -3.29094828344246
   0.30052666453866    0.17455977704881   -3.29094719550893
   0.28769808219846    0.16710834349101   -3.29048868994874
   0.27486912273117    0.15965669088036   -3.29048706922760
   0.26204017414215    0.15220504458832   -3.29048552247880
   0.24921082379877    0.14475316493877   -3.29094357621670
   0.23638230650853    0.13730176916500   -3.29048265089854
   0.22355338591874    0.12985013913620   -3.29048132606727
   0.21072447311682    0.12239851363096   -3.29048007520868
   0.19789556733019    0.11494689220051   -3.29047889832287
   0.18506666778624    0.10749527439612   -3.29047779540991
   0.17223777371238    0.10004365976900   -3.29047676646991
   0.15940888433601    0.09259204787040   -3.29047581150294
   0.14657999888455    0.08514043825156   -3.29047493050909
   0.13383055273582    0.07773497065143   -3.29041103952139
   0.12082527022437    0.07018090146711   -3.29008527319419
   0.10817264879658    0.06283167414012   -3.29040964214117
   0.09526445853139    0.05533400062002   -3.29000820237614
   0.08243557912175    0.04788239451056   -3.29000769171319
   0.06960669900088    0.04043078798798   -3.29000725501469
   0.05677781739617    0.03297918060352   -3.29000689228074
   0.04394893353505    0.02552757190843   -3.29000660351142
   0.03112055605239    0.01807625734135   -3.28954244767017
   0.01829167109763    0.01062464801103   -3.28954230644549
   0.00546278156875    0.00317303602384   -3.28954223917639
  -0.00736611330684   -0.00427857906896   -3.28954224586296
  -0.02019501430173   -0.01173019771613   -3.28954232650530
  -0.03294543337129   -0.01913623043365   -3.28947936873516
  -0.04594888476363   -0.02668923601935   -3.28915449961866
  -0.05868176172805   -0.03408507947141   -3.28954301216773
  -0.07151069492599   -0.04153671682361   -3.28954338863399
  -0.08426143958599   -0.04894293865911   -3.28948069321312
  -0.09726435467865   -0.05649563273717   -3.28915614909957
  -0.10991950405007   -0.06384632841066   -3.28948179672682
  -0.12282659159758   -0.07134336142137   -3.28908169724458
  -0.13565558443539   -0.07879503341515   -3.28908244380006
  -0.14858000851935   -0.08630213628751   -3.28915898827360
  -0.16123578664029   -0.09365319716779   -3.28948488630399
  -0.17414204793971   -0.10114975025542   -3.28862117927868
  -0.18697170196960   -0.10860180630013   -3.28908616949688
  -0.19980077176183   -0.11605352299259   -3.28908728579024
  -0.21262924087735   -0.12350489078427   -3.28862452653064
  -0.22545834112196   -0.13095662516489   -3.28862579015852
  -0.23828746062024   -0.13840837072893   -3.28862712772515
  -0.25111660014476   -0.14586012792514   -3.28862853923064
  -0.26394576046811   -0.15331189720227   -3.28863002467506
  -0.27677494236285   -0.16076367900906   -3.28863158405852
  -0.28960414660156   -0.16821547379426   -3.28863321738109
  -0.30235641079747   -0.17562257824645   -3.28857159818583
  -0.31526271164370   -0.18311915430469   -3.28817277310357
  -0.32809198956057   -0.19057099188557   -3.28817462841241
  -0.34092061720088   -0.19802245175577   -3.28771260255869
  -0.35381918928180   -0.20551453858989   -3.28778852031990
  -0.36652759136134   -0.21289616589760   -3.28811542850669
  -0.37940936330214   -0.22037849443384   -3.28818278895051
  -0.39223807745679   -0.22783000455557   -3.28772105614858
  -0.40499113459761   -0.23523756958681   -3.28765992019965
  -0.41799095172826   -0.24278846422534   -3.28733756036459
  -0.43065024368934   -0.25014156610638   -3.28766469857193
  -0.44364983300327   -0.25769232841844   -3.28734254652619
  -0.45630947931256   -0.26504563612129   -3.28766977098026
  -0.46930884357941   -0.27259626771560   -3.28734782996333
  -0.48196884765686   -0.27994978322674   -3.28767513742474
  -0.49487456834098   -0.28744602230002   -3.28727758077233
  -0.50770426892827   -0.29489810538741   -3.28728047038573
  -0.52053400576678   -0.30235020953119   -3.28728343391203
  -0.53336377962906   -0.30980233518009   -3.28728647135131
  -0.54619359128770   -0.31725448278286   -3.28728958270366
  -0.55902344151525   -0.32470665278824   -3.28729276796916
  -0.57185333108427   -0.33215884564496   -3.28729602714790
  -0.58468247609638   -0.33961060602861   -3.28683539159010
  -0.59751244092652   -0.34706284260047   -3.28683879776734
  -0.61034244741562   -0.35451510336978   -3.28684227784893
  -0.62317249633624   -0.36196738878527   -3.28684583183496
  -0.63600258846094   -0.36941969929569   -3.28684945972552
  -0.64883272456229   -0.37687203534978   -3.28685316152071
  -0.66166290541283   -0.38432439739627   -3.28685693722062
  -0.67449313178513   -0.39177678588391   -3.28686078682534
  -0.68732340445175   -0.39922920126142   -3.28686471033495
  -0.70015372418525   -0.40668164397756   -3.28686870774956
  -0.71298409175819   -0.41413411448104   -3.28687277906925
  -0.72549687999659   -0.42140212022858   -3.28616520820078
  -0.73864442619630   -0.42903882273843   -3.28548930265651
  -0.75147494023764   -0.43649137831753   -3.28549359447439
  -0.76430643757643   -0.44394450504125   -3.28576286742166
  -0.77713706058575   -0.45139712391400   -3.28576811686927
  -0.78996679103497   -0.45884922434658   -3.28550691319359
  -0.80279751343370   -0.46630190094929   -3.28551150052214
  -0.81562828985316   -0.47375460892974   -3.28551616172858
  -0.82845912106590   -0.48120734873665   -3.28552089681300
  -0.84129000784447   -0.48866012081877   -3.28552570577549
  -0.85412095096142   -0.49611292562483   -3.28553058861613
  -0.86695195118931   -0.50356576360355   -3.28553554533502
  -0.87978300930068   -0.51101863520368   -3.28554057593225
  -0.89261320381607   -0.51847100518735   -3.28508169022496
  -0.90544437426944   -0.52592394204090   -3.28508686753186
  -0.91827560492365   -0.53337691386188   -3.28509211870828
  -0.93110689655125   -0.54082992109903   -3.28509744375432
  -0.94393824992479   -0.54828296420107   -3.28510284267006
  -0.95676966581682   -0.55573604361674   -3.28510831545560
  -0.96960114499988   -0.56318915979477   -3.28511386211103
  -0.98243268824650   -0.57064231318387   -3.28511948263645
  -0.99526429632925   -0.57809550423279   -3.28512517703195
  -1.00809597002065   -0.58554873339026   -3.28513094529761
  -1.02085487332289   -0.59295969414226   -3.28507204562158
  -1.03384991830486   -0.60050781689627   -3.28475535348114
  -1.04659139247225   -0.60790865400118   -3.28514869331655
  -1.05976103673021   -0.61555819208464   -3.28634857024172
  -1.07293670791281   -0.62321123088448   -3.28992196391724
  -1.08604243525308   -0.63082364306792   -3.29601315045809
  -1.08767699173485   -0.63177306902141   -3.29686332786738
  -1.09938436918747   -0.63857325495863   -3.30407820274044
  -1.11105065728724   -0.64534957430058   -3.31162851467071
  -1.11198949793737   -0.64589489634321   -3.31222041890785
  -1.12458811076956   -0.65321275298161   -3.31947478278939
  -1.13675293937185   -0.66027864768987   -3.32660903679160
  -1.13768802164004   -0.66082178669055   -3.32723211565611
  -1.15083888734625   -0.66846041732321   -3.33526824825354
  -1.16087647011673   -0.67429070933145   -3.34157604072153
  -1.16338428431271   -0.67574736372717   -3.34322152817068
  -1.17593929834881   -0.68303989616967   -3.35106819908040
  -1.18498861380978   -0.68829615684703   -3.35640280132732
  -1.18906270604364   -0.69066257792022   -3.35906152718836
  -1.20161580770205   -0.69795399956537   -3.36686592164926
  -1.20963961079088   -0.70261459525800   -3.37151272461904
  -1.21471616216613   -0.70556329093398   -3.37462545693798
  -1.22704904917703   -0.71272680173358   -3.38229732054522
  -1.23371212815496   -0.71659702597019   -3.38638193268499
  -1.24033753494949   -0.72044536846148   -3.39077704931586
  -1.25297069474660   -0.72778329157387   -3.39846342029472
  -1.25778520039459   -0.73057977897975   -3.40125174777130
  -1.26619259973488   -0.73546318510497   -3.40638451220718
  -1.27861945744241   -0.74268127842848   -3.41402812515199
  -1.28188904454748   -0.74458040573880   -3.41572937526141
  -1.29202358873552   -0.75046701741990   -3.42203485780007
  -1.30406716177206   -0.75746248129115   -3.42950959066986
  -1.30733356036164   -0.75935975656430   -3.43121954499081
  -1.31731589333044   -0.76515795693409   -3.43731502343305
  -1.33001351894307   -0.77253332477173   -3.44505835953943
  -1.33094014933458   -0.77307155453179   -3.44571946509007
  -1.34285490988515   -0.77999219815751   -3.45352760923499
  -1.35474105443653   -0.78689622028827   -3.46091772678215
  -1.35567368454965   -0.78743793496396   -3.46152236865760
  -1.36852817113151   -0.79490441490261   -3.46910373393887
  -1.37976332302524   -0.80143031040905   -3.47561121391859
  -1.38136835341613   -0.80236258624427   -3.47654086513903
  -1.39420950875505   -0.80982132278085   -3.48490668829767
  -1.40390554619220   -0.81545322947334   -3.49056348588255
  -1.40705623754554   -0.81728329663571   -3.49254630230261
  -1.41965780375053   -0.82460286872954   -3.50031946539943
  -1.42859401375390   -0.82979343252941   -3.50564850407386
  -1.43273237179152   -0.83219718215177   -3.50814819250380
  -1.44534183051775   -0.83952133858673   -3.51612073885002
  -1.45267188486796   -0.84377897294704   -3.52052313273112
  -1.45841540807970   -0.84711507669295   -3.52395294425276
  -1.47125760783524   -0.85457441987498   -3.53231988935703
  -1.47607315944525   -0.85737151482394   -3.53510932205964
  -1.48433105216787   -0.86216808059546   -3.54065197304574
  -1.49693603245374   -0.86948963574526   -3.54946418738283
  -1.49784531998533   -0.87001779197071   -3.55019401972519
  -1.51003646452405   -0.87709897219116   -3.55943725481627
  -1.51720558355762   -0.88126312788116   -3.56510766998365
  -1.52266601859797   -0.88443480093285   -3.56896399748646
  -1.53547086896638   -0.89187244986455   -3.57823070248227
  -1.53793364839177   -0.89330294598401   -3.57998510015279
  -1.54858930586371   -0.89949224434615   -3.58802018248210
  -1.55807884294806   -0.90500420608933   -3.59479264321473
  -1.56143291459267   -0.90695240592507   -3.59731775635305
  -1.57427672088887   -0.91441268226016   -3.60661556362063
  -1.57825434892354   -0.91672307246790   -3.60947156703475
  -1.58720984405403   -0.92192483796096   -3.61604005105451
  -1.59814108024943   -0.92827420518288   -3.62461219240792
  -1.59969207479442   -0.92917509450128   -3.62564684903001
  -1.61252838897756   -0.93663101907083   -3.63502923888596
  -1.61832219511055   -0.93999632946148   -3.63935688227929
  -1.62561322106476   -0.94423129432550   -3.64478222713932
  -1.63822168622131   -0.95155487364927   -3.65359419349301
  -1.63913047489405   -0.95208274011443   -3.65432548807657
  -1.65134464266793   -0.95917729329399   -3.66333589846726
  -1.65930110213526   -0.96379877269865   -3.66904796196175
  -1.66417407692731   -0.96662922168583   -3.67279596449286
  -1.67656971211514   -0.97382917952680   -3.68181143709546
  -1.67988818349378   -0.97575670108263   -3.68439568316905
  -1.68960088981432   -0.98139828983302   -3.69175201449383
  -1.69937377213936   -0.98707483158815   -3.69893646888578
  -1.70244688871030   -0.98885983973141   -3.70105181398303
  -1.71510973047159   -0.99621500350048   -3.71055067129816
  -1.71937698263414   -0.99869362078807   -3.71375290262720
  -1.72849691321948   -1.00399089799347   -3.71998506969286
  -1.74035538269795   -1.01087884516275   -3.72866897375099
  -1.74126256429165   -1.01140577816213   -3.72941008111922
  -1.75383441917770   -1.01870809254867   -3.73918128612328
  -1.75962766969502   -1.02207308021206   -3.74351312344268
  -1.76714073682613   -1.02643701685433   -3.74871619807936
  -1.77953233880341   -1.03363463202020   -3.75775216218484
  -1.78109440010860   -1.03454194942442   -3.75876444269219
  -1.79265551387403   -1.04125717865184   -3.76749983059803
  -1.80061378449977   -1.04587971006101   -3.77321277878808
  -1.80548489162333   -1.04870907422002   -3.77696313458076
  -1.81808264378036   -1.05602643093851   -3.78653361837056
  -1.82054561931467   -1.05745704096709   -3.78829033498240
  -1.83092607586981   -1.06348648991703   -3.79591023578861
  -1.84069426202892   -1.06916030392193   -3.80310875303042
  -1.84404802682172   -1.07110832552395   -3.80563815974017
  -1.85662469932718   -1.07841343820651   -3.81451221780430
  -1.86150384666431   -1.08124747249317   -3.81812105531770
  -1.86982056725131   -1.08607820820733   -3.82416586639264
  -1.88168263422697   -1.09296824496925   -3.83285024606857
  -1.88258941456595   -1.09349494490134   -3.83359263526972
  -1.89517531908447   -1.10080541996379   -3.84334595426977
  -1.90160044452380   -1.10453742978702   -3.84799697248581
  -1.90825344268152   -1.10840179861732   -3.85312756936655
  -1.92087611904283   -1.11573363246565   -3.86192639630013
  -1.92244080608507   -1.11664247501931   -3.86293458217042
  -1.93372692229164   -1.12319797295421   -3.87125300790580
  -1.94195297387386   -1.12797604391970   -3.87740681556897
  -1.94682226092202   -1.13080435089478   -3.88115959858737
  -1.95924423352676   -1.13801960672480   -3.88990248126738
  -1.96266134901530   -1.14000442533897   -3.89222291632378
  -1.97269434282939   -1.14583205186924   -3.89966761831691
  -1.98266070574584   -1.15162097609450   -3.90747384797138
  -1.98514494576145   -1.15306393751666   -3.90917997246343
  -1.99798520289693   -1.16052215233516   -3.91869877541521
  -2.00285572929085   -1.16335117917955   -3.92232636620796
  -2.01120781216927   -1.16820245494700   -3.92966204897527
  -2.01924099904761   -1.17286850117830   -3.93710471140764
  -2.02413181094862   -1.17570931078279   -3.94169457335056
  -2.03585958209933   -1.18252134232246   -3.95231463670232
  -2.03670649178146   -1.18301326660984   -3.95318042459766
  -2.04958977857504   -1.19049647504260   -3.96421095696455
  -2.05346344067599   -1.19274647703074   -3.96722727708058
  -2.06240152755936   -1.19793813100927   -3.97558927456726
  -2.06894462287179   -1.20173866318734   -3.98193754837753
  -2.07535672464494   -1.20546310826330   -3.98745733085667
  -2.08580129058712   -1.21152979490835   -3.99672116547421
  -2.08843743209517   -1.21306098773818   -3.99916520849946
  -2.10098557193992   -1.22034952733262   -4.00990945349503
  -2.10333601233901   -1.22171477175332   -4.01186020545923
  -2.11408498770719   -1.22795827346274   -4.02173610955068
  -2.11951011558890   -1.23110943848480   -4.02667141939639
  -2.12683744017532   -1.23536548727213   -4.03299526145082
  -2.13580599005133   -1.24057483556477   -4.04128194403556
  -2.13974751127859   -1.24286425326992   -4.04504297221098
  -2.15223420030176   -1.25011709938695   -4.05569942670479
  -2.15309015752257   -1.25061427890297   -4.05654691088544
  -2.16525659606774   -1.25768110874046   -4.06767003707350
  -2.16927466407370   -1.26001498835265   -4.07139192561922
  -2.17813478629688   -1.26516135685303   -4.07964503453801
  -2.18607370937534   -1.26977265031250   -4.08630809409857
  -2.19085076727366   -1.27254738633454   -4.09106115327742
  -2.20214699536045   -1.27910875771684   -4.10119646525449
  -2.20385122312353   -1.28009865197072   -4.10290868054960
  -2.21670198011955   -1.28756296559353   -4.11412385549663
  -2.21905285804059   -1.28892846414720   -4.11607513103583
  -2.22956761057342   -1.29503591840811   -4.12524434293689
  -2.23599687832487   -1.29877033427767   -4.13082845825280
  -2.24254573175033   -1.30257421103393   -4.13723429745404
  -2.25205596209852   -1.30809819238118   -4.14567110098993
  -2.25530455495422   -1.30998512526111   -4.14840865739677
  -2.26811476427762   -1.31742588692156   -4.15984358803524
  -2.26895453786996   -1.31791366623816   -4.16072352248875
  -2.28104465097491   -1.32493616273222   -4.17158258962328
  -2.28583061476845   -1.32771607170984   -4.17536667442942
  -2.29403078709654   -1.33247911080839   -4.18280007155877
  -2.30206782420190   -1.33714739342949   -4.19024736964979
  -2.30695752808785   -1.33998755944763   -4.19484204961788
  -2.31874305937173   -1.34683314074230   -4.20525149328356
  -2.31961298658916   -1.34733843467805   -4.20607348632582
  -2.33243233289196   -1.35478450351844   -4.21747650032770
  -2.33561960549127   -1.35663581875925   -4.22031019592856
  -2.34551428153907   -1.36238310393784   -4.22930858251807
  -2.35180936840165   -1.36603958134533   -4.23508653352034
  -2.35822274533030   -1.36976476709054   -4.24061877699425
  -2.36867897778335   -1.37583823018433   -4.25006961395248
  -2.37118107127518   -1.37729156173066   -4.25274069374195
  -2.38354877501287   -1.38447529569441   -4.26342607960541
  -2.38528087110097   -1.38548137715953   -4.26507331391990
  -2.39669477359206   -1.39211109927474   -4.27537981395594
  -2.40147878615334   -1.39488987488647   -4.28008737051936
  -2.40945513291838   -1.39952290575282   -4.28735994746182
  -2.41843991144844   -1.40474168039782   -4.29478017653334
  -2.42246759094648   -1.40708114280885   -4.29852160946393
  -2.43450568350729   -1.41407342336650   -4.30951732497034
  -2.43536660707210   -1.41457348756466   -4.31035470091137
  -2.44802537666826   -1.42192628603201   -4.32098805087533
  -2.45210941558505   -1.42429848459838   -4.32461181265039
  -2.46104302507812   -1.42948753790167   -4.33298499806791
  -2.46821760874551   -1.43365486770357   -4.33959037251245
  -2.47399075166829   -1.43700817594668   -4.34489554609147
  -2.48444062148418   -1.44307794332673   -4.35417483935935
  -2.48680411614700   -1.44445077026716   -4.35611192799659
  -2.49947564084306   -1.45181097748607   -4.36758395212836
  -2.50183919844445   -1.45318384098414   -4.36952111333730
  -2.51237062968818   -1.45930098301123   -4.37954273729200
  -2.51803400698659   -1.46259053430636   -4.38414062550068
  -2.52533444821222   -1.46683096799519   -4.39074800062199
  -2.53483100220167   -1.47234700548117   -4.39915622075876
  -2.53840051535002   -1.47442034369995   -4.40256612997919
  -2.55094946588056   -1.48170935417817   -4.41316604193150
  -2.55180606264997   -1.48220690517358   -4.41401430993884
  -2.56397122071242   -1.48927299124752   -4.42515139509335
  -2.56799215623852   -1.49160853644795   -4.42887675928044
  -2.57686543298980   -1.49676254570624   -4.43713529645051
  -2.58480985854996   -1.50137703526141   -4.44380482030502
  -2.58975001271140   -1.50424650513135   -4.44842313621500
  -2.60089471112680   -1.51071986107684   -4.45870717039835
  -2.60260023123558   -1.51171050598482   -4.46042097475895
  -2.61545746827368   -1.51917858351558   -4.47164791985896
  -2.61780997852516   -1.52054503020222   -4.47360110422635
  -2.62826423719996   -1.52661734683437   -4.48398437676551
  -2.63305035643619   -1.52939734610028   -4.48869451404948
  -2.64108958654645   -1.53406690251999   -4.49826323569016
  -2.64515914555247   -1.53643069048492   -4.50380339992649
  -2.65413667241019   -1.54164525302346   -4.51580303105247
  -2.65644217832280   -1.54298439741754   -4.51870233451625
  -2.66623395275027   -1.54867191257895   -4.53362569013855
  -2.66695760266683   -1.54909224189745   -4.53462233497556
  -2.67604588986220   -1.55437113915941   -4.54827256772605
  -2.68002086603955   -1.55667998904585   -4.55390445767523
  -2.68645977315294   -1.56042000390236   -4.56321524599905
  -2.69296413952095   -1.56419804051947   -4.57245011895058
  -2.69695805226522   -1.56651788963922   -4.57806542349959
  -2.70572474737583   -1.57160999135442   -4.59123142843871
  -2.70721748584623   -1.57247704285212   -4.59319768288301
  -2.71767351967996   -1.57855039057863   -4.60809493750126
  -2.71842253094074   -1.57898545093805   -4.60907632278265
  -2.72755974458439   -1.58429276694254   -4.62276311697048
  -2.73153527091305   -1.58660193638229   -4.62839589562959
  -2.73797507912231   -1.59034247463692   -4.63770814912169
  -2.74439077624674   -1.59406900805909   -4.64709918234267
  -2.74828687312601   -1.59633204120342   -4.65279829573975
  -2.75724190132585   -1.60153353548157   -4.66572859335296
  -2.75873484132002   -1.60240070403358   -4.66769516517282
  -2.76853739147801   -1.60809447823733   -4.68235300307102
  -2.77009000674103   -1.60899630894367   -4.68427366505137
  -2.77908084832622   -1.61421860529132   -4.69726544693724
  -2.78325417004507   -1.61664266343576   -4.70364839556657
  -2.78949765684379   -1.62026916914122   -4.71221286593209
  -2.79580451908162   -1.62393248623091   -4.72175947482738
  -2.79906019996137   -1.62582353616281   -4.72731968319539
  -2.80867693767051   -1.63140938190805   -4.74025626377830
  -2.80964113711430   -1.63196943351012   -4.74196624285908
  -2.81993858026684   -1.63795066443896   -4.75711038367713
  -2.82160056472407   -1.63891602182832   -4.75977779939929
  -2.82985879893140   -1.64371278594994   -4.77179037032507
  -2.83458438565081   -1.64645762513229   -4.77827441532332
  -2.84040486042882   -1.64983842590458   -4.78647423948268
  -2.84752094887592   -1.65397177897890   -4.79705840361553
  -2.85058832980721   -1.65575345559755   -4.80183796615691
  -2.86026303544078   -1.66137297179256   -4.81574051543836
  -2.86100367631424   -1.66180317024415   -4.81672805669006
  -2.87081650834548   -1.66750291663510   -4.83138949477594
  -2.87333510119929   -1.66896583177348   -4.83504267886808
  -2.88084673122372   -1.67332893367777   -4.84609230963380
  -2.88622570834620   -1.67645329220579   -4.85376911737934
  -2.89105823670164   -1.67926024803316   -4.86122192448681
  -2.89881335953179   -1.68376478181321   -4.87168689500162
  -2.90203476391822   -1.68563592237354   -4.87634545670536
  -2.91161952963116   -1.69120319730564   -4.89049321484347
  -2.91233184065517   -1.69161694047126   -4.89149662144436
  -2.92223671108110   -1.69737014701586   -4.90617615426695
  -2.92463313644182   -1.69876210162768   -4.90985709027542
  -2.93196103748222   -1.70301848524613   -4.92089945406290
  -2.93758539278546   -1.70628537076287   -4.92840844710010
  -2.94253978967868   -1.70916311346973   -4.93574899800272
  -2.95042856818638   -1.71374528064483   -4.94715670121068
  -2.95282785209292   -1.71513889563219   -4.95089859474898
  -2.96276207516392   -1.72090915154971   -4.96558809656774
  -2.96349554221353   -1.72133518311283   -4.96658048491720
  -2.97312954668592   -1.72693105819223   -4.98047585181344
  -2.97619422423125   -1.72871116455937   -4.98434397935455
  -2.98376597543849   -1.73310918762542   -4.99543241428779
  -2.98913763491668   -1.73622929572742   -5.00296078173018
  -2.99409278815738   -1.73910747775586   -5.01030256252828
  -3.00198049190834   -1.74368902066257   -5.02171170600599
  -3.00438014989705   -1.74508285293414   -5.02545421900230
  -3.01460695798579   -1.75102305575319   -5.03960683796989
  -3.01536321195260   -1.75146232301102   -5.04058447427659
  -3.02509632178370   -1.75711576306340   -5.05551098439626
  -3.02752358822932   -1.75852563160280   -5.05912410621528
  -3.03503136570506   -1.76288649576875   -5.06995667247248
  -3.04071829499672   -1.76618972715012   -5.07855156902137
  -3.04469649841727   -1.76850045156857   -5.08511618177463
  -3.05355530370390   -1.77364605513133   -5.09710488059063
  -3.05586327553886   -1.77498663184709   -5.10000799584772
  -3.06557939415799   -1.78063020261822   -5.11492904263227
  -3.06632912177319   -1.78106567906939   -5.11591155077514
  -3.07603875533138   -1.78670548301739   -5.12984233086412
  -3.07926184430273   -1.78857760206250   -5.13450362006838
  -3.08590565761077   -1.79243663590759   -5.14457625971627
  -3.09222194616202   -1.79610542823580   -5.15307699833780
  -3.09641859541271   -1.79854303608892   -5.15944607538284
  -3.10499031374569   -1.80352188627989   -5.17186864673208
  -3.10668041628352   -1.80450357595008   -5.17459601968149
  -3.11715034851800   -1.81058499651012   -5.18951299318159
  -3.11790018814920   -1.81102053802537   -5.19049567533281
  -3.12705305003986   -1.81633694325498   -5.20420099525758
  -3.13103314562537   -1.81864876673031   -5.20984111963434
  -3.13748043646274   -1.82239365124119   -5.21916548252430
  -3.14389251161742   -1.82611808085592   -5.22856640958900
  -3.14779316129196   -1.82838375847416   -5.23427292178985
  -3.15676297226923   -1.83359383927271   -5.24722111157362
  -3.15825758602154   -1.83446198002081   -5.24919030525690
  -3.16809446540640   -1.84017569422621   -5.26387042196407
  -3.16966487463221   -1.84108786048858   -5.26582499331608
  -3.17863432838554   -1.84629773379494   -5.27880065948232
  -3.18261505009794   -1.84860992095370   -5.28444178142885
  -3.18906336605833   -1.85235540090341   -5.29376778858960
  -3.19547503399112   -1.85607959398484   -5.30317004451070
  -3.19937630754887   -1.85834563398330   -5.30887756115225
  -3.20827260869564   -1.86351301687467   -5.32184920822841
  -3.20980494079292   -1.86440306618087   -5.32379133370606
  -3.21952948615033   -1.87005153159108   -5.33872204973951
  -3.22101271990719   -1.87091306231184   -5.34068901021543
  -3.22987231326393   -1.87605912362214   -5.35363556498027
  -3.23401748800741   -1.87846683270233   -5.35918618458333
  -3.24062005246008   -1.88230190730570   -5.36836080995588
  -3.24694114645761   -1.88597349085922   -5.37793650277732
  -3.25073280907276   -1.88817586375602   -5.38372319845307
  -3.25964404568897   -1.89335192185836   -5.39669180808973
  -3.26060474851445   -1.89390994246290   -5.39841168918535
  -3.27049199873362   -1.89965291437700   -5.41310432090283
  -3.27280925124819   -1.90099888174043   -5.41602058970010
  -3.28105801614403   -1.90579014564826   -5.42804732251430
  -3.28570190234778   -1.90848752939493   -5.43474552350335
  -3.29128200931041   -1.91172871343030   -5.44319722418952
  -3.29851044691729   -1.91592732408937   -5.45345441852982
  -3.30173576995050   -1.91780074078087   -5.45811929056893
  -3.31126105564678   -1.92333346697015   -5.47228366085000
  -3.31199528491003   -1.92375994126218   -5.47327724680625
  -3.32209811245000   -1.92962813044815   -5.48774158218119
  -3.32440816015059   -1.93096991292261   -5.49070901026108
  -3.33245247504442   -1.93564242281964   -5.50292383586429
  -3.33713436054306   -1.93836187831310   -5.50950636204859
  -3.34285552843177   -1.94168499705414   -5.51783298042433
  -3.35011960970330   -1.94590431120108   -5.52809879070439
  -3.35334546825917   -1.94777803894890   -5.53276451750306
  -3.36287025600164   -1.95331047590359   -5.54693091104929
  -3.36360460406051   -1.95373701919760   -5.54792468208173
  -3.37349264893792   -1.95948045268594   -5.56262295962329
  -3.37579655277172   -1.96081866651861   -5.56552873652153
  -3.38353725936622   -1.96531482668267   -5.57735984953599
  -3.38885923919805   -1.96840607854988   -5.58502783086397
  -3.39369943543654   -1.97121748823813   -5.59249324708642
  -3.40155446298505   -1.97578005129617   -5.60388660649143
  -3.40393659857548   -1.97716370574895   -5.60765081286672
  -3.41385156800537   -1.98292277826181   -5.62235530296161
  -3.41458753467504   -1.98335026171979   -5.62331737102887
  -3.42511533303221   -1.98946529359846   -5.63728764592337
  -3.42759374584305   -1.99090487031076   -5.64099193820011
  -3.43496632011422   -1.99518720220642   -5.65228703156541
  -3.44053007630061   -1.99841888895522   -5.66055144510197
  -3.44529375070833   -2.00118585122734   -5.66715741943231
  -3.45317853661096   -2.00576569931288   -5.67855807085586
  -3.45556109298480   -2.00714959817610   -5.68232296727102
  -3.46547962252931   -2.01291073856809   -5.69703076982812
  -3.46622379532953   -2.01334298852598   -5.69800312142922
  -3.47595713257293   -2.01899656066992   -5.71196622935211
  -3.47922564867350   -2.02089506589132   -5.71656568662513
  -3.48658955460599   -2.02517236281523   -5.72696381644926
  -3.49216366602586   -2.02841006436225   -5.73523436156773
  -3.49692814575105   -2.03117749439998   -5.74184159734511
  -3.50474279832218   -2.03571660580504   -5.75329098272120
  -3.50718329201400   -2.03713415734040   -5.75700798482881
  -3.51711655656650   -2.04290385650607   -5.77172034622204
  -3.51786198765842   -2.04333683733794   -5.77269315708671
  -3.52703709722808   -2.04866616504780   -5.78643031093512
  -3.53086714752934   -2.05089083528696   -5.79125946616096
  -3.53773860401565   -2.05488209481161   -5.80146672659864
  -3.54388717381297   -2.05845346833561   -5.81082777590619
  -3.54779289975136   -2.06072209448253   -5.81654243465087
  -3.55658249752945   -2.06582749912557   -5.82875083219118
  -3.55827518690310   -2.06681069134956   -5.83148249981767
  -3.56851663479754   -2.07275939764441   -5.84664925641453
  -3.56927028237915   -2.07319715099325   -5.84762176447403
  -3.57846030992871   -2.07853514375535   -5.86136716992652
  -3.58249588357957   -2.08087919145521   -5.86691915862192
  -3.58910594278204   -2.08471861935567   -5.87610557810205
  -3.59553703326506   -2.08845409395198   -5.88553889742353
  -3.59944345097044   -2.09072312190914   -5.89125465610462
  -3.60819370248359   -2.09580567242292   -5.90444175233552
  -3.60967835722319   -2.09666802851614   -5.90642209177705
  -3.61962345560165   -2.10244460131489   -5.92114227758684
  -3.62112675056541   -2.10331778451184   -5.92308271664748
  -3.63011632097295   -2.10853934250076   -5.93608806091699
  -3.63435691871508   -2.11100247766900   -5.94237521195555
  -3.64019200826846   -2.11439176737832   -5.95059823923952
  -3.64705690870359   -2.11837921884543   -5.96040905987567
  -3.65032193504893   -2.12027569705569   -5.96598513406531
  -3.65985502616548   -2.12581295699382   -5.97917104459781
  -3.66079247846787   -2.12635747261992   -5.98092669977967
  -3.67067742407387   -2.13209910590817   -5.99563867817417
  -3.67297344543816   -2.13343274123822   -5.99860639882054
  -3.68109959409247   -2.13815278396567   -6.01058660331083
  -3.68607922782390   -2.14104518539461   -6.01807190293256
  -3.69147194892106   -2.14417752705837   -6.02577060708609
  -3.69856930221745   -2.14829999789122   -6.03619753201334
  -3.70171172799415   -2.15012526402464   -6.04094308854570
  -3.71144396731345   -2.15577819844352   -6.05491480347983
  -3.71220185770555   -2.15621841621281   -6.05589495440662
  -3.72216658306299   -2.16200638926810   -6.07062236793448
  -3.72447556185671   -2.16334755087205   -6.07447374178884
  -3.73079457881939   -2.16701792798772   -6.08578762396719
  -3.73450466583337   -2.16917291800495   -6.10082142755650
  -3.73533765059773   -2.16965675405649   -6.11569366220709
  -3.73418188349209   -2.16898543110220   -6.13048501828521
  -3.73339608756721   -2.16852900450969   -6.14545101246461
  -3.73301821355252   -2.16830951781670   -6.16041948718175
  -3.73185302463335   -2.16763272223763   -6.17525942113972
  -3.73107443842347   -2.16718048338083   -6.19020017932002
  -3.72991620790812   -2.16650772956433   -6.20500746060179
  -3.72952065787036   -2.16627797582015   -6.22009055234963
  -3.72836895170698   -2.16560901164882   -6.23484161300093
  -3.72757869176023   -2.16514999214608   -6.24984280700768
  -3.72523727534707   -2.16378998927350   -6.26459264469718
  -3.72380847213895   -2.16296007433121   -6.26788465521688
  -3.71809144955545   -2.15963936337503   -6.27889732474986
  -3.71106752208919   -2.15555954165805   -6.28808490098258
  -3.70696950434378   -2.15317922354192   -6.29348665332757
  -3.69805046135806   -2.14799863113936   -6.30350920651944
  -3.69394999766359   -2.14561689230297   -6.30816376100876
  -3.68517996688580   -2.14052285307809   -6.31856278884339
  -3.68128174891595   -2.13825858790631   -6.32324688375844
  -3.67245167790927   -2.13312967454145   -6.33347729022343
  -3.66843800831976   -2.13079834973282   -6.33812752228753
  -3.65960799895720   -2.12566947217370   -6.34835817012583
  -3.65559435711603   -2.12333816348260   -6.35300851220627
  -3.64667740598292   -2.11815878612472   -6.36303256791662
  -3.64258493073477   -2.11578168734717   -6.36769827383489
  -3.63368151003486   -2.11061016909027   -6.37888670591967
  -3.63050186103745   -2.10876328198981   -6.38264052592751
  -3.62091810646429   -2.10319659437442   -6.39374875046453
  -3.61770787953518   -2.10133194619792   -6.39746999835507
  -3.60812773674914   -2.09576735647543   -6.40878631966402
  -3.60497881994064   -2.09393832005072   -6.41257341212122
  -3.59528419010379   -2.08830723095754   -6.42366907167110
  -3.59213529450995   -2.08647820685529   -6.42745625329433
  -3.58265461780428   -2.08097139162958   -6.43769146839459
  -3.57853424223229   -2.07857808705441   -6.44230193659579
  -3.56959733555403   -2.07338711859356   -6.45343566108073
  -3.56644848125876   -2.07155811847943   -6.45722302246641
  -3.55686381403531   -2.06599090075456   -6.46835061120081
  -3.55365306906997   -2.06412595167868   -6.47207159959603
  -3.54402087335280   -2.05853112720791   -6.48323475337949
  -3.54081014722447   -2.05666618907343   -6.48695583403472
  -3.53117800732479   -2.05107139702404   -6.49811926533361
  -3.52796729965321   -2.04920646961009   -6.50184043872241
  -3.51826739861837   -2.04357231876149   -6.51282528788792
  -3.51503052438282   -2.04169219259778   -6.51651387962846
  -3.50543085154227   -2.03611625891695   -6.52677958582072
  -3.50067211629683   -2.03335216553857   -6.53160620117275
  -3.49296577952674   -2.02887596895710   -6.53787507922364
  -3.48234299296544   -2.02270576353914   -6.54605121266558
  -3.47992741763184   -2.02130268573795   -6.54789954015681
  -3.46729498373157   -2.01396518426001   -6.55555046152701
  -3.45920092617744   -2.00926378152678   -6.56095163426747
  -3.45431809813167   -2.00642760931442   -6.56453467840235
  -3.44155314980388   -1.99901313733218   -6.57201594770307
  -3.43576671974759   -1.99565211130780   -6.57577343468779
  -3.42860499959734   -1.99149225323120   -6.58054636073564
  -3.41584252258711   -1.98407921670442   -6.58873537479206
  -3.41339604069445   -1.98265818694524   -6.59050894037470
  -3.40298737294947   -1.97661235163233   -6.59709535300695
  -3.39015590063553   -1.96915923944421   -6.60476676658229
  -3.38927797153184   -1.96864929764307   -6.60554201257097
  -3.37735691514284   -1.96172499710340   -6.61316809460576
  -3.36675384035620   -1.95556624119524   -6.62037360012049
  -3.36432100225761   -1.95415313638227   -6.62218557312394
  -3.35158901401406   -1.94675780914036   -6.62984368217034
  -3.34348175212364   -1.94204873671832   -6.63536899610832
  -3.33871326765329   -1.93927898053950   -6.63889792694906
  -3.32575962788442   -1.93175490784700   -6.64724652027361
  -3.32172897148207   -1.92941371631235   -6.65000536743420
  -3.31303672458969   -1.92436485756327   -6.65493203705723
  -3.30005084098239   -1.91682205615910   -6.66396927512754
  -3.29845342473390   -1.91589420296971   -6.66491771807008
  -3.28727189161433   -1.90939945172554   -6.67161402978832
  -3.27520787642982   -1.90239211410992   -6.67969020257485
  -3.27437280318751   -1.90190706497386   -6.68054523806744
  -3.26153185429066   -1.89444844834837   -6.68812574882143
  -3.25179626051891   -1.88879356550846   -6.69468251702913
  -3.24862136984141   -1.88694944226013   -6.69661344589563
  -3.23587780618394   -1.87954739148281   -6.70485847177936
  -3.22928070925360   -1.87571549266911   -6.70946459590798
  -3.22285219800258   -1.87198151620996   -6.71335600674395
  -3.21017051676482   -1.86461540960220   -6.72158369983737
  -3.20611823089004   -1.86226165467025   -6.72428868108814
  -3.19722820206168   -1.85709791503132   -6.72993525598490
  -3.18449789425245   -1.84970356386333   -6.73722501231933
  -3.18126925605383   -1.84782822157053   -6.73904348269061
  -3.17169818469860   -1.84226890095434   -6.74390322247869
  -3.15921426102036   -1.83501766107746   -6.74803685398459
  -3.14623961047903   -1.82748138435720   -6.75250481462595
  -3.14293987936488   -1.82556474801316   -6.75404303693209
  -3.13332336187339   -1.81997903018051   -6.75770391370169
  -3.12051546653824   -1.81253961259139   -6.76176633288313
  -3.10767189637361   -1.80507947341242   -6.76612065989474
  -3.10103094767315   -1.80122210346382   -6.76873342660546
  -3.09459349127084   -1.79748293124736   -6.77149048526411
  -3.08194872408203   -1.79013826602539   -6.77538321446329
  -3.06906649668125   -1.78265567293693   -6.77935798105860
  -3.05930569976767   -1.77698615094737   -6.78356114715777
  -3.05610320218161   -1.77512599233056   -6.78453551076880
  -3.04329032842679   -1.76768368304520   -6.78919108819248
  -3.03050166417357   -1.76025543575732   -6.79297690930132
  -3.01751817885803   -1.75271402739185   -6.79749983184833
  -3.01589173644882   -1.75176931446673   -6.79835568556068
  -3.00463651185446   -1.74523175980800   -6.80237434683542
  -2.99201166624178   -1.73789866595822   -6.80637998096189
  -2.97893653603812   -1.73030402600592   -6.81139853828660
  -2.97332689243638   -1.72704568572538   -6.81328657776351
  -2.96608075006046   -1.72283679131814   -6.81601994301609
  -2.95331662135370   -1.71542279540967   -6.82011360734943
  -2.94047585500948   -1.70796428481920   -6.82447107198350
  -2.93069608566097   -1.70228374276252   -6.82802454116607
  -2.92749382470385   -1.70042372159073   -6.82899889836502
  -2.91472120308091   -1.69300479260401   -6.83369492285130
  -2.90189394109308   -1.68555412596789   -6.83743747312592
  -2.88912445155818   -1.67813701624267   -6.84064427388514
  -2.88157482456155   -1.67375184394071   -6.84239623429330
  -2.88122082926810   -1.67354622711268   -6.84235555104268
      
      
