# shadow point cont 3D ind 129  size 1196
# norm  0.5291790 -0.8485102  0.0000000
# angle  1.0131636
   2.97506244341484    1.85541734659779   -6.83658517712819
   2.98768597376177    1.86329009469181   -6.83446190944219
   2.99960354039818    1.87072256385405   -6.83129673445921
   3.00044857999708    1.87124957838238   -6.83073226393361
   3.01324547842371    1.87923044862461   -6.82600866206995
   3.02570287114290    1.88699958388956   -6.82209729792095
   3.03830705833975    1.89486026850025   -6.81810386024909
   3.04379601206929    1.89828349075463   -6.81619244495961
   3.05107147357465    1.90282088038537   -6.81300480061762
   3.06356782141684    1.91061431027013   -6.80913630961258
   3.07617267452561    1.91847541018119   -6.80514357279912
   3.08641538838852    1.92486334634688   -6.80134406521058
   3.08878177484615    1.92633915889393   -6.80041747295180
   3.10141557866649    1.93421831410751   -6.79588199042969
   3.11396509926824    1.94204490553503   -6.79203932289323
   3.12666127327705    1.94996295832869   -6.78755406530307
   3.12978921019260    1.95191371684974   -6.78652333088444
   3.13931052526599    1.95785174789467   -6.78296880471784
   3.15190524233419    1.96570652639707   -6.77829358003606
   3.16445498114719    1.97353325391348   -6.77445105105477
   3.17239723568782    1.97848649342561   -6.77184719744865
   3.17716670549210    1.98146100477697   -6.77015246043688
   3.18977450062749    1.98932393950237   -6.76533696651857
   3.20232441468510    1.99715077631124   -6.76149455239237
   3.21427324232760    2.00460274160644   -6.75741232265463
   3.21513391181444    2.00513950381763   -6.75682952161717
   3.22770535329777    2.01297976634776   -6.75247632526437
   3.24028543268147    2.02082541596153   -6.74804585746183
   3.25291083771066    2.02869933321353   -6.74434976891667
   3.25781036126495    2.03175495344524   -6.74264155724859
   3.26573046557499    2.03669437881973   -6.73903453625327
   3.27814028340776    2.04443384369248   -6.73479852219417
   3.29072015836282    2.05227936581297   -6.72989088214739
   3.29634752720206    2.05578891156491   -6.72704867501175
   3.30339198258979    2.06018223270432   -6.72241174409258
   3.31580469265132    2.06792350133464   -6.71546886592298
   3.32069227359549    2.07097167347865   -6.71212456945561
   3.32866805091522    2.07594581969342   -6.70668445978039
   3.34114789319362    2.08372895577429   -6.69899437153303
   3.34428038726793    2.08568255639751   -6.69708919848197
   3.35372010788015    2.09156970051770   -6.69052761106878
   3.36626813278223    2.09939535914224   -6.68296311935275
   3.36713476339229    2.09993583904731   -6.68221941641533
   3.37912072757655    2.10741096479212   -6.67416414959576
   3.39008044080399    2.11424606234812   -6.66754694549634
   3.39170039111632    2.11525635506207   -6.66657992322389
   3.40427347230891    2.12309764020771   -6.65825984331678
   3.41299211671696    2.12853508038962   -6.65272290597699
   3.41696157368619    2.13101065845138   -6.65000825828461
   3.42958709436404    2.13888464782843   -6.64166238981857
   3.43579799861650    2.14275811929575   -6.63768404968041
   3.44217121817666    2.14673281977701   -6.63325993748799
   3.45474004121887    2.15457144929904   -6.62575908303069
   3.45876135352314    2.15707936728306   -6.62315919693518
   3.46756162242981    2.16256771312276   -6.61689802007077
   3.47987487501196    2.17024695443903   -6.60970953512712
   3.48159616447524    2.17132044798393   -6.60815053331526
   3.49267209181187    2.17822802323686   -6.60080587935901
   3.50449777323562    2.18560318757922   -6.59344562595097
   3.50536443734410    2.18614368837580   -6.59270210111401
   3.51782532817015    2.19391500525820   -6.58490381268140
   3.52741710887670    2.19989698266076   -6.57862960333970
   3.53055492714904    2.20185390375526   -6.57658667438306
   3.54297353079151    2.20959884795626   -6.56795533360051
   3.54935457793337    2.21357843016055   -6.56340077081261
   3.55567032687029    2.21751728870796   -6.55779288961453
   3.56503760547079    2.22335925388898   -6.54831579682083
   3.56799233862612    2.22520199274077   -6.54529385477472
   3.57841284268230    2.23170080893500   -6.53343286426747
   3.58079380424625    2.23318571134339   -6.53064208221641
   3.59180788076327    2.24005471292407   -6.51855070201949
   3.59339929781106    2.24104721067909   -6.51669002013223
   3.60501890335099    2.24829385443513   -6.50343521021095
   3.60580661724680    2.24878511741002   -6.50250494688092
   3.61780556564316    2.25626834084449   -6.48878480542162
   3.61860832040440    2.25676898415447   -6.48785424383865
   3.63081979235204    2.26438474930564   -6.47436910790884
   3.63160751848439    2.26487601991193   -6.47343888541325
   3.64360854163494    2.27236053728055   -6.45969498005392
   3.64440939767805    2.27285999644242   -6.45878889271334
   3.65619735605513    2.28021163455752   -6.44572373117882
   3.65780307779702    2.28121305352952   -6.44390831664327
   3.66883140952594    2.28809094546727   -6.43088600949153
   3.67041876663264    2.28908091121321   -6.42903027906140
   3.68143753575363    2.29595283936736   -6.41693624568200
   3.68380077067839    2.29742668644011   -6.41414584263896
   3.69418214403497    2.30390109851504   -6.40223016351924
   3.69719476162627    2.30577993737771   -6.39926634680052
   3.70664783516519    2.31167540913885   -6.38810515705441
   3.70979886253716    2.31364056817559   -6.38438479338529
   3.71918667906821    2.31949534197268   -6.37406817360173
   3.72319306597244    2.32199395163236   -6.36950600680554
   3.73185852039259    2.32739821952694   -6.35927539304916
   3.73579736601993    2.32985470662310   -6.35462515330766
   3.74432348003740    2.33517207395504   -6.34424397949630
   3.74813828075118    2.33755119962140   -6.33951732330796
   3.75504009475083    2.34185556151683   -6.32483034225145
   3.75601370906796    2.34246276251757   -6.31733142062591
   3.75658460914935    2.34281880812479   -6.30994852280472
   3.75710733501763    2.34314480956576   -6.29492061032041
   3.75731093796051    2.34327178788611   -6.28010449480101
   3.75727922546581    2.34325201017930   -6.26518185249903
   3.75778275865187    2.34356604197721   -6.25026253871755
   3.75721600891576    2.34321258476024   -6.23533772270685
   3.75771460593423    2.34352353808462   -6.22031302219636
   3.75794298577136    2.34366596867877   -6.20549750458490
   3.75791161397659    2.34364640345171   -6.19057677430691
   3.75788031170439    2.34362688158287   -6.17565642496326
   3.75784907896072    2.34360740307595   -6.16073645569694
   3.75781797566255    2.34358800529857   -6.14585616698095
   3.75594727300479    2.34242132922788   -6.13120068478715
   3.75541600891980    2.34209000287166   -6.13046424279873
   3.74983142054427    2.33860713743853   -6.11696835991863
   3.74279622944175    2.33421959403179   -6.10660171467760
   3.73968930820680    2.33228194207877   -6.10187311550873
   3.73022396318356    2.32637881712537   -6.08887801536886
   3.72870008681164    2.32542844155903   -6.08694670672497
   3.71820083878919    2.31888051617004   -6.07216924778121
   3.71742511763086    2.31839673254511   -6.07121811829603
   3.70714709097988    2.31198677332585   -6.05724184602745
   3.70470039175147    2.31046087318875   -6.05354526740375
   3.69611497747409    2.30510652285797   -6.04205651775286
   3.69219008469513    2.30265873754787   -6.03658917233281
   3.68506877512467    2.29821748578969   -6.02711802495446
   3.67960441598978    2.29480960211674   -6.01962109755740
   3.67402181125975    2.29132797379723   -6.01182173090745
   3.66699453711425    2.28694536785303   -6.00181604557880
   3.66374134232843    2.28491649143371   -5.99723069920641
   3.65406616451622    2.27888250287528   -5.98439140385921
   3.65249581952862    2.27790314684980   -5.98250734736007
   3.64208297430979    2.27140910714007   -5.96749337401235
   3.64131563294830    2.27093054963079   -5.96653613086837
   3.63101666746050    2.26450753176763   -5.95256365339858
   3.62874904229665    2.26309331235388   -5.94972011659731
   3.61996858801493    2.25761732403592   -5.93764381133355
   3.61598441394053    2.25513256755430   -5.93209331266029
   3.60884687336748    2.25068119322413   -5.92267829259076
   3.60334457574619    2.24724964896351   -5.91517861750016
   3.59789481220878    2.24385086793135   -5.90777534109168
   3.59071696413916    2.23937435556466   -5.89834203504728
   3.58671174098250    2.23687647168384   -5.89278317348790
   3.57801898536845    2.23145517721933   -5.88055782472436
   3.57577789854314    2.23005750861573   -5.87762666831350
   3.56598543743414    2.22395037555446   -5.86301653737805
   3.56520682787594    2.22346479055986   -5.86206905489309
   3.55415337179360    2.21657122965312   -5.84809983187739
   3.55258493174932    2.21559306165813   -5.84621525788710
   3.54307751378477    2.20966369763694   -5.83299877360688
   3.54008080912840    2.20779478298126   -5.82919491480532
   3.53203318408053    2.20277582845620   -5.81808416282807
   3.52729769435047    2.19982250900260   -5.81150296040410
   3.52109270288187    2.19595272508199   -5.80288593616638
   3.51489465969988    2.19208727450623   -5.79446011881835
   3.51012905337421    2.18911517263883   -5.78793795829513
   3.50190877630512    2.18398854254016   -5.77611588199944
   3.49958736272444    2.18254077762492   -5.77325894499397
   3.48967009591938    2.17635580866682   -5.75978626749363
   3.48871435188983    2.17575975258898   -5.75808389276680
   3.47812134933118    2.16915335656413   -5.74352029671034
   3.47655378866370    2.16817573699828   -5.74163572317012
   3.46636137338021    2.16181916987393   -5.72843745506244
   3.46388711840701    2.16027608441455   -5.72477687513915
   3.45591847134645    2.15530638503301   -5.71362572607777
   3.45126529172242    2.15240439882080   -5.70785808440806
   3.44434337313070    2.14808749856371   -5.69830950282803
   3.43860932800280    2.14451142343963   -5.69022913598149
   3.43316033367658    2.14111312213111   -5.68332783802870
   3.42616161050504    2.13674832219044   -5.67308949250883
   3.42298006811345    2.13476413226013   -5.66843615441948
   3.41346026951247    2.12882704697324   -5.65543641435566
   3.41193794658535    2.12787764022301   -5.65350740976258
   3.40140294348742    2.12130741594499   -5.63879746122260
   3.40064714385146    2.12083605650909   -5.63782841946444
   3.39029721008632    2.11438125194306   -5.62385396711896
   3.38805970138190    2.11298581485819   -5.62097822267087
   3.37870393313309    2.10715102818404   -5.60869739101472
   3.37544524799165    2.10511872766816   -5.60414899710133
   3.36815306302057    2.10057090833755   -5.59398527661296
   3.36287473153182    2.09727904203505   -5.58720563111252
   3.35667123646776    2.09341019135701   -5.57855844248335
   3.35018110338090    2.08936257698248   -5.56957662653953
   3.34609745251991    2.08681578114574   -5.56411552480181
   3.33737653287790    2.08137692199914   -5.55187764956882
   3.33513715417721    2.07998031867875   -5.54894906197128
   3.32484808693176    2.07356347391981   -5.53498956796846
   3.32408958240713    2.07309042756222   -5.53402323832134
   3.31355324716930    2.06651937248635   -5.51931658927936
   3.31205728813397    2.06558640775141   -5.51738889880876
   3.30252467765994    2.05964133225526   -5.50439435269471
   3.29947545311291    2.05773966322281   -5.50046093487214
   3.29153718596707    2.05278891047578   -5.48947170549547
   3.28669195346233    2.04976714921578   -5.48288207436890
   3.28050178441642    2.04590660939700   -5.47427476441248
   3.27421174584610    2.04198378528957   -5.46598846690100
   3.26938408549867    2.03897298302156   -5.45960968936112
   3.26137819669819    2.03398005758290   -5.44833210891410
   3.25839305225602    2.03211835253117   -5.44442837447216
   3.24894077336396    2.02622337635680   -5.43141391056628
   3.24738937580495    2.02525583702033   -5.42951422317952
   3.23704619793848    2.01880524581514   -5.41457548095175
   3.23610604972030    2.01821891616809   -5.41287824823004
   3.22587139725148    2.01183600754408   -5.39989437297978
   3.22328851970762    2.01022517890093   -5.39626694678598
   3.21470028145724    2.00486906738073   -5.38495519950973
   3.21076464027603    2.00241457875856   -5.37921573363365
   3.20391997062229    1.99814585531197   -5.36980719738097
   3.19833535546726    1.99466297317763   -5.36229939425310
   3.19284619147364    1.99123961979067   -5.35488044385430
   3.18563508589080    1.98674236615616   -5.34458674003613
   3.18245598989548    1.98475970193703   -5.33993724852917
   3.17293701324165    1.97882312926291   -5.32694750228904
   3.17141579061955    1.97787440872519   -5.32502014511808
   3.16052799604887    1.97108416371459   -5.31082985460807
   3.15977274353908    1.97061314549753   -5.30986163480038
   3.14979681724386    1.96439159316087   -5.29539232701283
   3.14755436281575    1.96299307164275   -5.29251813590968
   3.13877099540660    1.95751526653364   -5.28047933288575
   3.13474864465137    1.95500670091281   -5.27497926009970
   3.12766720175115    1.95059031226689   -5.26554831803784
   3.12219511976306    1.94717761218552   -5.25803660007756
   3.11672049065243    1.94376332357436   -5.25064429922712
   3.10958178906340    1.93931122516890   -5.24122822148515
   3.10558267209134    1.93681714945044   -5.23567877372577
   3.09711029950692    1.93153329831825   -5.22422254679810
   3.09412660283323    1.92967249617690   -5.22032101166279
   3.08439121035184    1.92360095434224   -5.20660108261370
   3.08363324279107    1.92312824286571   -5.20563556105084
   3.07310741980244    1.91656374382349   -5.19094130670183
   3.07160976814819    1.91562972347558   -5.18901487260105
   3.06151195968848    1.90933215852187   -5.17579864054679
   3.05901681651354    1.90777604599748   -5.17219751484533
   3.05098843906829    1.90276909536694   -5.16110613337662
   3.04626555232358    1.89982363584842   -5.15453667846923
   3.03955342017022    1.89563757028950   -5.14571399503199
   3.03378364483258    1.89203921178408   -5.13765606886412
   3.02895206089108    1.88902596254071   -5.13128279181342
   3.02116694087525    1.88417072101303   -5.12076165714464
   3.01798943036925    1.88218904559479   -5.11611467406657
   3.00847077777966    1.87625267502547   -5.10313152418094
   3.00695026791155    1.87530439900148   -5.10120524088442
   2.99648227761984    1.86877596770276   -5.08652630747666
   2.99570986947393    1.86829425025990   -5.08557455896296
   2.98540416219173    1.86186702783212   -5.07160799270888
   2.98310851703731    1.86043533356616   -5.06863695033752
   2.97453516674245    1.85508850701778   -5.05645662008318
   2.97050932678504    1.85257776533296   -5.05097443091093
   2.96344137675607    1.84816979160533   -5.04153257201414
   2.95788584342589    1.84470504654317   -5.03417977532865
   2.95230798397716    1.84122637764970   -5.02658563867287
   2.94528324694300    1.83684535399175   -5.01635324981150
   2.94155523499415    1.83452035471198   -5.01147879365935
   2.93278446090691    1.82905040351127   -4.99945900774868
   2.93050417571315    1.82762828858623   -4.99657031037235
   2.92022373547346    1.82121682411643   -4.98261235687356
   2.91945148791981    1.82073520682800   -4.98166084929583
   2.90891697023807    1.81416528528299   -4.96696889119034
   2.90741654062269    1.81322953244127   -4.96512150096641
   2.89766539901373    1.80714816855916   -4.95229633983576
   2.89444329167082    1.80513868002897   -4.94762073482055
   2.88679742514603    1.80037028486091   -4.93714751280623
   2.88207940485829    1.79742786034043   -4.93060825005312
   2.87580486525732    1.79351470226762   -4.92225116607710
   2.86947308198054    1.78956584379823   -4.91380749894706
   2.86474158421323    1.78661501395858   -4.90734062259297
   2.85681990265936    1.78167460492555   -4.89608421034111
   2.85438933021435    1.78015876236345   -4.89241425867133
   2.84434582513295    1.77389506407036   -4.87918483386409
   2.84337433664060    1.77328918885428   -4.87751789394462
   2.83227523503343    1.76636716081444   -4.86259890365729
   2.83133172487019    1.76577873446815   -4.86090330052495
   2.82123710839229    1.75948316021497   -4.84769720193358
   2.81878084950589    1.75795129813401   -4.84400426130143
   2.81038584827819    1.75271570015957   -4.83255435754301
   2.80634335050927    1.75019456972057   -4.82708634118512
   2.79915734451301    1.74571296960904   -4.81788969330109
   2.79369307128906    1.74230513951501   -4.81028067118341
   2.78829348789903    1.73893765366326   -4.80275085402924
   2.78102198684140    1.73440273399192   -4.79263977005334
   2.77777770399107    1.73237941556003   -4.78806828696322
   2.76845285778780    1.72656391362386   -4.77486013344741
   2.76693823357395    1.72561930822703   -4.77293108440822
   2.75643089066373    1.71906633440781   -4.75825314239557
   2.75568283045976    1.71859980171979   -4.75729174676012
   2.74523541308533    1.71208420085683   -4.74359478133811
   2.74289935998308    1.71062730590725   -4.74061930581437
   2.73417605991892    1.70518696219466   -4.72869035575229
   2.73033782743703    1.70279322315132   -4.72380391617617
   2.72252579832921    1.69792119959065   -4.71355315713037
   2.71783142803552    1.69499352454519   -4.70689847156337
   2.71166418778233    1.69114728441946   -4.69841786295160
   2.70528924147998    1.68717150704403   -4.68912016534476
   2.70136946805579    1.68472691445336   -4.68350360265259
   2.69259822230654    1.67925666909752   -4.67149221664214
   2.69031938430234    1.67783545672181   -4.66860572570161
   2.68001397661842    1.67140842114048   -4.65466888161672
   2.67925971641956    1.67093802178469   -4.65370217452430
   2.66856721751202    1.66426957420456   -4.63926836643961
   2.66702406928190    1.66330717961655   -4.63733280966307
   2.65749951156147    1.65736712627338   -4.62436491882810
   2.65448319403243    1.65548597992009   -4.62044282481653
   2.64650103089835    1.65050785115001   -4.60947427088980
   2.64198108095619    1.64768895450903   -4.60354324198441
   2.63564160567548    1.64373529887058   -4.59434244084692
   2.62932788096248    1.63979770274379   -4.58590474311612
   2.62458542843843    1.63684004089773   -4.57944297584366
   2.61653833885284    1.63182142031725   -4.56837452979720
   2.61349203910450    1.62992157535483   -4.56453426908084
   2.60395338521093    1.62397273084016   -4.55155866115713
   2.60243449663024    1.62302546594278   -4.54963484906654
   2.59142008141700    1.61615625313196   -4.53567750352738
   2.59063062001609    1.61566390031397   -4.53474623310022
   2.57853838378186    1.60812249730315   -4.52315858967967
   2.57538169231333    1.60615380581517   -4.52036366287000
   2.56594305106193    1.60026733484548   -4.51088498673673
   2.55978647111682    1.59642774309131   -4.50516263522812
   2.55336021341884    1.59241996502503   -4.49874199160837
   2.54473086237216    1.58703821323782   -4.49026883329558
   2.54080743009618    1.58459133878006   -4.48656977707336
   2.52896874553186    1.57720806494318   -4.47536373786632
   2.52814420109100    1.57669383235556   -4.47448312764367
   2.51556273798459    1.56884731977399   -4.46237638150227
   2.51323344462871    1.56739464058489   -4.46045268475791
   2.50277505585984    1.56087219733932   -4.45050757329033
   2.49790563482665    1.55783535074376   -4.44579205130836
   2.49021146920244    1.55303683352326   -4.43821505714189
   2.48240214976396    1.54816649986578   -4.43065994752932
   2.47784025210317    1.54532144225297   -4.42670526792008
   2.46663844123238    1.53833535890235   -4.41575720080444
   2.46497772393937    1.53729964159159   -4.41398843879587
   2.45252579952726    1.52953391667248   -4.40259498264364
   2.45086511911499    1.52849822236263   -4.40085597779428
   2.43994967166635    1.52169073145200   -4.39040460033208
   2.43524817006502    1.51875860891943   -4.38589013191351
   2.42726949546769    1.51378265579834   -4.37835788020992
   2.42008517469710    1.50930210668893   -4.37105975421122
   2.41442975281241    1.50577506546988   -4.36574202912810
   2.40487604758314    1.49981683409026   -4.35639569007899
   2.40182337845858    1.49791301682428   -4.35362336517016
   2.38945621435461    1.49020015323128   -4.34194505138324
   2.38865070342330    1.48969779101763   -4.34103522766014
   2.37671831682108    1.48225607928581   -4.33008651963308
   2.37272634235500    1.47976645803838   -4.32643649565683
   2.36414176015653    1.47441262663911   -4.31784847744322
   2.35728119558527    1.47013399022220   -4.31102433554697
   2.35154529944716    1.46655676070338   -4.30580064943585
   2.34194485111317    1.46056937767771   -4.29657722289984
   2.33888735876608    1.45866255237714   -4.29365267300264
   2.32654691326832    1.45096635201941   -4.28210484457283
   2.32572298269509    1.45045250227439   -4.28122588394077
   2.31369691878430    1.44295236807023   -4.26940785358054
   2.31121434206630    1.44140409269973   -4.26678556218514
   2.30098446834698    1.43502416437441   -4.25747236285600
   2.29476111725558    1.43114293035376   -4.25165671448828
   2.28833917743285    1.42713784515890   -4.24539532304724
   2.27963619109857    1.42171017023813   -4.23699926536517
   2.27570763631591    1.41926010109524   -4.23330490702479
   2.26463051220305    1.41235177946491   -4.22210699564905
   2.26301695442708    1.41134547349849   -4.22033669971070
   2.25056641151337    1.40358061015998   -4.20895007699400
   2.24826905581206    1.40214784910014   -4.20698561649412
   2.23780399720329    1.39562124616484   -4.19704441158230
   2.23304314818574    1.39265211122408   -4.19231820843069
   2.22521738211251    1.38777152051419   -4.18491502078987
   2.21733663701744    1.38285664177412   -4.17743019017457
   2.21258051449373    1.37989045454246   -4.17283240839077
   2.20157773945601    1.37302850120401   -4.16253813711698
   2.19992085380978    1.37199517352507   -4.16076956597219
   2.18747069882882    1.36423055212338   -4.14938499222646
   2.18581087656126    1.36319539300116   -4.14764709409988
   2.17490317950000    1.35639273567082   -4.13720164623366
   2.17074134358614    1.35379717920936   -4.13275574042127
   2.16229952960476    1.34853238615183   -4.12508701323237
   2.15504735557593    1.34400951990967   -4.11786959716578
   2.14938804396969    1.34048005284008   -4.11255798472823
   2.13985340400952    1.33453371164148   -4.10321286800809
   2.13680229631076    1.33263086816902   -4.10030556995755
   2.12447305008627    1.32494165231204   -4.08875007684026
   2.12365197873838    1.32442958574180   -4.08786542117720
   2.11192226794789    1.31711427411887   -4.07655706621637
   2.10805268550749    1.31470098346680   -4.07273752107725
   2.09926908076865    1.30922303034546   -4.06453207738320
   2.09277094014113    1.30517042201530   -4.05831653762979
   2.08627287148683    1.30111785857171   -4.05210109816343
   2.07695115369149    1.29530430768782   -4.04343286073168
   2.07369877846450    1.29327594239177   -4.03984349278889
   2.06199090196494    1.28597424786862   -4.02854757336559
   2.06117088255116    1.28546283734403   -4.02767359219984
   2.04871006225733    1.27769156444951   -4.01628236807022
   2.04622871534386    1.27614405605473   -4.01366168537051
   2.03611916274021    1.26983916678806   -4.00414887804024
   2.03058723465461    1.26638914329263   -3.99854014122749
   2.02342478695621    1.26192223546919   -3.99221641342223
   2.01467028685251    1.25646243364582   -3.98389268873045
   2.01073657461573    1.25400914802259   -3.98020276398375
   1.99891657916438    1.24663752977448   -3.96900869856390
   1.99806715239114    1.24610777915589   -3.96807326300767
   1.98550815589821    1.23827527802624   -3.95604363278830
   1.98318099365439    1.23682392791925   -3.95412251944425
   1.97288845291619    1.23040491689362   -3.94590579028496
   1.96492501531122    1.22543846642348   -3.93945537106878
   1.96022634152316    1.22250810747532   -3.93572460368943
   1.94763702666009    1.21465669809384   -3.92541292338562
   1.94679520713052    1.21413169178302   -3.92457074180890
   1.93505179897282    1.20680783770655   -3.91520641862582
   1.92790862350090    1.20235294913447   -3.90967674256021
   1.92229516876512    1.19885208100508   -3.90528104552623
   1.90990758321698    1.19112648144351   -3.89544740455267
   1.90907514606627    1.19060732651524   -3.89458477719608
   1.89732882943966    1.18328165855292   -3.88519936464416
   1.89022316767482    1.17885016565209   -3.87968729404063
   1.88459405834122    1.17533953442934   -3.87522141470135
   1.87268446457964    1.16791203760316   -3.86504137611776
   1.87184872888155    1.16739082551403   -3.86418577940121
   1.85938687779496    1.15961890975880   -3.85567305718865
   1.85295356413040    1.15560673119234   -3.85016268315280
   1.84684483022248    1.15179697893535   -3.84525592815693
   1.83482943631256    1.14430349914772   -3.83545834425356
   1.83397331299116    1.14376957218263   -3.83465801319000
   1.82166942544390    1.13609617143224   -3.82567004862104
   1.81529665353099    1.13212175012915   -3.82017215102472
   1.80908199951902    1.12824594009954   -3.81540997943972
   1.79707819577067    1.12075968859274   -3.80550178567958
   1.79622917937213    1.12023019390704   -3.80467914722775
   1.78390727990212    1.11254555990203   -3.79581576090906
   1.77747101553301    1.10853154110919   -3.79041118732717
   1.77107288476222    1.10454130458687   -3.78504192540787
   1.75925259783296    1.09716950455663   -3.77574235136869
   1.75840363082543    1.09664004067396   -3.77491977371350
   1.74601711408547    1.08891510768168   -3.76522133767419
   1.74046180998593    1.08545050558073   -3.76064950529402
   1.73340400262264    1.08104885739355   -3.75499931220648
   1.72166896864452    1.07373022592949   -3.74555530900331
   1.72082258539124    1.07320237342223   -3.74473472401809
   1.70837837186702    1.06544145744929   -3.73515008445823
   1.70348292849848    1.06238838185238   -3.73087443070715
   1.69563217341653    1.05749220658212   -3.72517229361346
   1.68450535717260    1.05055289412597   -3.71601884650308
   1.68300092528708    1.04961464524204   -3.71497997753604
   1.67037268533135    1.04173895996937   -3.70478205324039
   1.66566025372341    1.03880002086597   -3.70112198716212
   1.65763131923386    1.03379272283107   -3.69481854133459
   1.64682322199999    1.02705218159106   -3.68605681667424
   1.64510121316404    1.02597823940464   -3.68449769700722
   1.63255380155880    1.01815296326673   -3.67503024726532
   1.62791172675149    1.01525790264682   -3.67117976811794
   1.61985866713491    1.01023555881707   -3.66501331252968
   1.60963388074673    1.00385880323943   -3.65651755286028
   1.60731459271913    1.00241236393941   -3.65461356536572
   1.59479774331857    0.99460614812234   -3.64518929463478
   1.59067408726168    0.99203440278090   -3.64163490272247
   1.58204129393981    0.98665050419603   -3.63526501424028
   1.57245771510087    0.98067364194239   -3.62699432419861
   1.56931190459419    0.97871173643815   -3.62424374434606
   1.55701266974732    0.97104123737509   -3.61444329181494
   1.55325604000466    0.96869839041915   -3.61142372583748
   1.54443259074733    0.96319558800063   -3.60511507214642
   1.53480009063767    0.95718821567333   -3.59702337875054
   1.53164877963956    0.95522287975127   -3.59423508603942
   1.51905393230306    0.94736802000619   -3.58501894794674
   1.51564246887146    0.94524043830036   -3.58237414946839
   1.50645789224171    0.93951241641036   -3.57469497422226
   1.49702075029225    0.93362688049024   -3.56727602056706
   1.49383732497322    0.93164151625979   -3.56449124578218
   1.48124097419017    0.92378571888033   -3.55527679624638
   1.47724390062650    0.92129291754701   -3.55239857049861
   1.46850219448332    0.91584109476163   -3.54630063721478
   1.45605159107687    0.90807619369642   -3.53850750460810
   1.45519082007787    0.90753936817650   -3.53772822573163
   1.44343397986789    0.90020713711189   -3.53017927682602
   1.43230815774217    0.89326844464413   -3.52302036636246
   1.43073300088747    0.89228608766595   -3.52209077183677
   1.41823102303246    0.88448914658650   -3.51437706707391
   1.40880591093943    0.87861111316581   -3.50778678069606
   1.40552915018764    0.87656753967613   -3.50536075871066
   1.39319714829727    0.86887660522992   -3.49822337150395
   1.38597251484826    0.86437091485231   -3.49291429546925
   1.38044286352725    0.86092231127615   -3.48925811956352
   1.36788399603828    0.85308989060067   -3.48175306741788
   1.36299658904470    0.85004182694209   -3.47826003954383
   1.35524800456038    0.84520937104000   -3.47344764918259
   1.34269252946775    0.83737906605490   -3.46496392798163
   1.33962671211307    0.83546704880835   -3.46293451954524
   1.32998762099297    0.82945556595384   -3.45694614571424
   1.31744002392463    0.82163017415064   -3.44928125804296
   1.31657940325336    0.82109344238360   -3.44850215726347
   1.30488062550560    0.81379742235711   -3.44086261282892
   1.29375434470670    0.80685844383480   -3.43362716534512
   1.29218797202820    0.80588156516614   -3.43264215034129
   1.27979301374260    0.79815136754814   -3.42480499072025
   1.27100173458635    0.79266862822568   -3.41856577669059
   1.26697891763858    0.79015977186080   -3.41606938135624
   1.25442515361227    0.78233053399352   -3.40843147772555
   1.24805482003812    0.77835763337651   -3.40390410794935
   1.24184129716254    0.77448252878757   -3.40004488973367
   1.22928254977951    0.76665018301696   -3.39254286707293
   1.22440172345480    0.76360622343599   -3.38904757876924
   1.21664971113035    0.75877162973875   -3.38423859929659
   1.20409817964555    0.75094378421073   -3.37575574514568
   1.20104518629966    0.74903976474198   -3.37372470680441
   1.19164327675575    0.74317620174433   -3.36801448064787
   1.17888670591366    0.73522048206661   -3.36002389577949
   1.17802012503735    0.73468003317832   -3.35928066653042
   1.16623349012159    0.72732922044862   -3.35175386616451
   1.15455588948203    0.72004640766557   -3.34404456502955
   1.15368933318247    0.71950597410473   -3.34330136637131
   1.14120592825165    0.71172061615215   -3.33560749138600
   1.13241620205337    0.70623884534219   -3.32936957985651
   1.12844494352930    0.70376214372885   -3.32666095002143
   1.11589514513862    0.69593537905643   -3.31914716722116
   1.10879069576370    0.69150464227058   -3.31450607881829
   1.10325873087022    0.68805459581967   -3.31085376152785
   1.09069999690114    0.68022225841474   -3.30335464178445
   1.08435101467171    0.67626267370492   -3.29998556118797
   1.07797613364851    0.67228693704126   -3.29739330085158
   1.06550193753664    0.66450732222946   -3.29454650332606
   1.05299509725347    0.65670734866458   -3.29444036350451
   1.04034223308277    0.64881630633757   -3.29409697134785
   1.02788407950422    0.64104669655765   -3.29429162827733
   1.01522056939697    0.63314901482199   -3.29442211874962
   1.00262919442063    0.62529632063726   -3.29441618528114
   0.99003702366540    0.61744313015977   -3.29373741651425
   0.97738569595430    0.60955304605594   -3.29406717332115
   0.96494402509606    0.60179371583344   -3.29366834980789
   0.95226349749341    0.59388542102435   -3.29372260940462
   0.93958808207658    0.58598031446372   -3.29356606454866
   0.92708156229648    0.57818054078269   -3.29345420316010
   0.91449063627853    0.57032812659382   -3.29344878945287
   0.90189977084529    0.56247575018901   -3.29344344978441
   0.88930896523867    0.55462341109547   -3.29343818415460
   0.87671821870057    0.54677110884040   -3.29343299256333
   0.86412753047292    0.53891884295102   -3.29342787501050
   0.85153689979761    0.53106661295454   -3.29342283149600
   0.83894632591655    0.52321441837818   -3.29341786201971
   0.82635580807166    0.51536225874914   -3.29341296658152
   0.81376534550484    0.50751013359463   -3.29340814518133
   0.80117493745800    0.49965804244186   -3.29340339781901
   0.78858458317304    0.49180598481806   -3.29339872449447
   0.77599428189188    0.48395396025041   -3.29339412520760
   0.76340403285641    0.47610196826615   -3.29338959995827
   0.75081383530855    0.46825000839246   -3.29338514874639
   0.73822368849020    0.46039808015657   -3.29338077157185
   0.72554901596129    0.45249343690291   -3.29256570309092
   0.71311395622407    0.44473822974969   -3.29323657010630
   0.70036904373319    0.43678978087973   -3.29255857537587
   0.68786292320943    0.42899025619755   -3.29243609021633
   0.67527302231227    0.42113848133203   -3.29243208423218
   0.66268316759635    0.41328673526776   -3.29242815226619
   0.65009335830359    0.40543501753193   -3.29242429431825
   0.63750359367588    0.39758332765176   -3.29242051038825
   0.62491387295515    0.38973166515447   -3.29241680047607
   0.61232419538328    0.38188002956725   -3.29241316458162
   0.59973456020219    0.37402842041732   -3.29240960270478
   0.58714496665377    0.36617683723188   -3.29240611484544
   0.57449659755604    0.35828859828683   -3.29206466057618
   0.56203552981644    0.35051717107112   -3.29226401654057
   0.54937642822365    0.34262223873462   -3.29239609537133
   0.53672837277634    0.33473419539973   -3.29205482709906
   0.52419771205148    0.32691936605902   -3.29192585157655
   0.51160835039080    0.31906792749190   -3.29192280780237
   0.49908821521222    0.31125966247767   -3.29224853114247
   0.48637126505391    0.30332865250113   -3.29204275754992
   0.47384048033565    0.29551374583112   -3.29191412052380
   0.46132025959644    0.28770542745643   -3.29224012318916
   0.44857857479281    0.27975899155493   -3.29156868009420
   0.43601411665362    0.27192308423351   -3.29110394872010
   0.42348250731904    0.26410766328608   -3.29051171923951
   0.41089342432970    0.25625639851418   -3.29050926884687
   0.39837373991098    0.24844841461931   -3.29129972291562
   0.38571593081481    0.24055428835687   -3.29143248225438
   0.37312693268546    0.23270307650847   -3.29143025323691
   0.36053796254340    0.22485188211452   -3.29142809821646
   0.34794901963051    0.21700070470223   -3.29142601719294
   0.33536010318871    0.20914954379880   -3.29142401016622
   0.32277121245989    0.20129839893144   -3.29142207713621
   0.31018234668595    0.19344726962736   -3.29142021810279
   0.29753611103624    0.18556036122127   -3.29108017641785
   0.28500476447901    0.17774510415667   -3.29095278630666
   0.27241596704373    0.16989401747245   -3.29095114906782
   0.25982719153147    0.16204294446066   -3.29094958581586
   0.24723843718414    0.15419188464853   -3.29094809655067
   0.23464970324364    0.14634083756324   -3.29094668127216
   0.22206098895185    0.13848980273201   -3.29094533998021
   0.20947229355068    0.13063877968203   -3.29094407267473
   0.19688302498331    0.12278739917317   -3.29047893084574
   0.18429495638777    0.11493676703467   -3.29094176002274
   0.17170573307347    0.10708541474818   -3.29047676724240
   0.15911711128473    0.09923443760708   -3.29047579640596
   0.14652850459597    0.09138346988319   -3.29047489954619
   0.13393991224909    0.08353251110370   -3.29047407666300
   0.12129483370871    0.07564632433648   -3.29013502078163
   0.10883005212594    0.06787258095795   -3.29033789432131
   0.09611784096358    0.05994452648753   -3.29013374895092
   0.08358571707302    0.05212878463387   -3.29000758538900
   0.07106422772770    0.04431967508460   -3.29033633261241
   0.05840861689350    0.03642691978276   -3.29047069286583
   0.04573893705455    0.02852539025317   -3.28966632417478
   0.03331836675672    0.02077921953455   -3.28979172970714
   0.02056207271692    0.01282367248641   -3.28966594651900
   0.00805413813132    0.00502301645259   -3.28954203391518
  -0.00453434282612   -0.00282787285814   -3.28954202477276
  -0.01712281853845   -0.01067875889772   -3.28954208958711
  -0.02971079982419   -0.01852933658489   -3.29000616807915
  -0.04229927294874   -0.02638022101059   -3.29000638043100
  -0.05488822178588   -0.03423140211757   -3.28954272776973
  -0.06747621104339   -0.04208198477639   -3.29000702703188
  -0.08006514495723   -0.04993315657637   -3.28954352300671
  -0.09265360511914   -0.05778403291783   -3.28954403155945
  -0.10529742259612   -0.06566943321453   -3.28920636664843
  -0.11776441902516   -0.07344455789657   -3.28941060718881
  -0.13041898900710   -0.08133666406402   -3.28954600095340
  -0.14306262156004   -0.08922194903162   -3.28920858608585
  -0.15559591333100   -0.09703841924161   -3.28908373650641
  -0.16818438719127   -0.10488930412614   -3.28908468827606
  -0.18077286566125   -0.11274019188555   -3.28908571399193
  -0.19336176628316   -0.12059134292279   -3.28862287852895
  -0.20595025062085   -0.12844223434164   -3.28862405239143
  -0.21853874184262   -0.13629313005378   -3.28862530019047
  -0.23112724070656   -0.14414403053202   -3.28862662192596
  -0.24371574797079   -0.15199493624914   -3.28862801759779
  -0.25630426439341   -0.15984584767797   -3.28862948720587
  -0.26889279073253   -0.16769676529128   -3.28863103075007
  -0.28148095034397   -0.17554745419244   -3.28909658177041
  -0.29406987619271   -0.18339862096257   -3.28863433964646
  -0.30665843682997   -0.19124955996615   -3.28863610499844
  -0.31930129030319   -0.19913435905553   -3.28829986990661
  -0.33183561633754   -0.20695147429071   -3.28817590271005
  -0.34442422004455   -0.21480244015503   -3.28817788922302
  -0.35701283897427   -0.22265341551307   -3.28817994966227
  -0.36960147388479   -0.23050440083766   -3.28818208402767
  -0.38219012553423   -0.23835539660158   -3.28818429231915
  -0.39477879468070   -0.24620640327764   -3.28818657453659
  -0.40736748208232   -0.25405742133863   -3.28818893067989
  -0.41995650404560   -0.26190864805123   -3.28772742921110
  -0.43254522460730   -0.26975968679273   -3.28772993329152
  -0.44513366139911   -0.27761054855928   -3.28819644266395
  -0.45772242940240   -0.28546161688805   -3.28819909450968
  -0.47031121945140   -0.29331269896576   -3.28820182028077
  -0.48290031972971   -0.30116397452004   -3.28774068877364
  -0.49554253988685   -0.30904837863767   -3.28740571144183
  -0.50807805144652   -0.31686623323355   -3.28728254577429
  -0.52066693357494   -0.32471737273721   -3.28728556649217
  -0.53325584153902   -0.33256852835345   -3.28728866111639
  -0.54584477609688   -0.34041970055508   -3.28729182964683
  -0.55843399172993   -0.34827104805110   -3.28683114141096
  -0.57102297612615   -0.35612225133475   -3.28683445773565
  -0.58361174691421   -0.36397332140026   -3.28730177867455
  -0.59620079542828   -0.37182456467143   -3.28730524282891
  -0.60879010555559   -0.37967597109942   -3.28684485008821
  -0.62137920997270   -0.38752724923489   -3.28684846199821
  -0.63396834629031   -0.39537854726531   -3.28685214780428
  -0.64655730090909   -0.40322973197806   -3.28731983850260
  -0.65914671765947   -0.41108120490224   -3.28685974110420
  -0.67173595422725   -0.41893256545435   -3.28686364859784
  -0.68437765469755   -0.42681664546585   -3.28653010817997
  -0.69691460773238   -0.43463539904724   -3.28640770891783
  -0.70950395330458   -0.44248682758067   -3.28641183718878
  -0.72209333608351   -0.45033827931832   -3.28641603934604
  -0.73468275682726   -0.45818975473299   -3.28642031538950
  -0.74727221629396   -0.46604125429748   -3.28642466531907
  -0.75986171524171   -0.47389277848459   -3.28642908913464
  -0.77245125442865   -0.48174432776713   -3.28643358683612
  -0.78506822057288   -0.48961298205278   -3.28610263698915
  -0.79763054669523   -0.49744755972782   -3.28597882044777
  -0.81018223517531   -0.50527550316699   -3.28631418373658
  -0.82283702113288   -0.51316774402907   -3.28611688698849
  -0.83536183350327   -0.52097892600487   -3.28632379917232
  -0.84801644013260   -0.52887105502771   -3.28612675843162
  -0.84961175467886   -0.52986598348341   -3.28560387190121
  -0.86057955665303   -0.53670612563974   -3.28507528499244
  -0.87316943572191   -0.54455788689190   -3.28508037226024
  -0.88575936185218   -0.55240967749421   -3.28508553338501
  -0.89834933580197   -0.56026149791948   -3.28509076836665
  -0.91093935832939   -0.56811334864051   -3.28509607720506
  -0.92352943019255   -0.57596523013009   -3.28510145990013
  -0.93611955214956   -0.58381714286104   -3.28510691645176
  -0.94870972495854   -0.59166908730616   -3.28511244685985
  -0.96129994937759   -0.59952106393824   -3.28511805112430
  -0.97389022616484   -0.60737307323009   -3.28512372924501
  -0.98653142322464   -0.61525683928630   -3.28479266133324
  -0.99907106076197   -0.62307726707541   -3.28467130725298
  -1.01160009677824   -0.63089108315587   -3.28500567900623
  -1.02406859381345   -0.63866714370087   -3.28558341800150
  -1.02565848624465   -0.63965869061868   -3.28635949022277
  -1.03640214696403   -0.64635904560075   -3.28923323095172
  -1.04878193015240   -0.65407977916910   -3.29560892632832
  -1.05973934570918   -0.66091344376762   -3.30132057671951
  -1.06131307772775   -0.66189491213734   -3.30224930272657
  -1.07389852852230   -0.66974391166696   -3.31049758829333
  -1.08334538322747   -0.67563550501135   -3.31617954884983
  -1.08649290704992   -0.67759847903629   -3.31803707389955
  -1.09914212290799   -0.68548724606902   -3.32625576086897
  -1.10693359522855   -0.69034644925351   -3.33089258381619
  -1.11170030294293   -0.69331923800925   -3.33451173222983
  -1.12433844000766   -0.70120109567933   -3.34122837624157
  -1.13129963417720   -0.70554249040998   -3.34581165817399
  -1.13681186673460   -0.70898023065914   -3.34951839572330
  -1.14944476608428   -0.71685882179362   -3.35704528018111
  -1.15498126993752   -0.72031169899677   -3.36069407663783
  -1.16219768306278   -0.72481226271517   -3.36594976824110
  -1.17458859112250   -0.73253993438304   -3.37274960834004
  -1.17853727463987   -0.73500255694431   -3.37550609415451
  -1.18727722319002   -0.74045328359518   -3.38105346487202
  -1.19977711758757   -0.74824892531261   -3.38855574174348
  -1.20216073791364   -0.74973548587556   -3.39036390906794
  -1.21245986074886   -0.75615860186948   -3.39684393444183
  -1.22493855923217   -0.76394102461497   -3.40428720134550
  -1.22650169266815   -0.76491588310865   -3.40523801898664
  -1.23764304470569   -0.77186426090850   -3.41263505074960
  -1.24936769311406   -0.77917641534338   -3.41993654628215
  -1.25019997029991   -0.77969547050850   -3.42077830591883
  -1.26293543756482   -0.78763802880089   -3.42835001349632
  -1.27458142352805   -0.79490112488220   -3.43494767212868
  -1.27540121831087   -0.79541239531421   -3.43580373184304
  -1.28803855214413   -0.80329375204367   -3.44406442180949
  -1.29821030353127   -0.80963743199256   -3.44986972693894
  -1.30060347176783   -0.81112994717296   -3.45165171200339
  -1.31321218245450   -0.81899345288796   -3.45986937769529
  -1.32182121048740   -0.82436253009337   -3.46473420133992
  -1.32578862618173   -0.82683683510055   -3.46744512440552
  -1.33838144041176   -0.83469042688535   -3.47487807381386
  -1.34543262885946   -0.83908794714209   -3.47959926662371
  -1.35097436266895   -0.84254408604201   -3.48323920727788
  -1.36346123752542   -0.85033160803664   -3.49070386580276
  -1.36987880349010   -0.85433396544603   -3.49456370646087
  -1.37627315844128   -0.85832184715352   -3.49894546301367
  -1.38872204801737   -0.86608567937710   -3.50634635648095
  -1.39341070026355   -0.86900978832445   -3.50920393281777
  -1.40146213352078   -0.87403111786445   -3.51455976582111
  -1.41391523028304   -0.88179757392748   -3.52216905886653
  -1.41704630449723   -0.88375028904556   -3.52406441966730
  -1.42650666608423   -0.88965030604603   -3.53051910290019
  -1.43901724883515   -0.89745261362565   -3.53807233846117
  -1.44058035662453   -0.89842745612465   -3.53902416757146
  -1.45163383228997   -0.90532102924452   -3.54727734175866
  -1.46026266030110   -0.91070245483714   -3.55378025608424
  -1.46430352387984   -0.91322256610265   -3.55729781008661
  -1.47667474770108   -0.92093796156515   -3.56580852271882
  -1.48055574693850   -0.92335837237810   -3.56868222219458
  -1.48940551624878   -0.92887758947152   -3.57527019044427
  -1.50033098022710   -0.93569132725705   -3.58346307398622
  -1.50187214525914   -0.93665248501047   -3.58444726079701
  -1.51470797720736   -0.94465763640064   -3.59458665639981
  -1.51991712921400   -0.94790635846212   -3.59832179282490
  -1.52726470632858   -0.95248872346895   -3.60391865867710
  -1.53905266969114   -0.95984036469328   -3.61303102638496
  -1.53990057489436   -0.96036916637467   -3.61385269981798
  -1.55237030417997   -0.96814599542077   -3.62254849981002
  -1.55947059537173   -0.97257413892822   -3.62807325559961
  -1.56495117319534   -0.97599213749354   -3.63184742389181
  -1.57745005310000   -0.98378714651578   -3.64115112841662
  -1.57980464881539   -0.98525560568854   -3.64302169002128
  -1.59039472013387   -0.99186017362610   -3.65112528251849
  -1.59967628550502   -0.99764868318539   -3.65762715286244
  -1.60288632118637   -0.99965064314410   -3.66030706072738
  -1.61533748363036   -1.00741589285677   -3.66979260514031
  -1.61920655198025   -1.00982886289289   -3.67266817423762
  -1.62803723006223   -1.01533617361566   -3.67918141792705
  -1.63970235510576   -1.02261120591083   -3.68753748005356
  -1.64051668484407   -1.02311906803173   -3.68842056225267
  -1.65311014610890   -1.03097306334406   -3.69783590483288
  -1.66016809958206   -1.03537480265362   -3.70256224026353
  -1.66572505919374   -1.03884043722565   -3.70712288416059
  -1.67821992430543   -1.04663294239573   -3.71638496882651
  -1.67976063605622   -1.04759381745732   -3.71736974248401
  -1.69100628463851   -1.05460724048630   -3.72659566894818
  -1.69959354714953   -1.05996274348020   -3.73234940232967
  -1.70362622323419   -1.06247774856093   -3.73586602285722
  -1.71602934253791   -1.07021303585179   -3.74436760109988
  -1.71920295824137   -1.07219228225069   -3.74711321687010
  -1.72882401770880   -1.07819251954588   -3.75445330002304
  -1.73967539998743   -1.08496005579001   -3.76198626889655
  -1.74130429391357   -1.08597592624779   -3.76374917622394
  -1.75395155328686   -1.09386347310586   -3.77309778785984
  -1.75862780281375   -1.09677984701540   -3.77676275228540
  -1.76664773440689   -1.10178153033448   -3.78308375988507
  -1.77830726777437   -1.10905307534394   -3.79149881238098
  -1.77914213048092   -1.10957374298612   -3.79235363092026
  -1.79177082761301   -1.11744971337984   -3.80109600750938
  -1.79882820728476   -1.12185109483437   -3.80652337045851
  -1.80444832660530   -1.12535611937607   -3.81096805235529
  -1.81681232740114   -1.13306701015107   -3.81961108541588
  -1.81916731328348   -1.13453571265402   -3.82148297875522
  -1.82954820333653   -1.14100982331350   -3.82980500788600
  -1.83818166350682   -1.14639413778279   -3.83631274807273
  -1.84210897734525   -1.14884343300263   -3.83912139605604
  -1.85480304560149   -1.15676017252977   -3.84828831049349
  -1.85790070008649   -1.15869204521297   -3.85096563554996
  -1.86745354083172   -1.16464973745141   -3.85837488951453
  -1.87836184351717   -1.17145277248327   -3.86599779559859
  -1.87990659207009   -1.17241616512316   -3.86698344930194
  -1.89249402875489   -1.18026640316636   -3.87632058726264
  -1.89786910003139   -1.18361860187657   -3.88088668932990
  -1.90523103514528   -1.18820992134453   -3.88644689472807
  -1.91762620349735   -1.19594024997186   -3.89497873305554
  -1.91843869371801   -1.19644696486542   -3.89586428322311
  -1.93033083728546   -1.20386357876276   -3.90513064305717
  -1.93744206235670   -1.20829854125639   -3.91064574266682
  -1.94291764162152   -1.21171342243749   -3.91443688744444
  -1.95541959069059   -1.21951034556439   -3.92451026974147
  -1.95694063433848   -1.22045895448366   -3.92552035891443
  -1.96797326109854   -1.22733952504596   -3.93494044187132
  -1.97348216569463   -1.23077518979006   -3.94039588843873
  -1.98073395164470   -1.23529781400434   -3.94683907091466
  -1.98948663521734   -1.24075648293611   -3.95490290515301
  -1.99342575944326   -1.24321314378212   -3.95862110065676
  -2.00574535575545   -1.25089634140754   -3.96923804458402
  -2.00654816262116   -1.25139701721282   -3.97014596971508
  -2.01851945075738   -1.25886299014331   -3.98126130667196
  -2.02238037827080   -1.26127088309300   -3.98488982704327
  -2.03112010698265   -1.26672147264026   -3.99321704145603
  -2.03815247954259   -1.27110725824429   -3.99986974639419
  -2.04364413932673   -1.27453216814750   -4.00455515847736
  -2.05544039231892   -1.28188897925411   -4.01478335539876
  -2.05624902201962   -1.28239328650890   -4.01568118079297
  -2.06893810469361   -1.29030691674474   -4.02750341713675
  -2.07117984734465   -1.29170499435839   -4.02952740808821
  -2.08145907570829   -1.29811570303368   -4.03896130537214
  -2.08776173359231   -1.30204639725947   -4.04454114780962
  -2.09423060295539   -1.30608075037219   -4.05078941824170
  -2.10374393564080   -1.31201380314812   -4.05902396533318
  -2.10686838223173   -1.31396238490517   -4.06185448735799
  -2.11929665445182   -1.32171335897848   -4.07325976110544
  -2.12012313273336   -1.32222879761862   -4.07413278413119
  -2.13191555110134   -1.32958321723651   -4.08451758813738
  -2.13646523901923   -1.33242066016250   -4.08902961719126
  -2.14451335783832   -1.33743992263125   -4.09661114598417
  -2.15244548402323   -1.34238684552743   -4.10394006008674
  -2.15709584939828   -1.34528707661467   -4.10778208482275
  -2.16904093025822   -1.35273670520418   -4.11874515625008
  -2.16987630685028   -1.35325769333446   -4.11960063501989
  -2.18242441830563   -1.36108340593852   -4.13081603397855
  -2.18546090261065   -1.36297712943487   -4.13366682533438
  -2.19489054979104   -1.36885799119276   -4.14220648370308
  -2.20139817236401   -1.37291651300083   -4.14843021525288
  -2.20770265609479   -1.37684834592801   -4.15401063272858
  -2.21785695914183   -1.38318114410434   -4.16340186855888
  -2.22015278984898   -1.38461295409149   -4.16536479145928
  -2.23275541039591   -1.39247266165061   -4.17654872765269
  -2.23441666743421   -1.39350871557709   -4.17827989679143
  -2.24553138617069   -1.40044048334279   -4.18842359318478
  -2.25072676291562   -1.40368061437130   -4.19320666491663
  -2.25809071325927   -1.40827319065061   -4.19976180985975
  -2.26749192541918   -1.41413631872012   -4.20805361359311
  -2.27060613879177   -1.41607851846296   -4.21090077173612
  -2.28309260943244   -1.42386578836573   -4.22221709173106
  -2.28389680339897   -1.42436732924560   -4.22312410581279
  -2.29589436566478   -1.43184968821059   -4.23420483412462
  -2.30043250164837   -1.43467992669644   -4.23800824290596
  -2.30862022085730   -1.43978625187053   -4.24606001910270
  -2.31637206912723   -1.44462074325409   -4.25275606061711
  -2.32119611708301   -1.44762929263018   -4.25725854341571
  -2.33287522616943   -1.45491304616608   -4.26759998769327
  -2.33369588546360   -1.45542485575630   -4.26848435573974
  -2.34623048776197   -1.46324214328537   -4.27988373895472
  -2.34925986430699   -1.46513143398024   -4.28266216291241
  -2.35896893240897   -1.47118655844178   -4.29186770434585
  -2.36502027786970   -1.47496052001457   -4.29739953915758
  -2.37177597939799   -1.47917375790198   -4.30363700675493
  -2.38180371938569   -1.48542762419025   -4.31223970180728
  -2.38429204958343   -1.48697948775639   -4.31484563420811
  -2.39658898285150   -1.49464855142463   -4.32553173358089
  -2.39820137981713   -1.49565413344401   -4.32733977227123
  -2.40934414134295   -1.50260339028055   -4.33752761487720
  -2.41410972087123   -1.50557547543557   -4.34201900874398
  -2.42199361865193   -1.51049232036886   -4.34946252763819
  -2.43133936533374   -1.51632085702654   -4.35727221517364
  -2.43465750127028   -1.51839023442353   -4.36071194618123
  -2.44704106599621   -1.52611332637276   -4.37110392219317
  -2.44784614801790   -1.52661542109410   -4.37201034624694
  -2.45970097629351   -1.53400876306317   -4.38319795689931
  -2.46357668838166   -1.53642587651055   -4.38689552160525
  -2.47232690263514   -1.54188300543512   -4.39529251941614
  -2.47950986924953   -1.54636271001607   -4.40170234851106
  -2.48498153318278   -1.54977514937476   -4.40643038022620
  -2.49605586011780   -1.55668172652666   -4.41648009241542
  -2.49769288992891   -1.55770267098285   -4.41825756207176
  -2.51023873076965   -1.56552696750311   -4.42961470139063
  -2.51254041687883   -1.56696242925042   -4.43157292502335
  -2.52282876003036   -1.57337882242340   -4.44086604478687
  -2.52849056402605   -1.57690984388813   -4.44622694530761
  -2.53563460431730   -1.58136527181051   -4.45266795593065
  -2.54571863436646   -1.58765424376746   -4.46133401982949
  -2.54823499639225   -1.58922358956835   -4.46388404007642
  -2.56064155242374   -1.59696102019719   -4.47515489154150
  -2.56144989106746   -1.59746514593236   -4.47605971237933
  -2.57323218609371   -1.60481325206130   -4.48825156100258
  -2.57555068942457   -1.60625920198002   -4.49096129900490
  -2.58575372082663   -1.61262238991685   -4.50394057288317
  -2.58728795304076   -1.61357922397259   -4.50584771538862
  -2.59766857894419   -1.62005316989342   -4.52048960331870
  -2.59859731558803   -1.62063238263674   -4.52222059446395
  -2.60789588597278   -1.62643149748511   -4.53536735197924
  -2.61098954037265   -1.62836087548879   -4.54007464936711
  -2.61756456697386   -1.63246143426436   -4.55026976554031
  -2.62378038094107   -1.63633796770772   -4.55949797536955
  -2.62769623407033   -1.63878011538057   -4.56515171192134
  -2.63625301424500   -1.64411660786403   -4.57733351084105
  -2.63792778724264   -1.64516109110784   -4.58003363407939
  -2.64744535330198   -1.65109678405538   -4.59492599269621
  -2.64895851809319   -1.65204047927364   -4.59685287591699
  -2.65771871526852   -1.65750383411338   -4.60981461735365
  -2.66172030804243   -1.65999945388201   -4.61534016084019
  -2.66796780154641   -1.66389574447776   -4.62438749284698
  -2.67429075778162   -1.66783909790436   -4.63393256582863
  -2.67820588060216   -1.67028079011535   -4.63958702000606
  -2.68672610317774   -1.67559448321063   -4.65275703938135
  -2.68821854598732   -1.67652525502816   -4.65470136287766
  -2.69814415868200   -1.68271542895546   -4.66913149970372
  -2.69981015809795   -1.68375444049709   -4.67184216893242
  -2.70838476836057   -1.68910205283268   -4.68401694301964
  -2.71220548049508   -1.69148486519564   -4.68971228644922
  -2.71832442900320   -1.69530098785553   -4.69910645833186
  -2.72457326963295   -1.69919811859516   -4.70857835451515
  -2.72851370677736   -1.70165559825147   -4.71426557343730
  -2.73724443392163   -1.70710057391164   -4.72720617127877
  -2.73818452889390   -1.70768687035152   -4.72892198652023
  -2.74791465385820   -1.71375512706434   -4.74358689385596
  -2.75018500177995   -1.71517104454404   -4.74647816509490
  -2.75865612068210   -1.72045411380900   -4.75869422226713
  -2.76247737984221   -1.72283726732808   -4.76439047657423
  -2.76890158417134   -1.72684376479732   -4.77383599635851
  -2.77548606548167   -1.73095022006469   -4.78366276724463
  -2.77915433995683   -1.73323796367437   -4.78847152627847
  -2.78775323564361   -1.73860072177518   -4.80164153340523
  -2.78871022843423   -1.73919755665110   -4.80338333436593
  -2.79896040957099   -1.74559014983146   -4.81827493367422
  -2.80044305189405   -1.74651480951082   -4.82022782214143
  -2.80868244629224   -1.75165336225807   -4.83294255097899
  -2.81334533557520   -1.75456140396323   -4.83953048363437
  -2.81886994087298   -1.75800686055365   -4.84781792117111
  -2.82582187357887   -1.76234247931132   -4.85826424901211
  -2.82900607388143   -1.76432832686537   -4.86296469892498
  -2.83828723130894   -1.77011658200792   -4.87611492936789
  -2.83924328447700   -1.77071283088203   -4.87785683406958
  -2.84953576383379   -1.77713180362674   -4.89275710790608
  -2.85124521376608   -1.77819791336993   -4.89541856862383
  -2.85918798839535   -1.78315147723877   -4.90741518749167
  -2.86373686757815   -1.78598841579179   -4.91410038503420
  -2.86920224226913   -1.78939693282300   -4.92253554282103
  -2.87633027796977   -1.79384237937670   -4.93282832507407
  -2.87946872604985   -1.79579969325496   -4.93743357827597
  -2.88903719896916   -1.80176713460203   -4.95136987155320
  -2.88978383258968   -1.80223277759185   -4.95234268494559
  -2.89948951683254   -1.80828579168729   -4.96701143456782
  -2.90171411110279   -1.80967317459998   -4.96994176641821
  -2.90973341055606   -1.81467446368085   -4.98190633304742
  -2.91428297442535   -1.81751182924312   -4.98859265572867
  -2.91974919052965   -1.82092087102730   -4.99702922055988
  -2.92666875833249   -1.82523630519937   -5.00744053025934
  -2.92987813955142   -1.82723785699826   -5.01217486413799
  -2.93958526711992   -1.83329177123328   -5.02586810329930
  -2.94033200859012   -1.83375748148426   -5.02684108627778
  -2.95003968062544   -1.83981173527961   -5.04151239254188
  -2.95245767933208   -1.84131973614670   -5.04519217208431
  -2.95974983006091   -1.84586753412191   -5.05618567197266
  -2.96502679763395   -1.84915854980938   -5.06386055647442
  -2.97030385063678   -1.85244961877569   -5.07153557652455
  -2.97741452521939   -1.85688423795344   -5.08271166603386
  -2.98043100628622   -1.85876548629815   -5.08668330589479
  -2.99014109730824   -1.86482124871052   -5.10037908204768
  -2.99088794854644   -1.86528702741905   -5.10135223730764
  -3.00004901840554   -1.87100038915625   -5.11579806920033
  -3.00301601568113   -1.87285077660765   -5.11970655384995
  -3.01084744457243   -1.87773489897145   -5.13092673765508
  -3.01558848500576   -1.88069168015780   -5.13837845277917
  -3.02086635829033   -1.88398326069824   -5.14605481076265
  -3.02778809419289   -1.88830004702002   -5.15646970257271
  -3.03099174335664   -1.89029802398484   -5.16120464940245
  -3.04051929814806   -1.89623994647114   -5.17516022072734
  -3.04128951269469   -1.89672029586131   -5.17611318418865
  -3.05116351778236   -1.90287828436357   -5.19055288085790
  -3.05358228598468   -1.90438676513173   -5.19423393576109
  -3.06141632797403   -1.90927251717139   -5.20545639676451
  -3.06596801927093   -1.91211120951794   -5.21214620292552
  -3.07090003164561   -1.91518709161711   -5.22036254378825
  -3.07854983310993   -1.91995794083621   -5.23176708086251
  -3.08099473245554   -1.92148271846451   -5.23550736805341
  -3.09104881957092   -1.92775301631300   -5.24967310678736
  -3.09180004397007   -1.92822152237225   -5.25064329706693
  -3.10173746386895   -1.93441905994045   -5.26509280992745
  -3.10415662674058   -1.93592778684674   -5.26877451714374
  -3.11144877274291   -1.94047558187423   -5.27977417809932
  -3.11676439978841   -1.94379070779708   -5.28833697687056
  -3.12125589390550   -1.94659185777477   -5.29513792754498
  -3.12910471029228   -1.95148682396499   -5.30638555461985
  -3.13213737629557   -1.95337816615224   -5.31028683536892
  -3.14162833591746   -1.95929726581931   -5.32422347504789
  -3.14237967607869   -1.95976584407434   -5.32519384546243
  -3.15205101180431   -1.96579743649009   -5.33986580847794
  -3.15442261993288   -1.96727650556671   -5.34359348716993
  -3.16107540728644   -1.97142556034919   -5.35455663799724
  -3.16734483277774   -1.97533552897371   -5.36296255886312
  -3.17206538649966   -1.97827953348716   -5.36946707602142
  -3.17971769878461   -1.98305194859613   -5.38087572623404
  -3.18210500963762   -1.98454081078058   -5.38460773106591
  -3.19221616063965   -1.99084669689896   -5.39878738423372
  -3.19296761850031   -1.99131534855802   -5.39975793746839
  -3.20214042137780   -1.99703602766964   -5.41421325193773
  -3.20518130720131   -1.99893249620208   -5.41806594357816
  -3.21263101988260   -2.00357855872982   -5.42890147801188
  -3.21794847472779   -2.00689482457202   -5.43746735116914
  -3.22243509289164   -2.00969293362926   -5.44426901471831
  -3.23047978278384   -2.01471005762510   -5.45626522631743
  -3.23275019517435   -2.01612601531117   -5.45919109528900
  -3.24245079172551   -2.02217585643407   -5.47387536466783
  -3.24320236904261   -2.02264458259292   -5.47484610400837
  -3.25270615471802   -2.02857168131300   -5.48878925547736
  -3.25561562092497   -2.03038618913339   -5.49274310430585
  -3.26280760027601   -2.03487151456709   -5.50389286688396
  -3.26838979109972   -2.03835288475118   -5.51223704137898
  -3.27303741692330   -2.04125140729905   -5.51885525853727
  -3.28108299108937   -2.04626908277814   -5.53085362319211
  -3.28330579721813   -2.04765535050457   -5.53377218665047
  -3.29305563832175   -2.05373590331793   -5.54846700882707
  -3.29380733722048   -2.05420470530197   -5.54943793636101
  -3.30331503100239   -2.06013424133848   -5.56338421298688
  -3.30660574242082   -2.06218651525358   -5.56886637774888
  -3.31286216398790   -2.06608837389486   -5.57830601343790
  -3.31899999167948   -2.06991627068223   -5.58683608532671
  -3.32309939213119   -2.07247288885527   -5.59322708821449
  -3.33147649610861   -2.07769732509134   -5.60560996467980
  -3.33317983058656   -2.07875962089103   -5.60838125265564
  -3.34366920608918   -2.08530138921781   -5.62307279014878
  -3.34442102851782   -2.08577026824210   -5.62404390855652
  -3.35339548336272   -2.09136724629288   -5.63776842035973
  -3.35722397063054   -2.09375490766908   -5.64347655253603
  -3.36347511279133   -2.09765347377375   -5.65291724350822
  -3.36945858152302   -2.10138510357607   -5.66156192051351
  -3.37355954382137   -2.10394269580508   -5.66807368553688
  -3.38228848931303   -2.10938656032584   -5.68099788253721
  -3.38379900534529   -2.11032860362808   -5.68299830218136
  -3.39427915580993   -2.11686461869899   -5.69769135159620
  -3.39520454024670   -2.11744174081623   -5.69943496168524
  -3.40401110616270   -2.12293401382740   -5.71238408152303
  -3.40785109360083   -2.12532884736078   -5.71810113584830
  -3.41409697497665   -2.12922413254215   -5.72754285323361
  -3.42027762861004   -2.13307873801105   -5.73695899747609
  -3.42412114884283   -2.13547577479517   -5.74269947336345
  -3.43271313128582   -2.14083422140582   -5.75491755421711
  -3.43442715028574   -2.14190318067822   -5.75762983329441
  -3.44413574619192   -2.14795801065172   -5.77232556793288
  -3.44564674471753   -2.14890035486413   -5.77426291083618
  -3.45441559721556   -2.15436910765304   -5.78725431582470
  -3.45834171246760   -2.15681765536655   -5.79288156653381
  -3.46464759424435   -2.16075036019433   -5.80216526090077
  -3.47085331241141   -2.16462059732524   -5.81167590306017
  -3.47475798866247   -2.16705577446416   -5.81734292863913
  -3.48354606285543   -2.17253651499010   -5.83031384676498
  -3.48503185597308   -2.17346313968331   -5.83227167138530
  -3.49421720666795   -2.17919164432414   -5.84674424113361
  -3.49648292285242   -2.18060467319029   -5.84965031115304
  -3.50505848911088   -2.18595288173901   -5.86190673488453
  -3.50898531220080   -2.18840187090029   -5.86753511480168
  -3.51479390056816   -2.19202443540810   -5.87660996993373
  -3.52149994357418   -2.19620670343005   -5.88633336330146
  -3.52540404753256   -2.19864152365486   -5.89200123403570
  -3.53438835734168   -2.20424464781918   -5.90572529336053
  -3.53513138423032   -2.20470804144684   -5.90670440765033
  -3.54542529853297   -2.21112790910501   -5.92163902309626
  -3.54693681940808   -2.21207057908414   -5.92357716606213
  -3.55570380503731   -2.21753816758798   -5.93657367793790
  -3.55953507603551   -2.21992756505603   -5.94228632363808
  -3.56522784877489   -2.22347790038236   -5.95150568757923
  -3.57215592016050   -2.22779863787000   -5.96100586898510
  -3.57605946451807   -2.23023310909607   -5.96667458722376
  -3.58504636721853   -2.23583785033420   -5.98040161955303
  -3.58578952644168   -2.23630132649315   -5.98138093815582
  -3.59607897722340   -2.24271841044701   -5.99631853672202
  -3.59755706188408   -2.24364022771012   -5.99828334981332
  -3.60579336585530   -2.24877685309218   -6.01101990727330
  -3.61038987753706   -2.25164349796783   -6.01773509954446
  -3.61588667309662   -2.25507161083131   -6.02619071627837
  -3.62301442494133   -2.25951688035638   -6.03644815149485
  -3.62616725462684   -2.26148316341788   -6.04113245975566
  -3.63547388138579   -2.26728730267724   -6.05529162312767
  -3.63624555560201   -2.26776856239999   -6.05630255206672
  -3.64619462308429   -2.27397336406052   -6.07078236161188
  -3.64846633479931   -2.27539013207891   -6.07464147865120
  -3.65415667526161   -2.27893895049957   -6.08573683834271
  -3.65854036620731   -2.28167286831725   -6.10058249601143
  -3.65863351051300   -2.28173095837882   -6.11575364289434
  -3.65826311049188   -2.28149995595872   -6.13074879882196
  -3.65750359578048   -2.28102627959148   -6.14566398930837
  -3.65674413532611   -2.28055263706199   -6.16057958367383
  -3.65598472907687   -2.28007902833788   -6.17549558285468
  -3.65522280547307   -2.27960384964898   -6.19043134441158
  -3.65407682002757   -2.27888914825532   -6.20524477152027
  -3.65369227820353   -2.27864932620641   -6.22033001071906
  -3.65295023658416   -2.27818654704844   -6.23511108214376
  -3.65176859871049   -2.27744961078243   -6.25016519495673
  -3.64976403124866   -2.27619944904234   -6.26510122674651
  -3.64913467592930   -2.27580694743980   -6.26612436278233
  -3.64179388965170   -2.27122881758331   -6.28100056075297
  -3.63684568834317   -2.26814283914860   -6.28725579429697
  -3.62977888780436   -2.26373558230810   -6.29559900634098
  -3.62437248712551   -2.26036384480914   -6.30222396133901
  -3.61736956832060   -2.25599642823400   -6.31078274601513
  -3.61185403158299   -2.25255662731102   -6.31729728683999
  -3.60476261406465   -2.24813401792862   -6.32567321101859
  -3.59924710135891   -2.24469423199328   -6.33218793015048
  -3.59215571426196   -2.24027164158337   -6.34056408399179
  -3.58664022496439   -2.23683187024670   -6.34707898214982
  -3.57954886748764   -2.23240929830962   -6.35545536657880
  -3.57403340097557   -2.22896954118327   -6.36197044448248
  -3.56694207231916   -2.22454698722020   -6.37034706042457
  -3.56142662797095   -2.22110724391648   -6.37686231879377
  -3.55433532733634   -2.21668470742939   -6.38523916717486
  -3.54881990453137   -2.21324497756125   -6.39175460672981
  -3.54251239869600   -2.20931125987858   -6.39981315083283
  -3.53621502355854   -2.20538386027259   -6.40758055063691
  -3.52957653833353   -2.20124372510706   -6.41492527364021
  -3.52360660068237   -2.19752053405251   -6.42154043006467
  -3.51705999099930   -2.19343769767566   -6.42963235404034
  -3.51075550472084   -2.18950586315960   -6.43707778251986
  -3.50390882093955   -2.18523588358905   -6.44481175616482
  -3.49814654497037   -2.18164220211431   -6.45196893160994
  -3.49208741427086   -2.17786338522593   -6.45938056006918
  -3.48589232452916   -2.17399977658271   -6.46646479327945
  -3.47869583210070   -2.16951163653846   -6.47460057093524
  -3.47318052557881   -2.16607197919105   -6.48111711274864
  -3.46662429130268   -2.16198314037316   -6.48919861115541
  -3.46031987436379   -2.15805134910118   -6.49664487046666
  -3.45388011042275   -2.15403514777719   -6.50441067896047
  -3.44807214116200   -2.15041296937930   -6.51115129573654
  -3.44087664766037   -2.14592545232237   -6.51928698057312
  -3.43517256827253   -2.14236806553004   -6.52566749427466
  -3.42647606269394   -2.13694443237538   -6.53457621372383
  -3.42230499305058   -2.13434311723751   -6.53786595283144
  -3.40955575384181   -2.12639196998134   -6.54704825320202
  -3.40713366243649   -2.12488141667567   -6.54878855965748
  -3.39693068510778   -2.11851826246204   -6.55538619793379
  -3.38454219201537   -2.11079209690449   -6.56337900943535
  -3.38363594793237   -2.11022691179533   -6.56405136385784
  -3.37171641375452   -2.10279321556287   -6.57139168737540
  -3.36064901542490   -2.09589095948151   -6.57868371130511
  -3.35908220918478   -2.09491381041927   -6.57963654007385
  -3.34669552889682   -2.08718877542920   -6.58815516450264
  -3.33929754882911   -2.08257497628767   -6.59350685622704
  -3.33369681371057   -2.07908204083160   -6.59703668334321
  -3.32128576648361   -2.07134180923904   -6.60470827667712
  -3.31657784523491   -2.06840568305097   -6.60834199884205
  -3.30861265144733   -2.06343813732594   -6.61320201781148
  -3.29623619286364   -2.05571947716926   -6.62121027465178
  -3.29283668460556   -2.05359935138638   -6.62342202871125
  -3.28334410747005   -2.04767924294627   -6.62971243418689
  -3.27143687474660   -2.04025321859710   -6.63796378218599
  -3.27057234103353   -2.03971404643569   -6.63872760987824
  -3.25818515547304   -2.03198869632907   -6.64652324621681
  -3.24799910213239   -2.02563609687239   -6.65344585808304
  -3.24551191142850   -2.02408494395911   -6.65501951955860
  -3.23314377157513   -2.01637147183355   -6.66275755308487
  -3.22591539521651   -2.01186344716562   -6.66831820870197
  -3.22027288806272   -2.00834446030381   -6.67174961181294
  -3.20781883082572   -2.00057740523437   -6.67939150334098
  -3.20230949841515   -1.99714147368094   -6.68308754355975
  -3.19503276127166   -1.99260328849005   -6.68754697999503
  -3.18255755808925   -1.98482304561206   -6.69595482886687
  -3.18013887064172   -1.98331461520715   -6.69771093662013
  -3.16998375147832   -1.97698130805447   -6.70451447854009
  -3.15788065402289   -1.96943313137130   -6.71244879582358
  -3.15701323087495   -1.96889215719474   -6.71319304330576
  -3.14486455994011   -1.96131555831007   -6.72044300073135
  -3.13442494119638   -1.95480482111467   -6.72780497625541
  -3.13193725319035   -1.95325335805562   -6.72937765469757
  -3.11931698862681   -1.94538264668898   -6.73681080928632
  -3.10890268019276   -1.93888769443542   -6.74237005053480
  -3.10655491314963   -1.93742349400922   -6.74335762845260
  -3.09377155455866   -1.92945106797495   -6.74799828832183
  -3.08133318915149   -1.92169379921884   -6.75266807244441
  -3.07005458468845   -1.91465982303711   -6.75704648631252
  -3.06843057382777   -1.91364699793536   -6.75775562103065
  -3.05571324880940   -1.90571575417487   -6.76194794931999
  -3.04329943583016   -1.89797379770263   -6.76609895446844
  -3.03081510759408   -1.89018786392463   -6.77058134289154
  -3.02754092983003   -1.88814590133231   -6.77198200183965
  -3.01793188528842   -1.88215315722498   -6.77535142384682
  -3.00542339573578   -1.87435215508229   -6.77927416402300
  -2.99293746280527   -1.86656522052601   -6.78412189854396
  -2.98646409191776   -1.86252806000784   -6.78690636196125
  -2.98005994973937   -1.85853407443145   -6.78924980928509
  -2.96755207991007   -1.85073345878332   -6.79317329069372
  -2.95513590837943   -1.84299003138492   -6.79752989869196
  -2.94467892872893   -1.83646846694532   -6.80153958055242
  -2.94230507750306   -1.83498799894624   -6.80244010323456
  -2.92956442042265   -1.82704220399113   -6.80684960936242
  -2.91705735255085   -1.81924208848909   -6.81077405574075
  -2.90458159019545   -1.81146149687916   -6.81584739330225
  -2.90221487757488   -1.80998548091844   -6.81677474638055
  -2.89178677599697   -1.80348192647959   -6.82025878696608
  -2.87907063769245   -1.79555142282103   -6.82445171151375
  -2.86671234472797   -1.78784409177277   -6.82881851233489
  -2.86108588873625   -1.78433511532423   -6.83123268703247
  -2.85382493461374   -1.77980677331864   -6.83372034829991
  -2.84120114331096   -1.77193386247777   -6.83742145023903
  -2.82857746569560   -1.76406102253882   -6.84112269269068
  -2.81582285972991   -1.75610652826925   -6.84322175682062
      
      
