# shadow point cont 3D ind 354  size 1063
# norm -0.9354440 -0.3534748  0.0000000
# angle  2.7803095
   1.00370165235784   -2.65621934900282   -6.82875427865188
   1.00523336417799   -2.66027290671514   -6.81770383171463
   1.00637540900957   -2.66329524066464   -6.81324780737780
   1.01029643911274   -2.67367194573790   -6.80913200009199
   1.01549876809933   -2.68743950991556   -6.80408376503179
   1.02075997273720   -2.70136288398327   -6.79929027070719
   1.02304333966004   -2.70740563920548   -6.79729582720237
   1.02607782741758   -2.71543617803836   -6.79477588793942
   1.03137332164849   -2.72945029688099   -6.79057732008584
   1.03656345113666   -2.74318557602286   -6.78658900141927
   1.04116358301378   -2.75535947179287   -6.78278816561730
   1.04183814469796   -2.75714464749066   -6.78201801301054
   1.04710584478533   -2.77108521126668   -6.77809085211451
   1.05236311842937   -2.78499818226111   -6.77438657943630
   1.05761511504401   -2.79889718800243   -6.76983050875572
   1.06021466749897   -2.80577670395561   -6.76790686531136
   1.06286641201016   -2.81279434217776   -6.76533434667982
   1.06813444441001   -2.82673578539326   -6.76140816122723
   1.07335972542895   -2.84056409036206   -6.75758514282681
   1.07764920724431   -2.85191587459833   -6.75325764486268
   1.07863781327423   -2.85453214454175   -6.75235650810289
   1.08394442733518   -2.86857569116068   -6.74793740491090
   1.08918557892473   -2.88244599637590   -6.74269159972745
   1.09209304663701   -2.89014038641283   -6.73886407786555
   1.09442526980342   -2.89631243593197   -6.73533073645916
   1.09970694364280   -2.91028998016968   -6.72799686371965
   1.10230893021757   -2.91717593783402   -6.72417620158157
   1.10493682751934   -2.92413046624767   -6.72045813534443
   1.11022974367783   -2.93813776241958   -6.71234067275079
   1.11242484489799   -2.94394692923756   -6.70921068812577
   1.11544804554970   -2.95194759761159   -6.70465304041378
   1.12070389614470   -2.96585680261600   -6.69721742333402
   1.12237917392242   -2.97029029661063   -6.69461399913066
   1.12597796988206   -2.97981423376732   -6.68902864130134
   1.13121523466312   -2.99367425284233   -6.68141353497425
   1.13218351637175   -2.99623673603014   -6.67967585640826
   1.13647071985234   -3.00758249082839   -6.67304528934078
   1.14167259634742   -3.02134885752200   -6.66541400136028
   1.14261153708743   -3.02383369208945   -6.66424872335748
   1.14703036306457   -3.03552777571757   -6.65744147758463
   1.15212426429155   -3.04900839415556   -6.65033482609331
   1.15248168921335   -3.04995429176456   -6.64954087705477
   1.15748191481257   -3.06318700484700   -6.64218101101195
   1.16208365727973   -3.07536516291985   -6.63506634172192
   1.16272022491267   -3.07704979027859   -6.63404646067521
   1.16805389317553   -3.09116493376540   -6.62583905251462
   1.17226002161135   -3.10229612968340   -6.62003903350244
   1.17327181988197   -3.10497377611089   -6.61831788070291
   1.17851755963409   -3.11885622354602   -6.61077255727583
   1.18211685089012   -3.12838147146655   -6.60517155006323
   1.18378201039771   -3.13278818823628   -6.60250327783567
   1.18900154887075   -3.14660129599831   -6.59487623460794
   1.19195274230743   -3.15441140280719   -6.59013863551083
   1.19428511748365   -3.16058385460863   -6.58660702626663
   1.19957747718381   -3.17458967815631   -6.57849199836904
   1.20121410871702   -3.17892089783249   -6.57578787550709
   1.20483552596533   -3.18850470049254   -6.56928492835997
   1.20854145661770   -3.19831216138669   -6.56134637346292
   1.21013948134439   -3.20254121111403   -6.55749384151726
   1.21445123894429   -3.21395194650352   -6.54645807251006
   1.21543744948414   -3.21656187696642   -6.54367554173292
   1.22027903732036   -3.22937476739084   -6.53134301814239
   1.22060724800836   -3.23024335177343   -6.53041198452743
   1.22561222069695   -3.24348862766335   -6.51667148963828
   1.22594126454727   -3.24435941694605   -6.51574868353411
   1.23111094068028   -3.25804056785412   -6.50245389995107
   1.23143928137713   -3.25890949629512   -6.50155489882522
   1.23643723665290   -3.27213620114091   -6.48779349491113
   1.23701940517923   -3.27367686544127   -6.48666151746058
   1.24168307626571   -3.28601891284969   -6.47381298163975
   1.24235323792809   -3.28779244422765   -6.47199334765150
   1.24686626425561   -3.29973582184942   -6.45966671775068
   1.24787468310786   -3.30240452490573   -6.45686281090347
   1.25217735148137   -3.31379120635554   -6.44586162053990
   1.25351377195909   -3.31732794052647   -6.44220964468592
   1.25742544587044   -3.32767988515654   -6.43188956594323
   1.25909401621635   -3.33209562844796   -6.42731837141592
   1.26272583165116   -3.34170694911011   -6.41807349186707
   1.26475658267380   -3.34708117575074   -6.41266530676686
   1.26795661025858   -3.35554980302467   -6.40405711524686
   1.27050636581186   -3.36229753530144   -6.39730594029839
   1.27317608860680   -3.36936275167097   -6.38999258363212
   1.27583422844295   -3.37639731462956   -6.38265127560312
   1.27850771147715   -3.38347248218359   -6.37534273686525
   1.28141438262251   -3.39116476416733   -6.36776143958666
   1.28371186435113   -3.39724487313915   -6.36124635287801
   1.28691948042350   -3.40573358276277   -6.35263351237806
   1.28892682424206   -3.41104586403523   -6.34716549117595
   1.29199978440371   -3.41917821713131   -6.33821186902206
   1.29430253714565   -3.42527227543512   -6.32699581594627
   1.29498893665865   -3.42708877903785   -6.32331876419521
   1.29595862988190   -3.42965499769072   -6.30865097905020
   1.29584495009070   -3.42935415285276   -6.29335359241994
   1.29534156701797   -3.42802198820541   -6.27830702051416
   1.29500267987119   -3.42712514939450   -6.26343594218716
   1.29472849338556   -3.42639953591499   -6.25409975270755
   1.29449794359754   -3.42578940360483   -6.24848520559030
   1.29415457475332   -3.42488070432580   -6.23346165849649
   1.29365332804544   -3.42355419340401   -6.21860302852964
   1.29348064793200   -3.42309720874383   -6.20379483239013
   1.29313876190862   -3.42219243363629   -6.18892058016674
   1.29263497134759   -3.42085919060246   -6.17385473700545
   1.29212853036686   -3.41951893343643   -6.15887909736675
   1.29143311667242   -3.41767857449469   -6.14372159304766
   1.28953448412079   -3.41265398924227   -6.12905735138173
   1.28924937188057   -3.41189946159220   -6.12804521038547
   1.28583879795050   -3.40287363958327   -6.11298867284533
   1.28420899489869   -3.39856049095877   -6.10740144586521
   1.28161226888624   -3.39168845496866   -6.09810578361595
   1.27901781162127   -3.38482242304455   -6.08855396176935
   1.27735602469992   -3.38042463156533   -6.08288454005089
   1.27365786147642   -3.37063772657524   -6.07073600768132
   1.27281077279430   -3.36839597142569   -6.06800191269942
   1.26879113331914   -3.35775830422165   -6.05314799004927
   1.26848359698172   -3.35694443292031   -6.05216606379713
   1.26452338295597   -3.34646403060486   -6.03809793068838
   1.26320592216785   -3.34297747179654   -6.03349224348627
   1.26020890168614   -3.33504608723202   -6.02314839926307
   1.25782682316929   -3.32874209935631   -6.01499005197652
   1.25589526402795   -3.32363037641263   -6.00849234197685
   1.25273173284931   -3.31525833407502   -5.99721479185134
   1.25147259963917   -3.31192613472286   -5.99305924289681
   1.24768393714679   -3.30189973036707   -5.97843735074262
   1.24736823482589   -3.30106424841750   -5.97747119435053
   1.24336315100983   -3.29046510164754   -5.96369334254311
   1.24211764343769   -3.28716896150005   -5.95976656327285
   1.23880946874063   -3.27841413119806   -5.94850818941452
   1.23674028146121   -3.27293818595536   -5.94127552509626
   1.23449712957626   -3.26700185674285   -5.93385987431627
   1.23153272640609   -3.25915679138865   -5.92266619605584
   1.23032096183211   -3.25594994949468   -5.91871031712066
   1.22636935831564   -3.24549233423084   -5.90449599628115
   1.22605268803768   -3.24465429065724   -5.90353216896840
   1.22198262364392   -3.23388317777823   -5.88908337564300
   1.22095354211239   -3.23115979252790   -5.88531698835954
   1.21770184523677   -3.22255442644346   -5.87415841703086
   1.21574732419361   -3.21738193658983   -5.86737919430118
   1.21338776488701   -3.21113754407482   -5.85920409108300
   1.21043324027528   -3.20331862156694   -5.84895089447765
   1.20911617909103   -3.19983312027960   -5.84428741132941
   1.20516324280795   -3.18937197795125   -5.83037575078862
   1.20486036086293   -3.18857042414198   -5.82938701783922
   1.20054894976824   -3.17716060575190   -5.81416464934594
   1.19991198765826   -3.17547493443999   -5.81165788202645
   1.19634381369423   -3.16603203604323   -5.79927081697942
   1.19467037584400   -3.16160341127541   -5.79369119299182
   1.19199609667128   -3.15452613680194   -5.78459834157081
   1.18934677860378   -3.14751491997668   -5.77526086163822
   1.18772319193362   -3.14321822252885   -5.76968335860937
   1.18405342551834   -3.13350646751114   -5.75670779352518
   1.18346069495226   -3.13193785158361   -5.75477951092590
   1.17943288229681   -3.12127855468555   -5.73988547783625
   1.17880179302269   -3.11960842538274   -5.73795439503169
   1.17487824284020   -3.10922505111308   -5.72491839778824
   1.17355315773336   -3.10571831513074   -5.72024961799193
   1.17086505607953   -3.09860446052242   -5.71026915215594
   1.16836038505276   -3.09197604098304   -5.70140681971372
   1.16639488820133   -3.08677450449569   -5.69483709199096
   1.16316768955305   -3.07823397108866   -5.68382092942792
   1.16213445445097   -3.07549959373284   -5.67993254131319
   1.15807114604022   -3.06474636004408   -5.66529444063753
   1.15776213592585   -3.06392858850521   -5.66431655605098
   1.15358407357180   -3.05287166731741   -5.65010473701229
   1.15256879186779   -3.05018480225093   -5.64640981649650
   1.14926560920062   -3.04144318297273   -5.63516187827076
   1.14727961702071   -3.03618740717236   -5.62866466868926
   1.14491917788923   -3.02994068626834   -5.62049354599028
   1.14196547993517   -3.02212395144656   -5.61024614682033
   1.14064909997137   -3.01864025295678   -5.60558547414541
   1.13684059784407   -3.00856134453068   -5.59114154393223
   1.13653786610194   -3.00776018822182   -5.59015341427715
   1.13233976146868   -2.99665022668115   -5.57571660535847
   1.13144846158198   -2.99429146997365   -5.57297471777672
   1.12811934801243   -2.98548122655352   -5.56082792319669
   1.12613206004820   -2.98022202155946   -5.55429529360191
   1.12379129723017   -2.97402737250804   -5.54618698872524
   1.12098540027424   -2.96660178167820   -5.53643135410733
   1.11936029487720   -2.96230106503630   -5.53079396637380
   1.11571508961369   -2.95265430922070   -5.51788293766652
   1.11510971593652   -2.95105223427055   -5.51590703995758
   1.11103649821695   -2.94027277635692   -5.50092555233137
   1.11043774170773   -2.93868821323362   -5.49912656118277
   1.10674295954445   -2.92891025595975   -5.48627813697863
   1.10511206344413   -2.92459421466629   -5.48069795298427
   1.10248002221943   -2.91762871967883   -5.47137959904707
   1.09983410654966   -2.91062650703788   -5.46205028129336
   1.09798215764161   -2.90572546646336   -5.45624873723738
   1.09458864375054   -2.89674479253758   -5.44408265907316
   1.09392121527133   -2.89497849431901   -5.44155725563866
   1.08978061867645   -2.88402072338589   -5.42685931709379
   1.08937868054130   -2.88295702497591   -5.42550707882666
   1.08543039528744   -2.87250819123928   -5.41181110267451
   1.08409913729102   -2.86898511917868   -5.40685204734729
   1.08106687852171   -2.86096047919198   -5.39681653914782
   1.07873632700672   -2.85479285356993   -5.38864141095467
   1.07683349124183   -2.84975714483637   -5.38194396602748
   1.07353781015965   -2.84103537792679   -5.37047910744918
   1.07256532360901   -2.83846176694747   -5.36704611360402
   1.06857716763500   -2.82790741841161   -5.35216729461421
   1.06826834642431   -2.82709014679183   -5.35119016590273
   1.06409291934868   -2.81604019966602   -5.33698917136131
   1.06304550551614   -2.81326829938879   -5.33325080853732
   1.05973743530841   -2.80451374560981   -5.32233084075423
   1.05771440656775   -2.79915995539546   -5.31483798148056
   1.05546172267136   -2.79319840044661   -5.30742679284627
   1.05240762900666   -2.78511597608596   -5.29619000049904
   1.05116611313227   -2.78183039966002   -5.29250363605166
   1.04721321777308   -2.77136936563362   -5.27860763525968
   1.04691067034941   -2.77056869710941   -5.27762025243216
   1.04274030591738   -2.75953214788115   -5.26249499242674
   1.04202546986761   -2.75764038916747   -5.25970398948958
   1.03864710419803   -2.74869980384667   -5.24778072340984
   1.03666252727008   -2.74344777340195   -5.24125352144576
   1.03409405702844   -2.73665051413953   -5.23292457513780
   1.03136289315110   -2.72942269866345   -5.22261191620142
   1.03002310046977   -2.72587704021459   -5.21822599740117
   1.02614976458808   -2.71562655423606   -5.20406510103065
   1.02583955236986   -2.71480560142164   -5.20309100537909
   1.02162173513116   -2.70364347198442   -5.18825638316954
   1.02097591669380   -2.70193436308214   -5.18612474631430
   1.01728278480635   -2.69216077313654   -5.17328551719359
   1.01561494745028   -2.68774696964647   -5.16768238040637
   1.01270078694208   -2.68003486763906   -5.15840356233339
   1.01028849829115   -2.67365093096332   -5.14926550566595
   1.00865502987177   -2.66932808222500   -5.14373402110682
   1.00510490968053   -2.65993296175161   -5.13066642897765
   1.00446783182087   -2.65824698411705   -5.12859677116660
   1.00040674985088   -2.64749964253279   -5.11397639675608
   0.99978937674552   -2.64586581201734   -5.11202322827279
   0.99592451114040   -2.63563774197533   -5.09880660188955
   0.99460289708844   -2.63214019187318   -5.09414575942970
   0.99165881651549   -2.62434890871195   -5.08391795938909
   0.98941054110709   -2.61839902048807   -5.07624873047335
   0.98713368075866   -2.61237348441539   -5.06877478646708
   0.98402317217524   -2.60414176230443   -5.05780365401419
   0.98300351635889   -2.60144332148554   -5.05434532195973
   0.97882214255508   -2.59037763680026   -5.04022794756442
   0.97851972637076   -2.58957731559092   -5.03924110224615
   0.97457462671477   -2.57913691229440   -5.02434791470531
   0.97355895962201   -2.57644902732620   -5.02059652033922
   0.97030130962548   -2.56782790676440   -5.00945392884220
   0.96828566665685   -2.56249366242855   -5.00196948726887
   0.96602810776509   -2.55651920617880   -4.99456042951875
   0.96298754182620   -2.54847258190573   -4.98333525575897
   0.96173754179874   -2.54516455282020   -4.97964944022218
   0.95778442524433   -2.53470293341763   -4.96576156793559
   0.95748204803115   -2.53390271534243   -4.96477488415501
   0.95331414009991   -2.52287266705484   -4.94966010873705
   0.95257800487430   -2.52092454170787   -4.94683370530588
   0.94894891307769   -2.51132042894507   -4.93500641057357
   0.94724668103121   -2.50681560254798   -4.92843679933504
   0.94464681414201   -2.49993525446873   -4.92008250738617
   0.94192561861061   -2.49273381945472   -4.91002677498846
   0.94037919176340   -2.48864131955325   -4.90519660842606
   0.93669745953539   -2.47889789793099   -4.89212588965000
   0.93611888341641   -2.47736674066079   -4.89031942200048
   0.93185801751051   -2.46609068623149   -4.87516361610954
   0.93156399842646   -2.46531258730319   -4.87426947899493
   0.92755788497325   -2.45471071567759   -4.86052320161060
   0.92623752055330   -2.45121647263058   -4.85586511806835
   0.92329316652341   -2.44342446578659   -4.84564177827499
   0.92088617436592   -2.43705454587402   -4.83651175677216
   0.91924929663572   -2.43272267465643   -4.83098191232310
   0.91577181410793   -2.42351978418151   -4.81870523703116
   0.91506663302644   -2.42165357660001   -4.81585609517833
   0.91077897753168   -2.41030662558096   -4.80101782590374
   0.91047045492922   -2.40949014420491   -4.80004191254089
   0.90646873387340   -2.39889989672171   -4.78604876661932
   0.90512213883783   -2.39533623636470   -4.78161456277576
   0.90216690249460   -2.38751543031410   -4.77143906311631
   0.89993347457744   -2.38160483483563   -4.76373686709453
   0.89767217717523   -2.37562048490506   -4.75632928838496
   0.89464173414859   -2.36760065014190   -4.74511246091392
   0.89338530391044   -2.36427560399755   -4.74142705654767
   0.88943191481142   -2.35381326332662   -4.72754497641778
   0.88912965817686   -2.35301336435347   -4.72655879319849
   0.88518678126191   -2.34257884337044   -4.71167533079167
   0.88417581501574   -2.33990339883176   -4.70792875170606
   0.88088371262374   -2.33119110265092   -4.69675981425816
   0.87890365491541   -2.32595103197391   -4.69024130175092
   0.87654462833094   -2.31970804926708   -4.68213691186250
   0.87367319768589   -2.31210902856127   -4.67165881941032
   0.87235913777662   -2.30863146991767   -4.66700795391038
   0.86839484662576   -2.29814027780370   -4.65309462840386
   0.86808492172610   -2.29732008535581   -4.65212170706167
   0.86385801912856   -2.28613391221405   -4.63729436011368
   0.86314777412859   -2.28425430336115   -4.63444099955964
   0.85953823168680   -2.27470192646467   -4.62235225023362
   0.85787747698739   -2.27030686668157   -4.61675749832485
   0.85519676597036   -2.26321257082604   -4.60773352255291
   0.85264027125459   -2.25644700387323   -4.59817046957060
   0.85099442646206   -2.25209140201376   -4.59258699200182
   0.84735711968425   -2.24246554893403   -4.57977203852398
   0.84673380158995   -2.24081598546188   -4.57771501929435
   0.84242580864718   -2.22941521294839   -4.56282590047616
   0.84210326911733   -2.22856163685034   -4.56188030733622
   0.83724317268757   -2.21569976485440   -4.54768853629644
   0.83686343943281   -2.21469482995529   -4.54670756754159
   0.83154247980785   -2.20061331890279   -4.53390740858136
   0.83119813845634   -2.19970204595790   -4.53303384783423
   0.82632632073589   -2.18680915446623   -4.52187231009479
   0.82470902596543   -2.18252910804780   -4.51791829035185
   0.82108524851908   -2.17293905930486   -4.50948398806304
   0.81815852066200   -2.16519369877368   -4.50303072633442
   0.81593477532854   -2.15930872750947   -4.49805441002393
   0.81162921242162   -2.14791438589924   -4.48792646292549
   0.81067648448192   -2.14539306456653   -4.48595236097242
   0.80542821442177   -2.13150392086550   -4.47386553142909
   0.80508486090840   -2.13059526215838   -4.47298792097029
   0.80012420260039   -2.11746726087377   -4.46171000528998
   0.79875108743279   -2.11383341702381   -4.45839119677551
   0.79477515485734   -2.10331141677361   -4.44930895618950
   0.79248551584864   -2.09725206295780   -4.44372841683046
   0.78958778143070   -2.08958343133694   -4.43693675894809
   0.78597331738949   -2.08001802980552   -4.42861880013731
   0.78433166860420   -2.07567353235699   -4.42484242397422
   0.77946379291145   -2.06279107313891   -4.41373846068753
   0.77908781686632   -2.06179608140657   -4.41275693240360
   0.77388351164358   -2.04802328727170   -4.40071796637474
   0.77286420418331   -2.04532576835041   -4.39865006989307
   0.76867141808086   -2.03422988189312   -4.39016480748516
   0.76600350080919   -2.02716944370227   -4.38375181254302
   0.76335382270899   -2.02015727407809   -4.37743372729609
   0.76005167869861   -2.01141840352533   -4.36909474305022
   0.75806927393856   -2.00617212155613   -4.36438724524096
   0.75353307798345   -1.99416742729414   -4.35421837195411
   0.75281236470151   -1.99226011493685   -4.35229439143229
   0.74762525780602   -1.97853283485438   -4.34119886203880
   0.74690358792919   -1.97662299094216   -4.33934115318113
   0.74237388499924   -1.96463547997266   -4.32911029750606
   0.74038084039705   -1.95936104047827   -4.32424783697006
   0.73709392993326   -1.95066248433677   -4.31698534471758
   0.73381740726162   -1.94199141868950   -4.30936980935153
   0.73183227874912   -1.93673792851862   -4.30488682485103
   0.72760488441826   -1.92555045404240   -4.29470671214813
   0.72665258647571   -1.92303027066414   -4.29250874846839
   0.72138662840365   -1.90909431699784   -4.28039733748569
   0.72103876333663   -1.90817371881042   -4.27954194303211
   0.71611854735379   -1.89515274503382   -4.26867261467192
   0.71446488709714   -1.89077646014868   -4.26473487899709
   0.71080713098142   -1.88109648946649   -4.25652048267691
   0.70813357312069   -1.87402112388980   -4.25030439022925
   0.70557548459682   -1.86725133904627   -4.24444864968811
   0.70161698991107   -1.85677548683209   -4.23520435741534
   0.70032047535433   -1.85334436061667   -4.23235853581456
   0.69533642814583   -1.84015446240293   -4.22050355559978
   0.69499322400664   -1.83924619900312   -4.21962646158335
   0.68978239551841   -1.82545614154703   -4.20816457279093
   0.68850707353442   -1.82208109984800   -4.20545136383977
   0.68457884588974   -1.81168534703384   -4.19611075165228
   0.68199353709882   -1.80484352584378   -4.19035512459949
   0.67932057236399   -1.79776972992926   -4.18401819365553
   0.67570625483452   -1.78820471612992   -4.17570582008444
   0.67408225017530   -1.78390691250616   -4.17194522217301
   0.66927529642769   -1.77118567853772   -4.16060345161657
   0.66888683935068   -1.77015765671290   -4.15954252586919
   0.66361527776209   -1.75620687377041   -4.14782242137967
   0.66287704507510   -1.75425319765297   -4.14597422442899
   0.65833041736219   -1.74222089654498   -4.13661981329540
   0.65627364931203   -1.73677781783886   -4.13131865249225
   0.65301208799082   -1.72814634625664   -4.12388218831053
   0.64979400296962   -1.71962993136386   -4.11621709869918
   0.64781584333581   -1.71439488379530   -4.11151061456137
   0.64327286033322   -1.70237222813329   -4.10134996822739
   0.64256177048499   -1.70049038345434   -4.09942425162000
   0.63728523087103   -1.68652642654996   -4.08764142981309
   0.63691722107938   -1.68555251689573   -4.08670678143501
   0.63203589372494   -1.67263445888793   -4.07555982179504
   0.63040394472726   -1.66831563118247   -4.07161723908469
   0.62676308813196   -1.65868038378334   -4.06347224544894
   0.62384300333739   -1.65095260360700   -4.05674777712616
   0.62158637651942   -1.64498061401895   -4.05204597092271
   0.61735464368502   -1.63378165802626   -4.04187240183411
   0.61640995910667   -1.63128162283173   -4.03967420956474
   0.61114799732540   -1.61735624504214   -4.02756845214485
   0.61080027090967   -1.61643601378473   -4.02671354212416
   0.60582080869929   -1.60325824941643   -4.01578505933004
   0.60444744008914   -1.59962373485023   -4.01236215819009
   0.60059686506533   -1.58943348373429   -4.00373135358282
   0.59767111718350   -1.58169071663235   -3.99704623060959
   0.59534001222085   -1.57552162635358   -3.99164167478966
   0.59111973083448   -1.56435297573877   -3.98217537633474
   0.59016770844056   -1.56183352157879   -3.98020362536477
   0.58486913631662   -1.54781125732859   -3.96804153182859
   0.58451348612434   -1.54687005640502   -3.96723757430609
   0.57957127323545   -1.53379086950566   -3.95816668511023
   0.57690988287064   -1.52674770427260   -3.95269037245050
   0.57433662410024   -1.51993777253653   -3.94795663585099
   0.56941685491537   -1.50691798117645   -3.93760876740669
   0.56906901129507   -1.50599743974614   -3.93679026516442
   0.56391538387783   -1.49235876053198   -3.92721299531019
   0.56187350084550   -1.48695507388253   -3.92274170394629
   0.55858364826432   -1.47824873165328   -3.91635567601219
   0.55430174011422   -1.46691699054054   -3.90790534624038
   0.55332645420573   -1.46433597127564   -3.90612733286479
   0.54814138858444   -1.45061409326862   -3.89598821992727
   0.54677720201712   -1.44700387827368   -3.89301876621922
   0.54291192672251   -1.43677472401988   -3.88630599256056
   0.53891643126598   -1.42620095210712   -3.87814304140880
   0.53758456092544   -1.42267625952484   -3.87546660762487
   0.53231625368116   -1.40873408895464   -3.86463216199750
   0.53165114934647   -1.40697394140606   -3.86349260558469
   0.52710478104839   -1.39494232681951   -3.85504020595305
   0.52386468297617   -1.38636765607757   -3.84838877277924
   0.52183825177813   -1.38100486152104   -3.84387613658499
   0.51690172286229   -1.36794071681991   -3.83397523394029
   0.51650718071179   -1.36689659131539   -3.83305592061005
   0.51138061058601   -1.35332951714536   -3.82440404949934
   0.50871884474478   -1.34628535824279   -3.81871521803864
   0.50604154485328   -1.33920008966902   -3.81353243289738
   0.50148166669796   -1.32713272228270   -3.80403758167747
   0.50085597733962   -1.32547688344237   -3.80300517883155
   0.49562312916914   -1.31162855258811   -3.79280037317363
   0.49366221832348   -1.30643915261285   -3.78896055277651
   0.49035789529226   -1.29769451544875   -3.78256539697554
   0.48636273539691   -1.28712163157289   -3.77452006320591
   0.48511620779791   -1.28382279200263   -3.77235166170138
   0.47986499184270   -1.26992585221652   -3.76213036585110
   0.47853561141595   -1.26640774899989   -3.75944534786302
   0.47462613887359   -1.25606163012380   -3.75191966220886
   0.47098658190370   -1.24642982208351   -3.74458998653407
   0.46930048404861   -1.24196769358500   -3.74108699532391
   0.46418542431092   -1.22843108077316   -3.73156647293459
   0.46344513621758   -1.22647196518066   -3.72972943131532
   0.45889767280082   -1.21443745244660   -3.72128080515109
   0.45592698457466   -1.20657575417438   -3.71485432212042
   0.45364418364374   -1.20053449680634   -3.71012845065775
   0.44864213281479   -1.18729695339356   -3.70006896729533
   0.44831587921416   -1.18643354829241   -3.69929364076029
   0.44314192752041   -1.17274108244117   -3.68968697069719
   0.44083085546024   -1.16662500770049   -3.68514371485039
   0.43791314814324   -1.15890351933595   -3.67948948722683
   0.43336227567688   -1.14685998481394   -3.67005476062356
   0.43274588177750   -1.14522874569193   -3.66897750193279
   0.42742126690063   -1.13113756129593   -3.65905920718298
   0.42573992446026   -1.12668801763730   -3.65543379325404
   0.42217106778171   -1.11724331248901   -3.64883903834633
   0.41823407455538   -1.10682436223611   -3.64055659960979
   0.41691743145392   -1.10333996737274   -3.63768767322833
   0.41162881610000   -1.08934405294985   -3.62744686501574
   0.41065228964685   -1.08675975067878   -3.62572444936622
   0.40636378895558   -1.07541056291207   -3.61756914906333
   0.40313091455658   -1.06685500906662   -3.61085293683171
   0.40118959797153   -1.06171746379742   -3.60705542736160
   0.39606571492180   -1.04815750076781   -3.59668328029508
   0.39564064871927   -1.04703259570353   -3.59568242261703
   0.39069509166035   -1.03394455871502   -3.58662376779775
   0.38803793607941   -1.02691260051228   -3.58114979269042
   0.38537220659263   -1.01985795212610   -3.57578957556865
   0.38082017447625   -1.00781134867936   -3.56650785945504
   0.38018680871618   -1.00613519483132   -3.56525104001886
   0.37495011743157   -0.99227669347060   -3.55597406230416
   0.37261274249673   -0.98609101019190   -3.55145596299576
   0.36968310926050   -0.97833796079791   -3.54667119024049
   0.36450956616650   -0.96464657627454   -3.53842080952252
   0.36345266087619   -0.96184955758319   -3.53642979021735
   0.35920449368807   -0.95060710933538   -3.52996595785069
   0.35432274869344   -0.93768794607487   -3.52151283361335
   0.35393415361652   -0.93665955904391   -3.52066624537023
   0.34876858753780   -0.92298928507891   -3.51381294830128
   0.34446444607817   -0.91159870521979   -3.50668290543053
   0.34344464445814   -0.90889987854267   -3.50488137109012
   0.33822676603100   -0.89509116396463   -3.49747072360669
   0.33492206847136   -0.88634553563982   -3.49188265916114
   0.33289914106574   -0.88099201360085   -3.48852888485243
   0.32773226109375   -0.86731826251821   -3.48075477174229
   0.32572283375352   -0.86200046736566   -3.47719561393144
   0.32240988819397   -0.85323301134243   -3.47181766971941
   0.31730044890158   -0.83971127260751   -3.46414156375758
   0.31625035651635   -0.83693228374630   -3.46215326516012
   0.31205452048445   -0.82582832588491   -3.45624821844034
   0.30679852340965   -0.81191873323296   -3.44787662072599
   0.30643798449496   -0.81096459468091   -3.44713399937993
   0.30151623104084   -0.79793955210463   -3.43991367265440
   0.29726274053444   -0.78668301610377   -3.43241255766603
   0.29624438817703   -0.78398802478885   -3.43060999417948
   0.29102520528856   -0.77017585805407   -3.42320229453112
   0.28742745418114   -0.76065468601857   -3.41742787679306
   0.28576883509304   -0.75626527796679   -3.41483688733026
   0.28059457084572   -0.74257198496652   -3.40705817251380
   0.27794289626778   -0.73555453181735   -3.40253946602204
   0.27528037497610   -0.72850837367315   -3.39812857831975
   0.27010619046277   -0.71481529168276   -3.39035016708007
   0.26871248852816   -0.71112696653481   -3.38790958473320
   0.26472683242906   -0.70057923372591   -3.38176836598547
   0.25969007457647   -0.68724984084023   -3.37387078745451
   0.25924050322557   -0.68606008478254   -3.37287284583389
   0.25430778630484   -0.67300602823373   -3.36564513776201
   0.24970305328097   -0.66081995588219   -3.35820758590678
   0.24905986229593   -0.65911780033074   -3.35728828926891
   0.24388586840296   -0.64542522280252   -3.34951061759675
   0.23993632866806   -0.63497306917810   -3.34298615403132
   0.23862534951141   -0.63150366350975   -3.34112982452252
   0.23334587303055   -0.61753193441265   -3.33317766242548
   0.23039913879976   -0.60973362854975   -3.32832191135414
   0.22808414470139   -0.60360717443613   -3.32480434712439
   0.22285790834944   -0.58977634125189   -3.31647263220981
   0.22120250730963   -0.58539544951779   -3.31363617252906
   0.21758482387157   -0.57582152809986   -3.30809001471479
   0.21240655395532   -0.56211763440436   -3.30122207063373
   0.21005789036536   -0.55590207656674   -3.29847598677068
   0.20703521091777   -0.54790278751936   -3.29559159676179
   0.20177783940501   -0.53398955752291   -3.29421442377718
   0.19650081543251   -0.52002431880085   -3.29330581385315
   0.19125652449954   -0.50614570555434   -3.29330307825458
   0.18604499094787   -0.49235378220201   -3.29327837400912
   0.18076797650520   -0.47838856869991   -3.29283386788320
   0.17552371137280   -0.46451002373264   -3.29283135507335
   0.17027945447847   -0.45063150056677   -3.29282891628027
   0.16503520550638   -0.43675299836650   -3.29282655150405
   0.15979112528260   -0.42287494274570   -3.29236032537408
   0.15458943992731   -0.40910908188885   -3.29280186035587
   0.14930267055668   -0.39511805271896   -3.29189200896901
   0.14405845165137   -0.38123963008814   -3.29188994077619
   0.13881423908894   -0.36736122424326   -3.29188794658214
   0.13357003255358   -0.35348283434854   -3.29188602638693
   0.12836833002828   -0.33971692805257   -3.29186404382037
   0.12308163397527   -0.32572609291216   -3.29141845494132
   0.11788003621804   -0.31196046387684   -3.29093272321159
   0.11259343473659   -0.29796987901280   -3.29048724597955
   0.10734943895263   -0.28409204685549   -3.29002176061457
   0.10210507803861   -0.27021324840950   -3.29048422150936
   0.09686090557130   -0.25633494867328   -3.29048282023189
   0.09161673660403   -0.24245665819962   -3.29048149292628
   0.08637257082097   -0.22857837615273   -3.29048023959262
   0.08112860426326   -0.21470062134045   -3.29001512290825
   0.07588444624642   -0.20082235984627   -3.29001401725491
   0.07068232447267   -0.18705534404147   -3.28999290965294
   0.06539612532255   -0.17306582391641   -3.28954808188091
   0.06015197225516   -0.15918757552056   -3.28954719862718
   0.05490782047684   -0.14530933053617   -3.28954638932737
   0.04966388009932   -0.13143164500773   -3.28908171537482
   0.04447155934805   -0.11769056685632   -3.28952671605807
   0.03917556947100   -0.10367513632426   -3.28861652283999
   0.03393142122131   -0.08979690067808   -3.28861600948311
   0.02868727268140   -0.07591866426388   -3.28861557006206
   0.02349499475948   -0.06217769945705   -3.28859693794355
   0.01819895174787   -0.04816212830844   -3.28807418290799
   0.01295479953448   -0.03428388217265   -3.28807496895770
   0.00771064577084   -0.02040563193426   -3.28807582824647
   0.00262648947882   -0.00695080271832   -3.28805967606066
  -0.00277743036316    0.00735025617802   -3.28768660524901
  -0.00802158824891    0.02122851732527   -3.28768668335932
  -0.01317399541065    0.03486396722696   -3.28766695186946
  -0.01850997885945    0.04898523767555   -3.28642853944089
  -0.02393267162927    0.06333597768386   -3.28713349744965
  -0.02884323853317    0.07633141591401   -3.28722372219786
  -0.03424223579395    0.09061944757721   -3.28622958761995
  -0.03948641466669    0.10449776426494   -3.28623110710120
  -0.04473059824821    0.11837609341406   -3.28623269988821
  -0.04997478685430    0.13225443586036   -3.28623436599129
  -0.05521898080079    0.14613279243960   -3.28623610542072
  -0.06040014921152    0.15984435677813   -3.28621000395527
  -0.06570715572184    0.17388894198419   -3.28531193062163
  -0.07095136605868    0.18776734193923   -3.28531389026046
  -0.07619558299934    0.20164575937077   -3.28531592324740
  -0.08143980685962    0.21552419511457   -3.28531802959258
  -0.08668403795535    0.22940265000640   -3.28532020930610
  -0.09192827660231    0.24328112488200   -3.28532246239803
  -0.09710994063764    0.25699400085300   -3.28529681409872
  -0.10241653690375    0.27103750037926   -3.28439931673613
  -0.10773757687570    0.28511922406389   -3.28466748495261
  -0.11332363216326    0.29990229043083   -3.28643974793924
  -0.11855080460114    0.31373560089461   -3.29204063964941
  -0.12160130765433    0.32180852297763   -3.29603854862598
  -0.12402736401143    0.32822889483051   -3.29941452949656
  -0.12916751150237    0.34183190045484   -3.30743768401870
  -0.13179021382814    0.34877268076343   -3.31115201927748
  -0.13448392192169    0.35590137238393   -3.31497568455379
  -0.13979183685647    0.36994836166556   -3.32288171620702
  -0.14171665023117    0.37504223245585   -3.32587950146975
  -0.14510963040230    0.38402149393276   -3.33148814388500
  -0.15002505130634    0.39702977790155   -3.33939613791793
  -0.15107266499199    0.39980220707467   -3.34084038939170
  -0.15557376172976    0.41171401395324   -3.34692335810821
  -0.16064120837646    0.42512462237596   -3.35479702237332
  -0.16129691304280    0.42685989442406   -3.35572571235709
  -0.16595689273363    0.43919217283732   -3.36296758152276
  -0.17105924375708    0.45269515301281   -3.37038313992703
  -0.17142223321055    0.45365577672758   -3.37113843788744
  -0.17637872569648    0.46677275348395   -3.37894288305769
  -0.18099096181987    0.47897868221221   -3.38553525763564
  -0.18174743684297    0.48098063527133   -3.38686486286900
  -0.18689136645226    0.49459364998145   -3.39494891410929
  -0.19047760851131    0.50408436420423   -3.40062342730481
  -0.19209579514888    0.50836677088046   -3.40293046082769
  -0.19736255978678    0.52230485906133   -3.41052061123173
  -0.20036541907557    0.53025169558039   -3.41487128218445
  -0.20273747851269    0.53652916873096   -3.41851321346593
  -0.20785474531982    0.55007162238259   -3.42631039921388
  -0.20992691679162    0.55555546506125   -3.42943397632132
  -0.21335017154394    0.56461484589250   -3.43472645428738
  -0.21822460196254    0.57751465168924   -3.44248233212164
  -0.21993958430518    0.58205322076601   -3.44478191967257
  -0.22381094248896    0.59229847291892   -3.45057671443668
  -0.22885941822375    0.60565887628003   -3.45810993354385
  -0.22987725734277    0.60835250934894   -3.45979638986788
  -0.23408613079422    0.61949096974001   -3.46625182164717
  -0.23933241240973    0.63337485117500   -3.47368351795199
  -0.23971219580373    0.63437991876378   -3.47431977186172
  -0.24478930969234    0.64781611079986   -3.48245639345551
  -0.24944689044509    0.66014204060772   -3.48976178639677
  -0.24982558114387    0.66114421646249   -3.49040429085858
  -0.25520167168968    0.67537162726352   -3.49842933786595
  -0.25928424373996    0.68617584069504   -3.50462546157667
  -0.26031871630677    0.68891349290626   -3.50619725680755
  -0.26556547788584    0.70279864452795   -3.51455823207550
  -0.26918273534755    0.71237143863219   -3.51960176152537
  -0.27091659582443    0.71695996724161   -3.52233023628957
  -0.27605891381014    0.73056871691367   -3.53035218088676
  -0.27840609119568    0.73678034162543   -3.53377664057114
  -0.28155206294647    0.74510591428563   -3.53877666194521
  -0.28658382233847    0.75842207912920   -3.54764322829954
  -0.28731702720361    0.76036244950220   -3.54917397564610
  -0.29194297270755    0.77260465905333   -3.55813746590469
  -0.29519324787061    0.78120626268468   -3.56384334789648
  -0.29719573703424    0.78650569648566   -3.56776446613253
  -0.30244279733621    0.80039163865456   -3.57798435824755
  -0.30304735651637    0.80199155810094   -3.57911626085282
  -0.30768457703819    0.81426360612109   -3.58786838884335
  -0.31103984092033    0.82314305433542   -3.59379251143069
  -0.31305981102841    0.82848875011354   -3.59793961908852
  -0.31807178002961    0.84175254120756   -3.60809540532441
  -0.31843064222461    0.84270224244968   -3.60889861427412
  -0.32331265049117    0.85562210243913   -3.61811676766399
  -0.32605064779822    0.86286800206220   -3.62317600814905
  -0.32888778514858    0.87037626819697   -3.62856120644632
  -0.33381548799274    0.88341705537715   -3.63782294815307
  -0.33417285097660    0.88436278907214   -3.63863238653156
  -0.33917413993379    0.89759831624980   -3.64850291650600
  -0.34149245609156    0.90373356193850   -3.65305681718774
  -0.34449835532959    0.91168844344980   -3.65856806203031
  -0.34903491482217    0.92369409978581   -3.66761813722211
  -0.34966403167983    0.92535900923990   -3.66867049069616
  -0.35491396404866    0.93925255211322   -3.67846495084259
  -0.35717981483114    0.94524895221500   -3.68322449122149
  -0.36017427142632    0.95317355165070   -3.68937130039398
  -0.36467083953812    0.96507337386838   -3.69793200942623
  -0.36541060023811    0.96703109375489   -3.69941935257919
  -0.37054364163008    0.98061529363398   -3.70918229487856
  -0.37228297135211    0.98521829618071   -3.71245149217980
  -0.37603975001446    0.99516032242864   -3.71954383410441
  -0.37994168700210    1.00548649903783   -3.72715002810138
  -0.38127840251513    1.00902401399706   -3.72983872274039
  -0.38628861128151    1.02228314676478   -3.73985115763938
  -0.38791847904070    1.02659646663239   -3.74268546579324
  -0.39170405917211    1.03661471375657   -3.74969505522168
  -0.39555041478925    1.04679379853676   -3.75732393091190
  -0.39690158316611    1.05036956189029   -3.75994694074031
  -0.40203418180346    1.06395259005328   -3.76959220923346
  -0.40340216958097    1.06757286465907   -3.77212851555488
  -0.40748503260492    1.07837784813005   -3.78029689158499
  -0.41094499659048    1.08753437712821   -3.78725913728040
  -0.41264477111497    1.09203269988207   -3.79045951664865
  -0.41778950878378    1.10564785305965   -3.80036532676673
  -0.41877371837416    1.10825248816341   -3.80222406082578
  -0.42314436158393    1.11981905979764   -3.81114856799840
  -0.42633212052676    1.12825521905273   -3.81710640200535
  -0.42838321632760    1.13368328658660   -3.82092035106275
  -0.43364194062636    1.14760009662734   -3.83059244787778
  -0.43400947249567    1.14857274149680   -3.83135502206485
  -0.43888903568625    1.16148613078040   -3.84065735158283
  -0.44188513387095    1.16941507455669   -3.84603866459494
  -0.44430723772581    1.17582498641591   -3.85155515038445
  -0.44928911427672    1.18900914015104   -3.86084179621663
  -0.44964096051366    1.18994027419893   -3.86167462686660
  -0.45463664840888    1.20316097859619   -3.87133628678659
  -0.45726116792826    1.21010656796813   -3.87598516200982
  -0.46004880746459    1.21748384193897   -3.88129663082270
  -0.46489304015473    1.23030373176620   -3.89098286728625
  -0.46525210628165    1.23125397269851   -3.89179602689494
  -0.47027794201494    1.24455446103417   -3.90157041415444
  -0.47263860760293    1.25080178123794   -3.90593034101929
  -0.47575048831852    1.25903713459133   -3.91225152101016
  -0.47992933800224    1.27009613938662   -3.92102747609015
  -0.48087343283706    1.27259461387022   -3.92303287478790
  -0.48604302008910    1.28627552956159   -3.93446085122655
  -0.48673609638869    1.28810970276734   -3.93618527517755
  -0.49137353536370    1.30038232890709   -3.94636413437451
  -0.49335261744155    1.30561981765298   -3.95097703674738
  -0.49669090287078    1.31445433369546   -3.95833260905698
  -0.49991579694805    1.32298876823227   -3.96595646601958
  -0.50188221140360    1.32819273308847   -3.97052258286594
  -0.50643399515489    1.34023867925608   -3.98080002549793
  -0.50712585754218    1.34206963993614   -3.98253067247963
  -0.51237668221051    1.35596554421156   -3.99459402917268
  -0.51273163238912    1.35690489260272   -3.99542558998737
  -0.51762754524217    1.36986155001258   -4.00586134916386
  -0.51960679422917    1.37509948047071   -4.01047485439736
  -0.52306668144455    1.38425580630247   -4.01836066248334
  -0.52593013097120    1.39183370559127   -4.02516612834585
  -0.52824939053965    1.39797144794389   -4.03056553469128
  -0.53243181985856    1.40903992596885   -4.04004638276331
  -0.53338151786941    1.41155322882753   -4.04203251337696
  -0.53855316060595    1.42523958420081   -4.05345963486501
  -0.53924636180805    1.42707408795146   -4.05518450982663
  -0.54388390819569    1.43934699835048   -4.06613419177978
  -0.54555426522339    1.44376746995805   -4.06974347297940
  -0.54922059473069    1.45347012946272   -4.07805344531265
  -0.55214973858274    1.46122188373906   -4.08465021025345
  -0.55450288112750    1.46744929478664   -4.09008641590601
  -0.55870092046050    1.47855908351516   -4.09975819944571
  -0.55963460643721    1.48103001175506   -4.10178241702767
  -0.56489132100733    1.49494150320327   -4.11360882928565
  -0.56524006135171    1.49586441774502   -4.11446364850061
  -0.57014300503126    1.50883968169730   -4.12564711460257
  -0.57181044011854    1.51325242061392   -4.12926844870836
  -0.57546499972187    1.52292393197156   -4.13778903899354
  -0.57835051039528    1.53056021439119   -4.14452276402555
  -0.58064744047601    1.53663886346925   -4.14982625266094
  -0.58496016865818    1.54805216743019   -4.15927619531966
  -0.58589393405910    1.55052330586014   -4.16130069076069
  -0.59107303813310    1.56422940709008   -4.17337424954224
  -0.59142110052385    1.56515052747958   -4.17422995202001
  -0.59640443524074    1.57833854013900   -4.18516820177336
  -0.59806898774073    1.58274365050970   -4.18880146201141
  -0.60172228322811    1.59241181648153   -4.19732381916823
  -0.60461159528358    1.60005815896691   -4.20404692881850
  -0.60693418602235    1.60620471700598   -4.20947342205918
  -0.61111839894790    1.61727791520892   -4.21887503727475
  -0.61208343404297    1.61983180648327   -4.22080987828507
  -0.61733636946803    1.63373329671427   -4.23290195603354
  -0.61768446605655    1.63465450760555   -4.23375777774459
  -0.62266206560606    1.64782734258490   -4.24499229241957
  -0.62427647296595    1.65209974769296   -4.24880144594645
  -0.62784253680656    1.66153706181011   -4.25708713966108
  -0.63081705957273    1.66940890789805   -4.26352483326471
  -0.63319819924547    1.67571041119490   -4.26900662081224
  -0.63711471686792    1.68607517433446   -4.27818586461646
  -0.63842796092111    1.68955057387759   -4.28097690656025
  -0.64360214100314    1.70324364414087   -4.29243807255630
  -0.64395027259602    1.70416494766852   -4.29329401540458
  -0.64893453346707    1.71735541132378   -4.30423541532753
  -0.65059597262181    1.72175228246537   -4.30788261163861
  -0.65425110555890    1.73142531110677   -4.31639576586759
  -0.65714104420210    1.73907331180844   -4.32312048139685
  -0.65938665796604    1.74501615619466   -4.32867764440885
  -0.66365126593714    1.75630211371216   -4.33795179517868
  -0.66461647392149    1.75885646252469   -4.33988721094362
  -0.66987041214502    1.77276060658485   -4.35198273530674
  -0.67021857954872    1.77368200488308   -4.35283880119299
  -0.67520332030210    1.78687373851009   -4.36378181423600
  -0.67662107591337    1.79062571986626   -4.36711190374996
  -0.68061318889465    1.80119054031801   -4.37672862858165
  -0.68310389995200    1.80778201587029   -4.38272364540757
  -0.68573609508505    1.81474791816439   -4.38886590094712
  -0.68993807109935    1.82586812501771   -4.39766836755300
  -0.69095824356830    1.82856793311804   -4.40034493184312
  -0.69613583161982    1.84227002231089   -4.41169472357785
  -0.69647894648985    1.84317804946671   -4.41257461981454
  -0.70147380017711    1.85639654619667   -4.42409271694951
  -0.70281284521902    1.85994022607520   -4.42678023365401
  -0.70689952120302    1.87075530025218   -4.43607646544454
  -0.70942297876057    1.87743343690267   -4.44199827037117
  -0.71192849456963    1.88406409209350   -4.44778647540891
  -0.71592538975731    1.89464156828725   -4.45683972288167
  -0.71723901198090    1.89811796862930   -4.45963202137423
  -0.72240862101535    1.91179894196618   -4.47125728226867
  -0.72275177275452    1.91270706669337   -4.47213730606100
  -0.72772906214742    1.92587908086707   -4.48425732780245
  -0.72898599615657    1.92920546020267   -4.48722316502433
  -0.73294762466086    1.93968960582696   -4.49853816211187
  -0.73423432369975    1.94309475602812   -4.50233162379062
  -0.73824569520504    1.95371054268481   -4.51625793909222
  -0.73855630472305    1.95453254692261   -4.51722986216183
  -0.74263977096625    1.96533912676704   -4.53191200799186
  -0.74352617894963    1.96768493742804   -4.53479187329756
  -0.74713433068962    1.97723363393898   -4.54702328846450
  -0.74873761299862    1.98147659745415   -4.55253566561200
  -0.75119467650016    1.98797902733378   -4.56145770048612
  -0.75416641547169    1.99584350632296   -4.57186879186007
  -0.75545456311421    1.99925249014239   -4.57657716294829
  -0.75923988338988    2.00927004957829   -4.58993953061166
  -0.75984438436433    2.01086981498773   -4.59191228658462
  -0.76389320974658    2.02158472045370   -4.60657864011684
  -0.76449772572854    2.02318452557935   -4.60855146207536
  -0.76813193140539    2.03280217183352   -4.62121148719261
  -0.76986326120456    2.03738400319872   -4.62685843526671
  -0.77249239171465    2.04434179520348   -4.63616505316209
  -0.77511892464932    2.05129271292438   -4.64555492107446
  -0.77670950227887    2.05550205448099   -4.65125047875749
  -0.78028293266810    2.06495886360339   -4.66341340611239
  -0.78097217638642    2.06678289417708   -4.66613627574607
  -0.78524040932245    2.07807844488592   -4.68102599012154
  -0.78562620804955    2.07909943159180   -4.68276214287839
  -0.78927414909965    2.08875342745656   -4.69568616050302
  -0.79081690289742    2.09283620691472   -4.70056716140699
  -0.79352685108074    2.10000787668574   -4.71062432577176
  -0.79610079140796    2.10681961210958   -4.71910995238364
  -0.79781255872649    2.11134967287194   -4.72546924646323
  -0.80131795553975    2.12062643635982   -4.73787657678038
  -0.80223231505897    2.12304621861404   -4.74082483091457
  -0.80627613332980    2.13374787314415   -4.75549190524952
  -0.80658199880511    2.13455732263723   -4.75647291555461
  -0.81062015300426    2.14524398763658   -4.77014763517457
  -0.81195455356540    2.14877537625339   -4.77483026100025
  -0.81464998510943    2.15590862885326   -4.78492507178201
  -0.81721566009467    2.16269849068425   -4.79350103786714
  -0.81910896921587    2.16770898788685   -4.80018511343244
  -0.82236456353712    2.17632466826187   -4.81138011078403
  -0.82336538360537    2.17897326171981   -4.81507176659560
  -0.82755176406651    2.19005219613926   -4.82921597299967
  -0.82786037812552    2.19086891954804   -4.83019244248423
  -0.83165961930468    2.20092331958604   -4.84462762553124
  -0.83291342024607    2.20424140749842   -4.84855736653713
  -0.83591608849379    2.21218773844197   -4.85963327502939
  -0.83819636521593    2.21822231568533   -4.86709260215660
  -0.84021868148377    2.22357422039507   -4.87442771835791
  -0.84340492256243    2.23200636273921   -4.88586621681632
  -0.84463256350356    2.23525522021971   -4.88978469834886
  -0.84859293093011    2.24573602849860   -4.90370498164859
  -0.84890158142757    2.24655284833896   -4.90468160667617
  -0.85301745679237    2.25744519643501   -4.91911633532315
  -0.85406676402980    2.26022210746286   -4.92291403675545
  -0.85719911218507    2.26851162632367   -4.93440238770026
  -0.85923902365074    2.27391009537335   -4.94158764706250
  -0.86126159951963    2.27926268709735   -4.94892391865129
  -0.86441452035454    2.28760664997503   -4.95956263062501
  -0.86569416876127    2.29099314121963   -4.96429278988187
  -0.86972685771967    2.30166534287901   -4.97798033871885
  -0.87003768852809    2.30248793274486   -4.97895320511329
  -0.87406250814922    2.31313930880745   -4.99361987667931
  -0.87502348134542    2.31568245057835   -4.99658951515199
  -0.87827000736349    2.32427413238535   -5.00851833729419
  -0.88028800429741    2.32961460630958   -5.01523549088136
  -0.88256376653037    2.33563723630397   -5.02367360082251
  -0.88550149857108    2.34341171856211   -5.03390819051535
  -0.88681695483721    2.34689297255690   -5.03856544032150
  -0.89073201665669    2.35725388302569   -5.05172944727950
  -0.89111378339252    2.35826419937630   -5.05348045759789
  -0.89534386090990    2.36945877469962   -5.06836560973024
  -0.89597434682907    2.37112730726985   -5.07029456776225
  -0.89964812131587    2.38084966934109   -5.08303763645486
  -0.90135020305006    2.38535409794825   -5.08887204834492
  -0.90385579107373    2.39198494424952   -5.09843106577771
  -0.90646947924892    2.39890186930078   -5.10768016133317
  -0.90809386318232    2.40320067664453   -5.11331523490413
  -0.91178067530670    2.41295754182248   -5.12625367139734
  -0.91216249942399    2.41396801002871   -5.12800495555197
  -0.91648051208944    2.42539529896887   -5.14266208223018
  -0.91711487637536    2.42707409533891   -5.14458335419236
  -0.92071408615328    2.43659912763388   -5.15781865147813
  -0.92233019729079    2.44087604165860   -5.16334431396257
  -0.92502436172535    2.44800594095055   -5.17250857043887
  -0.92767409627218    2.45501825995637   -5.18193231762384
  -0.92926612975102    2.45923145430633   -5.18763432940013
  -0.93284446383520    2.46870124068087   -5.19981247845299
  -0.93353437636643    2.47052704121657   -5.20253840330117
  -0.93776934968710    2.48173457290734   -5.21743310347769
  -0.93808657153115    2.48257407615823   -5.21839390351395
  -0.94184669393712    2.49252495136693   -5.23212387187542
  -0.94339079576516    2.49661129828370   -5.23701058855461
  -0.94610332360569    2.50378979491943   -5.24707926593288
  -0.94864833092249    2.51052496135296   -5.25571407048922
  -0.95031992755410    2.51494871347707   -5.26218100845349
  -0.95385731457517    2.52431013659342   -5.27439613404192
  -0.95479547662478    2.52679291041652   -5.27730675947994
  -0.95882577956316    2.53745879765712   -5.29198559367446
  -0.95914304174217    2.53829840765140   -5.29294656025269
  -0.96321532475897    2.54907539194593   -5.30667335415700
  -0.96454692865978    2.55259937941592   -5.31135924690678
  -0.96747177776833    2.56033976798338   -5.32169228751495
  -0.96973783740288    2.56633672079614   -5.33013404185033
  -0.97168090520101    2.57147890051627   -5.33672995949972
  -0.97487645397065    2.57993567494985   -5.34816417328590
  -0.97587166322958    2.58256941983179   -5.35187507162054
  -0.98012648657150    2.59382948307952   -5.36582495879277
  -0.98044522533171    2.59467300073254   -5.36678295299548
  -0.98427477213029    2.60480760226518   -5.38124080415026
  -0.98560599289473    2.60833057579422   -5.38592717823630
  -0.98853124834658    2.61607203971801   -5.39626198203736
  -0.99086923676985    2.62225934654672   -5.40462045694998
  -0.99276458883340    2.62727525023938   -5.41131347552814
  -0.99602724982780    2.63590963202224   -5.42252612013806
  -0.99702918348232    2.63856117250074   -5.42622271187040
  -1.00122144064319    2.64965565915476   -5.44038701515958
  -1.00153037376643    2.65047322694253   -5.44136482751417
  -1.00556861705044    2.66116012769813   -5.45605049506870
  -1.00658850096086    2.66385917215046   -5.45969043978697
  -1.00969421775004    2.67207821314592   -5.47078977743129
  -1.01187901419219    2.67786010916016   -5.47831570184798
  -1.01413305666212    2.68382525946957   -5.48588913026553
  -1.01709959141513    2.69167596589406   -5.49614757612564
  -1.01841616947793    2.69516018863760   -5.50080969710291
  -1.02237753577095    2.70564364033990   -5.51475273825136
  -1.02268865478649    2.70646699292378   -5.51572680686796
  -1.02667631408899    2.71702002705662   -5.53066470309745
  -1.02765421601240    2.71960796940412   -5.53428441966918
  -1.03094351003702    2.72831283345634   -5.54533119297081
  -1.03294316990886    2.73360477975386   -5.55204928475388
  -1.03522123400261    2.73963350144608   -5.56049755530946
  -1.03811842529933    2.74730069573835   -5.57090710432849
  -1.03939953612271    2.75069105715631   -5.57564372186925
  -1.04336405912309    2.76118286284221   -5.58861077037208
  -1.04375634745159    2.76222102377990   -5.59033051070710
  -1.04802325518902    2.77351306745237   -5.60524984345665
  -1.04866297140566    2.77520602729608   -5.60722927188320
  -1.05225469046375    2.78471123597625   -5.62042227523861
  -1.05389064950225    2.78904067594682   -5.62586043158127
  -1.05664181532119    2.79632142502539   -5.63487921421498
  -1.05930478335500    2.80336876543833   -5.64432613246270
  -1.06089821766688    2.80758566698535   -5.65003422228930
  -1.06438794319590    2.81682095762288   -5.66243937396899
  -1.06507301448119    2.81863394617297   -5.66518147603732
  -1.06912973161898    2.82936973656399   -5.67988255065662
  -1.06980987972209    2.83116969629048   -5.68255522966490
  -1.07341693074044    2.84071547982615   -5.69456504706453
  -1.07511987884717    2.84522220122170   -5.70021715973726
  -1.07775410642401    2.85219348222223   -5.70954600226677
  -1.08037701055251    2.85913479658625   -5.71895225216191
  -1.08197068237475    2.86335232668621   -5.72466136496546
  -1.08546092696647    2.87258899098331   -5.73706874591396
  -1.08636947260930    2.87499338726010   -5.74003550260987
  -1.09025793810363    2.88528391259670   -5.75427241875298
  -1.09089299429225    2.88696454003408   -5.75619652001017
  -1.09479699689614    2.89729618313805   -5.76943788589005
  -1.09611428869891    2.90078229473961   -5.77410307238567
  -1.09882971027628    2.90796844942770   -5.78418439807695
  -1.10132884759835    2.91458222444251   -5.79296080917260
  -1.10317197676748    2.91945992425524   -5.79975009950038
  -1.10659461609008    2.92851767639901   -5.81153750439432
  -1.10730215299374    2.93039011848299   -5.81422221031896
  -1.11174618516046    2.94215090835626   -5.82862795242330
  -1.11205262879842    2.94296188791239   -5.82961139001542
  -1.11587517499828    2.95307796289811   -5.84408725509999
  -1.11720317928772    2.95659242427305   -5.84868357028974
  -1.12025351156686    2.96466489441566   -5.85911393637112
  -1.12249004799032    2.97058371631735   -5.86734587414956
  -1.12443513504282    2.97573123983910   -5.87395032950762
  -1.12763029509830    2.98418698557051   -5.88539663838627
  -1.12862658689472    2.98682359530477   -5.88911226139308
  -1.13268079027923    2.99755273324077   -5.90381881890890
  -1.13298727884653    2.99836383169896   -5.90480244236138
  -1.13704420962332    3.00910018746916   -5.91851965857445
  -1.13837273959027    3.01261604000928   -5.92320960689042
  -1.14133174634948    3.02044682417625   -5.93377470214520
  -1.14349151939719    3.02616249769864   -5.94126585753472
  -1.14551802071274    3.03152547781580   -5.94861918859899
  -1.14880514267496    3.04022459367167   -5.95985611176389
  -1.14980817854804    3.04287905108692   -5.96355748226558
  -1.15400611596346    3.05398857009844   -5.97774126803133
  -1.15431536552534    3.05480697531675   -5.97872038171722
  -1.15812931369041    3.06490029626362   -5.99319703902638
  -1.15937694987513    3.06820206962085   -5.99713236740676
  -1.16261052867162    3.07675948760018   -6.00863674489688
  -1.16457738345301    3.08196461774491   -6.01594736366730
  -1.16660420872568    3.08732845518972   -6.02330208018309
  -1.16981097694217    3.09581492102784   -6.03378573069636
  -1.17112172629241    3.09928371853118   -6.03847008674131
  -1.17509347707943    3.10979465199943   -6.05242960722524
  -1.17540277308147    3.11061318011808   -6.05340891026073
  -1.17944937336256    3.12132219702470   -6.06811846964767
  -1.18046500001852    3.12400997498002   -6.07182425498304
  -1.18369449493630    3.13255658528793   -6.08306141927736
  -1.18564926936169    3.13772974569818   -6.09076962407782
  -1.18750853904819    3.14265016015069   -6.09844750802947
  -1.18986740528396    3.14889271850700   -6.11359197794370
  -1.19054080274043    3.15067481316556   -6.12383392321676
  -1.19086267101628    3.15152661284142   -6.12850201572331
  -1.19120165966256    3.15242372026297   -6.14329134021630
  -1.19153812880628    3.15331416001443   -6.15829352356850
  -1.19171435821428    3.15378053761012   -6.17312102262490
  -1.19205166378495    3.15467319090130   -6.18811242704251
  -1.19222718244773    3.15513768756432   -6.20295511001489
  -1.19273019330631    3.15646886717548   -6.21800437328498
  -1.19274009090280    3.15649506040456   -6.23278791031726
  -1.19307760881286    3.15738827563563   -6.24778359794947
  -1.19308876298194    3.15741779428759   -6.26262281202198
  -1.19278738829339    3.15662022931681   -6.27727368152770
  -1.19073445362453    3.15118729535993   -6.29124446835365
  -1.19012773865845    3.14958167079167   -6.29410574127789
  -1.18664766834713    3.14037193194636   -6.30542073392332
  -1.18500807195819    3.13603286600717   -6.31007271172278
  -1.18140149676756    3.12648834171303   -6.32017106699224
  -1.17975024258734    3.12211842432442   -6.32478778044886
  -1.17582557369673    3.11173208947963   -6.33519224265049
  -1.17451390749466    3.10826086559831   -6.33891400891976
  -1.17057890942520    3.09784719537487   -6.35007950035930
  -1.16926724641097    3.09437597992993   -6.35380136626818
  -1.16506181016489    3.08324661583893   -6.36512991214743
  -1.16407785699263    3.08064265932601   -6.36792079637090
  -1.15981406639161    3.06935886491567   -6.38001484723573
  -1.15883011493493    3.06675491294291   -6.38280580567932
  -1.15454226227317    3.05540744013654   -6.39456778114050
  -1.15354537225561    3.05276924725598   -6.39731687736866
  -1.14893393745243    3.04056543916011   -6.40932654474345
  -1.14813306879952    3.03844600176867   -6.41153292810260
  -1.14332376690301    3.02571855360447   -6.42441519819911
  -1.14299586137014    3.02485077679149   -6.42534580789744
  -1.13808016217874    3.01184175635660   -6.43914312403567
  -1.13774992390090    3.01096780611319   -6.44006660772732
  -1.13253694438966    2.99717205613991   -6.45336206033431
  -1.13220903353729    2.99630426524929   -6.45429270173337
  -1.12729046524035    2.98328765194689   -6.46807516907558
  -1.12695975976191    2.98241246529296   -6.46899720953799
  -1.12204673216980    2.96941051504043   -6.48202688015862
  -1.12135173537808    2.96757125939976   -6.48397233152111
  -1.11679565588507    2.95551394488154   -6.49616984091741
  -1.11581192354476    2.95291057278343   -6.49896201165324
  -1.11155738359950    2.94165125952320   -6.51086951571848
  -1.11027430397221    2.93825568781689   -6.51369312095736
  -1.10630097609871    2.92774058071038   -6.52408862586360
  -1.10472075276676    2.92355864100728   -6.52846055836525
  -1.10112941893504    2.91405445179912   -6.53605232867883
  -1.09791647407511    2.90555163994843   -6.54310085615516
  -1.09594035585622    2.90032199482770   -6.54678807660680
  -1.09078546783829    2.88667997953061   -6.55430397072012
  -1.08874615990729    2.88128310768911   -6.55802675169512
  -1.08551586341965    2.87273437608808   -6.56354791145581
  -1.08028000416132    2.85887807662105   -6.57086019193816
  -1.07887922066961    2.85517101067601   -6.57289170965526
  -1.07498049877068    2.84485334255223   -6.57943848237660
  -1.06963206995729    2.83069913640190   -6.58843936138112
  -1.06942529300985    2.83015191708886   -6.58897728341363
  -1.06455251949473    2.81725649615996   -6.59518565844982
  -1.05992932405204    2.80502156443475   -6.60246355923824
  -1.05927277951618    2.80328406973646   -6.60339280970820
  -1.05400979970861    2.78935599781844   -6.61121543326484
  -1.05042418873806    2.77986695372290   -6.61741361880106
  -1.04837542522229    2.77444505840238   -6.62087302066170
  -1.04351509377595    2.76158256445311   -6.62773717385996
  -1.04083740657898    2.75449627090516   -6.63239269552824
  -1.03823738114487    2.74761550324900   -6.63623315673269
  -1.03261805945573    2.73274439990479   -6.64504783366842
  -1.03100016111509    2.72846275618422   -6.64719261587343
  -1.02756862053961    2.71938144755825   -6.65225859635150
  -1.02248989991717    2.70594100342446   -6.66028720645874
  -1.02119551986070    2.70251552600009   -6.66216632730426
  -1.01721067339581    2.69196993582598   -6.66867760655003
  -1.01203512794467    2.67827325221817   -6.67606067485116
  -1.01137358280548    2.67652252380716   -6.67748180053704
  -1.00678373852434    2.66437585336996   -6.68442909502433
  -1.00213608430928    2.65207619338184   -6.69187894742692
  -1.00148340028991    2.65034891524400   -6.69282771900983
  -0.99631781063466    2.63667857888553   -6.70021880069102
  -0.99257189336205    2.62676529647148   -6.70679646951657
  -0.99093490431917    2.62243313067342   -6.70960443947203
  -0.98580503621364    2.60885732865323   -6.71696045773428
  -0.98289270036908    2.60115005547803   -6.72131138797921
  -0.98058706508592    2.59504836875024   -6.72404192308283
  -0.97535591410945    2.58120452938959   -6.72902325302714
  -0.97021944725693    2.56761126429222   -6.73348440024980
  -0.96719947471215    2.55961913885526   -6.73622257771468
  -0.96490436370372    2.55354530381238   -6.73811116240709
  -0.95961533396492    2.53954829275173   -6.74293888879428
  -0.95451778451979    2.52605801958454   -6.74649970453012
  -0.94907561179339    2.51165572736703   -6.75213142137698
  -0.94860573634118    2.51041223806434   -6.75257445937551
  -0.94384765218108    2.49782033370656   -6.75595363436879
  -0.93871968408169    2.48424955990673   -6.75975473465763
  -0.93343915617112    2.47027504828163   -6.76409330817315
  -0.93140551707359    2.46489317857257   -6.76591500419652
  -0.92754778914367    2.45468399783985   -6.76955523941881
  -0.92293123792614    2.44246664954632   -6.77337311007260
  -0.91763931661103    2.42846198615101   -6.77728368319119
  -0.91433506112106    2.41971752772962   -6.78080767655436
  -0.91178482505719    2.41296852381848   -6.78347811576018
  -0.90713454192223    2.40066190659572   -6.78728470665552
  -0.90192359062293    2.38687152412957   -6.79069461289691
  -0.89666644734459    2.37295889813799   -6.79565618500779
  -0.89599642626487    2.37118573880123   -6.79648365781755
  -0.89102987200762    2.35804213433968   -6.80531274774584
  -0.88811285528920    2.35032247359126   -6.81092242123805
      
      
