# shadow point cont 3D ind 349  size 1075
# norm -0.9208455 -0.3899277  0.0000000
# angle  2.7410396
   1.13795284234781   -2.68736682289366   -6.82890328871100
   1.13857924928488   -2.68884613307038   -6.82400132749786
   1.14193106604695   -2.69676171693958   -6.81304590988874
   1.14301085688185   -2.69931172952129   -6.81206671916055
   1.14885388034966   -2.71311049764985   -6.80663261609309
   1.15458438621620   -2.72664354644681   -6.80245981327081
   1.16034926576178   -2.74025777144124   -6.79837253381891
   1.16074701490679   -2.74119708791934   -6.79773356574471
   1.16619972810410   -2.75407410706803   -6.79322711307031
   1.17204757980807   -2.76788427746316   -6.78873096715890
   1.17779942709065   -2.78146772572422   -6.78498292705592
   1.18066285849924   -2.78822994844620   -6.78285071559507
   1.18354636129434   -2.79503957135579   -6.78075623376629
   1.18945668975136   -2.80899728560960   -6.77639519011977
   1.19517982989827   -2.82251293966944   -6.77279824314989
   1.20094513834478   -2.83612817754778   -6.76871217694640
   1.20134288200774   -2.83706748107959   -6.76807330435419
   1.20684484309311   -2.85006080306221   -6.76370976234541
   1.21264474918697   -2.86375774605712   -6.76000669156342
   1.21846478636795   -2.87750223022741   -6.75571877188629
   1.22121738044343   -2.88400270170572   -6.75335856977557
   1.22424383949403   -2.89114992726793   -6.75073450043498
   1.23004598847218   -2.90485216701382   -6.74638182445306
   1.23577264495304   -2.91837612517804   -6.74082590812154
   1.23722215139779   -2.92179925079822   -6.73896691824100
   1.24161593072111   -2.93217551274968   -6.73351009211422
   1.24739298734487   -2.94581849488999   -6.72619036876362
   1.24850812154717   -2.94845197366593   -6.72443747497063
   1.25323920573243   -2.95962480807754   -6.71795912733902
   1.25898567685626   -2.97319556010892   -6.71033540590245
   1.25970346750077   -2.97489068023346   -6.70937328201143
   1.26483494026214   -2.98700906435124   -6.70215542137589
   1.27050221872588   -3.00039279656998   -6.69507543647513
   1.27089946356136   -3.00133092208073   -6.69431120455038
   1.27643077006442   -3.01439354561873   -6.68635252242214
   1.28147737366197   -3.02631150440548   -6.67980964246695
   1.28219092052679   -3.02799660250421   -6.67883004075688
   1.28806668985785   -3.04187270261280   -6.67068996290816
   1.29272542380374   -3.05287467613662   -6.66495788045319
   1.29384260172877   -3.05551298132755   -6.66324280398020
   1.29960048190920   -3.06911067676029   -6.65561489576606
   1.30389909708768   -3.07926220095809   -6.64973336705778
   1.30534867795027   -3.08268550232196   -6.64787495264351
   1.31119294081785   -3.09648719739238   -6.63980430087051
   1.31472375568805   -3.10482549963728   -6.63494602635059
   1.31694487880947   -3.11007085987009   -6.63207480702305
   1.32270806592930   -3.12368108806550   -6.62456429742959
   1.32594235167020   -3.13131911301030   -6.61990452763586
   1.32854118971261   -3.13745647729582   -6.61627544768778
   1.33433964616003   -3.15114999683451   -6.60884263862472
   1.33713512779421   -3.15775175071932   -6.60499388366475
   1.34011812874131   -3.16479634648778   -6.60114014862458
   1.34597001716480   -3.17861604991952   -6.59330773289529
   1.34811054558666   -3.18367107931117   -6.59039098634010
   1.35180700787561   -3.19240057120900   -6.58505272845510
   1.35756137686421   -3.20598997468089   -6.57672781078219
   1.35825190234350   -3.20762070593298   -6.57567348742609
   1.36329880405048   -3.21953936872901   -6.56713234291589
   1.36669940629279   -3.22757016341906   -6.56106321546920
   1.36928287206661   -3.23367122486052   -6.55491058707511
   1.37291296719450   -3.24224398538943   -6.54657508041465
   1.37512313137074   -3.24746346519504   -6.54108389421227
   1.37906874154944   -3.25678133979909   -6.53168083462243
   1.38091317011318   -3.26113710564889   -6.52711018142117
   1.38522451871488   -3.27131870084596   -6.51678704075404
   1.38670265254496   -3.27480943233053   -6.51313510574829
   1.39138029938641   -3.28585607017276   -6.50189369700320
   1.39246650594356   -3.28842123399666   -6.49910085154263
   1.39781886365869   -3.30106125563253   -6.48676420345491
   1.39818919623739   -3.30193582569238   -6.48585649060702
   1.40387284317678   -3.31535821337801   -6.47257739026515
   1.40423491423386   -3.31621327319255   -6.47164649012005
   1.40976310059271   -3.32926852825996   -6.45786998179210
   1.41011919346805   -3.33010947011928   -6.45698541890486
   1.41563458651335   -3.34313451275162   -6.44321335923191
   1.41600347151640   -3.34400566424558   -6.44232478593215
   1.42141916796145   -3.35679526536759   -6.42922909575779
   1.42243081157687   -3.35918434282977   -6.42720274193978
   1.42704717988243   -3.37008626649914   -6.41580215892374
   1.42852918401022   -3.37358613800189   -6.41207344456595
   1.43290318777407   -3.38391569838501   -6.40195359235123
   1.43474246053450   -3.38825928839216   -6.39742182182406
   1.43878207111913   -3.39779915248719   -6.38730461184643
   1.44093619316724   -3.40288628431649   -6.38252310200357
   1.44455399913054   -3.41143002299848   -6.37333946787201
   1.44696297769940   -3.41711901892352   -6.36740955862301
   1.45027465221787   -3.42493980366781   -6.35912535853961
   1.45311883729053   -3.43165657462528   -6.35252061570304
   1.45615503398663   -3.43882679641764   -6.34447766321403
   1.45871782883906   -3.44487904182183   -6.33812934339088
   1.46201927934734   -3.45267568174681   -6.32425100995115
   1.46233047244971   -3.45341058919437   -6.32324067688066
   1.46267188590869   -3.45421686443567   -6.30855298617641
   1.46284705071956   -3.45463053017273   -6.29362186503699
   1.46248403220940   -3.45377323287183   -6.27861063472331
   1.46229374172707   -3.45332384664959   -6.27583588351615
   1.46210238971974   -3.45287195355098   -6.26371166180418
   1.46154734888678   -3.45156118014776   -6.24869084686819
   1.46135455654158   -3.45110588557588   -6.23380470277776
   1.46079750357753   -3.44979036036388   -6.21885428971619
   1.46042263162552   -3.44890507021021   -6.20393665027124
   1.46022772167196   -3.44844477473647   -6.18911318325123
   1.45967134401878   -3.44713084432520   -6.17403790153984
   1.45929821834553   -3.44624967814876   -6.15918627706335
   1.45836027940959   -3.44403466019322   -6.14405796319112
   1.45674420877911   -3.44021817990143   -6.13269783665177
   1.45603430890202   -3.43854169445647   -6.12856667890140
   1.45212403101416   -3.42930725988847   -6.11308662565711
   1.45101130033681   -3.42667945722930   -6.10939867713708
   1.44774785418586   -3.41897256763951   -6.09841059239972
   1.44510644828036   -3.41273467593427   -6.08983426566835
   1.44290867331962   -3.40754445425383   -6.08337546498104
   1.43922316674885   -3.39884083516237   -6.07228979711325
   1.43813454170170   -3.39626995988054   -6.06871329487828
   1.43352254675574   -3.38537836425030   -6.05459369311934
   1.43319765116621   -3.38461109728130   -6.05359223835554
   1.42858992824931   -3.37372959039001   -6.03810323532079
   1.42778049710192   -3.37181805387466   -6.03548715199097
   1.42395123827210   -3.36277495230437   -6.02362407550749
   1.42180475275769   -3.35770585476134   -6.01720837858054
   1.41894530134769   -3.35095303112493   -6.00872447076306
   1.41603333442937   -3.34407618790751   -5.99945065438871
   1.41423858217585   -3.33983773664490   -5.99380620898963
   1.41019603583388   -3.33029093952368   -5.98083069967216
   1.40952215142663   -3.32869950749670   -5.97888212379218
   1.40481721652084   -3.31758842670391   -5.96396929051624
   1.40448295458596   -3.31679904035984   -5.96298013190949
   1.40013873599212   -3.30653982004241   -5.94889496779862
   1.39869329983469   -3.30312630673190   -5.94421383915120
   1.39533919562947   -3.29520532088240   -5.93381284168671
   1.39276160188308   -3.28911812670426   -5.92574870684095
   1.39063211595511   -3.28408917504679   -5.91917135519787
   1.38700396700851   -3.27552101058095   -5.90784870753420
   1.38588088022002   -3.27286875113548   -5.90422310100622
   1.38140093019952   -3.26228899017766   -5.88951837548009
   1.38105156619626   -3.26146393908895   -5.88855451383933
   1.37636151892074   -3.25038801662802   -5.87462753250430
   1.37535893400963   -3.24802033202196   -5.87166077381226
   1.37163637628499   -3.23922921366167   -5.85941339207942
   1.36948665308781   -3.23415247007133   -5.85299945926668
   1.36662788903488   -3.22740126968373   -5.84451911082884
   1.36371606821154   -3.22052477148130   -5.83524877263424
   1.36192198679585   -3.21628790445599   -5.82960677489439
   1.35787422724262   -3.20672879591863   -5.81661373321640
   1.35717749965259   -3.20508341788507   -5.81466758271107
   1.35272528176773   -3.19456914858778   -5.79998466739982
   1.35203999040689   -3.19295077812583   -5.79803346447114
   1.34773398208012   -3.18278179441594   -5.78488316856266
   1.34628110414019   -3.17935070673972   -5.78022015434575
   1.34303439763707   -3.17168334916967   -5.76991606626080
   1.34046868818798   -3.16562422071190   -5.76236071011680
   1.33797475665432   -3.15973460155307   -5.75501420573632
   1.33459489742736   -3.15175279315595   -5.74389570441897
   1.33322036946979   -3.14850673524136   -5.74006588002258
   1.32901207874201   -3.13856851947174   -5.72560867361500
   1.32867111470519   -3.13776330557688   -5.72463056780999
   1.32405743984515   -3.12686774269492   -5.71047825260945
   1.32305520976789   -3.12450089605743   -5.70751276644228
   1.31906891817769   -3.11508694904027   -5.69503937187996
   1.31718785458400   -3.11064466663164   -5.68886101445153
   1.31432974024747   -3.10389500060136   -5.68038412540926
   1.31141802559465   -3.09701875312913   -5.67111717831281
   1.30962459100051   -3.09278341362476   -5.66547755407953
   1.30566879540177   -3.08344148533512   -5.65323116455596
   1.30491079762468   -3.08165141284514   -5.65056566974530
   1.30017815864123   -3.07047490665301   -5.63563916419893
   1.29983563029087   -3.06966599850637   -5.63466397833174
   1.29542013943901   -3.05923846304050   -5.62073769042591
   1.29393337409201   -3.05572734753706   -5.61615319867214
   1.29065100033185   -3.04797575888141   -5.60605491026777
   1.28815205855260   -3.04207430762615   -5.59841843398246
   1.28589423176330   -3.03674226874054   -5.59110832974500
   1.28230339133074   -3.02826221132016   -5.57991873981615
   1.28118772242534   -3.02562746980001   -5.57620351226121
   1.27672644576806   -3.01509180748578   -5.56152277701729
   1.27638559685368   -3.01428686546178   -5.56054508159446
   1.27175080571343   -3.00334143479205   -5.54637776348490
   1.27072340871340   -3.00091515444977   -5.54345287535174
   1.26708165271090   -2.99231485583107   -5.53152015744331
   1.26490765740489   -2.98718079171077   -5.52479089170337
   1.26205015572893   -2.98043257252754   -5.51631736017790
   1.25913850867847   -2.97355648470367   -5.50705371238015
   1.25730804033613   -2.96923368703537   -5.50139159573035
   1.25319413665458   -2.95951837383875   -5.48864720527690
   1.25250578216847   -2.95789276956104   -5.48672272531078
   1.24806086654754   -2.94739574514516   -5.47206123873788
   1.24739304070251   -2.94581862089833   -5.47008543091834
   1.24314803906156   -2.93579370936554   -5.45669552518773
   1.24166178231188   -2.93228379495543   -5.45211289989572
   1.23813060968634   -2.92394464784262   -5.44179257497711
   1.23588150012236   -2.91863319538311   -5.43438496294389
   1.23341227310885   -2.91280191792823   -5.42688345061798
   1.23004196760368   -2.90484267141066   -5.41577767540894
   1.22891912695750   -2.90219099324997   -5.41217874448615
   1.22427930736108   -2.89123368747805   -5.39799562929558
   1.22393141432901   -2.89041211020569   -5.39703085688333
   1.21923191375117   -2.87931386301382   -5.38213616468414
   1.21845818900867   -2.87748665003480   -5.37944111849897
   1.21457621153071   -2.86831904915254   -5.36729399587442
   1.21264536453168   -2.86375919924296   -5.36078693606452
   1.20978843903972   -2.85701234076442   -5.35231665831738
   1.20679938069297   -2.84995343996132   -5.34312332568186
   1.20498096231763   -2.84565909925565   -5.33765384721534
   1.20102589593912   -2.83631889307803   -5.32539155618417
   1.20026626910570   -2.83452497344097   -5.32275107419967
   1.19564532480118   -2.82361224318338   -5.30760695129471
   1.19530301785992   -2.82280385791208   -5.30663255761551
   1.19089355249282   -2.81239055211128   -5.29271861733594
   1.18940778471840   -2.80888179245542   -5.28813779803105
   1.18612090843945   -2.80111957074088   -5.27804414098583
   1.18362846222038   -2.79523345927150   -5.27041647649830
   1.18111552994560   -2.78929896833996   -5.26288193388161
   1.17778233305956   -2.78142735680004   -5.25275713317241
   1.17633181110232   -2.77800183296574   -5.24824424785550
   1.17193577550376   -2.76762024263951   -5.23429885427104
   1.17159846185293   -2.76682364942367   -5.23332351557786
   1.16689230133201   -2.75570967424255   -5.21843247991731
   1.16613754833551   -2.75392726456194   -5.21569477344660
   1.16220088779835   -2.74463052525354   -5.20325206344326
   1.16035984396767   -2.74028275272209   -5.19698635221276
   1.15754389656079   -2.73363266727509   -5.18837986117921
   1.15455761655070   -2.72658032773663   -5.17919063546650
   1.15271042449592   -2.72221803568130   -5.17369952650203
   1.14878285112358   -2.71294275644078   -5.16156784548178
   1.14775028374493   -2.71050426583509   -5.15857873019226
   1.14320681379530   -2.69977449747470   -5.14416983915202
   1.14288254104518   -2.69900870139089   -5.14317066538815
   1.13839708134915   -2.68841592889280   -5.12857381791056
   1.13735055951891   -2.68594448373147   -5.12568777496424
   1.13363505350754   -2.67717001855714   -5.11391017964216
   1.13139225263828   -2.67187346458575   -5.10651081532076
   1.12888075741958   -2.66594236737729   -5.09897937368721
   1.12554945865311   -2.65807523839884   -5.08885865567079
   1.12385086883001   -2.65406388242130   -5.08412310972853
   1.11968280546612   -2.64422066679497   -5.07034397821035
   1.11936464668090   -2.64346930932916   -5.06943119645273
   1.11464315299087   -2.63231912364053   -5.05452838940655
   1.11386994559723   -2.63049313242231   -5.05183534948431
   1.11000787828431   -2.62137255099022   -5.03976384074932
   1.10816415750266   -2.61701845662453   -5.03390641385128
   1.10521714061149   -2.61005884008761   -5.02474059153998
   1.10232659321112   -2.60323258077817   -5.01625632822188
   1.10015281337622   -2.59809902551017   -5.00985806067249
   1.09645791853989   -2.58937323527729   -4.99781449020905
   1.09543844658101   -2.58696567055474   -4.99496381568486
   1.09105891065603   -2.57662304552980   -4.98004408413454
   1.09071016031900   -2.57579944366309   -4.97908239508322
   1.08601009817766   -2.56469987029400   -4.96517678759966
   1.08492213615319   -2.56213056079336   -4.96145386564170
   1.08160302134153   -2.55429220520050   -4.95024112951908
   1.07907377468477   -2.54831918654864   -4.94286814531085
   1.07659066195600   -2.54245511686448   -4.93540260118351
   1.07333263952409   -2.53476103582182   -4.92502058754813
   1.07187380586738   -2.53131588324320   -4.92050661233289
   1.06746395127596   -2.52090165825798   -4.90649583820898
   1.06714682007081   -2.52015272750489   -4.90559906999249
   1.06242750811031   -2.50900769414534   -4.89070200085569
   1.06174340847829   -2.50739213804652   -4.88875507924010
   1.05767587640023   -2.49778633510737   -4.87578401380967
   1.05590435071566   -2.49360273524853   -4.87023063296807
   1.05275210996224   -2.48615846611604   -4.86069715773588
   1.05011721444599   -2.47993594921671   -4.85244446302441
   1.04793962607882   -2.47479339979456   -4.84604672027663
   1.04434296604940   -2.46629959892989   -4.83389440006594
   1.04331578766462   -2.46387383486504   -4.83090996565399
   1.03875510098062   -2.45310340780682   -4.81648432465444
   1.03841472093083   -2.45229957304413   -4.81550832839233
   1.03378811241540   -2.44137346629860   -4.80136612607914
   1.03276211837105   -2.43895049914857   -4.79844631289941
   1.02910587993337   -2.43031599909871   -4.78651948882814
   1.02686952382647   -2.42503466495005   -4.77908176767608
   1.02435921350324   -2.41910636596720   -4.77158741355573
   1.02110354002964   -2.41141783217779   -4.76135975477922
   1.01965361166382   -2.40799371015721   -4.75670782847913
   1.01536889236101   -2.39787500218332   -4.74352276334487
   1.01494429773018   -2.39687228793928   -4.74182496941589
   1.01022710075769   -2.38573224929341   -4.72693343457952
   1.00954318731412   -2.38411713289351   -4.72498719794552
   1.00548169099063   -2.37452558387243   -4.71202147043484
   1.00370544608899   -2.37033083920433   -4.70646897677902
   1.00080587426621   -2.36348326799825   -4.69716622328444
   0.99792289489919   -2.35667488120602   -4.68868989601181
   0.99574150010611   -2.35152334260408   -4.68229262429531
   0.99214573084506   -2.34303164536027   -4.67098876854622
   0.99102985497303   -2.34039641507186   -4.66740875246967
   0.98656102761831   -2.32984292118055   -4.65274110266922
   0.98622073857772   -2.32903930134338   -4.65176544320301
   0.98160691642578   -2.31814339061981   -4.63764236345923
   0.98051959693094   -2.31557559850436   -4.63392196503432
   0.97667258860402   -2.30649058007441   -4.62225460426301
   0.97476949656646   -2.30199627573039   -4.61608743979620
   0.97191475028726   -2.29525456363739   -4.60763060158803
   0.96884772914984   -2.28801154745686   -4.59773313711523
   0.96735592116654   -2.28448852336372   -4.59321443553505
   0.96307733373826   -2.27438429630288   -4.58001797854259
   0.96239713334418   -2.27277794856689   -4.57810934689561
   0.95766075541464   -2.26159261255397   -4.56320103743419
   0.95730541715576   -2.26075345278188   -4.56225430274225
   0.95219346047692   -2.24868115745686   -4.54830208025409
   0.95144343321907   -2.24690990798675   -4.54651808899635
   0.94574180886285   -2.23344506519070   -4.53404856871503
   0.94535786998354   -2.23253836276168   -4.53319260562900
   0.93992670711680   -2.21971223644551   -4.52212084856612
   0.93811452615695   -2.21543262589632   -4.51830614911025
   0.93419903631302   -2.20618588287643   -4.51072026500384
   0.93087137494353   -2.19832734390240   -4.50342025648867
   0.92842248115872   -2.19254408499643   -4.49860370372537
   0.92371532097000   -2.18142774901969   -4.48823810847193
   0.92256360471657   -2.17870787879866   -4.48567051926287
   0.91676954047971   -2.16502473181715   -4.47450598866552
   0.91638564457928   -2.16411813088620   -4.47365015354167
   0.91095375418628   -2.15129028645846   -4.46258070424297
   0.90914306404571   -2.14701419659846   -4.45876593800800
   0.90522709549806   -2.13776632308138   -4.45118169656379
   0.90196330311086   -2.13005861582693   -4.44388441378197
   0.89950332401486   -2.12424917807030   -4.43883123661634
   0.89474536450170   -2.11301287541830   -4.42870235795300
   0.89359377477480   -2.11029330399978   -4.42613514755765
   0.88801421124465   -2.09711671762541   -4.41457036256097
   0.88763723363847   -2.09622645480070   -4.41368607420534
   0.88200677376163   -2.08292967262524   -4.40288084530539
   0.88017460739314   -2.07860286493210   -4.39923459351406
   0.87616897753076   -2.06914324903559   -4.39099670906944
   0.87299312644502   -2.06164322221139   -4.38435599965524
   0.87044686146979   -2.05563001343677   -4.37865696589349
   0.86577837539313   -2.04460500947467   -4.36917539594481
   0.86462690909385   -2.04188572954038   -4.36660855785715
   0.85890481735949   -2.02837255139079   -4.35522884017092
   0.85852253691534   -2.02746976548929   -4.35436629116028
   0.85318689564818   -2.01486922108480   -4.34393692383354
   0.85128450578835   -2.01037657498974   -4.33948534909623
   0.84728410123701   -2.00092929908398   -4.33121287246503
   0.84405148328114   -1.99329521274716   -4.32460361988381
   0.84148177785142   -1.98722664746094   -4.31913758286616
   0.83681427742844   -1.97620397119900   -4.30965706680097
   0.83566293146346   -1.97348497544378   -4.30709059451618
   0.82988413950711   -1.95983789517651   -4.29595633008292
   0.82950724149313   -1.95894782031515   -4.29507228758495
   0.82407821160684   -1.94612673120323   -4.28384306718634
   0.82255959638544   -1.94254039966920   -4.28042565060894
   0.81832109634545   -1.93253084218809   -4.27170036911660
   0.81538025901127   -1.92558581917018   -4.26531900043147
   0.81251952354766   -1.91882996313827   -4.25962669573071
   0.80786965466785   -1.90784892517838   -4.25016194475710
   0.80673373792778   -1.90516636677416   -4.24753037812737
   0.80118737845734   -1.89206819444748   -4.23579241933361
   0.80080517639650   -1.89116559365444   -4.23493011179454
   0.79517217680597   -1.87786281374160   -4.22425564766587
   0.79365500692248   -1.87427989548887   -4.22069148776503
   0.78936086084657   -1.86413892543490   -4.21219623469402
   0.78646170120548   -1.85729232762892   -4.20582282297765
   0.78364076442174   -1.85063045936868   -4.19984856599672
   0.77931214580358   -1.84040807964385   -4.19071650762433
   0.77783021014820   -1.83690836984418   -4.18778314458163
   0.77228367068001   -1.82380977243840   -4.17607262419400
   0.77189723768283   -1.82289717995017   -4.17523093011776
   0.76612419126839   -1.80926366824049   -4.16409690403634
   0.76469749398381   -1.80589440827980   -4.16119418985231
   0.76044285868313   -1.79584674608760   -4.15264862528244
   0.75748841404393   -1.78886958832851   -4.14611618503904
   0.75463101726799   -1.78212161687509   -4.14059008396543
   0.75022311185366   -1.77171199502778   -4.13135222905778
   0.74872957097885   -1.76818487857247   -4.12788761253920
   0.74332879134116   -1.75543050468636   -4.11658093072608
   0.74294239545141   -1.75451799983027   -4.11573935131547
   0.73716837659513   -1.74088219162129   -4.10460763105071
   0.73603624789781   -1.73820857898358   -4.10193041871065
   0.73148713336805   -1.72746548049488   -4.09316098223784
   0.72858989239546   -1.72062341377831   -4.08660520694821
   0.72573000350702   -1.71386955700152   -4.08086773468741
   0.72139811476210   -1.70363945461033   -4.07173892713402
   0.71983429921528   -1.69994637888587   -4.06817338528619
   0.71416146821701   -1.68654953391190   -4.05749864899382
   0.71377510844376   -1.68563711434784   -4.05665718169257
   0.70821512085366   -1.67250675812456   -4.04512628260413
   0.70679027445625   -1.66914186918222   -4.04222369354255
   0.70244391538653   -1.65887759395948   -4.03300895616677
   0.69989097646270   -1.65284862412042   -4.02736263348906
   0.69663448231086   -1.64515815223360   -4.02096455544731
   0.69271631506206   -1.63590508630756   -4.01249446962573
   0.69088363629140   -1.63157706853564   -4.00869629789435
   0.68542666321549   -1.61868998934229   -3.99762132939367
   0.68504033846298   -1.61777765248253   -3.99677997286523
   0.67926434866231   -1.60413718973043   -3.98565270213793
   0.67784041687543   -1.60077446071414   -3.98275018375056
   0.67354609877986   -1.59063308442198   -3.97426026042580
   0.67025304099544   -1.58285626458692   -3.96769299968445
   0.66772499483726   -1.57688608100865   -3.96316259040632
   0.66225415165459   -1.56396624644677   -3.95302331950549
   0.66186291470482   -1.56304230903954   -3.95221149515185
   0.65612340328631   -1.54948799290997   -3.94276405622889
   0.65326937064165   -1.54274796612215   -3.93793718036167
   0.65032861532184   -1.53580313678775   -3.93255461940091
   0.64494772183072   -1.52309572563024   -3.92306944238412
   0.64455806050029   -1.52217550917435   -3.92224750352616
   0.63877907053478   -1.50852796129255   -3.91205379294436
   0.63661307813744   -1.50341279668236   -3.90821237318612
   0.63298259903173   -1.49483912935907   -3.90184729292798
   0.62832240083614   -1.48383369789224   -3.89322052242554
   0.62722687559816   -1.48124652725684   -3.89140382025679
   0.62144973066988   -1.46760333657832   -3.88132830169787
   0.61999395923648   -1.46416541568543   -3.87846300552346
   0.61574098134884   -1.45412166760694   -3.87154794498165
   0.61124880238520   -1.44351302701997   -3.86365757391363
   0.60980748720592   -1.44010924572958   -3.86100874346625
   0.60406883161958   -1.42655695071626   -3.85069179913991
   0.60297110999929   -1.42396459314804   -3.84874480312753
   0.59834514247118   -1.41304000014541   -3.84114330780360
   0.59468395127348   -1.40439380375587   -3.83386033867783
   0.59249692010152   -1.39922895439356   -3.83008333613201
   0.58668162768260   -1.38549567535908   -3.82007345372202
   0.58628357266703   -1.38455563654313   -3.81922317287816
   0.58088352222054   -1.37180298470046   -3.80987438134742
   0.57763736160526   -1.36413691628826   -3.80416119127377
   0.57507825105472   -1.35809337165820   -3.79969319407320
   0.56937055659889   -1.34461419383554   -3.79010888241505
   0.56898275443763   -1.34369836795662   -3.78927663253237
   0.56359281628679   -1.33096959711041   -3.77986141053341
   0.56065541019253   -1.32403267724053   -3.77441869838317
   0.55771468798327   -1.31708792609935   -3.76903863479920
   0.55263013663383   -1.30508035065570   -3.75977735865195
   0.55192266499509   -1.30340959969018   -3.75878000462355
   0.54617764186575   -1.28984226721383   -3.74945222792998
   0.54396808828578   -1.28462422938023   -3.74490635960790
   0.54037110890561   -1.27612967434316   -3.73834367570753
   0.53538234413511   -1.26434830658120   -3.72950758936084
   0.53466860374794   -1.26266275146394   -3.72853446137123
   0.52884777885566   -1.24891640705029   -3.71874600458003
   0.52701544438103   -1.24458920236105   -3.71497260066383
   0.52308626876033   -1.23531013928265   -3.70833152157410
   0.51864923673732   -1.22483173261496   -3.70016110092129
   0.51720234272991   -1.22141477647490   -3.69751948842438
   0.51149015136918   -1.20792497885099   -3.68793125175972
   0.51032669349561   -1.20517737985311   -3.68546500736913
   0.50571465986416   -1.19428569286397   -3.67769745121322
   0.50169667470677   -1.18479689894827   -3.67039301764608
   0.49984100369294   -1.18041458315169   -3.66687186039918
   0.49407945570401   -1.16680822589525   -3.65660012566867
   0.49337795133188   -1.16515156710800   -3.65553426663370
   0.48834226998551   -1.15325940209263   -3.64706895436283
   0.48501556705646   -1.14540312655250   -3.64088723906495
   0.48248030062071   -1.13941589171017   -3.63622625611638
   0.47699130060504   -1.12645317833223   -3.62624659782130
   0.47660430464616   -1.12553925636483   -3.62541643914879
   0.47099676819408   -1.11229660969380   -3.61640183737302
   0.46836698997478   -1.10608617770127   -3.61117481388807
   0.46512021911794   -1.09841866815473   -3.60558264991788
   0.45974282616846   -1.08571952380683   -3.59610350959735
   0.45935334943517   -1.08479974329186   -3.59528215081724
   0.45362252592094   -1.07126594434442   -3.58578218375019
   0.45103867691509   -1.06516397786981   -3.58126806682680
   0.44771674890083   -1.05731897867360   -3.57512905042058
   0.44279608746554   -1.04569844239495   -3.56606216710431
   0.44208247128635   -1.04401318060476   -3.56508941951763
   0.43618007046002   -1.03007418808609   -3.55546274017488
   0.43401633312996   -1.02496434899798   -3.55174723740482
   0.43043305588346   -1.01650215264756   -3.54594292579991
   0.42466611475303   -1.00288305905530   -3.53747100623412
   0.42394867111796   -1.00118875842135   -3.53651470004155
   0.41895647831349   -0.98939929508249   -3.52978172196296
   0.41349132493750   -0.97649289745502   -3.52132965673027
   0.41309236609966   -0.97555072419036   -3.52062033247749
   0.40729284984342   -0.96185470182821   -3.51343463260834
   0.40261232064078   -0.95080125705908   -3.50683316815304
   0.40150334392899   -0.94818231969041   -3.50508645057300
   0.39578663935650   -0.93468186375524   -3.49731700150430
   0.39214878810950   -0.92609078652956   -3.49191729490581
   0.38990695376631   -0.92079651508691   -3.48843748508066
   0.38414332640418   -0.90718524722403   -3.48095228855667
   0.38192452388746   -0.90194536728519   -3.47747370945075
   0.37833581886759   -0.89347035281300   -3.47265323257505
   0.37253407600724   -0.87976907214685   -3.46446987540132
   0.37142944019282   -0.87716038615514   -3.46262626536637
   0.36673349750094   -0.86607054119607   -3.45615802366385
   0.36105191137049   -0.85265302027590   -3.44814315981044
   0.36032873538454   -0.85094518223601   -3.44721471550095
   0.35523354270692   -0.83891247644319   -3.44006243180758
   0.35018417599020   -0.82698799232911   -3.43236648960948
   0.34945271714172   -0.82526059364565   -3.43148672337326
   0.34366885338667   -0.81160153591932   -3.42426762036678
   0.33968429486516   -0.80219168168274   -3.41783827884119
   0.33783864435055   -0.79783303009804   -3.41509385645505
   0.33207070664075   -0.78421158300377   -3.40762052318369
   0.32913568024823   -0.77728028299021   -3.40320282063813
   0.32626839804875   -0.77050896631698   -3.39931246701894
   0.32053149601992   -0.75696081247022   -3.39176998197245
   0.31831399278102   -0.75172400088005   -3.38817319134364
   0.31472190363133   -0.74324099451413   -3.38346935548744
   0.30895141123203   -0.72961351431588   -3.37508238063455
   0.30751868041273   -0.72623000567947   -3.37311252418392
   0.30312856071995   -0.71586238623877   -3.36682378708432
   0.29738685876714   -0.70230289698693   -3.35922028171669
   0.29699049803736   -0.70136685936263   -3.35845821587744
   0.29159635726103   -0.68862816367958   -3.35094935108484
   0.28655039142706   -0.67671171102264   -3.34325208178628
   0.28581899640703   -0.67498446307518   -3.34237252109272
   0.28003241066667   -0.66131897716244   -3.33515806150275
   0.27604733574725   -0.65190790341081   -3.32873036719293
   0.27420480874557   -0.64755662825218   -3.32598449280842
   0.26845693606564   -0.63398256633379   -3.31846486680058
   0.26552787427848   -0.62706535221375   -3.31391898441237
   0.26263554485441   -0.62023488451256   -3.31020645121259
   0.25687089456670   -0.60662120092898   -3.30272642967011
   0.25330515590587   -0.59820042335400   -3.29858999700567
   0.25105511369314   -0.59288676836972   -3.29674811923226
   0.24523639347601   -0.57914539431512   -3.29461102443584
   0.23942418963590   -0.56541940920699   -3.29424486886744
   0.23366612326044   -0.55182127405975   -3.29367704914662
   0.22785403624279   -0.53809556483724   -3.29331098980013
   0.22206889535558   -0.52443349106098   -3.29330811224330
   0.21628376529822   -0.51077144286028   -3.29330530871370
   0.21049864572230   -0.49710941941236   -3.29330257921141
   0.20475152049831   -0.48353712267105   -3.29320093532673
   0.19892844422328   -0.46978546143663   -3.29283338115690
   0.19314335310862   -0.45612350520224   -3.29283087444716
   0.18735827108157   -0.44246157042898   -3.29282844175597
   0.18157337210078   -0.42880006793411   -3.29236214782634
   0.17578813289673   -0.41513776197476   -3.29282379842958
   0.17000325552628   -0.40147631051446   -3.29235765230075
   0.16425586779777   -0.38790339384768   -3.29225659514096
   0.15843317105953   -0.37415262891983   -3.29188949689627
   0.15264832519551   -0.36049125186448   -3.29142357333428
   0.14686330130856   -0.34682945439371   -3.29142165909119
   0.14107809128660   -0.33316721735020   -3.29188375464916
   0.13533069892408   -0.31959428973983   -3.29131917919710
   0.12954584056991   -0.30593288318800   -3.29038963682604
   0.12367994210240   -0.29208009391467   -3.29013469515726
   0.11793826446071   -0.27852066207546   -3.29094924659961
   0.11215327225322   -0.26485893941828   -3.29094777688821
   0.10636828425533   -0.25119722670242   -3.29094638115950
   0.10058330011866   -0.23753552310513   -3.29094505941357
   0.09483563546607   -0.22396195245994   -3.29038103505869
   0.08901354832092   -0.21021262713502   -3.29001475265757
   0.08322857536794   -0.19655094994889   -3.29001365313342
   0.07744360488237   -0.18288927858978   -3.29001262757387
   0.07170682424224   -0.16934141141216   -3.28991464955871
   0.06581933015060   -0.15543762234195   -3.28966031121570
   0.06008870474631   -0.14190429124702   -3.29000999468365
   0.05430374064655   -0.12824263496849   -3.29000926498333
   0.04856678080266   -0.11469434458685   -3.28991156375405
   0.04344604705003   -0.10260132149874   -3.28933168802629
   0.03694907278249   -0.08725819615468   -3.28907963712607
   0.03116386957180   -0.07359597519652   -3.28954314333478
   0.02542696756334   -0.06004782139789   -3.28898180970434
   0.01959416537275   -0.04627319163453   -3.28861461658635
   0.01380919982305   -0.03261153193185   -3.28861440512039
   0.00802423255965   -0.01894986818214   -3.28861426759233
   0.00229849802176   -0.00542808726012   -3.28850536999415
  -0.00359925104971    0.00849991976672   -3.28779962534113
  -0.00933068299657    0.02203515557655   -3.28861429863631
  -0.01506790238737    0.03558405889902   -3.28805345698839
  -0.02090040333962    0.04935797726389   -3.28768680802017
  -0.02668538651583    0.06301967859298   -3.28768711404243
  -0.03247037384463    0.07668138972875   -3.28768749398463
  -0.03825536567441    0.09034311149393   -3.28768794784687
  -0.04397753912596    0.10385648262522   -3.28757834716903
  -0.04988267700362    0.11780193890994   -3.28685175078813
  -0.05544711371323    0.13094280208546   -3.28697453395109
  -0.06139518183826    0.14498964158941   -3.28610024353251
  -0.06718020092524    0.15865142772466   -3.28610214167165
  -0.07296522659989    0.17231322941723   -3.28610411321532
  -0.07875025921060    0.18597504748986   -3.28610615817473
  -0.08453529910575    0.19963688276525   -3.28610827656109
  -0.09032034663370    0.21329873606614   -3.28611046838554
  -0.09610508782007    0.22695986591684   -3.28584078777332
  -0.10183207482876    0.24048460464902   -3.28574668518821
  -0.10767527497876    0.25428379002670   -3.28518961252249
  -0.11346035483980    0.26794571968478   -3.28519209830004
  -0.11924544407574    0.28160767148241   -3.28519465755198
  -0.12503054303494    0.29526964624231   -3.28519729028927
  -0.13081565206578    0.30893164478719   -3.28519999652288
  -0.13660077151663    0.32259366793977   -3.28520277626375
  -0.14258818479493    0.33673342417594   -3.28594824111769
  -0.14859478674891    0.35091849600734   -3.28987960844957
  -0.15391892235431    0.36349186886963   -3.29576375435121
  -0.15464221135594    0.36519997380510   -3.29669237552393
  -0.16045681563293    0.37893162773726   -3.30443107686528
  -0.16534445931714    0.39047418995098   -3.31098555863915
  -0.16608122008487    0.39221410954159   -3.31183552513259
  -0.17208877297398    0.40640142708252   -3.32011595949904
  -0.17652818097748    0.41688544481850   -3.32637581074197
  -0.17767042529859    0.41958294631238   -3.32794020179853
  -0.18346006457601    0.43325564339757   -3.33567401889066
  -0.18707382557628    0.44178982957523   -3.34094140804348
  -0.18936158833905    0.44719256466102   -3.34405374929759
  -0.19503045323260    0.46058004336089   -3.35115724170875
  -0.19834381197040    0.46840480552408   -3.35550241930269
  -0.20163774026089    0.47618368112899   -3.36055878691361
  -0.20649132614905    0.48764581312822   -3.36752307922311
  -0.20877438405125    0.49303743730877   -3.37066008644246
  -0.21248922337171    0.50181032803909   -3.37531384341883
  -0.21818021186733    0.51525005339805   -3.38303886984041
  -0.22001144243569    0.51957465112419   -3.38572142631949
  -0.22416750644933    0.52938952932339   -3.39162981830406
  -0.22963942537942    0.54231190434902   -3.39910034936594
  -0.23078024473789    0.54500604067944   -3.40067282818471
  -0.23565676251216    0.55652232816530   -3.40721068747917
  -0.24132628550094    0.56991136100978   -3.41431375518107
  -0.24174619023903    0.57090299969631   -3.41494489866266
  -0.24718989428155    0.58375874300403   -3.42251089914905
  -0.25278808160294    0.59697931095377   -3.42975169649941
  -0.25320544699545    0.59796495277223   -3.43039591955651
  -0.25883057932224    0.61124915351135   -3.43817554360295
  -0.26406257741284    0.62360493624933   -3.44554443794549
  -0.26447579892138    0.62458079195374   -3.44624277875154
  -0.27026295615523    0.63824762749415   -3.45425583166407
  -0.27462362253965    0.64854569058703   -3.45993242720851
  -0.27605214621499    0.65191926371585   -3.46187739338405
  -0.28183794609815    0.66558289376386   -3.47004809103649
  -0.28548929822270    0.67420585439372   -3.47476351001306
  -0.28774860502640    0.67954138845195   -3.47806225853725
  -0.29330080082955    0.69265334374599   -3.48548646589154
  -0.29661180270947    0.70047254000044   -3.48984785265078
  -0.29931783931970    0.70686306229385   -3.49360350495626
  -0.30498845749496    0.72025468150898   -3.50101130788860
  -0.30752813994636    0.72625234512614   -3.50469315975598
  -0.31104594647476    0.73455992712950   -3.50936902922028
  -0.31644711702915    0.74731522419676   -3.51679212108887
  -0.31834069286213    0.75178705526110   -3.51908345232178
  -0.32246054507841    0.76151641639915   -3.52463534952674
  -0.32813941603845    0.77492752522683   -3.53260052784020
  -0.32926249756369    0.77757977224273   -3.53428673088212
  -0.33402536894822    0.78882767467257   -3.54169280329483
  -0.33872821772804    0.79993382891169   -3.54912564157544
  -0.33983325439739    0.80254346155444   -3.55090174675598
  -0.34560260165375    0.81616823740588   -3.56054541594625
  -0.34775680466879    0.82125556044507   -3.56432287572244
  -0.35146114298236    0.83000365220617   -3.57064588969662
  -0.35637769200004    0.84161447668110   -3.57917972667964
  -0.35719864128048    0.84355321419063   -3.58063325452876
  -0.36298545102873    0.85721922911596   -3.59090251409366
  -0.36477824222575    0.86145304918649   -3.59375598365681
  -0.36885159295583    0.87107259333863   -3.60098942314504
  -0.37319301754649    0.88132521539366   -3.60842305893931
  -0.37468516915612    0.88484905098790   -3.61103802689456
  -0.38033360815109    0.89818829229153   -3.62094030475458
  -0.38208570614174    0.90232601209441   -3.62393959690645
  -0.38612289062700    0.91186014676137   -3.63089092447460
  -0.39083265585619    0.92298263474991   -3.63849747706049
  -0.39191806624188    0.92554591835111   -3.64035599742089
  -0.39771841064348    0.93924389644488   -3.65037269352985
  -0.39951137640020    0.94347812875214   -3.65322636136808
  -0.40358412175953    0.95309624327275   -3.66046195318864
  -0.40793661348419    0.96337500125152   -3.66808428992295
  -0.40939635126553    0.96682228899292   -3.67082834933760
  -0.41506696136475    0.98021388913581   -3.68041443517983
  -0.41654717512778    0.98370953254873   -3.68307998062470
  -0.42077995470691    0.99370558070317   -3.69078411112976
  -0.42487632249646    1.00337948148564   -3.69773051230781
  -0.42666190452773    1.00759627653356   -3.70061341244549
  -0.43243463926879    1.02122905220156   -3.71015450516268
  -0.43391485923346    1.02472471026014   -3.71282043124526
  -0.43836627682126    1.03523708959180   -3.72079759946495
  -0.44253530707345    1.04508258860236   -3.72796625673218
  -0.44400875797407    1.04856226097377   -3.73065932534269
  -0.44980328584380    1.06224650286142   -3.74082543757085
  -0.45088070423741    1.06479091273292   -3.74271464871460
  -0.45564515339531    1.07604254120101   -3.75068776338249
  -0.45963424183775    1.08546309320884   -3.75737298429765
  -0.46151097226428    1.08989514249602   -3.76084461705742
  -0.46708205747328    1.10305170663562   -3.77049012418436
  -0.46820503339306    1.10570370425574   -3.77217934336348
  -0.47300759116003    1.11704532925786   -3.78071465865588
  -0.47658886359133    1.12550279107652   -3.78720269947022
  -0.47876011210136    1.13063036841803   -3.79092101278262
  -0.48445294475049    1.14407444889326   -3.80023537555098
  -0.48557591009120    1.14672642153007   -3.80192498238534
  -0.49051306340862    1.15838590470989   -3.81090552079020
  -0.49395917916888    1.16652418321962   -3.81695014548189
  -0.49613051805713    1.17165197399653   -3.82066872165493
  -0.50181434340384    1.18507478300535   -3.83024971945656
  -0.50262614946190    1.18699192806256   -3.83174905732844
  -0.50779863027339    1.19920715597672   -3.84078610668386
  -0.51105573310323    1.20689906530543   -3.84636439871191
  -0.51363361739499    1.21298694562975   -3.85084206889792
  -0.51918759990597    1.22610312037749   -3.85999372282389
  -0.51999791517542    1.22801674481795   -3.86149943856039
  -0.52517013517371    1.24023135680084   -3.87053788762561
  -0.52873034547278    1.24863907870653   -3.87660370141977
  -0.53096930137005    1.25392655246849   -3.88102249773728
  -0.53657033468906    1.26715384146965   -3.89041272128135
  -0.53698449097422    1.26813190472396   -3.89110523811285
  -0.54252277693285    1.28121101080555   -3.90059303577110
  -0.54564860314801    1.28859289988928   -3.90631951991930
  -0.54826053393167    1.29476118373243   -3.91064818071647
  -0.55391471970571    1.30811399651532   -3.92085614963553
  -0.55429700441145    1.30901679248092   -3.92171836650030
  -0.55978380216913    1.32197430505015   -3.93277895672856
  -0.56130218207836    1.32556008087561   -3.93627615253347
  -0.56577382025078    1.33612021273817   -3.94509303260472
  -0.56865316307535    1.34292001154398   -3.95085726615177
  -0.57145159577392    1.34952873460383   -3.95665706905504
  -0.57611351424884    1.36053822864814   -3.96609561692888
  -0.57727027728866    1.36327001725964   -3.96865879183802
  -0.58296047384226    1.37670787238407   -3.98011117528630
  -0.58334144480347    1.37760756583668   -3.98097929783233
  -0.58884612162719    1.39060730125303   -3.99196144015336
  -0.59064770965355    1.39486189574096   -3.99570750470458
  -0.59468945195967    1.40440679406709   -4.00397276541130
  -0.59786525454405    1.41190670635143   -4.01070347617849
  -0.60041131658824    1.41791943588816   -4.01616959586382
  -0.60507698128917    1.42893777694539   -4.02542045876421
  -0.60614473366432    1.43145935973974   -4.02734473562144
  -0.61202246574714    1.44534009504387   -4.03933364690148
  -0.61268034822153    1.44689373722415   -4.04047514950625
  -0.61772644854026    1.45881050747763   -4.05066313014590
  -0.61994972714586    1.46406095805905   -4.05513915648728
  -0.62354236037429    1.47254524931052   -4.06272146080980
  -0.62721248773096    1.48121254915552   -4.07020164589692
  -0.62934579050202    1.48625051459379   -4.07479717036361
  -0.63443176626313    1.49826145389973   -4.08490084911201
  -0.63510670378651    1.49985537294484   -4.08599850744937
  -0.64091603594237    1.51357457634050   -4.09786612940699
  -0.64199416529865    1.51612066520731   -4.09975628660462
  -0.64685089080583    1.52759021166843   -4.10995521010496
  -0.64899584600173    1.53265569524169   -4.11468679932885
  -0.65260152599331    1.54117079746979   -4.12187956256513
  -0.65655662475401    1.55051108012055   -4.12971184599139
  -0.65833351615266    1.55470735154318   -4.13353037192100
  -0.66339781213387    1.56666709231163   -4.14443022190009
  -0.66407611961722    1.56826896978725   -4.14551672218423
  -0.66979732803898    1.58178006192335   -4.15678719246372
  -0.67096335060473    1.58453371764732   -4.15928163764219
  -0.67570619672189    1.59573432880364   -4.16888338456271
  -0.67823531578576    1.60170704613467   -4.17448131009807
  -0.68153814544766    1.60950694304141   -4.18075894218120
  -0.68580997934199    1.61959522109066   -4.18946706634837
  -0.68721358754624    1.62290995433800   -4.19238895617814
  -0.69275221811599    1.63598987424639   -4.20393653860238
  -0.69314503540044    1.63691754374059   -4.20476483981431
  -0.69884256724340    1.65037272173861   -4.21620602740079
  -0.70029118106643    1.65379373936106   -4.21899678117237
  -0.70469413415775    1.66419166590076   -4.22822648488495
  -0.70755602095503    1.67095024089937   -4.23392129790087
  -0.71050935187395    1.67792476851877   -4.24029623192704
  -0.71507431682232    1.68870529904112   -4.24904439600334
  -0.71621968867246    1.69141018644540   -4.25164205622554
  -0.72192932046687    1.70489393944836   -4.26307110368202
  -0.72231181597825    1.70579723324838   -4.26393399236889
  -0.72779886633380    1.71875534234771   -4.27500454807024
  -0.72960432930940    1.72301908783878   -4.27874333133381
  -0.73365309198764    1.73258056533622   -4.28685477811133
  -0.73692104001635    1.74029808647109   -4.29344393599489
  -0.73948272830144    1.74634771862786   -4.29907740362097
  -0.74405203173036    1.75713849481967   -4.30842185224399
  -0.74513003874751    1.75968429477282   -4.31031414174272
  -0.75091692814706    1.77335049780107   -4.32158084952198
  -0.75168768551605    1.77517070308976   -4.32328048751783
  -0.75686495515557    1.78739724020507   -4.33427055839636
  -0.75896041781756    1.79234584319359   -4.33823758553060
  -0.76263795667196    1.80103064588438   -4.34620263951426
  -0.76628005499667    1.80963175292440   -4.35298246895682
  -0.76841818564178    1.81468111977413   -4.35757956423870
  -0.77349371671864    1.82666739312124   -4.36788863559523
  -0.77416143882718    1.82824427238604   -4.36899652356852
  -0.77996399918066    1.84194748362772   -4.38103971770763
  -0.78101525221421    1.84443010190477   -4.38301436025747
  -0.78577593483531    1.85567283539438   -4.39298213577347
  -0.78799321411017    1.86090911807553   -4.39748651934154
  -0.79166375118991    1.86957738551440   -4.40496778649415
  -0.79523895042760    1.87802050499972   -4.41237645637769
  -0.79751045604323    1.88338484752983   -4.41700439392988
  -0.80247556762958    1.89511035640205   -4.42744766889602
  -0.80323263615499    1.89689823438973   -4.42920760973898
  -0.80885780502712    1.91018252143361   -4.43995372239745
  -0.80999804214786    1.91287528276297   -4.44257556794577
  -0.81475974972621    1.92412043677125   -4.45254452685056
  -0.81727392897220    1.93005787252522   -4.45727304958123
  -0.82064728541168    1.93802432406864   -4.46453243403248
  -0.82452963219607    1.94719279709764   -4.47233526767971
  -0.82638466158111    1.95157359763639   -4.47670303623608
  -0.83144221886956    1.96351742444193   -4.48721417503895
  -0.83209449663116    1.96505783064385   -4.48835058449700
  -0.83726434609142    1.97726684441122   -4.50231860060873
  -0.83796912316145    1.97893123193683   -4.50422597942285
  -0.84231073574676    1.98918429795628   -4.51746015745722
  -0.84373746041646    1.99255362258915   -4.52205777581325
  -0.84699948910556    2.00025716472919   -4.53209659915662
  -0.84957953293877    2.00635014498371   -4.53969103291523
  -0.85179898865961    2.01159156751644   -4.54704450918595
  -0.85536023222848    2.02000172957153   -4.55840373358921
  -0.85669396159845    2.02315143835225   -4.56234918184585
  -0.86106301116499    2.03346929900144   -4.57625281994641
  -0.86139917318385    2.03426317254609   -4.57723528875449
  -0.86585956078388    2.04479673528042   -4.59189835999836
  -0.86686039849444    2.04716029373238   -4.59474519006312
  -0.87065307126672    2.05611699439608   -4.60655130167410
  -0.87279967171773    2.06118636337111   -4.61318944780129
  -0.87534564517616    2.06719888370546   -4.62154922017633
  -0.87863421482051    2.07496510443809   -4.63169821096258
  -0.88009130017163    2.07840612825299   -4.63633755596724
  -0.88438260249113    2.08854038254829   -4.64950690212164
  -0.88481177795619    2.08955391479945   -4.65123213124561
  -0.88951485998092    2.10066061986511   -4.66612037976859
  -0.89020035230673    2.10227946492194   -4.66806491209135
  -0.89420691059761    2.11174127337675   -4.68100672521894
  -0.89594331409857    2.11584192938460   -4.68585522395740
  -0.89898124155786    2.12301623851292   -4.69592437059044
  -0.90173666168353    2.12952338393520   -4.70458070412446
  -0.90382509981680    2.13445539793628   -4.71126384800662
  -0.90749990479686    2.14313374436376   -4.72322206383643
  -0.90826955242860    2.14495132891899   -4.72592384566600
  -0.91300656915546    2.15613817350299   -4.74082873645334
  -0.91334009541883    2.15692582249985   -4.74181546470230
  -0.91776757844578    2.16738167844815   -4.75547523675630
  -0.91925797304701    2.17090136472627   -4.76021140946576
  -0.92242075455127    2.17837052668651   -4.77037015503445
  -0.92499420137414    2.18444792757247   -4.77796663452667
  -0.92721453883947    2.18969143241547   -4.78532366560645
  -0.93077507218816    2.19809991722873   -4.79668715485876
  -0.93186315343779    2.20066950828913   -4.80041100723654
  -0.93648087430774    2.21157462614771   -4.81454551392588
  -0.93681716197893    2.21236879643038   -4.81552846907121
  -0.94127969147973    2.22290741743501   -4.83019891617291
  -0.94228578777307    2.22528339445159   -4.83304910498924
  -0.94607735149042    2.23423747599320   -4.84486029218834
  -0.94820591387028    2.23926424661781   -4.85159552301150
  -0.95069772776033    2.24514886479155   -4.86006386075275
  -0.95395169658258    2.25283337291017   -4.87024616750332
  -0.95540936190584    2.25627576637574   -4.87488781204786
  -0.95970889023576    2.26642944705382   -4.88805809548727
  -0.96038607396241    2.26802867068795   -4.89001743871397
  -0.96487680571047    2.27863389355935   -4.90470365356638
  -0.96551164587237    2.28013311947229   -4.90659431126619
  -0.96964150923798    2.28988612274168   -4.91935307241196
  -0.97145723011390    2.29417409308630   -4.92504380501263
  -0.97433457055493    2.30096916310296   -4.93452350801317
  -0.97725480164491    2.30786552282396   -4.94348528089672
  -0.97912667593371    2.31228610395277   -4.94893463882506
  -0.98302250832716    2.32148642432820   -4.96153821680333
  -0.98399507256773    2.32378321271518   -4.96453577812167
  -0.98841600875114    2.33422360776785   -4.97919131047362
  -0.98875892615154    2.33503343468732   -4.98016422858948
  -0.99316023002497    2.34542746646681   -4.99410531106512
  -0.99459502303732    2.34881584513738   -4.99871124790514
  -0.99787212908969    2.35655499367896   -5.00876231512665
  -1.00043894366142    2.36261673197239   -5.01636100920856
  -1.00266021387747    2.36786243958097   -5.02372176201784
  -1.00627652049811    2.37640263744510   -5.03490906883492
  -1.00764539935665    2.37963535455965   -5.03880616028272
  -1.01192905626794    2.38975155361085   -5.05295780961448
  -1.01226547699371    2.39054603811260   -5.05394127403692
  -1.01673025488393    2.40108996886899   -5.06861943200369
  -1.01774168778918    2.40347854872221   -5.07147307382516
  -1.02153219757814    2.41243014132749   -5.08328959726014
  -1.02369472575709    2.41753712490837   -5.08982715863792
  -1.02633493267933    2.42377218511856   -5.09824479182615
  -1.02946939063908    2.43117445875884   -5.10862836568249
  -1.03089181543896    2.43453362890457   -5.11334220434374
  -1.03516745833467    2.44463090221578   -5.12650877585294
  -1.03584491354402    2.44623076697806   -5.12846915096684
  -1.04055821269109    2.45736160059686   -5.14337545450068
  -1.04089886097890    2.45816606882514   -5.14435264788720
  -1.04510721472457    2.46810443341657   -5.15782145130843
  -1.04692005631896    2.47238560410714   -5.16351341836606
  -1.04976329143469    2.47910013166519   -5.17272860073438
  -1.05272176856370    2.48608681247210   -5.18217897455796
  -1.05447816249726    2.49023467748841   -5.18788126582383
  -1.05840656142236    2.49951190633789   -5.20007808854885
  -1.05942860856151    2.50192555255503   -5.20301005373735
  -1.06388814994722    2.51245711688640   -5.21769044766396
  -1.06423120668159    2.51326727285422   -5.21866388957756
  -1.06863151391576    2.52365895099024   -5.23261069615361
  -1.07007044469916    2.52705710133870   -5.23722100475002
  -1.07335529970147    2.53481454964648   -5.24727861135370
  -1.07591546251485    2.54086057927957   -5.25487960997126
  -1.07813771651850    2.54610861018139   -5.26224425047275
  -1.08169700215863    2.55451414843088   -5.27361698720371
  -1.08303231673605    2.55766760080603   -5.27756853358252
  -1.08740926334500    2.56800411095367   -5.29149514284244
  -1.08774582453645    2.56879892717637   -5.29247913935647
  -1.09221295642244    2.57934841708242   -5.30716534473530
  -1.09322979242784    2.58174975678960   -5.31002258245962
  -1.09697290260784    2.59058941142013   -5.32210316544993
  -1.09905741590933    2.59551215661643   -5.32869158722491
  -1.10162074646657    2.60156566713048   -5.33703508849100
  -1.10489872786940    2.60930688288233   -5.34725644870277
  -1.10661075731086    2.61334997759554   -5.35213130561477
  -1.11056994171252    2.62269990881482   -5.36433208265509
  -1.11133632480092    2.62450978388939   -5.36704762933509
  -1.11580054326166    2.63505239350825   -5.38173479576964
  -1.11647479616332    2.63664469576431   -5.38364553309377
  -1.12054990605646    2.64626839432098   -5.39666461074420
  -1.12232808817479    2.65046771388154   -5.40222327023981
  -1.12528651018100    2.65745426451154   -5.41159291433891
  -1.12806441702686    2.66401451412543   -5.42011388499163
  -1.12995532467979    2.66848004406880   -5.42648317676178
  -1.13387477717664    2.67773614521109   -5.43873227574274
  -1.13466100089443    2.67959287552183   -5.44139781787667
  -1.13939350823536    2.69076907082959   -5.45631840234393
  -1.13973671175374    2.69157957343962   -5.45729239075974
  -1.14413610196414    2.70196908595051   -5.47124517017372
  -1.14548944317144    2.70516510965661   -5.47511881484251
  -1.14885628381869    2.71311617363456   -5.48616423390781
  -1.15135363517976    2.71901386898984   -5.49362938290584
  -1.15362942158626    2.72438832095060   -5.50087437819479
  -1.15713626504433    2.73267001278492   -5.51244874591671
  -1.15819501370977    2.73517033259729   -5.51623254773472
  -1.16281405760589    2.74607857488818   -5.53038276128237
  -1.16314804346877    2.74686730926610   -5.53137124073200
  -1.16769998087997    2.75761707421551   -5.54583552235234
  -1.16874671269626    2.76008901527570   -5.54876080771995
  -1.17244354242216    2.76881937490536   -5.56076151907102
  -1.17460514776930    2.77392417914497   -5.56728686101824
  -1.17720563205490    2.78006543116571   -5.57546662514865
  -1.18047768582319    2.78779264833358   -5.58589351717894
  -1.18190142011513    2.79115491094974   -5.59061249630284
  -1.18618528072798    2.80127159105848   -5.60476530280182
  -1.18651402193303    2.80204793975668   -5.60576097356387
  -1.19122271419533    2.81316789384794   -5.62068095525747
  -1.19190642667900    2.81478253566493   -5.62259295693620
  -1.19604098250661    2.82454662055935   -5.63537625861923
  -1.19786147595146    2.82884586170795   -5.64095510602598
  -1.20081348161490    2.83581725963032   -5.65032444861089
  -1.20368848355068    2.84260680707945   -5.65960244326153
  -1.20549090964908    2.84686338074164   -5.66522816121672
  -1.20936804593853    2.85601954876931   -5.67763022098081
  -1.21036299472706    2.85836920006000   -5.68060669335423
  -1.21493378949907    2.86916349817803   -5.69508058032849
  -1.21527714727300    2.86997436507489   -5.69605513784005
  -1.21964564098430    2.88029091302737   -5.71000613494645
  -1.22112307605784    2.88377999434240   -5.71463375402677
  -1.22439813571776    2.89151431016424   -5.72494175424292
  -1.22690156416403    2.89742635704318   -5.73241396409800
  -1.22943733129547    2.90341477431849   -5.73989432342318
  -1.23275333527834    2.91124578343991   -5.75106685649767
  -1.23384342204716    2.91382011069459   -5.75479868872388
  -1.23845366277600    2.92470756360053   -5.76897971687689
  -1.23879898409080    2.92552306755648   -5.76995114458788
  -1.24328160986288    2.93610914751606   -5.78465496024875
  -1.24430100201243    2.93851652376250   -5.78757644038984
  -1.24799887546761    2.94724934824246   -5.79958369189539
  -1.25016388164608    2.95236218381779   -5.80611405385845
  -1.25276513811276    2.95850525940601   -5.81428443956765
  -1.25603474150727    2.96622668981987   -5.82472896777583
  -1.25745917997300    2.96959061539886   -5.82945067425729
  -1.26163852074403    2.97946046352582   -5.84286017531158
  -1.26206376401620    2.98046470958838   -5.84460497574543
  -1.26714541352066    2.99246543209255   -5.85953914172986
  -1.26757433657101    2.99347836824613   -5.86130561582960
  -1.27150695807446    3.00276556905278   -5.87447072807329
  -1.27333074778625    3.00707259459990   -5.88003921653252
  -1.27629623764905    3.01407583653957   -5.88918072766487
  -1.27925960456916    3.02107406497998   -5.89848300803259
  -1.28106291397956    3.02533272465425   -5.90411206715347
  -1.28493854872714    3.03448534667047   -5.91651906364473
  -1.28593397475894    3.03683612500940   -5.91949731342584
  -1.29040451694015    3.04739366860086   -5.93420944824385
  -1.29074512698664    3.04819804651919   -5.93517119205480
  -1.29522650870330    3.05878118854223   -5.94891759978656
  -1.29670370054411    3.06226969544365   -5.95354753921496
  -1.29997683319016    3.06999946046783   -5.96385942067951
  -1.30240452333241    3.07573264527283   -5.97155144614475
  -1.30458574535278    3.08088377585817   -5.97901919929500
  -1.30819167599710    3.08939947002279   -5.99026842325611
  -1.30930447278874    3.09202742881616   -5.99395722590650
  -1.31394827552967    3.10299414110302   -6.00812995608389
  -1.31428257859244    3.10378362457390   -6.00911961395232
  -1.31876144276680    3.11436082121904   -6.02383401498602
  -1.31978796532857    3.11678503650529   -6.02675158862869
  -1.32348697941843    3.12552055468546   -6.03877343201466
  -1.32566138270959    3.13065558229539   -6.04529771079389
  -1.32828933711265    3.13686170719973   -6.05351739512358
  -1.33151333576908    3.14447543837024   -6.06392945290394
  -1.33293851114169    3.14784110421387   -6.06865399155936
  -1.33730988663402    3.15816445772319   -6.08262489417474
  -1.33765542488898    3.15898047400073   -6.08359711078912
  -1.34166952869258    3.16846010178847   -6.09853296350044
  -1.34282495180880    3.17118872606303   -6.10445886179787
  -1.34411961757511    3.17424618301348   -6.11375333573305
  -1.34503928753968    3.17641805732920   -6.12871407876351
  -1.34559147675116    3.17772209639976   -6.14357363129467
  -1.34596400224022    3.17860184519315   -6.15842800414452
  -1.34615824483874    3.17906056465447   -6.17328156148926
  -1.34652887121591    3.17993582854295   -6.18825349361812
  -1.34672450487776    3.18039783311180   -6.20311355463009
  -1.34709666662235    3.18127672289347   -6.21809761592141
  -1.34729090602011    3.18173543479593   -6.23295006480645
  -1.34766393759413    3.18261637874950   -6.24796513077965
  -1.34767609921461    3.18264509939079   -6.26278575135625
  -1.34716179508256    3.18143052897108   -6.27745428858321
  -1.34490913179842    3.17611068411666   -6.29124308981046
  -1.34247469523553    3.17036156709872   -6.29940633657133
  -1.34006575658653    3.16467266544761   -6.30583856124322
  -1.33681693661219    3.15700031674591   -6.31404635163311
  -1.33422851542476    3.15088755269812   -6.32059850836031
  -1.33097283376004    3.14319899956474   -6.32897222043674
  -1.32847660972681    3.13730396648449   -6.33533365282513
  -1.32518405872679    3.12952834346140   -6.34292683551786
  -1.32231743498842    3.12275858179684   -6.35022405119665
  -1.31935858196507    3.11577101328533   -6.35771778589792
  -1.31616015148239    3.10821766340595   -6.36511409682198
  -1.31356995287132    3.10210070182982   -6.37167341558555
  -1.31031437077969    3.09441238384627   -6.38004806712625
  -1.30781874863465    3.08851877217320   -6.38572516511603
  -1.30420137291841    3.07997604955413   -6.39503038822551
  -1.30208868420123    3.07498676585591   -6.40042923881416
  -1.29806163362594    3.06547656322940   -6.40978253547848
  -1.29623810173454    3.06117014654580   -6.41439376260249
  -1.29222606025615    3.05169538910431   -6.42471135651123
  -1.29043067568218    3.04745544456632   -6.42933064338151
  -1.28607577612071    3.03717100028794   -6.43959932766723
  -1.28462886754289    3.03375400973869   -6.44332183127765
  -1.28000519261439    3.02283483089375   -6.45454936452899
  -1.27891069099253    3.02025007760986   -6.45731542442181
  -1.27417868875727    3.00907507514959   -6.46934356106006
  -1.27308589707435    3.00649436002352   -6.47211456393502
  -1.26798764023839    2.99445441797522   -6.48426754298142
  -1.26726419014587    2.99274593261072   -6.48612894587315
  -1.26187394804146    2.98001644395381   -6.49925069173700
  -1.26151221659080    2.97916218614706   -6.50018140037635
  -1.25608940099418    2.96635577257813   -6.51389039417637
  -1.25572366136474    2.96549204913601   -6.51480937609958
  -1.24993438102953    2.95182019972162   -6.52796740668142
  -1.24957032008312    2.95096044062396   -6.52889176281096
  -1.24433958047985    2.93860762990466   -6.53809512500226
  -1.24141580793877    2.93170290676307   -6.54354122462881
  -1.23852256972188    2.92487029287482   -6.54820249230357
  -1.23280822265984    2.91137540438953   -6.55637550664310
  -1.23170836583895    2.90877800437398   -6.55816428697398
  -1.22701469357221    2.89769352120581   -6.56474065973688
  -1.22119602126242    2.88395226028822   -6.57232820550442
  -1.22081999632115    2.88306424725804   -6.57319374721870
  -1.21545791877905    2.87040127147189   -6.58069847727508
  -1.21035767181881    2.85835662958565   -6.58797547616844
  -1.20963338099037    2.85664615875589   -6.58890461712003
  -1.20383559438675    2.84295422110699   -6.59649227566171
  -1.19944474839841    2.83258488646117   -6.60303293929768
  -1.19797717486894    2.82911909397267   -6.60573898727344
  -1.19234055644621    2.81580776789760   -6.61231809061021
  -1.18893419860389    2.80776338089692   -6.61775141449018
  -1.18639966810575    2.80177788403024   -6.62147007499470
  -1.18066479913239    2.78823453140689   -6.62887077610902
  -1.17805900459648    2.78208073880452   -6.63261878132325
  -1.17480765651589    2.77440241977733   -6.63729956007576
  -1.16905254204606    2.76081125579177   -6.64482540149963
  -1.16758119089706    2.75733654215207   -6.64750870657649
  -1.16331490771176    2.74726137254699   -6.65319706248366
  -1.15746599181732    2.73344868898077   -6.66155984430761
  -1.15674594013066    2.73174822922403   -6.66250838157514
  -1.15176980303533    2.71999668272885   -6.66901281462324
  -1.14654307174521    2.70765333796223   -6.67734173817562
  -1.14582694149450    2.70596213899071   -6.67830445975124
  -1.14014122222789    2.69253485733828   -6.68573464559587
  -1.13576601285671    2.68220244981684   -6.69208711344235
  -1.13431752121447    2.67878172073411   -6.69394600174423
  -1.12849055426217    2.66502087135357   -6.70153450130011
  -1.12488261951211    2.65650044433266   -6.70701338874108
  -1.12268828496424    2.65131834746288   -6.71062660493862
  -1.11697119647744    2.63781698488332   -6.71797261753300
  -1.11364205483514    2.62995495012643   -6.72181381100948
  -1.11112809071791    2.62401802241629   -6.72470312054543
  -1.10557435759956    2.61090243662921   -6.73011266768763
  -1.09977711688921    2.59721178815103   -6.73381784466711
  -1.09674863191100    2.59005977819843   -6.73654026082936
  -1.09385090490137    2.58321656366642   -6.73932583464267
  -1.08814604091545    2.56974407022526   -6.74324169799948
  -1.08238828243778    2.55614666220332   -6.74773291922819
  -1.07690284533936    2.54319236293997   -6.75152184729943
  -1.07652612170611    2.54230269989267   -6.75232930875963
  -1.07073903362924    2.52863602767200   -6.75627083449760
  -1.06502234420372    2.51513560750765   -6.76003342049575
  -1.05915846096219    2.50128757735193   -6.76456517823011
  -1.05698200849441    2.49614771044721   -6.76639651938124
  -1.05340593141202    2.48770251786128   -6.76906176792966
  -1.04754894381305    2.47387077231805   -6.77366135987708
  -1.04176949124800    2.46022213197037   -6.77755003045968
  -1.03812790960655    2.45162224511927   -6.78110296368233
  -1.03595194265239    2.44648352479387   -6.78293811095639
  -1.03019802674785    2.43289519131629   -6.78760211406913
  -1.02442432868719    2.41926014069185   -6.79089352834061
  -1.01862837131395    2.40557252291710   -6.79553269200027
  -1.01788478952697    2.40381649494294   -6.79630294227823
  -1.01241489546661    2.39089890180944   -6.80464559001075
  -1.00887815830589    2.38254661360091   -6.81102930744345
      
      
