# shadow point cont 3D ind 267  size 1197
# norm -0.5022655 -0.8647134  0.0000000
# angle  2.0970131
   3.11911786593910   -1.81172782156658   -6.84322052080921
   3.13198726942485   -1.81920296593246   -6.84037217289839
   3.14476017356860   -1.82662205902033   -6.83716766212108
   3.15761656437013   -1.83408964501777   -6.83344492329439
   3.16728526212912   -1.83970567156155   -6.82985522101020
   3.17057454400500   -1.84161623850504   -6.82826488200147
   3.18335070743345   -1.84903722473610   -6.82420826754947
   3.19621614645984   -1.85651006636075   -6.82051085030717
   3.20917363708579   -1.86403637580904   -6.81632014331162
   3.21310684165365   -1.86632096281401   -6.81502652581082
   3.22194248637563   -1.87145311365034   -6.81125010546092
   3.23480835747564   -1.87892620624331   -6.80755309068449
   3.24766631018444   -1.88639469946869   -6.80383143599015
   3.25733875244263   -1.89201290099068   -6.80024276423439
   3.26062615850386   -1.89392237837431   -6.79865257444285
   3.27341904411641   -1.90135307762280   -6.79466763864019
   3.28635933835738   -1.90886939861587   -6.79125952340805
   3.29915344323701   -1.91630080607103   -6.78636874570737
   3.30236347373692   -1.91816534015237   -6.78541560363584
   3.31208810923752   -1.92381385792191   -6.78200080821034
   3.32495535443157   -1.93128774865222   -6.77745177235618
   3.33771303978910   -1.93869800196564   -6.77419587078895
   3.34662297858738   -1.94387330623534   -6.77073540541806
   3.35068487037453   -1.94623264072518   -6.76904683439859
   3.36355188821768   -1.95370639939958   -6.76449806588832
   3.37641940651244   -1.96118044875940   -6.76080250784942
   3.38928328093738   -1.96865238159121   -6.75700117965506
   3.39093355752853   -1.96961093851082   -6.75616742345271
   3.40205802343100   -1.97607254247765   -6.75203889930772
   3.41500800766935   -1.98359449186907   -6.74769411841263
   3.42783213672227   -1.99104333875179   -6.74197609376422
   3.42941472359326   -1.99196257835332   -6.74099740581895
   3.44056735508015   -1.99844054219339   -6.73424196720832
   3.45329866779428   -2.00583547705659   -6.72750728137139
   3.45577559088102   -2.00727418846828   -6.72579387629014
   3.46639892140449   -2.01344470984461   -6.71874855962342
   3.47895059203424   -2.02073530028218   -6.71154039749478
   3.47983372105947   -2.02124826243808   -6.71079674400314
   3.49198660460913   -2.02830721890767   -6.70357993795889
   3.50466994564409   -2.03567428960236   -6.69668815103393
   3.50555308121293   -2.03618725555910   -6.69594452876268
   3.51768859517845   -2.04323612297141   -6.68870327715377
   3.52966291188533   -2.05019135956538   -6.68108826265418
   3.53054605358498   -2.05070432908318   -6.68034467239911
   3.54342566632038   -2.05818540345312   -6.67294776174528
   3.55394895936829   -2.06429781843994   -6.66664470349356
   3.55640314183937   -2.06572332105099   -6.66487425716890
   3.56914671890338   -2.07312537961545   -6.65716967889601
   3.57878782538529   -2.07872537987023   -6.65164045885434
   3.58198470017333   -2.08058227250606   -6.64971062624509
   3.59500404926679   -2.08814451221136   -6.64172680824177
   3.60304199632177   -2.09281332337327   -6.63708633876619
   3.60784392580032   -2.09560250595866   -6.63424158485815
   3.62056439301085   -2.10299114125209   -6.62650359596128
   3.62780088513640   -2.10719443034789   -6.62190936461020
   3.63342284703016   -2.11045992566179   -6.61814636254152
   3.64631660861429   -2.11794921833704   -6.61077664282386
   3.65276326732723   -2.12169373568084   -6.60713153859129
   3.65930395655630   -2.12549287029448   -6.60273916495650
   3.67213248761202   -2.13294427406389   -6.59522108984397
   3.67688229448812   -2.13570318143269   -6.59229031593850
   3.68502432988564   -2.14043245191489   -6.58695868656642
   3.69764426478184   -2.14776269339357   -6.57999503989766
   3.70164735396951   -2.15008787261578   -6.57715695378291
   3.71062766453868   -2.15530405206258   -6.57000467953237
   3.71928417568886   -2.16033215384089   -6.56231997232226
   3.72322633432690   -2.16262194178368   -6.55853383977084
   3.73379536475846   -2.16876092315689   -6.54749673168346
   3.73623652025658   -2.17017885909994   -6.54479926255780
   3.74727606559950   -2.17659113728077   -6.53247430895068
   3.74891424458822   -2.17754266735374   -6.53062701083462
   3.76094276917991   -2.18452939039269   -6.51758796630713
   3.76175899486066   -2.18500349199386   -6.51667434894334
   3.77443520350940   -2.19236641986898   -6.50340487006968
   3.77526300458272   -2.19284724499317   -6.50250770927865
   3.78744219467964   -2.19992148152129   -6.48968796031474
   3.78969179056721   -2.20122815078869   -6.48763025848421
   3.80027382524726   -2.20737468563047   -6.47574111204594
   3.80334597937545   -2.20915913474250   -6.47275179575877
   3.81312151266120   -2.21483721629813   -6.46179059464718
   3.81638149701165   -2.21673076588473   -6.45810449796415
   3.82605731320396   -2.22235092714359   -6.44789011105840
   3.83084588525626   -2.22513235111845   -6.44323389345946
   3.83901920867356   -2.22987979512865   -6.43412395444226
   3.84443953139148   -2.23302816908949   -6.42831207606188
   3.85172582144244   -2.23726038312202   -6.41997355119628
   3.85809042780639   -2.24095724066909   -6.41343251865514
   3.86451328633775   -2.24468793376739   -6.40599167586354
   3.87163139136729   -2.24882245816600   -6.39837469912464
   3.87740718428845   -2.25217730565065   -6.39206714386214
   3.88539258034870   -2.25681559276591   -6.38367446205501
   3.89005191525593   -2.25952194983360   -6.37879024020494
   3.89904383989622   -2.26474487526971   -6.36879595884776
   3.90309453376252   -2.26709770548955   -6.36416540578342
   3.91201633228980   -2.27227989843801   -6.35408030049512
   3.91581595715280   -2.27448689617637   -6.34923505598306
   3.92199333076608   -2.27807500028798   -6.33912280207569
   3.92561974186595   -2.28018138746681   -6.32430244169802
   3.92573702987507   -2.28024951376354   -6.30944255761538
   3.92566623618696   -2.28020839351741   -6.29457368917714
   3.92548072153975   -2.28010063803587   -6.27959514218735
   3.92483222842566   -2.27972396326198   -6.26466915317415
   3.92475651041096   -2.27967998273936   -6.24979948055167
   3.92457285898283   -2.27957330950157   -6.23476078145663
   3.92469042939519   -2.27964159983115   -6.21995322669745
   3.92447468538240   -2.27951628573688   -6.20498018589973
   3.92443487379725   -2.27949316132814   -6.19005880115805
   3.92438186932215   -2.27946237387914   -6.17520227349597
   3.92352912439425   -2.27896706021131   -6.16034444037540
   3.92124350701445   -2.27763946799633   -6.14573297056956
   3.91488821918333   -2.27394802308383   -6.13197052937462
   3.91402715334564   -2.27344787624700   -6.13095698606973
   3.90424231297929   -2.26776438870878   -6.11608618799685
   3.90191246463395   -2.26641110510467   -6.11321913154480
   3.89302056630431   -2.26124627957298   -6.10106467522924
   3.88899882349029   -2.25891026546241   -6.09548757427246
   3.88172145339227   -2.25468323255083   -6.08613098916818
   3.87606627666359   -2.25139844452563   -6.07865492983924
   3.87039579206253   -2.24810476498063   -6.07115305404048
   3.86317290283817   -2.24390937707856   -6.06095078250356
   3.85907766441208   -2.24153067331956   -6.05618585085533
   3.85024566294601   -2.23640063865465   -6.04319787481374
   3.84858059133560   -2.23543348810403   -6.04125044710358
   3.83812648431312   -2.22936125955856   -6.02638042437113
   3.83728365042635   -2.22887170268150   -6.02539272777068
   3.82675317356843   -2.22275511500580   -6.01132151555679
   3.82437120576464   -2.22137155801127   -6.00766267087872
   3.81546633949163   -2.21619920009869   -5.99641358300291
   3.81141894498714   -2.21384828630069   -5.99079256685171
   3.80436718342433   -2.20975229725394   -5.98129065287632
   3.79850913162053   -2.20634967000826   -5.97306951778735
   3.79365713165283   -2.20353140416851   -5.96651934014666
   3.78575860026600   -2.19894357207044   -5.95607244428266
   3.78234278954908   -2.19695951132794   -5.95155623115956
   3.77283306774122   -2.19143582536442   -5.93831058180767
   3.77126491822626   -2.19052497164656   -5.93643180435810
   3.76050496526399   -2.18427509364311   -5.92147509159763
   3.75974042705448   -2.18383101451422   -5.91982520854092
   3.74946561654013   -2.17786292966772   -5.90658803946891
   3.74681565454225   -2.17632370925861   -5.90300015217806
   3.73816415069943   -2.17129851595585   -5.89163874547387
   3.73391244121609   -2.16882892657474   -5.88621565990514
   3.72731868768953   -2.16499896976448   -5.87691560611848
   3.72098313172168   -2.16131898603018   -5.86845127189265
   3.71613636310888   -2.15850375880315   -5.86189986912757
   3.70809471636435   -2.15383279869055   -5.85076474332654
   3.70483249543330   -2.15193794999458   -5.84693522477302
   3.69517735957906   -2.14632980083190   -5.83301845884526
   3.69434916777637   -2.14584874875404   -5.83202896528132
   3.68375478657799   -2.13969504248375   -5.81721245825629
   3.68212380243675   -2.13874769151075   -5.81527800467034
   3.67257671802057   -2.13320230361742   -5.80219425643899
   3.66932452296527   -2.13131327841347   -5.79838181893896
   3.66125664839957   -2.12662708397009   -5.78718614346376
   3.65641878517315   -2.12381702940308   -5.78066333842081
   3.64995293689344   -2.12006136587196   -5.77221320428327
   3.64370839291249   -2.11643424610620   -5.76364677407542
   3.63865975923877   -2.11350176632162   -5.75728668087537
   3.63058272755844   -2.10881025300284   -5.74603701022368
   3.62817150060488   -2.10740970094176   -5.74236194609685
   3.61769888113565   -2.10132671951157   -5.72841127312877
   3.61687009736495   -2.10084532359132   -5.72739307010659
   3.60640016178779   -2.09476390108969   -5.71253713049554
   3.60477004624814   -2.09381705464064   -5.71060702881350
   3.59508327472608   -2.08819053001990   -5.69750601562498
   3.59206703732758   -2.08643855992894   -5.69361156830361
   3.58379288176733   -2.08163254794967   -5.68259336920649
   3.57894692597458   -2.07881779284609   -5.67601821561869
   3.57272417717308   -2.07520333272792   -5.66744217475792
   3.56605669375512   -2.07133055018897   -5.65837869241090
   3.56181699186417   -2.06886793537250   -5.65283897437928
   3.55335013454012   -2.06394999330217   -5.64133952867414
   3.55071060739360   -2.06241683393703   -5.63772423968314
   3.54064202749654   -2.05656853736499   -5.62336923090680
   3.53985073774964   -2.05610891970673   -5.62241448104524
   3.52914506219543   -2.04989056853057   -5.60773139836427
   3.52751807279775   -2.04894553788926   -5.60583671616521
   3.51785164241263   -2.04333082834103   -5.59279407154910
   3.51441196567317   -2.04133290510955   -5.58828078214072
   3.50657683107791   -2.03678189679820   -5.57780753782266
   3.50151548388251   -2.03384203241262   -5.57062310730578
   3.49563399990206   -2.03042579467571   -5.56322309598761
   3.48881151683760   -2.02646298117802   -5.55358783753122
   3.48456933141651   -2.02399892381245   -5.54815508582471
   3.47570390907017   -2.01884947675558   -5.53608550919165
   3.47385430902224   -2.01777514355959   -5.53337506599765
   3.46320202638121   -2.01158780545521   -5.51881980192274
   3.46240557817099   -2.01112519152304   -5.51787633401980
   3.45151037739903   -2.00479675534059   -5.50326719810922
   3.45008793075252   -2.00397053258309   -5.50129374860149
   3.44041718739380   -1.99835331786044   -5.48825294936042
   3.43698629236074   -1.99636049544993   -5.48374304818536
   3.42915044748323   -1.99180907457383   -5.47327170940774
   3.42428346332057   -1.98898210522108   -5.46676789002170
   3.41787540475117   -1.98526000862473   -5.45831721834137
   3.41137926838910   -1.98148675237547   -5.44902456313974
   3.40736600216111   -1.97915566185786   -5.44342905860758
   3.39827963265762   -1.97387787847997   -5.43155966667926
   3.39586673801899   -1.97247635775033   -5.42865314684154
   3.38618086829039   -1.96685035693292   -5.41383273454320
   3.38537413702964   -1.96638177012971   -5.41287351836085
   3.37463314963812   -1.96014290820634   -5.39897193928434
   3.37247642555688   -1.95889018317659   -5.39604086450102
   3.36304100239856   -1.95340965330279   -5.38367623139595
   3.35977523004816   -1.95151274177830   -5.37906043166238
   3.35232566196099   -1.94718568831567   -5.36895317888327
   3.34687410411117   -1.94401917154654   -5.36134880436707
   3.34103145559389   -1.94062549124161   -5.35407779248853
   3.33378036125087   -1.93641372050299   -5.34471976456538
   3.32975348262796   -1.93407472327725   -5.33910179732308
   3.32107480618885   -1.92903374687465   -5.32682964734966
   3.31870762507735   -1.92765877867444   -5.32395979641002
   3.30837785533032   -1.92165877096539   -5.30980493214728
   3.30760430479349   -1.92120945706023   -5.30885495771854
   3.29696500336875   -1.91502965904628   -5.29408698663609
   3.29527830070546   -1.91404994418036   -5.29137048034486
   3.28621751391315   -1.90878702042356   -5.27942230284706
   3.28218103219363   -1.90644244527546   -5.27385320409705
   3.27494046421027   -1.90223678873306   -5.26447424720224
   3.26948034397286   -1.89906529853347   -5.25686903599424
   3.26366155289333   -1.89568547573106   -5.24953848657233
   3.25658251870965   -1.89157364548558   -5.23914796704512
   3.25261600398205   -1.88926971040024   -5.23441021199004
   3.24389725663875   -1.88420545896442   -5.22215026134641
   3.24153397339668   -1.88283275482693   -5.21928457920372
   3.23139307565074   -1.87694245270574   -5.20487289941864
   3.23059910864400   -1.87648127997122   -5.20388909398768
   3.22014073415186   -1.87040657268213   -5.18985231594130
   3.21789999491092   -1.86910504776445   -5.18690944055841
   3.20886703531710   -1.86385828733070   -5.17491641576801
   3.20500731420823   -1.86161638291510   -5.16918780986949
   3.19778020819397   -1.85741854570657   -5.15983636608166
   3.19211787959022   -1.85412960354177   -5.15239760307139
   3.18651959280951   -1.85087785982779   -5.14489647172695
   3.17923813444401   -1.84664845226150   -5.13466780244500
   3.17541969318190   -1.84443052508885   -5.12977929076355
   3.16639457448119   -1.83918831900822   -5.11785997188992
   3.16474595341602   -1.83823072369462   -5.11507392779284
   3.15401264550053   -1.83199632236587   -5.10041416103350
   3.15323776316637   -1.83154623489128   -5.09945095908906
   3.14278718776568   -1.82547605767497   -5.08541982528799
   3.14053928561396   -1.82417037220764   -5.08247502670796
   3.13149004921974   -1.81891415745591   -5.07053512466141
   3.12746826567596   -1.81657811968762   -5.06492868423949
   3.12046311472699   -1.81250920423972   -5.05537907317267
   3.11496692385192   -1.80931676254660   -5.04777976661557
   3.10935382190300   -1.80605641349817   -5.04027121952208
   3.10189374499510   -1.80172325602674   -5.03024917350553
   3.09868060726499   -1.79985691712248   -5.02557058421388
   3.08896253457736   -1.79421221133805   -5.01256638834156
   3.08739896801640   -1.79330401961170   -5.01065800975384
   3.07682129146525   -1.78716001617261   -4.99584027153004
   3.07609422982496   -1.78673770516728   -4.99483905391613
   3.06559867119575   -1.78064139961273   -4.98087358318285
   3.06301169409023   -1.77913876374026   -4.97731689981185
   3.05437829250391   -1.77412408506476   -4.96591055185773
   3.05031134792510   -1.77176181567999   -4.96035454499367
   3.04312933406899   -1.76759017008106   -4.95097911831914
   3.03760561669473   -1.76438173972493   -4.94335774065252
   3.03183674829435   -1.76103091432200   -4.93607689278234
   3.02456640694293   -1.75680796403132   -4.92585641753150
   3.02134855243944   -1.75493888540707   -4.92117690929247
   3.01162690253539   -1.74929210181000   -4.90817476807747
   3.01006897740929   -1.74838718688976   -4.90626790891544
   2.99934104287548   -1.74215590666945   -4.89160621308296
   2.99858490944919   -1.74171670942712   -4.89062886231011
   2.98836038182829   -1.73577783120920   -4.87642420048074
   2.98586926339223   -1.73433087448252   -4.87275275982869
   2.97705626248586   -1.72921187622089   -4.86153159048624
   2.97298878095166   -1.72684929494761   -4.85597653798974
   2.96585489442282   -1.72270560392479   -4.84658512838232
   2.96027946688702   -1.71946713791681   -4.83805242028888
   2.95531734042719   -1.71658490552041   -4.83171086795648
   2.94739472206846   -1.71198308259576   -4.82127946902412
   2.94403318868138   -1.71003054863511   -4.81680864451120
   2.93430793247995   -1.70438167033384   -4.80380852307465
   2.93282609673879   -1.70352095164522   -4.80186732516306
   2.92242843525171   -1.69748150927560   -4.78680644853824
   2.92164066942634   -1.69702393847384   -4.78588492570231
   2.91105509735997   -1.69087534895459   -4.77206768253329
   2.90855960279160   -1.68942585036799   -4.76839561611327
   2.89975071987487   -1.68430924402508   -4.75717776655272
   2.89571514075882   -1.68196519315079   -4.75161582238445
   2.88925938088131   -1.67821538942995   -4.74228633021332
   2.88281550640007   -1.67447248929660   -4.73391947140902
   2.87739385371427   -1.67132334282894   -4.72715368076954
   2.86996145811626   -1.66700626394172   -4.71714664867572
   2.86680497505792   -1.66517283268939   -4.71243380740725
   2.85741902007930   -1.65972103622078   -4.69898963099108
   2.85643129778083   -1.65914732145749   -4.69736704322310
   2.84552989748296   -1.65281528430386   -4.68293407711652
   2.84396362377957   -1.65190552014405   -4.68102234215665
   2.83432446920987   -1.64630665365010   -4.66796338766056
   2.83126612249797   -1.64453022452363   -4.66406319526606
   2.82252962543711   -1.63945566323147   -4.65282101116614
   2.81856081757426   -1.63715039618718   -4.64707383965193
   2.81175219569621   -1.63319563390722   -4.63818696501165
   2.80532413975342   -1.62946192191214   -4.62979383335328
   2.80052999989896   -1.62667726390044   -4.62324658028004
   2.79259760567321   -1.62206976270038   -4.61191457391375
   2.78945111995243   -1.62024213836379   -4.60814644844429
   2.77971857213962   -1.61458902475762   -4.59515024289405
   2.77877805874044   -1.61404273110502   -4.59345883680328
   2.76764321039550   -1.60757509653573   -4.57838781023397
   2.76686098330505   -1.60712074288721   -4.57744966909859
   2.75557115457493   -1.60056308854704   -4.56348628271478
   2.75411944590946   -1.59971986905644   -4.56230698689781
   2.74117319308035   -1.59220008703997   -4.54925696439145
   2.73963556122590   -1.59130695938986   -4.54820621729657
   2.72822249744970   -1.58467772443902   -4.53833034131243
   2.72340699740664   -1.58188065944253   -4.53356671238214
   2.71527628956803   -1.57715796853010   -4.52625518654404
   2.70723243198641   -1.57248572426115   -4.51882406679533
   2.70240241269564   -1.56968022581450   -4.51414649476122
   2.69122306671137   -1.56318674495961   -4.50386096305256
   2.68952474435599   -1.56220028083947   -4.50204096108662
   2.67671417939972   -1.55475931261102   -4.49079264501482
   2.67438017158767   -1.55340361299639   -4.48881585576404
   2.66400288300270   -1.54737600414995   -4.47938689014728
   2.65823465929951   -1.54402555321694   -4.47396129507457
   2.65097129637549   -1.53980665631943   -4.46754388279434
   2.64213746327142   -1.53467555775452   -4.45906759743118
   2.63806292333931   -1.53230887663749   -4.45545488085096
   2.62668232391970   -1.52569849848547   -4.44447723477225
   2.62520489744641   -1.52484034090341   -4.44334061689138
   2.61261053515621   -1.51752495317626   -4.43190335119962
   2.60998151852156   -1.51599789880221   -4.42924762854017
   2.59947863554761   -1.50989733892970   -4.42005072299157
   2.59379573498895   -1.50659644762266   -4.41452659056524
   2.58659736093197   -1.50241529926289   -4.40795036549755
   2.57773191190528   -1.49726583670884   -4.39960748221290
   2.57372394607430   -1.49493782490680   -4.39584674476867
   2.56169402897582   -1.48795029303554   -4.38460590919071
   2.56084132620528   -1.48745500385465   -4.38374911766791
   2.54812559782764   -1.48006912109439   -4.37320686283302
   2.54472306243584   -1.47809277127430   -4.36984122187583
   2.53515739948518   -1.47253659210945   -4.36137369249803
   2.52799417019743   -1.46837585745604   -4.35471080835819
   2.52227459959495   -1.46505366649267   -4.34927575294263
   2.51257761671446   -1.45942121064300   -4.34002497194806
   2.50922627745492   -1.45747459790280   -4.33650091313148
   2.49670649800000   -1.45020253133358   -4.32571523072100
   2.49585390448515   -1.44970730561344   -4.32485857227061
   2.48375855202650   -1.44268176586059   -4.31386664180102
   2.47974146513729   -1.44034845612635   -4.31002164268606
   2.47097725464068   -1.43525779758979   -4.30243697121170
   2.46358048934989   -1.43096141443183   -4.29529276013799
   2.45791811246863   -1.42767244422522   -4.28970059992713
   2.44758062938617   -1.42166795625444   -4.28034885752858
   2.44527521316789   -1.42032886395897   -4.27823231743652
   2.43238361943273   -1.41284083047060   -4.26612780554749
   2.43153113287943   -1.41234566687868   -4.26527127896124
   2.41952104524568   -1.40536965287705   -4.25495514459229
   2.41460052657084   -1.40251158820528   -4.25044904324591
   2.40647854617745   -1.39779396659642   -4.24314284273220
   2.39845018084054   -1.39313072093924   -4.23571732150040
   2.39364323112408   -1.39033862236763   -4.23102921378728
   2.38310115867028   -1.38421529943389   -4.22088361641407
   2.38073817167916   -1.38284276737265   -4.21894718022937
   2.36794198959312   -1.37541015337999   -4.20770707272527
   2.36625532012075   -1.37443045779290   -4.20595898296607
   2.35504066717130   -1.36791646902075   -4.19566312130563
   2.35019092999263   -1.36509951751346   -4.19105594880350
   2.34236952792267   -1.36055648568752   -4.18419932243335
   2.33414190673097   -1.35577750302031   -4.17614378676332
   2.32950401724538   -1.35308360244472   -4.17209724016432
   2.31728248530016   -1.34598477181408   -4.16116204461844
   2.31643018427458   -1.34548971598523   -4.16030574720237
   2.30369914645619   -1.33809494079418   -4.14909631891948
   2.30113596811496   -1.33660612834398   -4.14639716188919
   2.29075514443626   -1.33057646615172   -4.13701825307073
   2.28507101637706   -1.32727486185563   -4.13149815399162
   2.27787669149379   -1.32309606544311   -4.12492681097422
   2.26902078013296   -1.31795214280622   -4.11659005057571
   2.26500860088567   -1.31562168365723   -4.11283213826294
   2.25298041002576   -1.30863515446512   -4.10159988761731
   2.25212821045060   -1.30814015756337   -4.10074371683832
   2.23922016972483   -1.30064257090268   -4.08960310440817
   2.23667487534623   -1.29916414628457   -4.08707107080837
   2.22647300512231   -1.29323842853004   -4.07838478961063
   2.21995431306539   -1.28945207089068   -4.07195231755530
   2.21359225082885   -1.28575669109040   -4.06629547910257
   2.20389822855666   -1.28012595489886   -4.05705138409788
   2.20075609897487   -1.27830086080913   -4.05419205436790
   2.18849268163893   -1.27117770120762   -4.04234330594803
   2.18764058165424   -1.27068276215262   -4.04148725966336
   2.17511956706549   -1.26340997816058   -4.03091481587100
   2.17099575581647   -1.26101467798538   -4.02712965063485
   2.16199536225069   -1.25578683340592   -4.01909467308964
   2.15483907164312   -1.25163012905866   -4.01241982050249
   2.14911521416646   -1.24830544808062   -4.00701796346487
   2.13896131871521   -1.24240759629144   -3.99742117296927
   2.13668098319848   -1.24108307202665   -3.99523348464045
   2.12403374648959   -1.23373697239328   -3.98357300707826
   2.12223171938365   -1.23269027176080   -3.98203904260792
   2.11085324641672   -1.22608112875077   -3.97292638291971
   2.10430853921415   -1.22227966031241   -3.96757836170865
   2.09776697908814   -1.21848001984156   -3.96214285960470
   2.08628076088710   -1.21180829341960   -3.95326379297255
   2.08471954685592   -1.21090146815128   -3.95224956612071
   2.07198743577804   -1.20350606956151   -3.94281937046769
   2.06641744998192   -1.20027076436745   -3.93802256324290
   2.05923880589689   -1.19610107608732   -3.93234949477294
   2.04791776102313   -1.18952528996811   -3.92316624798750
   2.04638184975465   -1.18863316171386   -3.92211740641908
   2.03382305628929   -1.18133843400415   -3.91240704301650
   2.02796519456477   -1.17793591716531   -3.90794659563460
   2.02067974663057   -1.17370419227312   -3.90257796228545
   2.01003196924590   -1.16751947102988   -3.89360715967886
   2.00763470664608   -1.16612703011088   -3.89173242952384
   1.99501452093019   -1.15879664294453   -3.88209371258358
   1.99019813246429   -1.15599906191099   -3.87829392853707
   1.98214648504098   -1.15132229294193   -3.87186800633333
   1.97164765089628   -1.14522408481659   -3.86347987993965
   1.96926604537585   -1.14384073825297   -3.86164937816397
   1.95663788109631   -1.13650571676809   -3.85194290887784
   1.95238682766627   -1.13403650845305   -3.84857965063841
   1.94359229098970   -1.12892823506950   -3.84210132724990
   1.93378800400756   -1.12323345203801   -3.83391947680411
   1.93052324579251   -1.12133712957021   -3.83126934991614
   1.91784514768271   -1.11397310420878   -3.82166054722810
   1.91459331034161   -1.11208428678177   -3.81895715811129
   1.90527767467283   -1.10667333501845   -3.81192140153355
   1.89541786880992   -1.10094630405493   -3.80388209514264
   1.89215880562803   -1.09905328952562   -3.80119113516529
   1.87937664736854   -1.09162882121960   -3.79157882516607
   1.87611453204732   -1.08973403386670   -3.78902457924145
   1.86652652613450   -1.08416487687673   -3.78163205869724
   1.85755851665642   -1.07895584247219   -3.77422511630404
   1.85360886872072   -1.07666170439916   -3.77143009534505
   1.84103774349857   -1.06935981383515   -3.76150289879832
   1.83831653406770   -1.06777920962392   -3.75931161445050
   1.82797933896836   -1.06177488892705   -3.75187254229134
   1.81920164600421   -1.05667639915019   -3.74428261790529
   1.81501034844506   -1.05424189980686   -3.74076919476812
   1.80226335629346   -1.04683785760168   -3.73133298533515
   1.80052661151908   -1.04582907596471   -3.72969877571285
   1.78941185222735   -1.03937311004604   -3.72119377533509
   1.78152347962739   -1.03479117864091   -3.71446644090261
   1.77663594486487   -1.03195227254992   -3.71058824125531
   1.76377371453113   -1.02448129468227   -3.70156040685407
   1.76204540801896   -1.02347741437800   -3.69989285756290
   1.75113025556752   -1.01713738933795   -3.69098072363437
   1.74304385722883   -1.01244043543107   -3.68448709801413
   1.73822674940644   -1.00964243656202   -3.68076655799915
   1.72532852875272   -1.00215055385306   -3.67055526999178
   1.72379763824582   -1.00126134188918   -3.66948723075590
   1.71259522890142   -0.99475446476875   -3.66121660908985
   1.70511250628485   -0.99040815362304   -3.65506649436449
   1.69944939710594   -0.98711875806411   -3.65054197447344
   1.68725330939198   -0.98003470661901   -3.64054225822142
   1.68639145041614   -0.97953409909088   -3.63971125550943
   1.67400107824193   -0.97233719825148   -3.63054325426117
   1.66743720202060   -0.96852459556103   -3.62525374881529
   1.66089028328778   -0.96472184256368   -3.61987152533855
   1.64887854588782   -0.95774487030159   -3.61043871262318
   1.64798558185039   -0.95722619551602   -3.60967506464790
   1.63546870541283   -0.94995581515346   -3.60078366944165
   1.62890523739693   -0.94614344956759   -3.59549582577352
   1.62235726627234   -0.94234008529246   -3.59011598862807
   1.61103723441329   -0.93576488757903   -3.58094918526081
   1.60950791521312   -0.93487658830273   -3.57989169049347
   1.59684633851347   -0.92752215933993   -3.57013293866939
   1.59106418888522   -0.92416361958599   -3.56584900791468
   1.58377219771982   -0.91992809408270   -3.56039999125350
   1.57110738019804   -0.91257178270061   -3.55156058187208
   1.57018330604492   -0.91203503772195   -3.55087938870949
   1.55824087418838   -0.90509832132276   -3.54320394999451
   1.54765745824366   -0.89895098417862   -3.53616127702509
   1.54510992882146   -0.89747126134388   -3.53445909483785
   1.53267205018195   -0.89024676655369   -3.52733838351835
   1.52353429729432   -0.88493913733137   -3.52122047412926
   1.51948144838167   -0.88258505536100   -3.51861203989009
   1.50695416451954   -0.87530862988522   -3.51061459270787
   1.50035361576847   -0.87147472609450   -3.50621683457313
   1.49396593105525   -0.86776446357550   -3.50232696285938
   1.48136991468611   -0.86044811508285   -3.49476840058512
   1.47626174891508   -0.85748105630459   -3.49135724272242
   1.46805189788622   -0.85271239536929   -3.48612289883083
   1.45534925479105   -0.84533411314589   -3.47842944226901
   1.45217440976414   -0.84349001641353   -3.47649351558162
   1.44243600615697   -0.83783350149134   -3.47027211371105
   1.42985680691406   -0.83052692116289   -3.46228674046239
   1.42893102045339   -0.82998918159686   -3.46160957379707
   1.41707372889926   -0.82310191862048   -3.45389152362590
   1.40635780099851   -0.81687761240759   -3.44683674785977
   1.40384102842375   -0.81541575457142   -3.44522897358300
   1.39143361454261   -0.80820895512097   -3.43806885316557
   1.38256816859505   -0.80305949435542   -3.43163166224522
   1.37839985249055   -0.80063834370315   -3.42887270686990
   1.36571727614115   -0.79327171717318   -3.42134957716315
   1.35911085886142   -0.78943440466977   -3.41695752358141
   1.35272092718800   -0.78572283701243   -3.41306733308567
   1.34014329248444   -0.77841716544074   -3.40550613058998
   1.33502183817006   -0.77544238806231   -3.40210195394712
   1.32720195484182   -0.77090023839177   -3.39717711009275
   1.31435466658234   -0.76343793957146   -3.38830682058742
   1.31177244166721   -0.76193806399082   -3.38690815912401
   1.30119975986893   -0.75579696173505   -3.38103017452417
   1.28862774475748   -0.74849455428220   -3.37303427948598
   1.28770040336333   -0.74795591153894   -3.37236079417923
   1.27576173448446   -0.74102138085110   -3.36468270619469
   1.26445343029400   -0.73445299510963   -3.35729067576720
   1.26284871529914   -0.73352090247100   -3.35636103997018
   1.25010299188764   -0.72611759720871   -3.34887094192325
   1.24105941429958   -0.72086466935315   -3.34284335069133
   1.23699689293467   -0.71850496917544   -3.34014363553806
   1.22450132413505   -0.71124696527384   -3.33210569222989
   1.21724190121448   -0.70703035691243   -3.32739098893383
   1.21160182441840   -0.70375433962600   -3.32376899772414
   1.19893783743742   -0.69639851066040   -3.31575018523236
   1.19318042139017   -0.69305433731349   -3.31235774701605
   1.18582205912990   -0.68878026041064   -3.30802745963359
   1.17268435238358   -0.68114927311009   -3.30082511569883
   1.16617103521257   -0.67736603745290   -3.29839218383735
   1.15953808023909   -0.67351331063040   -3.29622673084683
   1.14669218681773   -0.66605182199654   -3.29540591988755
   1.13385847436609   -0.65859740863290   -3.29493532117005
   1.12102730648735   -0.65114447327482   -3.29539282784305
   1.10819375297096   -0.64369015222811   -3.29492237968060
   1.09536150147856   -0.63623658745713   -3.29491602002905
   1.08252932175955   -0.62878306437544   -3.29490973443947
   1.06969721304136   -0.62132958253432   -3.29490352291176
   1.05685426965030   -0.61386980741441   -3.29478148283075
   1.04403158067773   -0.60642179699691   -3.29454264217428
   1.03119082476623   -0.59896329246624   -3.29476939304636
   1.01836973691474   -0.59151621205388   -3.29441547668491
   1.00553796956624   -0.58406292849604   -3.29440963579934
   0.99270354150192   -0.57660809947149   -3.29451932414580
   0.97986474240210   -0.56915073154748   -3.29474610709990
   0.96704306262676   -0.56170330731838   -3.29439255745290
   0.95420820424285   -0.55424822834432   -3.29450260875813
   0.94134472558862   -0.54677652539442   -3.29426355058544
   0.92854873212261   -0.53934402096100   -3.29437614556972
   0.91571741311269   -0.53189099781894   -3.29437082304448
   0.90288502361653   -0.52443735288899   -3.29390157975458
   0.89005383150589   -0.51698440345590   -3.29389640637924
   0.87722269880799   -0.50953148853246   -3.29389130704569
   0.86439162475025   -0.50207860766995   -3.29388628175381
   0.85156060856013   -0.49462576041962   -3.29388133050350
   0.83872964946506   -0.48717294633274   -3.29387645329467
   0.82589874669248   -0.47972016496056   -3.29387165012720
   0.81306789946984   -0.47226741585436   -3.29386692100099
   0.80023042771537   -0.46481081891388   -3.29374602136989
   0.78740659601925   -0.45736214474973   -3.29339374915619
   0.77457590877550   -0.44990948856666   -3.29338924231767
   0.76173881090317   -0.44245310879421   -3.29350109744640
   0.74890863086543   -0.43500074721983   -3.29372810163906
   0.73608415871555   -0.42755170105054   -3.29337616599033
   0.72325367667746   -0.42009916406040   -3.29337195527697
   0.71041595162700   -0.41264241999390   -3.29348426326830
   0.69756161835970   -0.40517602910744   -3.29324552639253
   0.68476252369299   -0.39774172335332   -3.29335976732272
   0.67193120670580   -0.39028870138615   -3.29289187582134
   0.65910096954155   -0.38283630663005   -3.29288803614613
   0.64627077788426   -0.37538393830650   -3.29288427049231
   0.63344063096136   -0.36793159596675   -3.29288057885979
   0.62061052800031   -0.36047927916208   -3.29287696124845
   0.60778046822853   -0.35302698744373   -3.29287341765821
   0.59495045087346   -0.34557472036296   -3.29286994808894
   0.58212047516254   -0.33812247747105   -3.29286655254056
   0.56929054032322   -0.33067025831924   -3.29286323101295
   0.55646064558291   -0.32321806245880   -3.29285998350602
   0.54362830118412   -0.31576444372349   -3.29274038710631
   0.53082387073986   -0.30832703870314   -3.29227516916593
   0.51797060510656   -0.30086126794785   -3.29145885149736
   0.50513026914115   -0.29340300734128   -3.29157299478894
   0.49232516905112   -0.28596521335972   -3.29203228437873
   0.47948062988789   -0.27850451134158   -3.29272562225909
   0.46665261699635   -0.27105340854588   -3.29237538955267
   0.45382208319874   -0.26360084149142   -3.29190877144411
   0.44098180921158   -0.25614261688468   -3.29248735520104
   0.42813721165968   -0.24868188095170   -3.29224932969351
   0.41533348487590   -0.24124488464988   -3.29190125141863
   0.40250401478895   -0.23379293544774   -3.29189889274546
   0.38967457475806   -0.22634100370354   -3.29189660807311
   0.37684516401066   -0.21888908896855   -3.29189439740149
   0.36401578177420   -0.21143719079403   -3.29189226073048
   0.35118642727609   -0.20398530873122   -3.29189019806000
   0.33835709974378   -0.19653344233140   -3.29188820938992
   0.32552779840469   -0.18908159114581   -3.29188629472016
   0.31269852248627   -0.18162975472572   -3.29188445405062
   0.29986927121594   -0.17417793262239   -3.29188268738118
   0.28704004382114   -0.16672612438706   -3.29188099471174
   0.27421272220719   -0.15927542311733   -3.29176294497799
   0.26136727949710   -0.15181419627742   -3.29153151605671
   0.24855249716422   -0.14437077840169   -3.29187636070247
   0.23572586274735   -0.13692047628780   -3.29175855305249
   0.22289437636983   -0.12946735593090   -3.29140970491098
   0.21006445313316   -0.12201514351845   -3.29094450599747
   0.19723619008740   -0.11456389542161   -3.29140728106531
   0.18440631449414   -0.10711171068266   -3.29094223122865
   0.17157727094519   -0.09966000923350   -3.29094120481515
   0.15874824354651   -0.09220831716517   -3.29094025238213
   0.14591923152554   -0.08475663402891   -3.29093937392949
   0.13309023410971   -0.07730495937600   -3.29093856945713
   0.12026125052645   -0.06985329275768   -3.29093783896493
   0.10743228000319   -0.06240163372522   -3.29093718245281
   0.09460332176736   -0.05494998182986   -3.29093659992066
   0.08177437504639   -0.04749833662286   -3.29093609136837
   0.06894543906770   -0.04004669765548   -3.29093565679586
   0.05611651305874   -0.03259506447898   -3.29093529620301
   0.04328759624692   -0.02514343664460   -3.29093500958973
   0.03045868785968   -0.01769181370361   -3.29093479695592
   0.01763581593614   -0.01024369701974   -3.29081838659405
   0.00480660923132   -0.00279190080210   -3.29012299745173
  -0.00802155188066    0.00465928808688   -3.29081836074894
  -0.02085677652908    0.01211457980430   -3.29047074394005
  -0.03368636818916    0.01956659962173   -3.29000696014576
  -0.04651523851416    0.02701820045442   -3.29000719133236
  -0.05934410582209    0.03446979953465   -3.29000749647919
  -0.07217297088553    0.04192139731118   -3.29000787558618
  -0.08500183447706    0.04937299423275   -3.29000832865322
  -0.09783069736923    0.05682459074811   -3.29000885568020
  -0.11065956033463    0.06427618730599   -3.29000945666703
  -0.12348842414582    0.07172778435516   -3.29001013161361
  -0.13631728957539    0.07917938234435   -3.29001088051983
  -0.14914615739590    0.08663098172231   -3.29001170338560
  -0.16197502837992    0.09408258293778   -3.29001260021082
  -0.17480390330004    0.10153418643953   -3.29001357099538
  -0.18763278292882    0.10898579267628   -3.29001461573920
  -0.20045212104712    0.11643185676273   -3.28989972186760
  -0.21328829962296    0.12388770256529   -3.28920556975831
  -0.22610949737516    0.13133484681307   -3.28990222479990
  -0.23894891751935    0.13879257546835   -3.28909164876135
  -0.25177782853381    0.14624419993535   -3.28909306294942
  -0.26460674889184    0.15369582982953   -3.28909455107762
  -0.27743567936601    0.16114746559963   -3.28909611314585
  -0.29026462072890    0.16859910769441   -3.28909774915402
  -0.30309357375308    0.17605075656260   -3.28909945910204
  -0.31592253921112    0.18350241265295   -3.28910124298978
  -0.32875151787561    0.19095407641422   -3.28910310081717
  -0.34156868609226    0.19839888012150   -3.28898923598756
  -0.35443392480453    0.20587160539446   -3.28876150001396
  -0.36722630283886    0.21330200981805   -3.28899337415701
  -0.38009240698564    0.22077523777537   -3.28876573883183
  -0.39288398473308    0.22820517735535   -3.28899780975110
  -0.40572566971978    0.23566422153583   -3.28865184246007
  -0.41855580824622    0.24311655899853   -3.28830693213587
  -0.43139616945288    0.25057483426639   -3.28853925739181
  -0.44421354114376    0.25801975616091   -3.28819525603387
  -0.45704269060982    0.26547151913163   -3.28819785260551
  -0.46987186178007    0.27292329470914   -3.28820052309719
  -0.48270105542709    0.28037508334220   -3.28820326750881
  -0.49553027232345    0.28782688547954   -3.28820608584028
  -0.50835951324173    0.29527870156993   -3.28820897809148
  -0.52117405422825    0.30272197926053   -3.28809650779958
  -0.53402091838745    0.31018403174379   -3.28740377605998
  -0.54684738785386    0.31763423804684   -3.28821809836258
  -0.55966138664586    0.32507720080580   -3.28810594722631
  -0.57250956925356    0.33254001910489   -3.28741332868863
  -0.58534520377227    0.33999554889391   -3.28764685437008
  -0.59816538561303    0.34744210305337   -3.28730339299048
  -0.61099484275842    0.35489404473846   -3.28730687572725
  -0.62382433087829    0.36234600441496   -3.28731043236436
  -0.63665340835929    0.36979772557343   -3.28777799462156
  -0.64948340313181    0.37724997953720   -3.28731776733925
  -0.66231298881060    0.38470199588043   -3.28732154567682
  -0.67514260855420    0.39215403201007   -3.28732539791435
  -0.68797226313517    0.39960608837487   -3.28732932405174
  -0.70080236706439    0.40705840574191   -3.28686939239535
  -0.71363924179586    0.41451465590383   -3.28675668813024
  -0.72649196615852    0.42198011226412   -3.28699601451165
  -0.73927299177954    0.42940392268136   -3.28723088829909
  -0.75212148891511    0.43686692367277   -3.28642215185623
  -0.76495751951573    0.44432268352448   -3.28654314535868
  -0.77778738047952    0.45177485976596   -3.28677836356771
  -0.79061123860610    0.45922354928214   -3.28643547882863
  -0.80344123771948    0.46667580576729   -3.28644006891383
  -0.81627127939536    0.47412808697470   -3.28644473287941
  -0.82910136440630    0.48158039335312   -3.28644947072527
  -0.84193149352489    0.48903272535131   -3.28645428245132
  -0.85476166752372    0.49648508341800   -3.28645916805744
  -0.86757154968710    0.50392565504879   -3.28634961432387
  -0.88045522724194    0.51140909045375   -3.28612353702021
  -0.89325279436845    0.51884250894192   -3.28601033423691
  -0.90609130262466    0.52629970793051   -3.28659594290899
  -0.91882949021862    0.53369863604167   -3.28727792675682
  -0.93149331882044    0.54105437301334   -3.29032331839212
  -0.94423602190963    0.54845592393283   -3.29517277852131
  -0.95445517977256    0.55439168314714   -3.30071345477141
  -0.95703272527521    0.55588884070873   -3.30260448694661
  -0.96982661026294    0.56332012044051   -3.30990233102764
  -0.98016597646345    0.56932570221329   -3.31562349270705
  -0.98263920343911    0.57076226675283   -3.31746341483877
  -0.99546808174233    0.57821387221964   -3.32489470254104
  -1.00420138322570    0.58328657737269   -3.33043597241298
  -1.00829678318345    0.58566537495675   -3.33325397122590
  -1.02112590789032    0.59311712354619   -3.34068554163228
  -1.02827749143413    0.59727109381325   -3.34529523264751
  -1.03400544003724    0.60059815110662   -3.34904787235721
  -1.04684545180956    0.60805622340687   -3.35633544072422
  -1.05317092286539    0.61173034935815   -3.36008827869552
  -1.05972965589470    0.61553996464496   -3.36466575007533
  -1.07243009360455    0.62291696587863   -3.37120835116701
  -1.07799848451781    0.62615134469101   -3.37495817248085
  -1.08532318007693    0.63040586641777   -3.37970370629865
  -1.09822148357260    0.63789779724517   -3.38773844356357
  -1.10140364613151    0.63974614433833   -3.38965098668742
  -1.11099553438169    0.64531755636927   -3.39534836840840
  -1.12371652625948    0.65270649641369   -3.40197483638516
  -1.12773392840610    0.65503998926400   -3.40474526379933
  -1.13671626467604    0.66025734533144   -3.41109553293443
  -1.14942867295494    0.66764129962490   -3.41772236059298
  -1.15186240285608    0.66905492243801   -3.41951906858456
  -1.16229262685169    0.67511327861761   -3.42601060758895
  -1.17508426956041    0.68254325593010   -3.43358713230845
  -1.17668811387698    0.68347484283854   -3.43451630571665
  -1.18798149596560    0.69003456113357   -3.44179445970990
  -1.20069892510466    0.69742143177467   -3.44844732546315
  -1.20152629612064    0.69790200710168   -3.44932342748430
  -1.21360719075390    0.70491914908131   -3.45681757172811
  -1.22563576859757    0.71190590305147   -3.46418043136963
  -1.22647907459635    0.71239573415301   -3.46501320361829
  -1.23931192294304    0.71984964560455   -3.47244383424503
  -1.24957972440904    0.72581365927182   -3.47893846507772
  -1.25214475919577    0.72730355003136   -3.48080247438764
  -1.26497788231249    0.73475762108204   -3.48823343397078
  -1.27460281460712    0.74034822662129   -3.49380675937707
  -1.27781113989651    0.74221177023755   -3.49566455621966
  -1.29059286915434    0.74963598935956   -3.50312945574057
  -1.29927543401517    0.75467922433722   -3.50875922592320
  -1.30344708684565    0.75710231311415   -3.51164144226262
  -1.31624639989226    0.76453674571342   -3.51892767763190
  -1.32422890942854    0.76917335620215   -3.52367515169643
  -1.32914532187728    0.77202903578802   -3.52724647220401
  -1.34197928891340    0.77948359702609   -3.53467842446660
  -1.34905225428838    0.78359190222697   -3.53855760525348
  -1.35472745797006    0.78688832283212   -3.54230917966822
  -1.36756028399650    0.79434222131903   -3.54974475961726
  -1.37229908478700    0.79709473584462   -3.55336130830608
  -1.38041535350048    0.80180903984579   -3.55980565330557
  -1.39308674841696    0.80916917168272   -3.56747695378711
  -1.39390547390515    0.80964472528760   -3.56837484331664
  -1.40601336841370    0.81667755004273   -3.57840173929385
  -1.41313431169546    0.82081372302940   -3.58317449627043
  -1.41889173805358    0.82415790236534   -3.58784167968006
  -1.43179293469534    0.83165151366571   -3.59679187819760
  -1.43333571627044    0.83254763251159   -3.59782803813532
  -1.44456502280940    0.83907013276582   -3.60626533845639
  -1.45339196235200    0.84419722723161   -3.61269053377945
  -1.45737843736783    0.84651275617491   -3.61556691587277
  -1.47018438667504    0.85395104342106   -3.62486276357638
  -1.47342243509239    0.85583185160383   -3.62757340024320
  -1.48304071854158    0.86141859518634   -3.63507951197020
  -1.49347423575831    0.86747886422098   -3.64254844411508
  -1.49588710500582    0.86888037020229   -3.64436449824880
  -1.50874547571729    0.87634910622293   -3.65364276214097
  -1.51350239981316    0.87911214760194   -3.65732565476409
  -1.52156874768666    0.88379745527192   -3.66386885523379
  -1.53359004580629    0.89077998084189   -3.67232427755805
  -1.53445128072913    0.89128022589119   -3.67313186408147
  -1.54734916340822    0.89877191228886   -3.68218171698908
  -1.55367959425926    0.90244891911845   -3.68701098237897
  -1.56012500550799    0.90619271187738   -3.69171411746959
  -1.57299777154183    0.91366980936661   -3.70084093795023
  -1.57386185887073    0.91417171122518   -3.70166267305715
  -1.58571221427724    0.92105494536644   -3.71034653394898
  -1.59446196416998    0.92613720451590   -3.71692776153302
  -1.59863694585176    0.92856222684353   -3.72051725303839
  -1.61157369419233    0.93607648821376   -3.72953742684924
  -1.61463508419243    0.93785468502268   -3.73163019493001
  -1.62425166194655    0.94344043785865   -3.73913844345870
  -1.63379096386940    0.94898130532015   -3.74656466952592
  -1.63715056262938    0.95093271555995   -3.74932244448459
  -1.64995824293096    0.95837200824763   -3.75770688226271
  -1.65472324414360    0.96113974118938   -3.76139005436325
  -1.66282001404200    0.96584271937752   -3.76791321074833
  -1.67475237395514    0.97277358552645   -3.77641662690837
  -1.67561571740715    0.97327505530695   -3.77723293975326
  -1.68842196816803    0.98071351765132   -3.78654346950422
  -1.69485892412116    0.98445239918377   -3.79122964313386
  -1.70134365945148    0.98821903318684   -3.79578869989441
  -1.71422471777763    0.99570094722271   -3.80491687928076
  -1.71576795544780    0.99659733098969   -3.80595358724771
  -1.72694121820229    1.00308727842356   -3.81442495890366
  -1.73498444495926    1.00775915628041   -3.82085841787112
  -1.73986187206353    1.01059219137632   -3.82459942345107
  -1.75280696693914    1.01811130079987   -3.83362095050183
  -1.75519781328943    1.01950001486458   -3.83549638438822
  -1.76543737717443    1.02544762683966   -3.84324835802048
  -1.77503119326824    1.03102015865129   -3.85077910293777
  -1.77838187441283    1.03296638912790   -3.85341228665891
  -1.79119392391197    1.04040821964747   -3.86179855993344
  -1.79596709686018    1.04318069911093   -3.86548193110653
  -1.80405615768896    1.04787919951512   -3.87200797364235
  -1.81598701265924    1.05480919152369   -3.88052549646201
  -1.81685726498706    1.05531467429858   -3.88132954792216
  -1.82973801541406    1.06279640949240   -3.89059977769578
  -1.83605358445869    1.06646478389791   -3.89525867361737
  -1.84249048406962    1.07020363270420   -3.90017890607915
  -1.85497418267564    1.07745474184873   -3.90943998790030
  -1.85582791207467    1.07795062734290   -3.91028872599278
  -1.86808016475079    1.08506730199396   -3.91950284551853
  -1.87376034087431    1.08836661082314   -3.92501627857986
  -1.88099475610740    1.09256869356381   -3.93156149415789
  -1.89061759796219    1.09815808487897   -3.93988763834127
  -1.89378940580181    1.10000041747257   -3.94273268197862
  -1.90657183064249    1.10742504062126   -3.95408728774191
  -1.90815021097996    1.10834183687370   -3.95506270307493
  -1.91947746097897    1.11492122721645   -3.96504127137791
  -1.92431834461390    1.11773303617633   -3.96964133049934
  -1.93238769910320    1.12242009022773   -3.97709898288802
  -1.94116464335416    1.12751814511737   -3.98452169133612
  -1.94520969552991    1.12986769838258   -3.98826388209350
  -1.95790437338141    1.13724135402430   -3.99870907142121
  -1.95872766946618    1.13771956244292   -3.99960688798576
  -1.97088820122750    1.14478296134735   -4.01057926766747
  -1.97560866703960    1.14752482607003   -4.01444688509277
  -1.98391043011143    1.15234687376805   -4.02238128289745
  -1.99183861717059    1.15695193125130   -4.02907458960808
  -1.99675146806372    1.15980554212105   -4.03354146994479
  -2.00927557126925    1.16708012012447   -4.04334807071244
  -2.01009963416638    1.16755877394315   -4.04424489899009
  -2.02246273839431    1.17473983629904   -4.05583659320020
  -2.02567422519759    1.17660521626868   -4.05862585946543
  -2.03524134689307    1.18216224273995   -4.06705101797488
  -2.04239041521516    1.18631475204999   -4.07372455302137
  -2.04817435182793    1.18967432976712   -4.07905985324801
  -2.05998555888921    1.19653482474003   -4.08875684603728
  -2.06084706118154    1.19703522508989   -4.08958795097216
  -2.07371951348439    1.20451214034966   -4.10056512147110
  -2.07690092552896    1.20636005150940   -4.10349086915241
  -2.08650283224170    1.21193728272645   -4.11192235136798
  -2.09377761982920    1.21616281559655   -4.11835703920598
  -2.09956120160480    1.21952218720786   -4.12369299713440
  -2.11005693095745    1.22561859192648   -4.13287810065282
  -2.11239055035954    1.22697406593465   -4.13487190790885
  -2.12511454270238    1.23436474878786   -4.14612970310440
  -2.12752943942505    1.23576743242045   -4.14809104324524
  -2.13803316692802    1.24186848283444   -4.15724114726381
  -2.14434559562674    1.24553503318190   -4.16300993979657
  -2.15093503382022    1.24936248344724   -4.16927958489333
  -2.16122978312057    1.25534214966222   -4.17787341709399
  -2.16362579369536    1.25673386334721   -4.17979048591951
  -2.17651330086386    1.26421952316878   -4.19077074088996
  -2.17822130343933    1.26521161000817   -4.19254947501528
  -2.18944196628770    1.27172908960739   -4.20280163279887
  -2.19492284990939    1.27491264014025   -4.20766359022303
  -2.20215054933972    1.27911082203227   -4.21421373711892
  -2.21178828682610    1.28470886541873   -4.22254517216798
  -2.21520924352634    1.28669591518620   -4.22597763286115
  -2.22796837790091    1.29410701015569   -4.23632781922632
  -2.22945704410511    1.29497169629295   -4.23742838016393
  -2.24073193803022    1.30152067580809   -4.24768133575257
  -2.24632341799412    1.30476846580825   -4.25231110222194
  -2.25370903178467    1.30905837165946   -4.25952481920571
  -2.26247835545949    1.31415200016625   -4.26710804629999
  -2.26656000031760    1.31652280815268   -4.27068770641529
  -2.27908438109934    1.32379754738519   -4.28149178057596
  -2.27994620339646    1.32429813360862   -4.28232328593193
  -2.29226274928184    1.33145215272724   -4.29301445727711
  -2.29691320700109    1.33415335351384   -4.29697215855383
  -2.30492951356990    1.33880959488116   -4.30445656743333
  -2.31358610039543    1.34383774061521   -4.31210508406609
  -2.31765059102061    1.34619858463029   -4.31591201068515
  -2.33048943047119    1.35365597599188   -4.32614808920275
  -2.33135133127621    1.35415660781632   -4.32697969112431
  -2.34367152256846    1.36131274435574   -4.33767190507489
  -2.34768068841172    1.36364145318039   -4.34140162144931
  -2.35653380401568    1.36878375191247   -4.34975529044313
  -2.36378863745382    1.37299769449035   -4.35623454609466
  -2.36938370211041    1.37624756664571   -4.36092472391961
  -2.38122515630157    1.38312563054968   -4.37152099993559
  -2.38208713674999    1.38362630863469   -4.37235270037778
  -2.39510440924166    1.39118734215369   -4.38323880642552
  -2.39831781538231    1.39305383696319   -4.38603041572803
  -2.40791029629845    1.39862559324191   -4.39446280531271
  -2.41496717223042    1.40272455295065   -4.40120626199097
  -2.42045718521144    1.40591340623738   -4.40616749564389
  -2.43196560526895    1.41259802852374   -4.41597503693906
  -2.43366692282076    1.41358623239240   -4.41766854086241
  -2.44655021214336    1.42106944229413   -4.42878908042713
  -2.44892479119994    1.42244870756278   -4.43070766106661
  -2.45933784383046    1.42849708981988   -4.44005419264869
  -2.46564291997870    1.43215936946619   -4.44582701471350
  -2.47223205607658    1.43598664426044   -4.45210144129557
  -2.48253222807766    1.44196946023064   -4.46070175472320
  -2.48492022163620    1.44335651726205   -4.46262150759249
  -2.49804814994741    1.45098182479552   -4.47429815508877
  -2.49951332021588    1.45183286340734   -4.47542074861798
  -2.51058691042858    1.45826491642209   -4.48591593846883
  -2.51533508000865    1.46102287277369   -4.49059509385453
  -2.52329698503349    1.46564751520983   -4.49990611634410
  -2.52730699377729    1.46797671363007   -4.50552003631693
  -2.53643601871927    1.47327927325815   -4.51827052516156
  -2.53797041141869    1.47417051945731   -4.52018635873257
  -2.54824694223911    1.48013960353709   -4.53512520334971
  -2.54901961338833    1.48058840665327   -4.53618495096851
  -2.55864781918306    1.48618091359268   -4.55017686790055
  -2.56189059434072    1.48806446728469   -4.55479026710134
  -2.56913553574859    1.49227266411418   -4.56504762421753
  -2.57477698154600    1.49554947657986   -4.57246619379905
  -2.58035693114894    1.49879056921344   -4.57994801077649
  -2.58760142383614    1.50299850540523   -4.59014345113564
  -2.59083115110944    1.50487448028294   -4.59482534873850
  -2.60072494863125    1.51062125517303   -4.60852802326677
  -2.60146479536997    1.51105099235445   -4.60951438934182
  -2.61111601839762    1.51665686876659   -4.62439974022347
  -2.61336606410959    1.51796379931278   -4.62735883208964
  -2.62218665879607    1.52308720839288   -4.63948721743880
  -2.62621281234746    1.52542578446357   -4.64503869764542
  -2.63261723965633    1.52914577185597   -4.65438430022801
  -2.63908854569365    1.53290460550497   -4.66364798256207
  -2.64309566327631    1.53523212460518   -4.66926251288997
  -2.65200263089739    1.54040570307784   -4.68214201995733
  -2.65356083991586    1.54131078289588   -4.68414609390638
  -2.66406873760841    1.54741425554873   -4.69889412064102
  -2.66481988578791    1.54785055712931   -4.69993967630571
  -2.67444757089107    1.55344276162698   -4.71393518482876
  -2.67769372697590    1.55532827911776   -4.71855099625358
  -2.68493456767851    1.55953409406811   -4.72881002027416
  -2.69057987271907    1.56281314816058   -4.73623178570456
  -2.69559649254133    1.56572703282055   -4.74348705074067
  -2.70360927008969    1.57038122436969   -4.75468044144129
  -2.70663821716459    1.57214057682814   -4.75859857950097
  -2.71654346498792    1.57789400258258   -4.77230908558891
  -2.71728353220542    1.57832386782827   -4.77329580133800
  -2.72693782083389    1.58393152488305   -4.78818627722221
  -2.72915808991790    1.58522115978746   -4.79114653216716
  -2.73720992115623    1.58989803552478   -4.80326980367791
  -2.74206450009151    1.59271779934809   -4.80975698176806
  -2.74844060775145    1.59642133737945   -4.81817949015798
  -2.75491524894254    1.60018210823991   -4.82744691539932
  -2.75891950418243    1.60250796475915   -4.83306211605856
  -2.76785626557454    1.60769884883108   -4.84596257506086
  -2.76935410922030    1.60856886565059   -4.84796794634213
  -2.77972553776315    1.61459307071371   -4.86289424380912
  -2.78047308993389    1.61502728356620   -4.86394262123706
  -2.79028291736027    1.62072528474378   -4.87775122190640
  -2.79353251023806    1.62261279848276   -4.88236951632152
  -2.80072473569876    1.62679037545361   -4.89265542930796
  -2.80644855211372    1.63011503258112   -4.90097379573929
  -2.81143847828658    1.63301341233575   -4.90731377505995
  -2.81945990583750    1.63767262820616   -4.91851356505473
  -2.82187415604996    1.63907493631574   -4.92223731379083
  -2.83159495445903    1.64472122532517   -4.93707083052869
  -2.83235048745049    1.64516007380719   -4.93804747383683
  -2.84265276548620    1.65114411305965   -4.95218041187460
  -2.84521035444188    1.65262967893638   -4.95575556844918
  -2.85306229556137    1.65719044925379   -4.96711732550840
  -2.85789282628017    1.65999624476147   -4.97361503274209
  -2.86353770291502    1.66327505001611   -4.98200488792266
  -2.87097522112099    1.66759510435080   -4.99205379655212
  -2.87419429172826    1.66946488934433   -4.99670960619070
  -2.88390001208827    1.67510242032596   -5.01063042591138
  -2.88465926059474    1.67554342695083   -5.01160454140136
  -2.89515541439747    1.68164007820967   -5.02644063543241
  -2.89672423799866    1.68255132346797   -5.02837667437536
  -2.90558849403348    1.68770009307720   -5.04139722324328
  -2.90960511051994    1.69003312957978   -5.04699679146331
  -2.91604400322569    1.69377313606767   -5.05630962881018
  -2.92229179462214    1.69740214208244   -5.06487115466553
  -2.92708656213293    1.70018716466594   -5.07142514287132
  -2.93532655838015    1.70497333533737   -5.08336676874607
  -2.93697336009975    1.70592987389098   -5.08610825171600
  -2.94786672812920    1.71225724553187   -5.10048122430028
  -2.94860173530285    1.71268417167021   -5.10142600001983
  -2.95853126404840    1.71845170090654   -5.11608179878680
  -2.96110714589559    1.71994789214015   -5.11966311661996
  -2.96895261224037    1.72450490160915   -5.13102588300111
  -2.97398742516793    1.72742935366556   -5.13829230882921
  -2.97942917517929    1.73059017358880   -5.14591851807612
  -2.98687689891853    1.73491615576891   -5.15597360284083
  -2.99009706244213    1.73678657557876   -5.16063117871921
  -2.99978224380245    1.74241217656006   -5.17453326923186
  -3.00055327225863    1.74286002552420   -5.17555485071726
  -3.01024774598117    1.74849102393896   -5.19036858694237
  -3.01263379227849    1.74987694991105   -5.19324723800219
  -3.02127136033401    1.75489404866443   -5.20555561273701
  -3.02532187213187    1.75724677313050   -5.21112109274302
  -3.03175184116726    1.76098159633820   -5.22044778013462
  -3.03820846450318    1.76473190159559   -5.22881804423267
  -3.04300392823707    1.76751732857764   -5.23537429540468
  -3.05126026937303    1.77231299311591   -5.24732669047129
  -3.05345880777419    1.77359000583533   -5.25029285256058
  -3.06378079043765    1.77958549044633   -5.26443948833830
  -3.06452980732111    1.78002055407166   -5.26538800527344
  -3.07383022779625    1.78542266814727   -5.27988540594093
  -3.07685564701876    1.78717997146600   -5.28379309335234
  -3.08429562214521    1.79150145289366   -5.29480336391393
  -3.08974194771863    1.79466493051483   -5.30242475895611
  -3.09533737115044    1.79791501106342   -5.30992138710069
  -3.10283164432502    1.80226803130708   -5.32081342774343
  -3.10548033356570    1.80380651243998   -5.32438805894765
  -3.11571444545594    1.80975095764452   -5.33852054631514
  -3.11650323304669    1.81020912193484   -5.33954752075062
  -3.12678696104576    1.81618238646863   -5.35459590177830
  -3.12839156698035    1.81711441576002   -5.35648836375331
  -3.13664816171886    1.82191022760237   -5.36932586885131
  -3.14128101481546    1.82460120281046   -5.37511267497636
  -3.14791833223246    1.82845646354178   -5.38426287878141
  -3.15436404417825    1.83220043095947   -5.39356969795602
  -3.15839161846939    1.83453983226147   -5.39915722536742
  -3.16742096395509    1.83978449345419   -5.41213910844056
  -3.16886050982783    1.84062064823261   -5.41408426532311
  -3.17933411934033    1.84670420472569   -5.42892721787736
  -3.18013619775784    1.84717008894249   -5.42993601069795
  -3.18924316855594    1.85245983850447   -5.44368973231371
  -3.19322338698875    1.85477173333517   -5.44931584851723
  -3.20027647865228    1.85886849496590   -5.45880273740008
  -3.20610376582891    1.86225325269418   -5.46707718571943
  -3.21074771459092    1.86495067277757   -5.47373516869924
  -3.21879996371323    1.86962779124122   -5.48495855366222
  -3.22122038539621    1.87103368402612   -5.48863780538808
  -3.23168806589542    1.87711379667425   -5.50257364759750
  -3.23249672284636    1.87758350200732   -5.50357890602671
  -3.24243643206220    1.88335694453133   -5.51834623036441
  -3.24458105946884    1.88460264325337   -5.52131143412376
  -3.25263919320097    1.88928317977039   -5.53339355159319
  -3.25747269346154    1.89209070012518   -5.53995495518034
  -3.26311161759224    1.89536604789029   -5.54829466853387
  -3.27056183616664    1.89969347918597   -5.55838854560741
  -3.27385381360669    1.90160561183772   -5.56301984382903
  -3.28324651762535    1.90706132846073   -5.57623183277880
  -3.28486659852315    1.90800234632600   -5.57819985004067
  -3.29452693837082    1.91361351820859   -5.59301547925525
  -3.29614879297061    1.91455556632195   -5.59496764678078
  -3.30560459859453    1.92004793527384   -5.60817006853910
  -3.30904016499047    1.92204347102783   -5.61267291150433
  -3.31577431109188    1.92595497433447   -5.62269137011926
  -3.32193201704143    1.92953165455795   -5.63130749833222
  -3.32677025479104    1.93234192666535   -5.63787588385446
  -3.33461163912380    1.93689656511309   -5.64920493118153
  -3.33724211183094    1.93842446524134   -5.65275489448126
  -3.34770466617383    1.94450160038095   -5.66669470557706
  -3.34852908373683    1.94498046020596   -5.66773310242489
  -3.35820239603660    1.95059916708830   -5.68265490966241
  -3.36061624326700    1.95200124112728   -5.68634646811535
  -3.36867350522829    1.95668127127949   -5.69752970935229
  -3.37351460689071    1.95949320687981   -5.70409615122511
  -3.37915446640037    1.96276909795625   -5.71247188834053
  -3.38640994171879    1.96698341336786   -5.72274164265106
  -3.39020212809699    1.96918609049045   -5.72761134228249
  -3.39928280183433    1.97446056550410   -5.74038400934924
  -3.40091629729098    1.97540937516516   -5.74232808483515
  -3.41098362714136    1.98125694565232   -5.75719955802716
  -3.41220494244448    1.98196634202933   -5.75913203819172
  -3.42106816315420    1.98711451027389   -5.77217007054562
  -3.42510208144317    1.98945759646306   -5.77778385573424
  -3.43155149546470    1.99320371421744   -5.78711354650166
  -3.43780384504464    1.99683536783587   -5.79569345356260
  -3.44260279177140    1.99962281790117   -5.80222300179711
  -3.45115442629350    2.00459000248651   -5.81398087529585
  -3.45332219583738    2.00584914323149   -5.81699836824131
  -3.46296265106862    2.01144876520978   -5.83181502088223
  -3.46379931070899    2.01193473579916   -5.83283410743338
  -3.47404645352959    2.01788674997033   -5.84697916051259
  -3.47670466435857    2.01943076168180   -5.85059064992570
  -3.48394527154023    2.02363644099239   -5.86172620045406
  -3.48958832511483    2.02691418732937   -5.86919283668823
  -3.49524056636874    2.03019727029514   -5.87668622562911
  -3.50250023816497    2.03441402321503   -5.88696103367521
  -3.50571661205238    2.03628224182902   -5.89159961793914
  -3.51567646472892    2.04206738460603   -5.90517957143198
  -3.51648272372223    2.04253569709449   -5.90611294366097
  -3.52626949244830    2.04822030471316   -5.92115435221419
  -3.52860127904968    2.04957471414597   -5.92403279550997
  -3.53716983691268    2.05455172858990   -5.93641022768282
  -3.54120778558521    2.05689715581212   -5.94202749967204
  -3.54764474829668    2.06063604127012   -5.95131646107903
  -3.55412446271369    2.06439975889467   -5.95981083534639
  -3.55870608138842    2.06706097478250   -5.96650458460169
  -3.56730584939900    2.07205611752267   -5.97889093068448
  -3.56891866008143    2.07299291251082   -5.98075805067811
  -3.57914829426596    2.07893475685693   -5.99636059753626
  -3.57978935120881    2.07930711235886   -5.99737688038882
  -3.58961410095178    2.08501378110763   -6.01109211333479
  -3.59283890144897    2.08688689428605   -6.01574816855717
  -3.60009021305890    2.09109879122333   -6.02598409369205
  -3.60575999403501    2.09439206207045   -6.03352460534537
  -3.61058875741219    2.09719683102443   -6.04094060194339
  -3.61861899229617    2.10186116260096   -6.05206007295463
  -3.62190810304046    2.10377163014331   -6.05597042500276
  -3.63052302328926    2.10877557400377   -6.07097784360830
  -3.63209566096217    2.10968903465121   -6.07662817293356
  -3.63438854822407    2.11102084954973   -6.08638251460084
  -3.63466942350525    2.11118399489504   -6.10133975827567
  -3.63389460200102    2.11073394275329   -6.11625359632503
  -3.63311983410483    2.11028392174955   -6.13116783640050
  -3.63233861024387    2.10983015082309   -6.14608766689695
  -3.63164038367711    2.10942458856122   -6.15634776972619
  -3.63080899265409    2.10894167822832   -6.16095415816683
  -3.63043342250390    2.10872352972631   -6.17601411873229
  -3.62921653685777    2.10801670629882   -6.19082629148727
  -3.62839482378428    2.10753941736631   -6.20577894818600
  -3.62634093605906    2.10634642444521   -6.22086622509960
  -3.62261824199767    2.10418411167214   -6.23583788554995
  -3.61834943460341    2.10170459103410   -6.24306461204793
  -3.61287752420279    2.09852625256277   -6.25068571246039
  -3.60579927821112    2.09441488013564   -6.25925954886736
  -3.60017772621627    2.09114962290998   -6.26577253216108
  -3.59295001988959    2.08695143701224   -6.27414647135823
  -3.58793087998565    2.08403608857235   -6.28042888638219
  -3.57990011817235    2.07937145093091   -6.28973352140726
  -3.57568405761711    2.07692256809492   -6.29508563825445
  -3.56685024407523    2.07179148089263   -6.30532102123097
  -3.56283488352225    2.06945917389427   -6.30997353387828
  -3.55420179928937    2.06444467955232   -6.31950941598290
  -3.55001842795029    2.06201478412396   -6.32489227386741
  -3.54135425266817    2.05698223066358   -6.33533096762031
  -3.53794127476038    2.05499981534755   -6.33975298637228
  -3.52850518726630    2.04951889959684   -6.35021994766523
  -3.52448986599892    2.04718661541737   -6.35487284054027
  -3.51565615845367    2.04205558978281   -6.36510933542338
  -3.51164084836882    2.03972331209867   -6.36976235605281
  -3.50260643393654    2.03447570662750   -6.38069900847596
  -3.49939419185191    2.03260988795554   -6.38442153069771
  -3.48975746678189    2.02701243262729   -6.39558924120806
  -3.48654523297360    2.02514661876260   -6.39931186649267
  -3.47710927782291    2.01966577988305   -6.40977996222104
  -3.47314253969936    2.01736171503902   -6.41445956633885
  -3.46426191240422    2.01220343624511   -6.42560412833386
  -3.46104969727270    2.01033763322875   -6.42932696121107
  -3.45141304210384    2.00474021850233   -6.44049560238533
  -3.44820083422478    2.00287441969854   -6.44421853961895
  -3.43856420013853    1.99727701721787   -6.45538749455849
  -3.43535199916990    1.99541122242797   -6.45911053657847
  -3.42571538514005    1.98981383159698   -6.47027980657241
  -3.42250319074002    1.98794804062244   -6.47400295380848
  -3.41286659574095    1.98235066084541   -6.48517254014522
  -3.40965440756791    1.98048487348779   -6.48889579302684
  -3.40001783057463    1.97488750416935   -6.50006569699407
  -3.39670610249878    1.97296389943546   -6.50372203733365
  -3.38709059969352    1.96737877097947   -6.51306484501231
  -3.38128115961761    1.96400437967217   -6.51842823893619
  -3.37392856658536    1.95973365380360   -6.52376987151116
  -3.36113682480299    1.95230361894456   -6.53227632535879
  -3.35954023572485    1.95137624621393   -6.53322915563963
  -3.34822573608266    1.94480426186774   -6.54053609516209
  -3.33779762649947    1.93874713383660   -6.54800967825142
  -3.33532827099934    1.93731281802899   -6.54973386452559
  -3.32252534022162    1.92987628408429   -6.55729825763273
  -3.31525613516585    1.92565399380664   -6.56280424813825
  -3.30960660891324    1.92237248783910   -6.56645865087197
  -3.29662009050311    1.91482931771211   -6.57463342016739
  -3.29265443992826    1.91252588456663   -6.57748935243478
  -3.28390591428588    1.90744433651835   -6.58323939451857
  -3.27102406133027    1.89996196092497   -6.59155965070270
  -3.26944125922189    1.89904259630361   -6.59253870426476
  -3.25836167208345    1.89260705999721   -6.59939212706626
  -3.24618787549769    1.88553595626966   -6.60752989153828
  -3.24530384491479    1.88502247044739   -6.60827404720969
  -3.23249387167220    1.87758184591359   -6.61581810240060
  -3.22363872509995    1.87243836750125   -6.62229880942167
  -3.21960545382486    1.87009565712765   -6.62505695142529
  -3.20692196505124    1.86272850061952   -6.63284732474391
  -3.20111681358772    1.85935660033652   -6.63713286817731
  -3.19388579369551    1.85515648976677   -6.64178537464399
  -3.18107088031483    1.84771299577244   -6.65023006619410
  -3.17860594769238    1.84628124897660   -6.65198924611367
  -3.16818197492615    1.84022652379995   -6.65854524821452
  -3.15616835777775    1.83324845969309   -6.66701305925824
  -3.15528432621920    1.83273497330411   -6.66775734289524
  -3.14245604774500    1.82528371624573   -6.67526193321287
  -3.13205520750241    1.81924242750799   -6.68188100820766
  -3.12958788828955    1.81780929447014   -6.68360997800873
  -3.11675611184938    1.81035600563145   -6.69202550130796
  -3.10963644210535    1.80622057237435   -6.69688277796073
  -3.10400591265509    1.80295010062765   -6.70065926830171
  -3.09109987461862    1.79545367722146   -6.70884035407427
  -3.08704716454869    1.79309967589736   -6.71162768971038
  -3.07815078298665    1.78793224629708   -6.71707334891631
  -3.06533873117518    1.78049041443440   -6.72469520200628
  -3.06283982567139    1.77903893461887   -6.72627352043641
  -3.05244286871501    1.77299990147325   -6.73111424068163
  -3.03948794899611    1.76547508532661   -6.73538254100324
  -3.02670735742178    1.75805152702375   -6.74032015042458
  -3.02582343681554    1.75753810508101   -6.74097108496670
  -3.01375547308005    1.75052847396446   -6.74550644829518
  -3.00089515676113    1.74305860784508   -6.74928172533550
  -2.98792432293374    1.73552454804868   -6.75467513967821
  -2.98481928554417    1.73372099881859   -6.75579789968790
  -2.97516264694588    1.72811197679272   -6.75940630298674
  -2.96230334421714    1.72064269941337   -6.76318221438182
  -2.94945257572771    1.71317837911465   -6.76788790734935
  -2.94302138196525    1.70944284452888   -6.77067159922949
  -2.93657078787557    1.70569604133636   -6.77330746244086
  -2.92370606501237    1.69822361569239   -6.77700809854959
  -2.91073176060896    1.69068754002504   -6.78143750168914
  -2.90119502066212    1.68514816067762   -6.78535130241886
  -2.89798577409655    1.68328408194158   -6.78635261699475
  -2.88512257036992    1.67581253868235   -6.79098713828576
  -2.87234588728983    1.66839125061359   -6.79505186179605
  -2.86012413772795    1.66129229358113   -6.80000290382316
  -2.85924021008972    1.66077886755388   -6.80065401689999
  -2.84652581317334    1.65339375816786   -6.80481521757491
  -2.83368471449856    1.64593505454443   -6.80866552290525
  -2.82093244145182    1.63852794495127   -6.81367360365360
  -2.81762613512858    1.63660748942189   -6.81521300195910
  -2.80793703889268    1.63097961449991   -6.81872076980121
  -2.79508200675040    1.62351281767455   -6.82249947600064
  -2.78223537932931    1.61605090269974   -6.82720763558187
  -2.77655919824430    1.61275391437356   -6.82984070295252
  -2.76934913634632    1.60856597717553   -6.83262766112907
  -2.75649506858661    1.60109974050815   -6.83640704276640
  -2.74503230888023    1.59444163986413   -6.84083174731145
      
      
