# shadow point cont 3D ind 103  size 1167
# norm  0.6902512 -0.7235698  0.0000000
# angle  0.8089601
   2.39411725401734    2.28387427361272   -6.83613667357728
   2.39470225193223    2.28443233386883   -6.83649295558913
   2.40142392518701    2.29084449125021   -6.83519110375317
   2.41207492094902    2.30100503588034   -6.83218045790224
   2.42203966266116    2.31051092670559   -6.82808364095543
   2.42277775179145    2.31121502871791   -6.82744488218236
   2.43363579108842    2.32157308305741   -6.82297261234795
   2.44440083316033    2.33184242245636   -6.81927167250175
   2.45508148614527    2.34203125867011   -6.81478318748012
   2.45771183259977    2.34454048439330   -6.81363878194873
   2.46592931419678    2.35237957196589   -6.81000340138787
   2.47669528035857    2.36264979290276   -6.80563239712575
   2.48731842877199    2.37278377248352   -6.80207495917974
   2.49536678196761    2.38046151958533   -6.79841171297226
   2.49812914991545    2.38309668754953   -6.79687250206963
   2.50898831256351    2.39345581351267   -6.79240200283423
   2.51972985611894    2.40370273644176   -6.78865654337493
   2.52978101055894    2.41329106090963   -6.78403648109813
   2.53051909513634    2.41399515857872   -6.78339785696640
   2.54128379094600    2.42426416765991   -6.77943580412780
   2.55204980594680    2.43453443518687   -6.77573627059626
   2.56272401372928    2.44471712298325   -6.77115943600626
   2.56737479743687    2.44915374998808   -6.76908245393548
   2.57348512076835    2.45498270854757   -6.76630717480279
   2.58434544954587    2.46534294694288   -6.76183840410922
   2.59507852443660    2.47558179116764   -6.75807744835243
   2.60375768696405    2.48386130044385   -6.75424349721311
   2.60578214213933    2.48579253463262   -6.75334322546481
   2.61664298270876    2.49615326125313   -6.74887517732137
   2.62740971825011    2.50642421614159   -6.74517661308176
   2.63797968512254    2.51650746305540   -6.74098344466716
   2.64137723355678    2.51974856306806   -6.73926784150592
   2.64884589611422    2.52687331280395   -6.73574880664125
   2.65970667812294    2.53723398356032   -6.73060957967597
   2.66904605647554    2.54614330741037   -6.72531770013172
   2.67037052370621    2.54740678631029   -6.72433838400820
   2.68102590637435    2.55757151584074   -6.71657160585029
   2.68908712622399    2.56526153712004   -6.71010067316340
   2.69188496874483    2.56793054614382   -6.70757556254012
   2.70273402381332    2.57828002995559   -6.69934726837940
   2.70791042498039    2.58321807107932   -6.69549169008340
   2.71340762405274    2.58846213818472   -6.69084593412072
   2.72425712430085    2.59881204667673   -6.68261825962045
   2.72684360414659    2.60127942573638   -6.68067348572293
   2.73501877515049    2.60907815101053   -6.67425406815907
   2.74512328843787    2.61871737728723   -6.66602882089834
   2.74585670418188    2.61941702111077   -6.66524297914321
   2.75654225905761    2.62961053349577   -6.65752626860470
   2.76520233120849    2.63787183145844   -6.65094939492662
   2.76724960570924    2.63982483420108   -6.64915824684316
   2.77794647827247    2.65002914312299   -6.64062031679722
   2.78323699085521    2.65507604112336   -6.63600903204590
   2.78873772897009    2.66032348430743   -6.63136525191103
   2.79948646984453    2.67057727313739   -6.62298404562639
   2.80215269001683    2.67312072068537   -6.62104004575318
   2.81035094377021    2.68094146580738   -6.61477695169846
   2.82089579486980    2.69100075346551   -6.60693572447097
   2.82162921679263    2.69170040318335   -6.60615001023254
   2.83187536157632    2.70147473918795   -6.59805193994929
   2.84053398586684    2.70973465596054   -6.59147509729680
   2.84258133537586    2.71168773025750   -6.58968423825734
   2.85327900473910    2.72189279928882   -6.58114783497671
   2.85938643060530    2.72771899380390   -6.57649553030657
   2.86421555713641    2.73232575140106   -6.57224942452566
   2.87490373992903    2.74252177069408   -6.56297341493836
   2.87561224207380    2.74319764812595   -6.56210715928459
   2.88569593451869    2.75281701230674   -6.55096427327319
   2.88847229962557    2.75546553289659   -6.54744159634972
   2.89653630289547    2.76315820942675   -6.53627103435203
   2.89922430247438    2.76572243349534   -6.53254755865152
   2.90728832235743    2.77341512587366   -6.52137731538951
   2.90997632765268    2.77597935539536   -6.51765394571774
   2.91787246125893    2.78351189223083   -6.50718397631815
   2.92123247869387    2.78671718945079   -6.50252989370676
   2.92879243198511    2.79392902621551   -6.49159114617528
   2.93148044957040    2.79649326746132   -6.48786798727191
   2.93940959934179    2.80405730015192   -6.47655336278620
   2.94206328711349    2.80658879238431   -6.47274238385340
   2.95025276386740    2.81440116466525   -6.46171359344395
   2.95298467453096    2.81700727782526   -6.45808370725953
   2.96091323675611    2.82457075002462   -6.44676986938853
   2.96306343930548    2.82662194124231   -6.44318978898729
   2.97179958334044    2.83495580817324   -6.43109073974422
   2.97381561747927    2.83687900909277   -6.42829868444791
   2.98238392001398    2.84505276319555   -6.41689977804018
   2.98507197598090    2.84761704105561   -6.41317713869210
   2.99313616007022    2.85530989007893   -6.40200939594869
   2.99532006586288    2.85739323259170   -6.39851771190848
   3.00390451978783    2.86558239435449   -6.38626068555360
   3.00590309550152    2.86748894076473   -6.38339456978742
   3.01463934353868    2.87582290690883   -6.37129685122739
   3.01665540477400    2.87774613367712   -6.36850510312774
   3.02539168103621    2.88608012674657   -6.35640771445233
   3.02740774893023    2.88800335986696   -6.35361604231185
   3.03630700592637    2.89649282882411   -6.33991632215266
   3.03688949677127    2.89704849745439   -6.33899573697605
   3.04174794426233    2.90168322585623   -6.32459289918939
   3.04343629504830    2.90329383240378   -6.30966303015990
   3.04411369737166    2.90394004208152   -6.29459428217183
   3.04409269987945    2.90392001147016   -6.27959577129651
   3.04439793329277    2.90421118966495   -6.26477976742896
   3.04437817316643    2.90419233944192   -6.24975440736733
   3.04435262148332    2.90416796434851   -6.23483506667754
   3.04499469946399    2.90478047627926   -6.22002227214880
   3.04497511321759    2.90476179192945   -6.20500003059939
   3.04561727511737    2.90537438391505   -6.19018681408035
   3.04593449681492    2.90567699836422   -6.17517042862537
   3.04590921212180    2.90565287796659   -6.16025315462316
   3.04587419050983    2.90561946901034   -6.14519394781714
   3.04400373952666    2.90383514751425   -6.12982525060243
   3.03857519919873    2.89865657759357   -6.11447583230850
   3.03733317089566    2.89747174151935   -6.11249582968471
   3.02976090391519    2.89024815807931   -6.09925644543871
   3.02663211508769    2.88726344198042   -6.09449498237305
   3.02011404380215    2.88104551121799   -6.08397662806972
   3.01598604530587    2.87710759650168   -6.07740963274623
   3.01098440430433    2.87233626828453   -6.06938615814821
   3.00497375897354    2.86660239780857   -6.05997168740265
   3.00159929470078    2.86338331899075   -6.05445486756853
   2.99399478429693    2.85612897685457   -6.04229332296231
   2.99264693237751    2.85484319007105   -6.03975861542420
   2.98384987744959    2.84645121703810   -6.02481317511358
   2.98321321672443    2.84584387291209   -6.02383656089320
   2.97452455469338    2.83755530156015   -6.00966267820909
   2.97258829286521    2.83570819964026   -6.00675611966999
   2.96497890121331    2.82844920102503   -5.99467840814871
   2.96164470807650    2.82526853896027   -5.98922045497937
   2.95569094932948    2.81958893558630   -5.97976392912111
   2.95093945884405    2.81505623909336   -5.97223448547813
   2.94620371606847    2.81053856516847   -5.96481666761279
   2.94001180215663    2.80463177306631   -5.95469285074887
   2.93681482873645    2.80158201210096   -5.94989443661215
   2.92929754488444    2.79441087995685   -5.93688316642097
   2.92800397664791    2.79317687723136   -5.93495011376616
   2.91907439387757    2.78465847892441   -5.92025632261933
   2.91843789570901    2.78405128986968   -5.91927999848230
   2.90991021383183    2.77591628594698   -5.90482673808597
   2.90794615915994    2.77404267097279   -5.90194994783602
   2.90045178403882    2.76689339267106   -5.89018364363429
   2.89694515168679    2.76354823177621   -5.88449917880666
   2.89092342111766    2.75780378650881   -5.87522046124762
   2.88600689135072    2.75311365037143   -5.86696987951514
   2.88192271466427    2.74921753958262   -5.86051000845950
   2.87524960701736    2.74285171148701   -5.85015695638434
   2.87252350216313    2.74025113679364   -5.84558923317363
   2.86453758015375    2.73263294608151   -5.83235228931516
   2.86324433279135    2.73139924945472   -5.83041980523495
   2.85431563856642    2.72288169877794   -5.81572992136403
   2.85367929939658    2.72227466140044   -5.81475388183507
   2.84499855315965    2.71399364134053   -5.80058897651418
   2.84305257774053    2.71213727311574   -5.79769691828769
   2.83569570646593    2.70511916695985   -5.78566524414796
   2.83219525247423    2.70177989992763   -5.77998361052448
   2.82617246317527    2.69603444468218   -5.77070718555146
   2.82125926076179    2.69134748268215   -5.76245928779048
   2.81669263295007    2.68699113640929   -5.75576910039094
   2.81050389524947    2.68108737426196   -5.74565109600487
   2.80777669919293    2.67848575861336   -5.74108431157519
   2.79962687987932    2.67071121764895   -5.72711677146319
   2.79898041298499    2.67009451890280   -5.72615080858246
   2.78971788097714    2.66125850281973   -5.71099096336155
   2.78906756142702    2.66063812882274   -5.71002905675021
   2.78026020178133    2.65223632557794   -5.69609706282846
   2.77831469422237    2.65038040366952   -5.69320583543374
   2.77095588056423    2.64336044457190   -5.68117658476337
   2.76746159170107    2.64002705877980   -5.67549767369344
   2.76143770840829    2.63428055991617   -5.66622352685955
   2.75669597450460    2.62975717073930   -5.65870159424559
   2.75196150180354    2.62524070840525   -5.65128987690840
   2.74577429929065    2.61933841075416   -5.64117469574968
   2.74304599490852    2.61673573781553   -5.63660885066576
   2.73525674062190    2.60930515878020   -5.62416977120512
   2.73377392015666    2.60789061840743   -5.62144841727248
   2.72484684516588    2.59937461240320   -5.60676616946643
   2.72421081335792    2.59876786823436   -5.60579068269912
   2.71553779370548    2.59049421896947   -5.59163434150354
   2.71359274331416    2.58863873317730   -5.58874392861714
   2.70601716027386    2.58141198637351   -5.57666821779653
   2.70266825196788    2.57821728673553   -5.57121501184276
   2.69719338693828    2.57299452524729   -5.56199907752899
   2.69181216159269    2.56786109157495   -5.55352615799309
   2.68772870853901    2.56396567109746   -5.54707147344209
   2.68089293274817    2.55744466531017   -5.53599759508183
   2.67833102371048    2.55500072563566   -5.53216227380938
   2.67018773107786    2.54723241081527   -5.51820279620572
   2.66954156724010    2.54661600117071   -5.51723737465888
   2.66028463876517    2.53778533059219   -5.50208597950773
   2.65963462184763    2.53716524529233   -5.50112461175712
   2.65083096291263    2.52876697234994   -5.48720023738769
   2.64871909466523    2.52675235023760   -5.48357894798575
   2.64152352617148    2.51988811928177   -5.47228617035130
   2.63804151629023    2.51656644705586   -5.46661240235419
   2.63248986271116    2.51127043293459   -5.45757283121384
   2.62711195969813    2.50614016860988   -5.44910247218994
   2.62302870242495    2.50224493489770   -5.44264946452730
   2.61619453895245    2.49572546718562   -5.43157856175982
   2.61413499913379    2.49376076391162   -5.42798642953742
   2.60549132107661    2.48551510513653   -5.41378842108092
   2.60484530344719    2.48489883496778   -5.41282326201554
   2.59544057164141    2.47592716702403   -5.39791730609006
   2.59480483307812    2.47532070259669   -5.39694235010545
   2.58613934434322    2.46705423746984   -5.38279417475108
   2.58419517632443    2.46519959341920   -5.37990534184499
   2.57683027123985    2.45817382338975   -5.36788325576857
   2.57318610295297    2.45469745973832   -5.36149326354952
   2.56780144810410    2.44956075448257   -5.35317447459456
   2.56255564563328    2.44455650780774   -5.34465721155104
   2.55852306155269    2.44070961391714   -5.33802291860316
   2.55170003505457    2.43420077035024   -5.32697669981290
   2.54961003343822    2.43220700796647   -5.32335213826244
   2.54080986804153    2.42381206769388   -5.30940168588514
   2.54016399308658    2.42319593362981   -5.30843678383814
   2.53075996974713    2.41422494152933   -5.29353451324836
   2.52995909171958    2.41346094188797   -5.29181395367245
   2.52194335944236    2.40581431359465   -5.27864692617439
   2.51918457354101    2.40318256273285   -5.27406483268553
   2.51246469204288    2.39677211460231   -5.26369531476040
   2.50860000218025    2.39308538383007   -5.25801231672562
   2.50312777983686    2.38786514333910   -5.24880343009887
   2.49758853525642    2.38258096681379   -5.23961530944555
   2.49373113099268    2.37890118615722   -5.23390714772581
   2.48703074144247    2.37250933242022   -5.22261250674611
   2.48440871983309    2.37000804820431   -5.21874524833202
   2.47614300869759    2.36212295194021   -5.20504201373535
   2.47549727289282    2.36150695061881   -5.20407736324000
   2.46609390762571    2.35253658628811   -5.18917870835067
   2.46545844826620    2.35193038820793   -5.18820426113327
   2.45728100113881    2.34412949161996   -5.17429513056429
   2.45468989677777    2.34165770099211   -5.17044537384395
   2.44780827260763    2.33509295802622   -5.15934735504448
   2.44377345985483    2.33124393808807   -5.15292918369613
   2.43846849558623    2.32618325386504   -5.14445911975228
   2.43293254070428    2.32090221555602   -5.13527351906078
   2.42907208594574    2.31721952487214   -5.12956626505146
   2.42237574012231    2.31083152865863   -5.11827489666023
   2.42024440735955    2.30879833832212   -5.11464124177946
   2.41167321708067    2.30062182944840   -5.10148089303738
   2.41084478056163    2.29983154031366   -5.09974442296446
   2.40144202386516    2.29086175653048   -5.08484931246519
   2.40064154570415    2.29009813834284   -5.08312957463342
   2.39215212580037    2.28199963452745   -5.06973847137060
   2.39004220213357    2.27998686745274   -5.06612086890489
   2.38329539581143    2.27355073431751   -5.05506103347505
   2.37921205174205    2.26965541780588   -5.04845402269051
   2.37382323398666    2.26451474133480   -5.04014096525465
   2.36845829308810    2.25939684225233   -5.03168017459742
   2.36442701517656    2.25555119438504   -5.02525146901669
   2.35773466958129    2.24916701419942   -5.01396329205143
   2.35560537691673    2.24713577001979   -5.01033062587143
   2.34685162278951    2.23878510389633   -4.99640154926294
   2.34620615475060    2.23816935801086   -4.99543738545970
   2.33727406064596    2.22964856401013   -4.98077432663526
   2.33600367228578    2.22843667378694   -4.97882640622198
   2.32799829772160    2.22079992626044   -4.96566990341832
   2.32540825704797    2.21832915033993   -4.96182207861502
   2.31865910575307    2.21189078021195   -4.95076423236647
   2.31467590096202    2.20809099182083   -4.94411441252656
   2.30928153714957    2.20294502467444   -4.93559971695713
   2.30378156883069    2.19769831583923   -4.92659013753665
   2.29985816248953    2.19395557233222   -4.92070243921261
   2.29292057028062    2.18733743851268   -4.90988783807629
   2.29084316136781    2.18535568897064   -4.90629630946913
   2.28222637448389    2.17713568309901   -4.89211960161865
   2.28158103507986    2.17652005992511   -4.89115567295217
   2.27282173288163    2.16816410120514   -4.87625881862817
   2.27152334491641    2.16692550068716   -4.87433905530421
   2.26339363645950    2.15917014452591   -4.86142125483876
   2.26086552641825    2.15675844749044   -4.85751572892160
   2.25408985167046    2.15029477524679   -4.84622644914502
   2.25005651645843    2.14644716481244   -4.83984483442484
   2.24466809864043    2.14130686986266   -4.83133220777913
   2.23916332961504    2.13605558138121   -4.82232454673214
   2.23579812063700    2.13284533167544   -4.81668049146597
   2.22849287959831    2.12587647831506   -4.80541578814883
   2.22592736794845    2.12342910191947   -4.80156561932587
   2.21761238404351    2.11549700177101   -4.78785935547262
   2.21696906213264    2.11488330318987   -4.78689870751884
   2.20803781282197    2.10636331508250   -4.77224220566708
   2.20676792717309    2.10515190442204   -4.77029521458345
   2.19876203636939    2.09751466442754   -4.75713387510215
   2.19618017566102    2.09505169180579   -4.75329933190961
   2.18942625738555    2.08860877420451   -4.74224534179282
   2.18545010584045    2.08481571427539   -4.73559972284236
   2.18006758499937    2.07968104476182   -4.72708909895599
   2.17472241264427    2.07458200393190   -4.71883176079481
   2.17064794253688    2.07069515275898   -4.71219881829478
   2.16370596744216    2.06407283787433   -4.70138952067510
   2.16160513203600    2.06206874056908   -4.69778880113963
   2.15302592994093    2.05388458880284   -4.68365139250119
   2.15236987745571    2.05325874585776   -4.68266591115813
   2.14343898402211    2.04473909724023   -4.66801257515725
   2.14216933936057    2.04352791647026   -4.66606603219760
   2.13414822836634    2.03587615713609   -4.65287699329188
   2.13158532182694    2.03343126589228   -4.64907422020650
   2.12472986439468    2.02689148475286   -4.63798912495196
   2.12067683418539    2.02302508622554   -4.63157859603608
   2.11537522032869    2.01796759813650   -4.62311833253219
   2.11002267289787    2.01286152183425   -4.61466614661935
   2.10594022551413    2.00896706071818   -4.60822548607654
   2.09911758238483    2.00245858286693   -4.59717618980001
   2.09701540203687    2.00045320255101   -4.59357608096312
   2.08843726256044    1.99227006447254   -4.57944171997156
   2.08778312355976    1.99164604690093   -4.57845670585953
   2.07885254278364    1.98312669654380   -4.56380645849931
   2.07758313222270    1.98191573909470   -4.56186035263834
   2.06956900793703    1.97427064474902   -4.54867433396277
   2.06693772186595    1.97176052267619   -4.54491082509430
   2.05948041762388    1.96464660823429   -4.53378860582291
   2.05622942423776    1.96154531478436   -4.52986510039556
   2.04744401863247    1.95316445465251   -4.51860696814467
   2.04530574237823    1.95112464055454   -4.51603838881606
   2.03467871252070    1.94098695826023   -4.50465025573126
   2.03396881867830    1.94030975321486   -4.50378712874963
   2.02395336104694    1.93075548180883   -4.49340345163881
   2.01991184162736    1.92690006402877   -4.48888557184585
   2.01326117025023    1.92055563907006   -4.48126800828812
   2.00709469530171    1.91467311453197   -4.47400320661582
   2.00232290590534    1.91012105384106   -4.46853345950226
   1.99368700043047    1.90188280974072   -4.45906050877086
   1.99157741335863    1.89987036376164   -4.45642687272700
   1.98127962113354    1.89004675854830   -4.44468037371791
   1.98056981339496    1.88936963564189   -4.44381737900696
   1.97010440330774    1.87938613094055   -4.43313158013972
   1.96733126481889    1.87674068839123   -4.42956339244980
   1.95946223900218    1.86923401110088   -4.42079453674262
   1.95400453625595    1.86402762161673   -4.41444881293024
   1.94858252925386    1.85885528417893   -4.40801892097349
   1.94131645455247    1.85192379364613   -4.39956228381921
   1.93790443772695    1.84866889147462   -4.39570312459693
   1.92776961000626    1.83900074666679   -4.38468020720609
   1.92706457200303    1.83832817386159   -4.38380666543892
   1.91627691160451    1.82803725765215   -4.37176895488163
   1.91487327471991    1.82669825465853   -4.37002124606305
   1.90550308958242    1.81775954259729   -4.35969294128613
   1.90144325262134    1.81388665075170   -4.35513553420816
   1.89479632277880    1.80754579503947   -4.34755677799616
   1.88808424523672    1.80114279151275   -4.34003267564598
   1.88407012397603    1.79731351027639   -4.33544125402335
   1.87535417519650    1.78899890866100   -4.32507551387687
   1.87337834455182    1.78711405996747   -4.32314034688192
   1.86259231461879    1.77682469914475   -4.31112627981343
   1.86188269130342    1.77614775216933   -4.31026357117469
   1.85163408589499    1.76637106884546   -4.29850873054936
   1.84899096140441    1.76384965348209   -4.29560540440105
   1.84101456343559    1.75624054825280   -4.28710563597915
   1.83561654417887    1.75109109398601   -4.28072539336708
   1.83039754918655    1.74611242037382   -4.27475244182547
   1.82234256188653    1.73842834465115   -4.26561199940120
   1.81945152032934    1.73567042816844   -4.26204925752625
   1.80934265562125    1.72602705084283   -4.25096083159326
   1.80863560276577    1.72535255596418   -4.25009245848485
   1.79785060508388    1.71506417986008   -4.23807647299324
   1.79593693039469    1.71323862499916   -4.23607950958242
   1.78721803961294    1.70492121685323   -4.22575474662615
   1.78315598743271    1.70104621179367   -4.22119997198755
   1.77651158255761    1.69470776478057   -4.21362338371886
   1.76980449662810    1.68830952301543   -4.20610036706478
   1.76569208483335    1.68438647727288   -4.20159921268584
   1.75680704897843    1.67591057460975   -4.19167206718764
   1.75489098834596    1.67408274367213   -4.18965288722403
   1.74418989367577    1.66387440706049   -4.17742164602947
   1.74296839784463    1.66270915799034   -4.17633507399510
   1.73343913073134    1.65361868927169   -4.16533338500222
   1.73007529562729    1.65040975017653   -4.16168640057132
   1.72274308289137    1.64341516709665   -4.15319159600166
   1.71674702334159    1.63769521076376   -4.14658286046483
   1.71202323247786    1.63318893839573   -4.14107766741197
   1.70382279478330    1.62536610989744   -4.13178086265975
   1.70123767383218    1.62290002715878   -4.12902109913303
   1.69095631499419    1.61309209861708   -4.11728601543352
   1.69025890275329    1.61242680042735   -4.11639805585181
   1.67958849826965    1.60224774079762   -4.10417819377391
   1.67764661658467    1.60039527780096   -4.10218163446433
   1.66904690092498    1.59219155706731   -4.09271203388075
   1.66429921995405    1.58766249467046   -4.08708970999146
   1.65809865835151    1.58174745308165   -4.07999436371743
   1.65149256312209    1.57544555165298   -4.07243793785038
   1.64744062444718    1.57158019439767   -4.06771102324373
   1.63800853561728    1.56258242915083   -4.05755791907346
   1.63659930413243    1.56123808917400   -4.05581217906697
   1.62596223240470    1.55109082741196   -4.04362030874972
   1.62468042054653    1.54986803971366   -4.04246237614255
   1.61521630361117    1.54083972117377   -4.03236231781235
   1.61167746057804    1.53746383281735   -4.02803763030352
   1.60456660016051    1.53068040934735   -4.02019153020863
   1.59850434845553    1.52489730883882   -4.01271256583304
   1.59373646352954    1.52034897282741   -4.00724888479299
   1.58565358716326    1.51263829225870   -3.99807373852799
   1.58299789470346    1.51010488764897   -3.99515635418261
   1.57284336504708    1.50041794812923   -3.98319622741090
   1.57213664311547    1.49974376893625   -3.98232838562270
   1.56151796861931    1.48961405726029   -3.97097604743710
   1.55882690234544    1.48704690771022   -3.96810816046332
   1.55081942129777    1.47940815069840   -3.95978128726752
   1.54545202021476    1.47428790471668   -3.95322551566892
   1.54010999337289    1.46919186455715   -3.94751518333094
   1.53133186633021    1.46081794782871   -3.93826928776274
   1.52932679692962    1.45890520674924   -3.93639044118491
   1.51856417677951    1.44863817774879   -3.92618005210641
   1.51640230487384    1.44657585451883   -3.92371207036703
   1.50779948635732    1.43836917380697   -3.91597308260281
   1.50034521012124    1.43125814793912   -3.90884578619306
   1.49703988904173    1.42810502844723   -3.90576269862210
   1.48632787823565    1.41788627835986   -3.89643519230503
   1.48416580182374    1.41582376004065   -3.89396756041875
   1.47560294930322    1.40765520499284   -3.88619374125259
   1.46814380657005    1.40053953671765   -3.87888334239933
   1.46480505154592    1.39735452282883   -3.87601911771200
   1.45403228651046    1.38707781608906   -3.86597042314337
   1.45201318069012    1.38515168493110   -3.86401785500276
   1.44341311981460    1.37694763487793   -3.85641772636883
   1.43606631043552    1.36993912729299   -3.84890923087688
   1.43257160536357    1.36660534445747   -3.84534945025391
   1.42180840899345    1.35633776577045   -3.83607559370181
   1.41978038284149    1.35440312503934   -3.83427747590227
   1.41097824062285    1.34600629897241   -3.82609767663366
   1.40367761315905    1.33904184674359   -3.81940292973158
   1.40023092393877    1.33575386875248   -3.81588012759769
   1.38942906970608    1.32544941229866   -3.80574971290280
   1.38814239455450    1.32422198524919   -3.80474779277281
   1.37888448559901    1.31539037933874   -3.79606412137495
   1.37215205836500    1.30896796317139   -3.78965718427974
   1.36810956049300    1.30511161199414   -3.78587346140868
   1.35729909112580    1.29479893711074   -3.77586761044449
   1.35657129891054    1.29410465786682   -3.77501368993206
   1.34665477555706    1.28464476506806   -3.76632889622834
   1.34047237305668    1.27874704640116   -3.76014597733472
   1.33588074478616    1.27436685087672   -3.75613872696353
   1.32506957296947    1.26405350588983   -3.74613420039664
   1.32434260445272    1.26336001241522   -3.74527997677592
   1.31431146088438    1.25379077736952   -3.73593305304250
   1.30838290519335    1.24813521651522   -3.73018839669888
   1.30360781699950    1.24358000892801   -3.72553038224480
   1.29284148452895    1.23330943854998   -3.71640291395935
   1.29211533719106    1.23261672844104   -3.71554839243684
   1.28224385268732    1.22319980056808   -3.70682728732484
   1.27607915027272    1.21731896694326   -3.70048043784214
   1.27131598206448    1.21277513045680   -3.69601865549761
   1.26071581711896    1.20266307601398   -3.68642664330419
   1.25997279656780    1.20195426966011   -3.68561289746591
   1.24985804992032    1.19230528124338   -3.67647383866659
   1.24446900423709    1.18716438733996   -3.67095716396034
   1.23920273323445    1.18214061465689   -3.66601917254489
   1.22849128653477    1.17192240270026   -3.65669919139927
   1.22777781301199    1.17124178280963   -3.65587452070535
   1.21777374932786    1.16169838068869   -3.64645991709488
   1.21232780468433    1.15650320787666   -3.64101517170907
   1.20702371588592    1.15144335881066   -3.63624984902566
   1.19678071280251    1.14167201983907   -3.62636736388595
   1.19605485211789    1.14097958318374   -3.62555592248981
   1.18555069884135    1.13095911931794   -3.61673536397805
   1.18010530122406    1.12576446834299   -3.61129082946858
   1.17460667865762    1.12051904329176   -3.60597403525401
   1.16455907994665    1.11093411082070   -3.59664389202677
   1.16383325269678    1.11024170606054   -3.59583250341842
   1.15317120699617    1.10007062031323   -3.58639599798045
   1.14845204431847    1.09556876301510   -3.58178302357905
   1.14258004588242    1.08996715509875   -3.57680402577154
   1.13233874286493    1.08019743790938   -3.56692242938221
   1.13161294843220    1.07950506445522   -3.56611109294961
   1.12095077591485    1.06933385773077   -3.55667549392351
   1.11566419495326    1.06429071031044   -3.55184817781367
   1.11023567200087    1.05911215696520   -3.54723430977030
   1.09960645339875    1.04897238671241   -3.53966557499022
   1.09626474915616    1.04578455940910   -3.53679064262336
   1.08889193714287    1.03875124654480   -3.53107156706292
   1.07812768727073    1.02848266286684   -3.52294675748352
   1.07676530872003    1.02718301836629   -3.52195151525164
   1.06741433613211    1.01826263416582   -3.51528047221689
   1.05722403858909    1.00854157377919   -3.50728498533285
   1.05648781023427    1.00783924685838   -3.50652503406205
   1.04599251525116    0.99782723338423   -3.49944652794937
   1.03714512948263    0.98938724711724   -3.49224595996545
   1.03506453500082    0.98740245869351   -3.49057417943726
   1.02441302186604    0.97724142051430   -3.48302898949039
   1.01773701253136    0.97087282434623   -3.47734748130936
   1.01372245736164    0.96704312918124   -3.47441387193442
   1.00302679526942    0.95683997499124   -3.46694904042610
   0.99758721997728    0.95165087823825   -3.46249716596966
   0.99211222160069    0.94642798954331   -3.45806824481317
   0.98147924570667    0.93628463501230   -3.45050442921406
   0.97808603585441    0.93304767380100   -3.44766680187712
   0.97081818192969    0.92611448597355   -3.44279935767771
   0.95989918281499    0.91569827886014   -3.43392256233547
   0.95855698958952    0.91441789020217   -3.43299384678654
   0.94919937538928    0.90549117021866   -3.42643661700530
   0.93864853591663    0.89542616993675   -3.41850301565008
   0.93791241470227    0.89472394522285   -3.41774322399376
   0.92787452549983    0.88514827516227   -3.41029329898458
   0.91842642799015    0.87613523839444   -3.40290692467875
   0.91708428665179    0.87485489923433   -3.40197828830732
   0.90640874452536    0.86467093853711   -3.39450159017047
   0.89889849911613    0.85750652073348   -3.38823566384241
   0.89547609211951    0.85424170683170   -3.38563573120107
   0.88494672008223    0.84419718546463   -3.37870869317519
   0.87885198127691    0.83838309380371   -3.37332640549664
   0.87409193345341    0.83384223401624   -3.36952478764139
   0.86334010077419    0.82358549575120   -3.36231925480016
   0.85927610644882    0.81970863797733   -3.35868932441836
   0.85266374711735    0.81340076089249   -3.35369538733561
   0.84185143809746    0.80308633106770   -3.34562597672232
   0.83919907336772    0.80055610095456   -3.34365025292263
   0.83119103559029    0.79291681284898   -3.33791163815912
   0.82041864734470    0.78264046554887   -3.32979722751571
   0.81966052368938    0.78191725155018   -3.32899194085273
   0.80958453504733    0.77230523643180   -3.32157171498858
   0.79952881392653    0.76271255556712   -3.31413858016322
   0.79879280900804    0.76201044179396   -3.31337896832653
   0.78827039053323    0.75197255379558   -3.30632594854293
   0.77808222126324    0.74225352368046   -3.29881697497227
   0.77735204149251    0.74155696682190   -3.29821623259625
   0.76664573902534    0.73134366221902   -3.29560003896505
   0.75587371094777    0.72106765850211   -3.29428091603397
   0.74506672476713    0.71075830641343   -3.29388925220588
   0.73433061271063    0.70051656487662   -3.29388482120058
   0.72359454014877    0.69027486101582   -3.29388046303300
   0.71285850643502    0.68003319421428   -3.29387617771487
   0.70212251092285    0.66979156385523   -3.29387196525787
   0.69138655296575    0.65954996932193   -3.29386782567367
   0.68065076018802    0.64930853236193   -3.29340242108925
   0.66991488032266    0.63906701232444   -3.29339776568248
   0.65927223494260    0.62891443356251   -3.29372985733549
   0.64833003310392    0.61847609215125   -3.29328630552233
   0.63770745180369    0.60834265356956   -3.29338424361141
   0.62704190338062    0.59816822639122   -3.29329606107037
   0.61623606795802    0.58785997207111   -3.29291161902437
   0.60550039041260    0.57761864503725   -3.29290740868665
   0.59476474459817    0.56737734827325   -3.29290327236521
   0.58402912986821    0.55713608116236   -3.29289921006014
   0.57329354557621    0.54689484308785   -3.29289522177153
   0.56255799107567    0.53665363343297   -3.29289130749945
   0.55182246572008    0.52641245158100   -3.29288746724399
   0.54108696886294    0.51617129691518   -3.29288370100523
   0.53035149985772    0.50593016881879   -3.29288000878326
   0.51961605805794    0.49568906667509   -3.29287639057815
   0.50888084844641    0.48544818602796   -3.29240891166366
   0.49814525348863    0.47520693777880   -3.29286937621885
   0.48740988942610    0.46496590979275   -3.29286598006483
   0.47667477002392    0.45472511520107   -3.29239872328557
   0.46593945935747    0.44448413815234   -3.29239547517509
   0.45520394236889    0.43424296428209   -3.29285623570628
   0.44446890735712    0.42400225019486   -3.29238920097801
   0.43380278071478    0.41382727142276   -3.29230263631441
   0.42291656799885    0.40344234097824   -3.29201581690779
   0.41233224047905    0.39334539468816   -3.29229682580891
   0.40152809528217    0.38303875276320   -3.29191357777646
   0.39079293266882    0.37279791695011   -3.29191084846093
   0.38005778885583    0.36255709907168   -3.29190819314484
   0.36932293130153    0.35231655427044   -3.29144167729312
   0.35858782795204    0.34207577499226   -3.29143916989089
   0.34785274146339    0.33183501179852   -3.29143673647893
   0.33711738867747    0.32159399456982   -3.29189831187639
   0.32647285906468    0.31143961833927   -3.29179028256283
   0.31556626172604    0.30103524193182   -3.29106227137324
   0.30498095857845    0.29093736493911   -3.29134433253859
   0.29417785714346    0.28063171871347   -3.29049778888512
   0.28344255484456    0.27039074964699   -3.29095973495217
   0.27270756662023    0.26015008019276   -3.29095782011204
   0.26189154532771    0.24983210903600   -3.29105225477477
   0.25123761513157    0.23966876509493   -3.29141816534780
   0.24057071737249    0.22949305071405   -3.29133308642502
   0.22976772414197    0.21918750771034   -3.29095090057070
   0.21903278789469    0.20894688783974   -3.29094935564058
   0.20829786010334    0.19870627603570   -3.29094788469272
   0.19756294012143    0.18846567168149   -3.29094648772719
   0.18682802730246    0.17822507416039   -3.29094516474408
   0.17609312099994    0.16798448285567   -3.29094391574348
   0.16535857991975    0.15774423995572   -3.29047880340468
   0.15462368951184    0.14750366381370   -3.29047770210583
   0.14388843472619    0.13726274007261   -3.29094061263756
   0.13315392178054    0.12702252401169   -3.29047572142847
   0.12241904316418    0.11678195911826   -3.29047484205012
   0.11168416718537    0.10654139674091   -3.29047403664545
   0.10101658992528    0.09636503414831   -3.29038995800732
   0.09021440502482    0.08606026225312   -3.29000870341453
   0.07947953141186    0.07581970213270   -3.29000812040413
   0.06874465785002    0.06557914206104   -3.29000761135857
   0.05792983820926    0.05526231722305   -3.29010323500322
   0.04734193693309    0.04516196173894   -3.29038739337563
   0.03654003100636    0.03485745597146   -3.29000652801175
   0.02580515118413    0.02461688992769   -3.29000631482638
   0.01507026818060    0.01437632084910   -3.29000617560628
   0.00433581271024    0.00413615961687   -3.28954216853635
  -0.00639907379469   -0.00610441280189   -3.28954217684357
  -0.01713396542031   -0.01634499010554   -3.28954225910701
  -0.02786886281312   -0.02658557291082   -3.28954241532675
  -0.03853722541066   -0.03676268467809   -3.28945926741950
  -0.04933871475075   -0.04706679304168   -3.28907901115834
  -0.06007363499754   -0.05730739764858   -3.28907938960061
  -0.07080856359792   -0.06754801022439   -3.28907984199032
  -0.08162269141837   -0.07786417509863   -3.28917635272094
  -0.09227840448359   -0.08802921981221   -3.28954490573259
  -0.10294716632532   -0.09820671243950   -3.28946214790038
  -0.11374837446472   -0.10851055255097   -3.28908239102516
  -0.12448335453014   -0.11875121422200   -3.28908321315331
  -0.13521834682801   -0.12899188756220   -3.28908410922940
  -0.14595285345745   -0.13923209759777   -3.28862113138191
  -0.15668837070700   -0.14947327171696   -3.28908612322575
  -0.16733664442752   -0.15963121964867   -3.28900555425221
  -0.17823666020281   -0.17002931755693   -3.28825651164498
  -0.18882726747556   -0.18013225443339   -3.28854225727255
  -0.19970667892541   -0.19051069679274   -3.28825912394572
  -0.21029754884600   -0.20061388422278   -3.28854498186148
  -0.22117676452994   -0.21099213983074   -3.28826203359468
  -0.23176789983953   -0.22109558042929   -3.28854800056470
  -0.24256861052875   -0.23139894599689   -3.28816925104342
  -0.25338202963709   -0.24171443479340   -3.28826695559607
  -0.26397356820292   -0.25181826007927   -3.28855308008402
  -0.27477417035343   -0.26212152210609   -3.28817460007205
  -0.28558747427733   -0.27243690102210   -3.28827254663100
  -0.29617942235207   -0.28254111696005   -3.28855882136101
  -0.30697935120867   -0.29284373669641   -3.28771665806863
  -0.31764961029495   -0.30302265762398   -3.28763516217676
  -0.32852787769970   -0.31340000861858   -3.28735311794254
  -0.33918529718608   -0.32356668117699   -3.28772333580735
  -0.34985580369048   -0.33374583812970   -3.28764200463756
  -0.36065554409388   -0.34404827809066   -3.28680026670165
  -0.37139155730572   -0.35428992533436   -3.28726674781124
  -0.38212700314580   -0.36453103133231   -3.28726934340929
  -0.39286247673433   -0.37477216380097   -3.28727201292032
  -0.40359736504022   -0.38501273793776   -3.28681079399238
  -0.41433289126373   -0.39525392061769   -3.28681361057479
  -0.42506844717492   -0.40549513161826   -3.28681650106127
  -0.43580403342027   -0.41573637155618   -3.28681946545191
  -0.44653965064624   -0.42597764104814   -3.28682250374681
  -0.45727529949928   -0.43621894071083   -3.28682561594605
  -0.46801098062586   -0.44646027116094   -3.28682880204972
  -0.47874669467243   -0.45670163301516   -3.28683206205791
  -0.48948244228547   -0.46694302689020   -3.28683539597073
  -0.50021822411142   -0.47718445340273   -3.28683880378824
  -0.51095404079675   -0.48742591316946   -3.28684228551056
  -0.52161626443395   -0.49759716865982   -3.28675075676474
  -0.53270006939579   -0.50817059273236   -3.28628413253923
  -0.54309104807483   -0.51808309340161   -3.28589610254922
  -0.55389722105720   -0.52839166973772   -3.28546511739497
  -0.56463322032179   -0.53863330367640   -3.28546896759163
  -0.57561239552296   -0.54910691592132   -3.28591553939534
  -0.58581518031031   -0.55883988854659   -3.28606024531304
  -0.59684145313454   -0.56935842968940   -3.28548096144663
  -0.60757761123330   -0.57960021514834   -3.28548510715361
  -0.61831381065673   -0.58984204002906   -3.28548932673838
  -0.62905005205129   -0.60008390494824   -3.28549362020104
  -0.63978633606344   -0.61032581052258   -3.28549798754168
  -0.65052266333962   -0.62056775736875   -3.28550242876039
  -0.66125830574321   -0.63080905087897   -3.28504296172764
  -0.67199545026989   -0.64105177734335   -3.28551153283235
  -0.68273117282670   -0.65129314731593   -3.28505221159811
  -0.69346767481965   -0.66153526083362   -3.28505694733727
  -0.70420422330868   -0.67177741870635   -3.28506175694585
  -0.71487795822584   -0.68195965541166   -3.28498213311249
  -0.72575320580321   -0.69233412563423   -3.28470418309164
  -0.73635141179837   -0.70244431133134   -3.28499205346113
  -0.74722651805551   -0.71281864674111   -3.28471436758216
  -0.75782506188995   -0.72292915472088   -3.28500226763044
  -0.76872648402214   -0.73332859422691   -3.28508607322835
  -0.77991532106854   -0.74400221392496   -3.28782345022988
  -0.79083377855924   -0.75441790435478   -3.29337822392096
  -0.79572062249829   -0.75907972162076   -3.29650274452501
  -0.80205015318538   -0.76511779359740   -3.30112947411363
  -0.81254551227360   -0.77512986822478   -3.30882438973345
  -0.81657328964163   -0.77897217673964   -3.31161168161495
  -0.82357240029097   -0.78564899623266   -3.31713040146258
  -0.83361760587776   -0.79523164577680   -3.32460641400727
  -0.83653347729624   -0.79801324876916   -3.32666764708637
  -0.84509533002647   -0.80618085006447   -3.33258354827190
  -0.85529560540549   -0.81591142883325   -3.34007628474392
  -0.85741568226570   -0.81793388157277   -3.34164218609710
  -0.86629135729833   -0.82640085445555   -3.34807785254608
  -0.87677885225124   -0.83640542707095   -3.35599773426928
  -0.87810727632511   -0.83767268061154   -3.35696379169566
  -0.88752105109906   -0.84665297511789   -3.36423323045479
  -0.89808247882386   -0.85672807609000   -3.37112610551589
  -0.89883641674575   -0.85744729709759   -3.37181164697444
  -0.90922498032644   -0.86735749387760   -3.37971293096967
  -0.91896371874096   -0.87664778827944   -3.38670126568130
  -0.91974159942076   -0.87738984954213   -3.38731263684202
  -0.93070340103413   -0.88784688820855   -3.39523615448171
  -0.93880720210537   -0.89557752995304   -3.40090801244380
  -0.94145119616619   -0.89809977484516   -3.40287166505365
  -0.95197410339457   -0.90813812909125   -3.41069492895214
  -0.95907556093776   -0.91491258266525   -3.41581355657687
  -0.96292252176134   -0.91858240077538   -3.41900192389668
  -0.97327362253167   -0.92845685981169   -3.42679635725803
  -0.97950377472882   -0.93440012942386   -3.43085314067527
  -0.98441629994392   -0.93908644540877   -3.43426771747625
  -0.99494571365080   -0.94913100652665   -3.44229170152829
  -1.00031715333739   -0.95425510514458   -3.44600937715507
  -1.00590247540177   -0.95958323740346   -3.45006722813302
  -1.01643229546285   -0.96962818616398   -3.45809112512534
  -1.02046096841461   -0.97347134902323   -3.46087950606648
  -1.02746746525973   -0.98015521459659   -3.46604644659003
  -1.03773683212717   -0.98995170336734   -3.47325671010500
  -1.04123046745395   -0.99328446571673   -3.47561609748132
  -1.04891108321498   -1.00061140875291   -3.48190218931838
  -1.05922583148361   -1.01045118922731   -3.48905435700496
  -1.06194277452888   -1.01304302398961   -3.49081574924120
  -1.07026360871237   -1.02098070502623   -3.49695814803259
  -1.08088570488272   -1.03111368081704   -3.50431572340431
  -1.08225302928510   -1.03241804342544   -3.50516865547449
  -1.09198830814452   -1.04170503757586   -3.51245052978876
  -1.10181700163640   -1.05108114485367   -3.52007737609020
  -1.10259649813498   -1.05182474753082   -3.52070944918251
  -1.11334196251916   -1.06207541074452   -3.52842304119791
  -1.12199194877763   -1.07032708724435   -3.53506254211507
  -1.12408824901771   -1.07232685821633   -3.53671541401551
  -1.13481491752217   -1.08255959105253   -3.54541532336853
  -1.13966601333546   -1.08718730630257   -3.54973208850400
  -1.14570360748498   -1.09294688467304   -3.55546683390276
  -1.15610727885515   -1.10287149356744   -3.56418269654002
  -1.15743630239082   -1.10413931896615   -3.56514884315551
  -1.16726658352600   -1.11351694078035   -3.57397804599782
  -1.17373905370692   -1.11969137025248   -3.57996238073712
  -1.17781413530341   -1.12357880475698   -3.58330470121159
  -1.18856195152902   -1.13383171151583   -3.59256251999076
  -1.19064875804915   -1.13582242592939   -3.59424560540826
  -1.19943162259601   -1.14420086201206   -3.60194775120106
  -1.20798443993315   -1.15235984397104   -3.60956097308991
  -1.21004573857566   -1.15432622507955   -3.61131384689839
  -1.22078298205930   -1.16456904594417   -3.62071262828789
  -1.22487219571438   -1.16846996176208   -3.62430077644846
  -1.23175906346849   -1.17503970685832   -3.63066981410770
  -1.24152489033442   -1.18435584235763   -3.63935893695426
  -1.24229170363189   -1.18508734586265   -3.64006395394821
  -1.25304362698218   -1.19534417062358   -3.64927236168961
  -1.25853236910182   -1.20058017019734   -3.65363897659861
  -1.26380901650967   -1.20561384147868   -3.65878319583446
  -1.27451010840439   -1.21582217544265   -3.66819999216111
  -1.27578663478523   -1.21703992104634   -3.66927323986359
  -1.28526597764706   -1.22608276439770   -3.67742717480903
  -1.29274127190687   -1.23321384046301   -3.68400676718702
  -1.29596300918490   -1.23628722497385   -3.68706056365229
  -1.30657083705224   -1.24640658948053   -3.69628126525874
  -1.30941330846619   -1.24911817235096   -3.69869007759999
  -1.31741615934182   -1.25675251239832   -3.70563401957947
  -1.32675579444241   -1.26566208117378   -3.71397761990577
  -1.32826860645175   -1.26710523205669   -3.71544871172765
  -1.33900651926861   -1.27734869143345   -3.72485040420296
  -1.34362213472972   -1.28175176959966   -3.72876164663927
  -1.34972372729317   -1.28757239942067   -3.73419079767778
  -1.36031649388166   -1.29767739618190   -3.74290958144429
  -1.36104633832782   -1.29837363315672   -3.74370964935294
  -1.37125246020607   -1.30810978920838   -3.75274981282681
  -1.37794757559823   -1.31449661164883   -3.75849372774912
  -1.38200426344191   -1.31836649938583   -3.76224375320344
  -1.39256928472138   -1.32844502843861   -3.77138722768414
  -1.39468866587194   -1.33046681750413   -3.77296116269395
  -1.40363665810898   -1.33900277756889   -3.78048403249868
  -1.41169895702965   -1.34669382823076   -3.78792437189245
  -1.41446866424895   -1.34933599751173   -3.79054446939411
  -1.42499990940068   -1.35938230574111   -3.80018241397380
  -1.42833018154750   -1.36255922736744   -3.80303685538721
  -1.43580759395786   -1.36969232404787   -3.80941078208169
  -1.44574148282448   -1.37916878272230   -3.81807529685017
  -1.44649386526919   -1.37988651987844   -3.81883114703381
  -1.45725005125355   -1.39014741099004   -3.82808746054204
  -1.46262522972095   -1.39527507622748   -3.83273850324259
  -1.46813641069108   -1.40053248140001   -3.83815271521246
  -1.47857322967513   -1.41048871154539   -3.84706216230439
  -1.47988232236751   -1.41173752386520   -3.84807016354140
  -1.48950259138228   -1.42091480408036   -3.85692366910745
  -1.49611731819455   -1.42722493962956   -3.86258812528565
  -1.50027648418044   -1.43119258665224   -3.86600183135771
  -1.51081840593510   -1.44124907985428   -3.87509704678567
  -1.51355849880613   -1.44386299845202   -3.87777995206253
  -1.52158443870625   -1.45151936433331   -3.88505396902474
  -1.53046633785003   -1.45999227472283   -3.89244019174083
  -1.53248232637443   -1.46191543212836   -3.89430077940080
  -1.54308451964008   -1.47202942149236   -3.90382595037235
  -1.54715471282567   -1.47591219268479   -3.90746323631340
  -1.55406849136165   -1.48250760939017   -3.91360175768003
  -1.56400944773394   -1.49199081012968   -3.92240064701283
  -1.56472918117353   -1.49267740168395   -3.92323711196682
  -1.57534461164323   -1.50280401871258   -3.93359223309705
  -1.57884913322047   -1.50614716602843   -3.93699590891166
  -1.58652315757158   -1.51346782117226   -3.94539732252642
  -1.59239252355380   -1.51906691785256   -3.95219495814438
  -1.59699336093766   -1.52345589843421   -3.95696289483625
  -1.60630684591643   -1.53234052123412   -3.96723273620386
  -1.60773231404891   -1.53370035020246   -3.96894421184418
  -1.61847953274205   -1.54395268694368   -3.98015520662833
  -1.62044593569939   -1.54582854207078   -3.98210557427164
  -1.62943896256690   -1.55440746303639   -3.99183949446840
  -1.63408229132918   -1.55883697837708   -3.99660506383766
  -1.64030408926111   -1.56477227841659   -4.00381924270707
  -1.64754752680721   -1.57168217417725   -4.01161626464857
  -1.65086448705210   -1.57484639688071   -4.01535221268394
  -1.66098550120698   -1.58450136420213   -4.02629968787899
  -1.66172485509604   -1.58520667273432   -4.02710289748142
  -1.67224515328658   -1.59524253808210   -4.03790653125183
  -1.67506622631368   -1.59793370790670   -4.04140067438056
  -1.68302527235472   -1.60552626022014   -4.04987638183999
  -1.68911641039693   -1.61133691692390   -4.05631466035397
  -1.69396992151013   -1.61596693625546   -4.06179506623337
  -1.70311390981202   -1.62468986726724   -4.07142366315702
  -1.70453965670236   -1.62604996215736   -4.07313556669868
  -1.71528820758475   -1.63630356974392   -4.08434973041101
  -1.71725495980176   -1.63817975804817   -4.08630061034512
  -1.72624053866741   -1.64675157397336   -4.09605474149959
  -1.73088513221961   -1.65118229586365   -4.10082077758746
  -1.73688914297480   -1.65690983726925   -4.10748799791273
  -1.74435957776524   -1.66403627763133   -4.11581959874878
  -1.74767820992832   -1.66720209526542   -4.11955615882534
  -1.75776432631391   -1.67682377177064   -4.13072207701415
  -1.75846971815449   -1.67749668211988   -4.13159580437434
  -1.76906284819872   -1.68760202560064   -4.14211637323247
  -1.77242500629237   -1.69080936490744   -4.14583852118523
  -1.77987043146643   -1.69791194728206   -4.15392149932583
  -1.78617671040956   -1.70392783819812   -4.16020526460401
  -1.79099613720060   -1.70852534270345   -4.16582339838869
  -1.79938839292200   -1.71653115649870   -4.17541804585391
  -1.80136511688988   -1.71841685738019   -4.17735393602832
  -1.81211507209707   -1.72867180462598   -4.18857135889685
  -1.81408218749938   -1.73054833939178   -4.19052276567152
  -1.82288355193926   -1.73894442349468   -4.19969115965344
  -1.82771259296840   -1.74355109952701   -4.20505209456131
  -1.83371962692953   -1.74928152492765   -4.21171597944500
  -1.84172401049972   -1.75691732709290   -4.22027932399495
  -1.84451034875662   -1.75957536159470   -4.22378747408472
  -1.85501418604361   -1.76959552402146   -4.23437264597378
  -1.85573056924109   -1.77027891960371   -4.23522041558789
  -1.86595081516123   -1.78002854932123   -4.24606041802910
  -1.86941194138037   -1.78333029952430   -4.24958656783343
  -1.87694201786173   -1.79051363522987   -4.25809442767027
  -1.88324987729126   -1.79653103385497   -4.26489775823088
  -1.88759007919257   -1.80067138055189   -4.26936520403786
  -1.89694003626071   -1.80959079599467   -4.27964906817363
  -1.89835807335180   -1.81094353610208   -4.28138185040059
  -1.90896082442875   -1.82105805759159   -4.29282084238753
  -1.91092831694733   -1.82293495210842   -4.29477279051204
  -1.91969770489863   -1.83130053215831   -4.30409907543348
  -1.92445799071226   -1.83584161897708   -4.30959681691083
  -1.93046004077793   -1.84156728997791   -4.31608188017272
  -1.93857360469798   -1.84930724501696   -4.32453820115904
  -1.94115282815258   -1.85176770182373   -4.32733259266271
  -1.95198035666522   -1.86209665032254   -4.33856008617204
  -1.95268319808402   -1.86276712769040   -4.33944031732608
  -1.96275464502490   -1.87237481024134   -4.35061940151973
  -1.96611815387096   -1.87558343810186   -4.35434354845223
  -1.97354605556626   -1.88266930390912   -4.36259678300075
  -1.97964077786886   -1.88848337982723   -4.36904029962054
  -1.98448145675333   -1.89310115782140   -4.37454088042019
  -1.99365965889920   -1.90185672721709   -4.38399800005890
  -1.99510915440695   -1.90323947716148   -4.38564556604880
  -2.00598005351301   -1.91360979914873   -4.39685366086592
  -2.00793959085857   -1.91547910480792   -4.39881892513155
  -2.01656382811396   -1.92370621798045   -4.40838087548538
  -2.02132512348390   -1.92824826786804   -4.41388011434059
  -2.02743841162454   -1.93408005471480   -4.42025676994640
  -2.03543337207152   -1.94170686766759   -4.42865953407973
  -2.03842089229542   -1.94455682022100   -4.43217538371155
  -2.04874549799938   -1.95440600422103   -4.44292423955782
  -2.04946219379010   -1.95508969800240   -4.44377247222309
  -2.05968937302178   -1.96484594177019   -4.45461707037392
  -2.06314206604929   -1.96813964710855   -4.45816502997161
  -2.07066130204384   -1.97531264150401   -4.46668195882700
  -2.07707242210416   -1.98142854587179   -4.47356327462318
  -2.08119405557141   -1.98536038865239   -4.47818646360883
  -2.08942276948394   -1.99321019132108   -4.48840040573427
  -2.09211500505317   -1.99577845632345   -4.49212477995206
  -2.09967308784624   -2.00298850872167   -4.50330633565521
  -2.10302795476995   -2.00618889259827   -4.50896722401793
  -2.10838455467169   -2.01129883476551   -4.51830838345677
  -2.11365579687362   -2.01632734973685   -4.52771290337957
  -2.11699681292420   -2.01951452053763   -4.53332710235807
  -2.12443743748019   -2.02661252335037   -4.54628505145433
  -2.12572336120086   -2.02783923357040   -4.54821782668727
  -2.13437037376671   -2.03608807330856   -4.56336513913399
  -2.13507329925397   -2.03675863087374   -4.56501672426511
  -2.14276643784544   -2.04409752009603   -4.57778250269457
  -2.14612066774163   -2.04729729627860   -4.58344408849394
  -2.15147799287542   -2.05240793028281   -4.59278668868713
  -2.15675057115909   -2.05743771981274   -4.60219276549701
  -2.16009203443593   -2.06062531724616   -4.60780784091276
  -2.16760986535140   -2.06779697126285   -4.62075122250043
  -2.16886714339172   -2.06899635486290   -4.62271049407652
  -2.17701863067735   -2.07677248699348   -4.63763069940513
  -2.17817290809909   -2.07787361289017   -4.63950255194207
  -2.18586564124501   -2.08521211533664   -4.65227024734490
  -2.18936106477971   -2.08854658355155   -4.65878558608292
  -2.19398808276602   -2.09296053918582   -4.66725445043677
  -2.20001675794280   -2.09871160927945   -4.67743002940114
  -2.20272339826013   -2.10129361572809   -4.68207195714995
  -2.21052143631450   -2.10873257406112   -4.69546622336944
  -2.21130940983519   -2.10948426341517   -4.69720726254677
  -2.22016446444182   -2.11793156538987   -4.71186119853169
  -2.22146931613729   -2.11917633199984   -4.71377548111995
  -2.22846201798006   -2.12584703779545   -4.72682481815173
  -2.23228867484328   -2.12949748689070   -4.73338557035816
  -2.23704489067723   -2.13403469114195   -4.74172209099901
  -2.24303442443757   -2.13974842218132   -4.75210308608161
  -2.24567494540874   -2.14226735391069   -4.75681557666621
  -2.25372929764021   -2.14995082380809   -4.77073297840740
  -2.25436958185078   -2.15056162456727   -4.77170266909679
  -2.26261550240967   -2.15842784156023   -4.78637031609170
  -2.26457668317291   -2.16029871496192   -4.78929821668340
  -2.27144021970650   -2.16684620318071   -4.80128652009487
  -2.27539960235351   -2.17062326637664   -4.80789787107964
  -2.28015649565794   -2.17516111690258   -4.81623573185132
  -2.28614569669160   -2.18087453053648   -4.82661812496888
  -2.28878659677597   -2.18339382392186   -4.83133137060253
  -2.29684403778994   -2.19108024037122   -4.84525142388714
  -2.29748440804297   -2.19169112321083   -4.84622127633509
  -2.30562961968902   -2.19946126867899   -4.86114023014297
  -2.30749146700943   -2.20123738268900   -4.86403499184950
  -2.31438763166500   -2.20781599658814   -4.87604609158096
  -2.31836102977518   -2.21160642987099   -4.88253449778031
  -2.32323134364047   -2.21625247823086   -4.89073535634717
  -2.32915545340664   -2.22190379788377   -4.90131341566168
  -2.33172207538849   -2.22435223348340   -4.90609354526913
  -2.33982841428392   -2.23208529619176   -4.92000162118997
  -2.34044814135852   -2.23267648641853   -4.92098927495718
  -2.34874989739108   -2.24059596780432   -4.93567302251152
  -2.35078044412413   -2.24253301305020   -4.93930917385699
  -2.35750917343195   -2.24895190157141   -4.95058135165576
  -2.36165340479795   -2.25290530167528   -4.95780300415230
  -2.36635685036447   -2.25739216559503   -4.96527356704375
  -2.37238682148557   -2.26314447195806   -4.97568472249599
  -2.37502849740978   -2.26566450545783   -4.98039950890738
  -2.38295367048654   -2.27322474457042   -4.99454416668406
  -2.38357348512025   -2.27381601832443   -4.99553198745510
  -2.39141915716392   -2.28130041722331   -5.00999401973445
  -2.39390927876759   -2.28367587509165   -5.01385534188067
  -2.40017970713437   -2.28965756625878   -5.02490483756906
  -2.40468120957688   -2.29395178601923   -5.03258384832965
  -2.40918278242770   -2.29824607294588   -5.04026298952464
  -2.41539031757992   -2.30416776697022   -5.05125890727762
  -2.41792103914666   -2.30658195527712   -5.05516908977684
  -2.42573242010295   -2.31403364210553   -5.06962221935897
  -2.42636950698363   -2.31464139276369   -5.07059588315388
  -2.43446265325397   -2.32236187033362   -5.08452901447384
  -2.43719907935864   -2.32497229101023   -5.08924094385474
  -2.44311852418338   -2.33061916053033   -5.09943662163844
  -2.44797867640190   -2.33525551516130   -5.10790914309871
  -2.45186096610093   -2.33895903534246   -5.11460150667325
  -2.45840773235668   -2.34520433974506   -5.12599786796082
  -2.46041564360238   -2.34711979180993   -5.12974085805416
  -2.46872819360862   -2.35504957013450   -5.14443436547586
  -2.46934200640440   -2.35563511841988   -5.14542704050559
  -2.47742487409771   -2.36334579071498   -5.15933133678638
  -2.48013556871764   -2.36593166477594   -5.16401506368380
  -2.48609655373269   -2.37161816166678   -5.17424191882136
  -2.49081777666028   -2.37612198434557   -5.18182238262707
  -2.49496465393653   -2.38007790852228   -5.18916637899451
  -2.50155037288276   -2.38636037194353   -5.20057513518521
  -2.50355860042485   -2.38827612574015   -5.20431875885504
  -2.51182779561470   -2.39616454562681   -5.21900103561164
  -2.51246067891970   -2.39676828627320   -5.21997896338935
  -2.52057281377461   -2.40450687805191   -5.23391492153191
  -2.52328281990674   -2.40709209532818   -5.23859924402055
  -2.52887423061597   -2.41242603586538   -5.24894208099054
  -2.53401081569480   -2.41732609432997   -5.25725013600042
  -2.53807968350766   -2.42120760117969   -5.26374911460101
  -2.54479956353336   -2.42761804790561   -5.27596059749904
  -2.54622302729285   -2.42897596479721   -5.27867683945860
  -2.55481402208467   -2.43717136623666   -5.29383273001325
  -2.55539495105743   -2.43772554491503   -5.29477255793630
  -2.56325321590885   -2.44522195675505   -5.30828167382902
  -2.56643675644444   -2.44825890338580   -5.31319644456578
  -2.57202179766089   -2.45358676772908   -5.32353709426786
  -2.57699273335819   -2.45832880454278   -5.33211624047472
  -2.58041928623030   -2.46159757341308   -5.33858768342244
  -2.58792806093908   -2.46876058823826   -5.35153849346507
  -2.58917866616842   -2.46995360629322   -5.35350792998592
  -2.59794239457267   -2.47831378740373   -5.36842992303513
  -2.59872515365361   -2.47906050242966   -5.37010370924116
  -2.60688882959934   -2.48684826196369   -5.38312130512231
  -2.60959747335275   -2.48943217959529   -5.38780682724319
  -2.61507060437007   -2.49465328691809   -5.39780643202952
  -2.62043151400649   -2.49976734036774   -5.40742376229501
  -2.62360363505690   -2.50279339335143   -5.41321017486264
  -2.63092796768833   -2.50978045918550   -5.42539665830579
  -2.63234263572458   -2.51112998537444   -5.42812535014936
  -2.64110795840700   -2.51949168735069   -5.44305008197871
  -2.64189851341455   -2.52024583932073   -5.44476723094524
  -2.64940148961773   -2.52740332264667   -5.45774634583539
  -2.65260493839851   -2.53045926079881   -5.46257054510975
  -2.65833741808031   -2.53592777444295   -5.47276672703862
  -2.66348553545129   -2.54083883416711   -5.48212099974837
  -2.66675043307846   -2.54395339160333   -5.48783028767536
  -2.67409862354267   -2.55096321667796   -5.50002702346359
  -2.67551353140867   -2.55231297165311   -5.50275619780887
  -2.68443559212715   -2.56082419427946   -5.51744843951005
  -2.68508901234494   -2.56144752616631   -5.51840741739667
  -2.69341475951676   -2.56938989396071   -5.53214986906672
  -2.69611839999918   -2.57196903870917   -5.53693862311637
  -2.70150566734556   -2.57710823616361   -5.54740166296434
  -2.70666103038469   -2.58202620791142   -5.55676151200451
  -2.70992646234771   -2.58514127507868   -5.56247183802069
  -2.71744026237918   -2.59230908382328   -5.57543010772806
  -2.71869144871769   -2.59350265622882   -5.57740063412631
  -2.72679513008430   -2.60123318378076   -5.59233115342249
  -2.72823600023509   -2.60260770554383   -5.59495528031038
  -2.73528949013610   -2.60933640026297   -5.60680458735161
  -2.73925534288376   -2.61311963562795   -5.61342842098244
  -2.74402019785483   -2.61766508120614   -5.62178189371277
  -2.74984361622861   -2.62322034604793   -5.63141572521418
  -2.75310958981204   -2.62633592989537   -5.63712710159042
  -2.76042519317771   -2.63331466842406   -5.65030417958445
  -2.76166647213861   -2.63449878966140   -5.65228294371821
  -2.76952333163963   -2.64199386086381   -5.66676722581143
  -2.77140932604214   -2.64379301004451   -5.66967258334905
  -2.77829596814156   -2.65036253987688   -5.68170142373520
  -2.78230516146116   -2.65418712009124   -5.68820847514320
  -2.78718364656733   -2.65884096342723   -5.69642509125913
  -2.79307189564236   -2.66445807368217   -5.70701063786044
  -2.79564298893549   -2.66691077470063   -5.71179970391535
  -2.80374610105769   -2.67464075922041   -5.72575134464511
  -2.80438403314660   -2.67524931616712   -5.72672658233449
  -2.81271646345850   -2.68319805936008   -5.74144186036856
  -2.81474941946337   -2.68513740293698   -5.74515561025503
  -2.82139024232484   -2.69147243287901   -5.75636559249031
  -2.82554121981039   -2.69543226846086   -5.76384659116572
  -2.83004976408497   -2.69973320579502   -5.77153922180995
  -2.83611315815513   -2.70551739606572   -5.78180672069253
  -2.83881329517356   -2.70809319867576   -5.78647485193988
  -2.84694663320770   -2.71585201728149   -5.80043759304381
  -2.84758466825112   -2.71646067244191   -5.80141302056351
  -2.85591692268284   -2.72440924785352   -5.81613059198395
  -2.85778657520507   -2.72619280765577   -5.81908565876859
  -2.86449554909129   -2.73259285044204   -5.83129951035001
  -2.86861709117741   -2.73652460604939   -5.83864611101689
  -2.87324047625291   -2.74093509605911   -5.84623104465734
  -2.87948450326327   -2.74689160158479   -5.85725455467465
  -2.88201940990338   -2.74930978225311   -5.86117254928151
  -2.88997574840937   -2.75689975170657   -5.87534386234162
  -2.89059050961051   -2.75748620472567   -5.87633833230614
  -2.89891657916715   -2.76542888005990   -5.89105836845538
  -2.90099308676624   -2.76740976979140   -5.89470043439603
  -2.90730767960881   -2.77343359177309   -5.90553074688997
  -2.91195399689454   -2.77786595802338   -5.91324685846115
  -2.91600615054164   -2.78173152035196   -5.92071752717275
  -2.92256006304597   -2.78798364193666   -5.93213474824967
  -2.92457162176561   -2.78990257351862   -5.93588499237191
  -2.93317230421763   -2.79810721652628   -5.95007585342721
  -2.93380895723280   -2.79871455329732   -5.95105850521288
  -2.94168056188998   -2.80622369067913   -5.96555371106717
  -2.94417504597539   -2.80860331014808   -5.96947619563147
  -2.95036170523331   -2.81450508955970   -5.98048405251188
  -2.95521413570036   -2.81913407800611   -5.98882395038315
  -2.95920215334743   -2.82293845763354   -5.99543470758555
  -2.96577921226001   -2.82921265979355   -6.00685998715242
  -2.96779113678840   -2.83113194033970   -6.01061095025792
  -2.97609254898841   -2.83905109372554   -6.02532789852563
  -2.97672651098199   -2.83965586338966   -6.02630783231419
  -2.98486147850372   -2.84741623644925   -6.04027371537624
  -2.98756440563455   -2.84999470069414   -6.04496453311910
  -2.99349262451655   -2.85564994024860   -6.05546962163953
  -2.99812958579108   -2.86007338130809   -6.06391600837817
  -3.00202004166562   -2.86378469163325   -6.07062415864823
  -3.00885049723854   -2.87030062218505   -6.08455768938218
  -3.00942484454644   -2.87084852226740   -6.08552284449690
  -3.01281337337301   -2.87408101800228   -6.10043701459986
  -3.01351152110398   -2.87474701781463   -6.11531814947710
  -3.01286776167114   -2.87413290185829   -6.13016241236367
  -3.01288789904114   -2.87415211195387   -6.14515092971992
  -3.01224422022807   -2.87353807290496   -6.15999469337390
  -3.01226447758499   -2.87355739746237   -6.17498520704480
  -3.01162088237368   -2.87294343816557   -6.18982847380160
  -3.01164125654287   -2.87296287415634   -6.20482098837870
  -3.01166641919454   -2.87298687813222   -6.21974056690589
  -3.01102295900217   -2.87237304763708   -6.23458309310841
  -3.01071273147443   -2.87207710529408   -6.24947465616590
  -3.00906474981991   -2.87050500898266   -6.26434165800231
  -3.00843723396147   -2.86990638862563   -6.26675568130285
  -3.00441177197599   -2.86606628887587   -6.27861830269552
  -2.99767821478315   -2.85964279478140   -6.28944403665507
  -2.99503969174711   -2.85712576898736   -6.29322610874743
  -2.98703822632808   -2.84949275059987   -6.30545396431865
  -2.98509496115541   -2.84763896782159   -6.30833071950265
  -2.97661392525809   -2.83954846195059   -6.31971618293239
  -2.97392733021786   -2.83698557774528   -6.32343638066382
  -2.96570039935104   -2.82913747601760   -6.33529622585789
  -2.96368546484392   -2.82721532409455   -6.33808644243881
  -2.95495412054909   -2.81888603588798   -6.35017756914516
  -2.95293919841066   -2.81696389576407   -6.35296785294162
  -2.94430836968494   -2.80873049464157   -6.36524680170596
  -2.94282233959746   -2.80731289244146   -6.36785331375732
  -2.93346354360318   -2.79838504508250   -6.38087371314203
  -2.93212027771569   -2.79710363315586   -6.38273399372643
  -2.92288466081611   -2.78829329280912   -6.39505698925402
  -2.92137419705277   -2.78685238204148   -6.39761648588131
  -2.91197142824375   -2.77788258670351   -6.41063897143512
  -2.91062817773849   -2.77660118945078   -6.41249934329983
  -2.90122546155244   -2.76763144431263   -6.42552215001464
  -2.89988221849959   -2.76635005416916   -6.42738256787445
  -2.89047955382192   -2.75738035816756   -6.44040569740672
  -2.88913631806226   -2.75609897498143   -6.44226616149839
  -2.87984050013006   -2.74723120570577   -6.45549099890246
  -2.87852316962207   -2.74597453490069   -6.45738473202702
  -2.86915691631832   -2.73703957362230   -6.47040711995203
  -2.86781369474810   -2.73575820397223   -6.47226767733005
  -2.85841118107550   -2.72678865202230   -6.48529178243323
  -2.85706796632124   -2.72550728887434   -6.48715238675516
  -2.84740331969989   -2.71628767452796   -6.50066423245324
  -2.84671969202927   -2.71563552616428   -6.50157666155108
  -2.83658360738539   -2.70596618231135   -6.51552838789414
  -2.83591200627066   -2.70532550671141   -6.51645873777856
  -2.82583802126437   -2.69571540296648   -6.53041421119942
  -2.82516642331828   -2.69507473038927   -6.53134458491164
  -2.81533849627640   -2.68569935426839   -6.54372065786792
  -2.81329003354337   -2.68374521800853   -6.54646197629158
  -2.80463309283271   -2.67548690729125   -6.55558261731556
  -2.79914904165122   -2.67025538264995   -6.56113093310922
  -2.79381949804054   -2.66517125090071   -6.56668234597880
  -2.78377129490641   -2.65558574183863   -6.57573555313059
  -2.78303747852932   -2.65488571583014   -6.57651513046778
  -2.77246697652523   -2.64480195842611   -6.58449226693519
  -2.76505200576172   -2.63772842811428   -6.59081592469452
  -2.76164897224815   -2.63448209559617   -6.59353498472807
  -2.75104964676789   -2.62437084196338   -6.60133222188232
  -2.74623517888543   -2.61977806802157   -6.60556109210025
  -2.74008879717812   -2.61391471148230   -6.61020569065878
  -2.72936110663867   -2.60368100367320   -6.61837803686886
  -2.72667162518519   -2.60111536596659   -6.62023481387491
  -2.71853696029456   -2.59335528160271   -6.62667182284736
  -2.70834798056831   -2.58363547835077   -6.63495258242127
  -2.70764826593466   -2.58296798378759   -6.63581805128992
  -2.69722644346329   -2.57302605960381   -6.64289938069848
  -2.68829058697291   -2.56450167646559   -6.65002908487824
  -2.68623766571628   -2.56254328698575   -6.65180104478410
  -2.67561266155254   -2.55240753710722   -6.65949768338335
  -2.66882423438307   -2.54593169965831   -6.66505361732915
  -2.66475393710387   -2.54204882916551   -6.66868794469164
  -2.65420385311521   -2.53198454957949   -6.67634254304483
  -2.65003666544365   -2.52800925024925   -6.67968732657327
  -2.64344840070852   -2.52172435826618   -6.68470380031749
  -2.63259005258105   -2.51136600931704   -6.69294192969620
  -2.63052886339090   -2.50939973262089   -6.69469033934224
  -2.62188314727940   -2.50115212963868   -6.70135853255440
  -2.61167507921053   -2.49141411701349   -6.70950041493345
  -2.61094129424285   -2.49071412096809   -6.71028026549910
  -2.60032390483497   -2.48058563520538   -6.71802710284525
  -2.59222435428755   -2.47285904825896   -6.72453593098196
  -2.58959470948971   -2.47035049188294   -6.72653058645809
  -2.57881351203269   -2.46006574101306   -6.73475150882286
  -2.57280000155984   -2.45432913732750   -6.73933417964458
  -2.56802730715746   -2.44977621330379   -6.74286432075548
  -2.55748309526486   -2.43971753541882   -6.74844816830712
  -2.54730029814839   -2.43000363008326   -6.75358815838754
  -2.54660207297037   -2.42933755639009   -6.75439964953324
  -2.53592529152934   -2.41915241344555   -6.75859020783360
  -2.52529984045852   -2.40901623723888   -6.76252043917014
  -2.51443670858499   -2.39865332482295   -6.76697500448182
  -2.51103264762085   -2.39540601216575   -6.76864451411432
  -2.50377721647646   -2.38848467508134   -6.77178461853662
  -2.49291413957407   -2.37812181510529   -6.77623926089882
  -2.48225316624796   -2.36795175235238   -6.78011633054476
  -2.47468388913900   -2.36073102110792   -6.78345382791904
  -2.47129353568275   -2.35749678476290   -6.78519183014187
  -2.46073137229896   -2.34742098200701   -6.78938163975682
  -2.44996879436208   -2.33715399327596   -6.79308144727029
  -2.43963318529660   -2.32729431259108   -6.79818564611635
  -2.43893032432167   -2.32662381656760   -6.79900012228507
  -2.42831053648993   -2.31649304282232   -6.80304797649480
  -2.41768715995704   -2.30635884562640   -6.80698089228855
  -2.40682429756650   -2.29599619028447   -6.81143584311306
  -2.40277740227795   -2.29213564418046   -6.81323680653275
  -2.39606108162528   -2.28572859292755   -6.81615493503950
  -2.38530373340058   -2.27546659309381   -6.82070291784751
  -2.37464453825790   -2.26529822664353   -6.82458240381730
  -2.36707490554059   -2.25807715616557   -6.82791954954990
  -2.36377881526116   -2.25493284241900   -6.82912304835334
  -2.35312470230172   -2.24476932413042   -6.83385056081711
  -2.34228579151941   -2.23442951748638   -6.83804528966130
  -2.33152432583094   -2.22416358978755   -6.84174662772651
  -2.33015575164499   -2.22285803494491   -6.84254095070026
  -2.32075162499215   -2.21388694428835   -6.84554324187033
      
      
