# shadow point cont 3D ind 212  size 1166
# norm -0.0941083 -0.9955620  0.0000000
# angle  1.6650441
   3.48604575007729   -0.32952834414656   -6.84229218225399
   3.50003863916099   -0.33085106160357   -6.84014616669288
   3.51465414283575   -0.33223263346754   -6.83614506113782
   3.52965892070121   -0.33365100257649   -6.83274846040401
   3.53944569377971   -0.33457612500985   -6.82867743608049
   3.54402973029100   -0.33500944403930   -6.82673028802868
   3.55927154101579   -0.33645021935036   -6.82255174655824
   3.57401845854444   -0.33784421348093   -6.81804438927115
   3.58502639857804   -0.33888477017806   -6.81414621521293
   3.58881043847080   -0.33924246726221   -6.81252541809772
   3.60363283183422   -0.34064359595974   -6.80784898515585
   3.61844161058364   -0.34204343769734   -6.80321803924612
   3.63205627298083   -0.34333040220598   -6.79893387385913
   3.63307560689836   -0.34342675763046   -6.79825347451865
   3.64808491865660   -0.34484555531846   -6.79389314845521
   3.66286886529281   -0.34624304973025   -6.78932603286956
   3.67739875793972   -0.34761652896943   -6.78493832178629
   3.67838732177124   -0.34770997576440   -6.78418723589949
   3.69248502557459   -0.34904260112954   -6.77913232337019
   3.70729472697587   -0.35044253008342   -6.77450220921778
   3.72182368260185   -0.35181592074804   -6.77010947968455
   3.72281425782718   -0.35190955767571   -6.76936398177289
   3.73691180123277   -0.35324216787880   -6.76430934270812
   3.75159299831662   -0.35462994959825   -6.76018701072666
   3.76639013644991   -0.35602869097365   -6.75558398167687
   3.76828670916441   -0.35620796987903   -6.75479558817412
   3.78117509522502   -0.35742628106074   -6.75007505255966
   3.79602169234503   -0.35882969768688   -6.74536567197390
   3.80953364033206   -0.36010695282511   -6.73968574676695
   3.81053602539182   -0.36020170611081   -6.73888655699934
   3.82536748377720   -0.36160369170521   -6.73130827082021
   3.83648363272498   -0.36265447715631   -6.72491927460266
   3.84015471541513   -0.36300149664109   -6.72300667095404
   3.85515479230381   -0.36441942137690   -6.71496123706277
   3.86330935369909   -0.36519025437981   -6.71016256656352
   3.86994614721393   -0.36581761607675   -6.70578870680343
   3.88454120164047   -0.36719725491764   -6.69811295064804
   3.88921425344645   -0.36763898836984   -6.69524183246945
   3.89954937746064   -0.36861594522787   -6.68902498757829
   3.91415342196009   -0.36999643388085   -6.68125671248136
   3.91597538855767   -0.37016866043180   -6.68027807022617
   3.92895699467154   -0.37139578350297   -6.67288400215143
   3.94175965930696   -0.37260599162427   -6.66534011774909
   3.94358343965435   -0.37277838962506   -6.66436943407574
   3.95857832579262   -0.37419582369049   -6.65607024661984
   3.96785653584903   -0.37507287276435   -6.65062028134129
   3.97355983391710   -0.37561199316129   -6.64719376595059
   3.98813515637276   -0.37698976678176   -6.63941141339480
   3.99465362017726   -0.37760594302782   -6.63575539429533
   4.00316347095025   -0.37841036076505   -6.63051206478555
   4.01762630734016   -0.37977750132169   -6.62249419602348
   4.02042612659167   -0.38004216216323   -6.62067989054939
   4.03277168900459   -0.38120916140281   -6.61371876153540
   4.04558834381633   -0.38242069198514   -6.60626923819433
   4.04736758886570   -0.38258888016080   -6.60523329061696
   4.06217593319733   -0.38398868083382   -6.59672507482968
   4.07232364903111   -0.38494792240301   -6.59111719147366
   4.07697769616684   -0.38538785938496   -6.58838090361195
   4.09175237164633   -0.38678447741441   -6.57997318646317
   4.09730274898714   -0.38730914254666   -6.57643242151603
   4.10657855309033   -0.38818596419098   -6.56996638795913
   4.11661224898936   -0.38913442770303   -6.56171424546001
   4.12100317101445   -0.38954949203894   -6.55776173599586
   4.13232593166864   -0.39061980804654   -6.54683080809411
   4.13602266294359   -0.39096925203642   -6.54310943915488
   4.14780713630531   -0.39208321274489   -6.53171441130553
   4.15057970263957   -0.39234529742727   -6.52892345277644
   4.16340980555742   -0.39355809922990   -6.51682197891469
   4.16523336113662   -0.39373047598384   -6.51493888208949
   4.17826425199397   -0.39496225783492   -6.50179812021101
   4.18013384476575   -0.39513898638482   -6.49996130707094
   4.19332803549570   -0.39638620461869   -6.48729622659158
   4.19517644835945   -0.39656093107782   -6.48543572425084
   4.20811538763602   -0.39778402094540   -6.47241235397766
   4.20973389133736   -0.39793701459004   -6.47125107825811
   4.22359714038878   -0.39924747745597   -6.45729779750798
   4.22452135934011   -0.39933484186897   -6.45636759121751
   4.23853482729494   -0.40065950460204   -6.44246245060239
   4.23948781410900   -0.40074958837872   -6.44156533444043
   4.25340491422440   -0.40206514166893   -6.42776521916501
   4.25432914569024   -0.40215250726491   -6.42683505771796
   4.26819267251089   -0.40346299638776   -6.41288279017837
   4.26911691042261   -0.40355036259305   -6.41195265100109
   4.28367754871660   -0.40492674815156   -6.39870210478492
   4.28460179392815   -0.40501411504689   -6.39777198674790
   4.29846553191467   -0.40632462413079   -6.38382036501889
   4.29938978379183   -0.40641199165620   -6.38289026901749
   4.31308341522897   -0.40770642093693   -6.36969788508095
   4.31493143821984   -0.40788111054222   -6.36783723906459
   4.32776957128693   -0.40909467141745   -6.35487231399084
   4.32958604247365   -0.40926637849913   -6.35298451851373
   4.33892778209546   -0.41014943288502   -6.33873898576609
   4.34250110704806   -0.41048721154288   -6.32752475891576
   4.34324412531918   -0.41055744744858   -6.32414247126937
   4.34388789183696   -0.41061830130129   -6.30922170349363
   4.34384375438076   -0.41061412908328   -6.29429865391714
   4.34310202679254   -0.41054401518304   -6.27945300868523
   4.34281920569688   -0.41051728071826   -6.26454581755680
   4.34262686675998   -0.41049909933570   -6.24952984657202
   4.34185571542724   -0.41042620407271   -6.24859474020861
   4.34117054112827   -0.41036143603225   -6.23460314751550
   4.34067074585277   -0.41031419146882   -6.21967903758357
   4.34060036784975   -0.41030753878883   -6.20480541151582
   4.34013490565716   -0.41026353965727   -6.18983872750900
   4.34006647709210   -0.41025707125342   -6.17499329509671
   4.33858811711602   -0.41011732509118   -6.16013800766430
   4.33519559671823   -0.40979663749575   -6.14526745705522
   4.32794593010819   -0.40911134223433   -6.13119489506650
   4.32711502312685   -0.40903279839947   -6.13019213843130
   4.31681201433529   -0.40805887732378   -6.11534092893095
   4.31303278782499   -0.40770163523823   -6.11068216681286
   4.30475610551714   -0.40691925841031   -6.10033635585252
   4.29791431996274   -0.40627251926046   -6.09125480471538
   4.29332286611453   -0.40583849908623   -6.08560215412316
   4.28300501156391   -0.40486317467313   -6.07260838187527
   4.28123837956489   -0.40469617878177   -6.07062482275767
   4.27071034073635   -0.40370098610474   -6.05590756054253
   4.26792091485757   -0.40343730772618   -6.05217044118938
   4.25892251180128   -0.40258670820120   -6.04073427157803
   4.25334389564413   -0.40205937371488   -6.03326036306682
   4.24712632743729   -0.40147164047708   -6.02556986861018
   4.23858331531179   -0.40066408806911   -6.01451429682865
   4.23568132811736   -0.40038976951352   -6.01084447145199
   4.22452588193333   -0.39933526937990   -5.99589077917357
   4.22367106683728   -0.39925446556281   -5.99490039555080
   4.21337735951125   -0.39828142373449   -5.98091313905495
   4.20892349775393   -0.39786040984220   -5.97519092196773
   4.20154998399016   -0.39716340757794   -5.96580567912040
   4.19404318999180   -0.39645380662216   -5.95651573766340
   4.18950276739778   -0.39602461032171   -5.95082755817170
   4.17920277866127   -0.39505097472528   -5.93687357602733
   4.17834807823039   -0.39497018174724   -5.93588334734862
   4.16711994778801   -0.39390881092832   -5.92099418123653
   4.16435152825794   -0.39364711823435   -5.91724361654406
   4.15601011608198   -0.39285862263239   -5.90601991791209
   4.14940287713456   -0.39223405466460   -5.89769517558272
   4.14396921207702   -0.39172042209136   -5.89104596354047
   4.13435326579702   -0.39081144754477   -5.87828152911302
   4.13253026222581   -0.39063912297096   -5.87628818886808
   4.12184044812222   -0.38962863802803   -5.86100167803515
   4.11982214296380   -0.38943785201875   -5.85833850442767
   4.11020579358828   -0.38852883936842   -5.84645063319270
   4.10475916856898   -0.38801398171810   -5.83982633205621
   4.09814143850174   -0.38738842204751   -5.83147963742333
   4.09009677388548   -0.38662797734877   -5.82097602821089
   4.08633791061336   -0.38627266015596   -5.81634871835309
   4.07552173889642   -0.38525023090190   -5.80182515341026
   4.07469146560536   -0.38517174696841   -5.80082326465689
   4.06395412296298   -0.38415676925579   -5.78653420152712
   4.06021040420809   -0.38380288364135   -5.78188692996921
   4.05258540987131   -0.38308210946394   -5.77177770276712
   4.04510139379646   -0.38237466165587   -5.76247527634463
   4.04052587737668   -0.38194214801218   -5.75680399857593
   4.03023546332328   -0.38096941748978   -5.74286976086483
   4.02938493204165   -0.38088901861238   -5.74185432508112
   4.01843970307950   -0.37985438985682   -5.72677288465385
   4.01559593906346   -0.37958557501200   -5.72308412406323
   4.00642089666494   -0.37871827815309   -5.71178970301199
   4.00071237908714   -0.37817866436721   -5.70442989392842
   3.99435636318626   -0.37757784396916   -5.69684694262973
   3.98557623658248   -0.37674787764383   -5.68506130097547
   3.98293376163833   -0.37649809021841   -5.68211743263316
   3.97204389086113   -0.37546869435202   -5.66698636584548
   3.97093919823980   -0.37536427015441   -5.66526252635472
   3.96065228410097   -0.37439187047133   -5.65223560976339
   3.95618450700717   -0.37396954119246   -5.64651041622394
   3.94880241270745   -0.37327172782875   -5.63712863364677
   3.94108759656693   -0.37254246299104   -5.62709342072167
   3.93741146802933   -0.37219496653325   -5.62239330684089
   3.92648960668252   -0.37116254666769   -5.60822611037418
   3.92563552546093   -0.37108181222216   -5.60723672073531
   3.91507133814850   -0.37008320250735   -5.59260206899955
   3.91156419763972   -0.36975168012141   -5.58867410273349
   3.90307312621922   -0.36894903755564   -5.57757346511600
   3.89670417938835   -0.36834699482482   -5.56907700203739
   3.89124658071364   -0.36783109985866   -5.56245305509864
   3.88180612536688   -0.36693871408938   -5.55044381577282
   3.87983782161179   -0.36675265460431   -5.54773050923608
   3.86868877947061   -0.36569875983098   -5.53280598060447
   3.86675672457512   -0.36551612687199   -5.53006295155631
   3.85754494551890   -0.36464535737650   -5.51787727494938
   3.85219731740409   -0.36413985768886   -5.51117771679371
   3.84570407954881   -0.36352606599707   -5.50275233221104
   3.83711832435304   -0.36271447317937   -5.49175149153472
   3.83432664032547   -0.36245058134291   -5.48802489376282
   3.82289381783666   -0.36136986142878   -5.47331523996674
   3.82203998078983   -0.36128915006457   -5.47232618283287
   3.81104715793810   -0.36025002236186   -5.45821873727872
   3.80743412051398   -0.35990848977018   -5.45348010584657
   3.79930114972391   -0.35913969768035   -5.44303063425405
   3.79248062894662   -0.35849496864376   -5.43396729153477
   3.78792050726842   -0.35806391023161   -5.42830494450957
   3.77785346984457   -0.35711229501753   -5.41512792555870
   3.77679466694508   -0.35701220867580   -5.41337017425387
   3.76583881200018   -0.35597657546914   -5.39829338009443
   3.76299713977080   -0.35570795835638   -5.39460758143254
   3.75447226511030   -0.35490212044364   -5.38355037566714
   3.74812139166990   -0.35430178615123   -5.37596755333965
   3.74177645534878   -0.35370201308182   -5.36839278708262
   3.73322074177690   -0.35289326003368   -5.35734784004880
   3.73037283314235   -0.35262405340706   -5.35367906012769
   3.71924511739965   -0.35157217457192   -5.33875067705285
   3.71819781946720   -0.35147317576977   -5.33696753073612
   3.70823182284910   -0.35053111172392   -5.32367702949384
   3.70352928617520   -0.35008659113110   -5.31816579291649
   3.69603095766641   -0.34937779039969   -5.30891218457517
   3.68854653930184   -0.34867030456405   -5.29869453523400
   3.68487766612042   -0.34832349393934   -5.29399973857749
   3.67436924390687   -0.34733015557838   -5.27930383023645
   3.67351574737556   -0.34724947640235   -5.27831523886184
   3.66190438140611   -0.34615187916023   -5.26399198917407
   3.65914011842535   -0.34589057937585   -5.26024739544593
   3.65077831625683   -0.34510015635211   -5.24903071165396
   3.64429365395332   -0.34448717528863   -5.24153793429269
   3.63846487265397   -0.34393619323398   -5.23432480723725
   3.62925745551281   -0.34306583606087   -5.22215783258401
   3.62734807847938   -0.34288534679099   -5.21939653515986
   3.61620426181708   -0.34183194597085   -5.20448249841495
   3.61449752953780   -0.34167061227008   -5.20250567106648
   3.60443897892781   -0.34071979929611   -5.18934101210381
   3.59983169478805   -0.34028428271875   -5.18368413703405
   3.59237809424056   -0.33957971002452   -5.17442271876526
   3.58488003168896   -0.33887093443347   -5.16422386955156
   3.58122841697238   -0.33852575521401   -5.15950920045213
   3.57033207977990   -0.33749574809141   -5.14535491514103
   3.56947881357327   -0.33741509068748   -5.14436663822714
   3.55880665720745   -0.33640627489221   -5.12972740109186
   3.55513349579073   -0.33605905890992   -5.12509988486001
   3.54685180846605   -0.33527620896861   -5.11477245704714
   3.54004149457309   -0.33463244476666   -5.10571746370384
   3.53549658687570   -0.33420282449911   -5.10006353386073
   3.52542448053807   -0.33325073013161   -5.08689251817995
   3.52377404506714   -0.33309471804604   -5.08492478748846
   3.51339065770984   -0.33211319895886   -5.07006798805970
   3.51071477471346   -0.33186025354273   -5.06717879681389
   3.50116035413626   -0.33095709488739   -5.05532698267035
   3.49581791571188   -0.33045208576992   -5.04863471837131
   3.48937607393363   -0.32984315243782   -5.04019402401810
   3.48103627716755   -0.32905480953705   -5.02903503591738
   3.47819080109471   -0.32878583285521   -5.02529321177990
   3.46656162807075   -0.32768655235085   -5.01079652792502
   3.46573274229582   -0.32760819957625   -5.00979655854294
   3.45489567771845   -0.32658379536540   -4.99550432703356
   3.45123681390192   -0.32623793090424   -4.99088045714246
   3.44367264793247   -0.32552290670047   -4.98076202550734
   3.43640866454314   -0.32483625810496   -4.97130411630842
   3.43183499460805   -0.32440391900546   -4.96564303189402
   3.42153498097180   -0.32343028105531   -4.95268439299606
   3.42050393176729   -0.32333281821017   -4.95093800133532
   3.40953232224616   -0.32229569575759   -4.93586742942480
   3.40692073847271   -0.32204882840754   -4.93293523843925
   3.39753358869568   -0.32116148149817   -4.92091239091845
   3.39182765309434   -0.32062211178092   -4.91356433890039
   3.38556835841916   -0.32003043423057   -4.90599470887016
   3.37719493751523   -0.31923891291297   -4.89475144025265
   3.37436182346812   -0.31897110478661   -4.89109395311861
   3.36326485506883   -0.31792213243116   -4.87618357321705
   3.36218839463075   -0.31782037696060   -4.87443228470482
   3.35213658246896   -0.31687020095752   -4.86127729332099
   3.34764897894451   -0.31644599752916   -4.85557554702086
   3.34023759583943   -0.31574541555820   -4.84615729571022
   3.33239234174463   -0.31500382070357   -4.83628350136910
   3.32866008684177   -0.31465101874219   -4.83168738585533
   3.31775640074304   -0.31362031694342   -4.81754608065074
   3.31690367169112   -0.31353971031556   -4.81655854265741
   3.30567417161521   -0.31247821002816   -4.80170417977559
   3.30283600679066   -0.31220992446276   -4.79802338239529
   3.29432163904239   -0.31140507974566   -4.78698116192130
   3.28797295430481   -0.31080495234657   -4.77940736806295
   3.28233801270614   -0.31027229353843   -4.77206183176448
   3.27341194087208   -0.30942853132700   -4.75973594716926
   3.27092442964926   -0.30919339228607   -4.75672344175583
   3.26041589262972   -0.30820004307275   -4.74185146983807
   3.25859552963202   -0.30802796810662   -4.73995714061527
   3.24806259312329   -0.30703231246250   -4.72735084221141
   3.24347936909329   -0.30659907023513   -4.72078364662513
   3.23705589218458   -0.30599187289432   -4.71225026881049
   3.22875608611707   -0.30520731022755   -4.70204541428836
   3.22510333399130   -0.30486202349127   -4.69733409586206
   3.21422154722541   -0.30383339178893   -4.68319567114760
   3.21336902870035   -0.30375280506172   -4.68220842405863
   3.20271588269384   -0.30274578627449   -4.66763114195910
   3.19902880524780   -0.30239725484012   -4.66295850954427
   3.19086268222975   -0.30162532894209   -4.65263057486640
   3.18443715676777   -0.30101793795598   -4.64415183453280
   3.17970206403404   -0.30057033990942   -4.63773206756542
   3.16937766258965   -0.29959439663266   -4.62483064362579
   3.16772110546827   -0.29943780588075   -4.62283240629382
   3.15670591821019   -0.29839656411921   -4.60775616278740
   3.15473881349351   -0.29821061797664   -4.60505356531075
   3.14535760006992   -0.29732383221788   -4.59303920672269
   3.13988051133302   -0.29680609489841   -4.58643981210135
   3.13333298647792   -0.29618717157426   -4.57813874189380
   3.12499029943932   -0.29539855546229   -4.56783932182551
   3.12038892988513   -0.29496359797788   -4.56304573283791
   3.11001124185910   -0.29398261763613   -4.55289006617886
   3.10524318652372   -0.29353190370633   -4.54841126973477
   3.09514715956734   -0.29257754817462   -4.53906132487241
   3.08875980990366   -0.29197376586392   -4.53328329529760
   3.08042910323956   -0.29118628223078   -4.52584676435084
   3.07204040416850   -0.29039331670117   -4.51840013082632
   3.06550951919135   -0.28977596630860   -4.51205026610888
   3.05625453758230   -0.28890111296949   -4.50351715404837
   3.05082219080647   -0.28838760501056   -4.49882138535722
   3.03980972988350   -0.28734662096357   -4.48853400821915
   3.03592604208878   -0.28697950437935   -4.48489108425330
   3.02375410862959   -0.28582891790820   -4.47387356183792
   3.02088930711243   -0.28555811443402   -4.47117853723555
   3.00716528478198   -0.28426081236807   -4.45896476939828
   3.00623908630367   -0.28417326083467   -4.45803363274176
   2.99159193869003   -0.28278869773779   -4.44476740544560
   2.99064926551778   -0.28269958888731   -4.44385408363188
   2.97657162049523   -0.28136885963522   -4.43101091013309
   2.97468086617835   -0.28119013073035   -4.42919075319188
   2.96202243310124   -0.27999355650544   -4.41775903638375
   2.95810694959145   -0.27962343434124   -4.41410572874059
   2.94697503993922   -0.27857115906493   -4.40402424107743
   2.94224477270363   -0.27812401716225   -4.39940424546028
   2.93223916911748   -0.27717820915562   -4.39082151572568
   2.92498498315082   -0.27649248668922   -4.38423813050503
   2.91769885402456   -0.27580374470522   -4.37748998686186
   2.90904774010408   -0.27498597366903   -4.36940439137204
   2.90264833170220   -0.27438105147197   -4.36380155786818
   2.89257846179805   -0.27342916850967   -4.35444470249754
   2.88774778160444   -0.27297253478785   -4.34987912482354
   2.87586771958572   -0.27184953829095   -4.33953475619063
   2.87304358735743   -0.27158257919644   -4.33679169795422
   2.86005485840110   -0.27035478281842   -4.32466305089714
   2.85814555968520   -0.27017430095174   -4.32286701971141
   2.84362523533897   -0.26880172618327   -4.31041869634113
   2.84265255371183   -0.26870978069863   -4.30954191017481
   2.82858318681996   -0.26737983396027   -4.29669761133504
   2.82666109097423   -0.26719814240866   -4.29491919212508
   2.81365450741839   -0.26596865827407   -4.28299399660451
   2.81079093233447   -0.26569797073197   -4.28022894739368
   2.79863891300431   -0.26454926670024   -4.26915612869039
   2.79410796019975   -0.26412096555845   -4.26534269326027
   2.78426437080429   -0.26319047240188   -4.25669774001921
   2.77763185860384   -0.26256351540830   -4.25022519740664
   2.76945284161084   -0.26179037067077   -4.24273650293373
   2.76118126253076   -0.26100847623990   -4.23506633041599
   2.75451082283873   -0.26037793404280   -4.22882689866116
   2.74538545594652   -0.25951533290177   -4.22039905394457
   2.73987146454259   -0.25899410725321   -4.21552815408098
   2.72941803696507   -0.25800596741592   -4.20574020069285
   2.72491886374707   -0.25758067032952   -4.20182374843387
   2.71266203410634   -0.25642205880645   -4.19085633154487
   2.70979882849509   -0.25615140618980   -4.18816314118845
   2.69603265221826   -0.25485011940272   -4.17597709176771
   2.69509157169007   -0.25476116110142   -4.17506308605401
   2.68052440474297   -0.25338415840349   -4.16177006894185
   2.67958225491587   -0.25329509902369   -4.16085735692644
   2.66551069821094   -0.25196494528705   -4.14802286640876
   2.66362098823398   -0.25178631510137   -4.14620392418648
   2.65099264448050   -0.25059258515497   -4.13476769223106
   2.64704246517051   -0.25021918327203   -4.13112952215819
   2.63618898619041   -0.24919322744329   -4.12173668233881
   2.63047854312579   -0.24865343164532   -4.11620627028977
   2.62119829323072   -0.24777618974994   -4.10786056332416
   2.61465510840361   -0.24715767667922   -4.10151505936596
   2.60640740906103   -0.24637803954815   -4.09389636857148
   2.59801161075047   -0.24558440294284   -4.08645799859871
   2.59139520068655   -0.24495896804930   -4.08018121580553
   2.58123635456000   -0.24399867435767   -4.07162335940774
   2.57697572783525   -0.24359592655392   -4.06775738135908
   2.56557140833236   -0.24251790096523   -4.05684028920531
   2.56180792719072   -0.24216214725523   -4.05318526038283
   2.54905032217723   -0.24095619852226   -4.04174608189119
   2.54714204294858   -0.24077581302549   -4.03995123254071
   2.53315305031347   -0.23945346389132   -4.02710266312436
   2.53221222844556   -0.23936453004062   -4.02618896330851
   2.51760549934361   -0.23798378761799   -4.01378212430994
   2.51566987808541   -0.23780081753846   -4.01202210623781
   2.50268986860793   -0.23657384539387   -4.00010535518758
   2.49910985319494   -0.23623543430129   -3.99710057956454
   2.48816703273981   -0.23520103321668   -3.98680028678826
   2.48276487602700   -0.23469037905893   -3.98186132539414
   2.47323089588608   -0.23378915259370   -3.97363424877128
   2.46572065216613   -0.23307922554323   -3.96736459560709
   2.45841057836238   -0.23238822012080   -3.96154958545149
   2.44700626078831   -0.23131019471444   -3.95261913838748
   2.44330600235339   -0.23096041730979   -3.94982810640716
   2.42856913812650   -0.22956737349604   -3.93853043538650
   2.42683209053795   -0.22940317415484   -3.93744183370173
   2.41388566474727   -0.22817937660332   -3.92739937426285
   2.40825116575725   -0.22764675963401   -3.92275591719295
   2.39933418297098   -0.22680385659056   -3.91588476425563
   2.38911669566179   -0.22583801967512   -3.90753509890859
   2.38422050879850   -0.22537519374989   -3.90399254545457
   2.37017828966844   -0.22404781323058   -3.89320129463825
   2.36920790851048   -0.22395608520430   -3.89232789185604
   2.35513350397457   -0.22262566226838   -3.88107890852418
   2.35107661501151   -0.22224217335337   -3.87783486994938
   2.34004737759238   -0.22119960346057   -3.86941879025367
   2.33156787825109   -0.22039805477836   -3.86300761654024
   2.32527086502565   -0.21980281177525   -3.85824232872672
   2.31307359254419   -0.21864983006127   -3.84817820208415
   2.31038545380881   -0.21839572613671   -3.84620247113310
   2.29569764379629   -0.21700731931145   -3.83482135552052
   2.29365059465112   -0.21681381619544   -3.83323769585414
   2.28079418478773   -0.21559852765430   -3.82387429596542
   2.27409007101324   -0.21496480231922   -3.81860117159860
   2.26574474407506   -0.21417593666327   -3.81214451788455
   2.25466652852999   -0.21312873697446   -3.80380157187073
   2.25079641178622   -0.21276290323226   -3.80029198177417
   2.23645882035394   -0.21140760180983   -3.78935566903935
   2.23544110093304   -0.21131139900023   -3.78855253995855
   2.22185264817204   -0.21002691203165   -3.77746093530146
   2.21693145781534   -0.20956172258041   -3.77368044701646
   2.20676072382624   -0.20860030515492   -3.76623862598838
   2.19741943430696   -0.20771729331624   -3.75903693389086
   2.19181461435668   -0.20718748184219   -3.75445786630778
   2.17890723760003   -0.20596737551117   -3.74410856299369
   2.17723082905668   -0.20580890824740   -3.74294768213321
   2.16243772958429   -0.20441054863785   -3.73178609826449
   2.15941399290258   -0.20412472136727   -3.72932974596226
   2.14760208032765   -0.20300816688949   -3.71994319823794
   2.14024754917120   -0.20231295900993   -3.71411523998739
   2.13290177241923   -0.20161857866524   -3.70850416360807
   2.12150211129631   -0.20054099342311   -3.69965728455831
   2.11786787283912   -0.20019745674376   -3.69678858581406
   2.10315798129191   -0.19880696259892   -3.68548733371198
   2.10215938487607   -0.19871256744551   -3.68465183887375
   2.08869481342039   -0.19743979070804   -3.67400262719454
   2.08279397057733   -0.19688199683196   -3.66956317388932
   2.07350642852437   -0.19600406562471   -3.66237109435337
   2.06428587155784   -0.19513246637240   -3.65487645696650
   2.05902478775958   -0.19463514753130   -3.65079907845374
   2.04496218191935   -0.19330583990049   -3.63967477098910
   2.04393079560054   -0.19320834518866   -3.63890064528198
   2.02930860966696   -0.19182614166526   -3.62762893056169
   2.02561102365286   -0.19147661687875   -3.62483922909470
   2.01459381870420   -0.19043518438930   -3.61642575055679
   2.00610135113768   -0.18963240984887   -3.61002386068561
   1.99982576362741   -0.18903919217215   -3.60525514061837
   1.98762215862921   -0.18788561185910   -3.59520278270163
   1.98493772283902   -0.18763185796592   -3.59322474316677
   1.97009114848078   -0.18622844349139   -3.58217902717504
   1.96808098887347   -0.18603842746339   -3.58052979845548
   1.95602313801000   -0.18489862497258   -3.57062213380633
   1.94899575602459   -0.18423434179463   -3.56506884653474
   1.94056934380844   -0.18343781132321   -3.55882309673954
   1.92919414932831   -0.18236253885977   -3.55045071606866
   1.92527574329447   -0.18199214043571   -3.54805503402877
   1.91095205499629   -0.18063815324639   -3.53908868684664
   1.90534461074039   -0.18010809370242   -3.53546702964900
   1.89624769127073   -0.17924818163454   -3.52967842791366
   1.88196020792739   -0.17789761682109   -3.52086850449695
   1.88090711952194   -0.17779807065808   -3.52016801753049
   1.86663748731936   -0.17644919327424   -3.51139947524320
   1.85817368430038   -0.17564912833133   -3.50574196615101
   1.85149810163426   -0.17501809998004   -3.50142378407339
   1.83676960765325   -0.17362584738748   -3.49197373241621
   1.83498653240039   -0.17345729715100   -3.49093512679115
   1.82229591402714   -0.17225768051985   -3.48319897273249
   1.81171951792612   -0.17125791673473   -3.47638524524934
   1.80713918095531   -0.17082494741481   -3.47353156065470
   1.79294071441734   -0.16948279716690   -3.46436597828566
   1.78808148382400   -0.16902346463772   -3.46100600087121
   1.77773339353268   -0.16804528210563   -3.45451947853437
   1.76468190969037   -0.16681155364434   -3.44662029042270
   1.76296180848369   -0.16664895620787   -3.44550406337411
   1.74846593048576   -0.16527869229968   -3.43572603222891
   1.74165072033601   -0.16463446526520   -3.43143502045250
   1.73368174162493   -0.16388117499092   -3.42642925216254
   1.71867375412614   -0.16246250248230   -3.41691089208980
   1.71759490383490   -0.16236052110410   -3.41629113230954
   1.70409066683711   -0.16108399486897   -3.40815536482720
   1.69385951401982   -0.16011686618269   -3.40152288156573
   1.68904071913759   -0.15966135595357   -3.39809445281686
   1.67472511938784   -0.15830813335720   -3.38889124519385
   1.67087478857606   -0.15794416993624   -3.38634323942171
   1.65949191444793   -0.15686817153232   -3.37919367985275
   1.64719477330021   -0.15570574944992   -3.37219644066550
   1.64432703916736   -0.15543466876194   -3.37050800291594
   1.62997077340087   -0.15407760209520   -3.36111542690380
   1.62410608382384   -0.15352322570894   -3.35739714166631
   1.61506367920272   -0.15266846681146   -3.35166287691334
   1.60103382349211   -0.15134225497938   -3.34238557507304
   1.59997453960635   -0.15124212317106   -3.34169706096387
   1.58612527906313   -0.14993298260847   -3.33333984794224
   1.57726835996162   -0.14909575725487   -3.32725764939661
   1.57093082144858   -0.14849668348422   -3.32333210444598
   1.55620270551372   -0.14710446662754   -3.31386344957249
   1.55336205958253   -0.14683594652852   -3.31211987835037
   1.54122797820464   -0.14568893813251   -3.30483759837093
   1.52655999746677   -0.14430240572558   -3.29805524789429
   1.52555370871824   -0.14420728343265   -3.29745400166098
   1.51055413866350   -0.14278940660675   -3.29434693445273
   1.49575640874883   -0.14139060929154   -3.29409830473935
   1.48097958988920   -0.13999378865301   -3.29362681383522
   1.46620431159601   -0.13859711364088   -3.29361942870466
   1.45142912839410   -0.13720044761753   -3.29361211760719
   1.43665403939402   -0.13580379049887   -3.29360488054272
   1.42190285370092   -0.13440939290798   -3.29337464228775
   1.40710446107983   -0.13301053294857   -3.29312668213193
   1.39232964698456   -0.13161390181607   -3.29311966764967
   1.37755492353393   -0.13021727925200   -3.29311272719049
   1.36278028983850   -0.12882066517231   -3.29310586075427
   1.34800574500881   -0.12742405949290   -3.29309906834092
   1.33323128815540   -0.12602746212969   -3.29309234995033
   1.31845691838882   -0.12463087299861   -3.29308570558241
   1.30368263481961   -0.12323429201559   -3.29307913523705
   1.28890843655831   -0.12183771909654   -3.29307263891415
   1.27413432271547   -0.12044115415738   -3.29306621661361
   1.25936029240163   -0.11904459711403   -3.29305986833534
   1.24458634472734   -0.11764804788243   -3.29305359407922
   1.22981115378856   -0.11625138112772   -3.29258338505645
   1.21503737535368   -0.11485484789395   -3.29257726000978
   1.20026367688960   -0.11345832221964   -3.29257120897591
   1.18551710171160   -0.11206436045075   -3.29234171292968
   1.17071679918545   -0.11066531995215   -3.29209538961207
   1.15591505576208   -0.10926614324867   -3.29231660496300
   1.14116966495203   -0.10787229343550   -3.29254774496655
   1.12642420085701   -0.10647843669487   -3.29231846104290
   1.11162338914252   -0.10507934806381   -3.29207251897330
   1.09685022321850   -0.10368287272936   -3.29206698632047
   1.08207713015025   -0.10228640428180   -3.29206152767017
   1.06730410904830   -0.10088994263707   -3.29205614302232
   1.05253115902320   -0.09949348771108   -3.29205083237681
   1.03775827918548   -0.09809703941975   -3.29204559573355
   1.02298546864569   -0.09670059767900   -3.29204043309242
   1.00821272651436   -0.09530416240475   -3.29203534445334
   0.99344005190204   -0.09390773351293   -3.29203032981620
   0.97866744391925   -0.09251131091946   -3.29202538918091
   0.96389490167655   -0.09111489454025   -3.29202052254736
   0.94912242428446   -0.08971848429123   -3.29201572991545
   0.93435001085351   -0.08832208008832   -3.29201101128509
   0.91957647473093   -0.08692556975980   -3.29154238087207
   0.90480537231723   -0.08552928948451   -3.29200179602860
   0.89003314543296   -0.08413290291545   -3.29199729940227
   0.87525981304753   -0.08273641184577   -3.29152889389046
   0.86048771269942   -0.08134003723790   -3.29152454621392
   0.84571682364203   -0.07994377713071   -3.29198425352978
   0.83094368698592   -0.07854730456290   -3.29151607283624
   0.81617175984163   -0.07715094632761   -3.29151194713489
   0.80143212280797   -0.07575764040645   -3.29128390683067
   0.78659512567451   -0.07435513124621   -3.29126809065589
   0.77185631058494   -0.07296190302164   -3.29150001397956
   0.75711743042651   -0.07156866864625   -3.29127216434506
   0.74231316054723   -0.07016925312237   -3.29102849540672
   0.72754155346097   -0.06877292514147   -3.29102481371192
   0.71276999699424   -0.06737660194553   -3.29102120599866
   0.69799849025757   -0.06598028345046   -3.29101767226686
   0.68322703236150   -0.06458396957219   -3.29101421251639
   0.66845562241655   -0.06318766022663   -3.29101082674718
   0.65371740547669   -0.06179448854386   -3.29031942517267
   0.63891208143604   -0.06039497337239   -3.29007637633114
   0.62410550496871   -0.05899533981174   -3.29030172656947
   0.60936939764234   -0.05760236754616   -3.29053405668861
   0.59459926082739   -0.05620617854682   -3.29099500761639
   0.57982811991038   -0.05480989463189   -3.29099206573260
   0.56512118823209   -0.05341968027704   -3.29076690060584
   0.55022108581169   -0.05201120591089   -3.29075289193502
   0.53551494395056   -0.05062106621574   -3.29098368396420
   0.52074396459610   -0.04922479757297   -3.29098103800206
   0.50600820550962   -0.04783185822575   -3.29029033568246
   0.49120130097277   -0.04643219365340   -3.29004807431184
   0.47639318071894   -0.04503241416196   -3.29027445171179
   0.46169621145108   -0.04364314153216   -3.29028305939037
   0.44688881687947   -0.04224343063789   -3.29004102595895
   0.43211805747442   -0.04084718278646   -3.29003882443045
   0.41734733089994   -0.03945093803843   -3.29003669686302
   0.40257663626657   -0.03805469630973   -3.29003464325655
   0.38780597268482   -0.03665845751627   -3.29003266361096
   0.37303533926524   -0.03526222157397   -3.29003075792615
   0.35826473511834   -0.03386598839876   -3.29002892620201
   0.34349415935465   -0.03246975790655   -3.29002716843845
   0.32872361108470   -0.03107353001326   -3.29002548463538
   0.31395308941902   -0.02967730463482   -3.29002387479269
   0.29918259346813   -0.02828108168713   -3.29002233891029
   0.28441212234255   -0.02688486108614   -3.29002087698808
   0.26970977014133   -0.02549507961932   -3.28979713647353
   0.25487138925366   -0.02409243965580   -3.28955423982676
   0.24010098495627   -0.02269622537193   -3.28955299953590
   0.22533060192695   -0.02130001309848   -3.28955183319559
   0.21049070630986   -0.01989722995087   -3.28978176294606
   0.19582920544364   -0.01851131007215   -3.28932553414152
   0.18097757098197   -0.01710741727702   -3.28931412181718
   0.16628898270656   -0.01571893688426   -3.28932373362427
   0.15147813286948   -0.01431889937124   -3.28908316438846
   0.13670786537434   -0.01292269801899   -3.28908244224668
   0.12193761292079   -0.01152649808858   -3.28908179404552
   0.10716737461935   -0.01013029949595   -3.28908121978487
   0.09239714958057   -0.00873410215700   -3.28908071946465
   0.07762693691494   -0.00733790598766   -3.28908029308475
   0.06285673573301   -0.00594171090385   -3.28907994064508
   0.04808654514529   -0.00454551682149   -3.28907966214554
   0.03331636426230   -0.00314932365649   -3.28907945758603
   0.01861761102776   -0.00175988239219   -3.28885705257344
   0.00377613190075   -0.00035694955882   -3.28859295583681
  -0.01106648283028    0.00104609062073   -3.28884665595833
  -0.02569227595767    0.00242863512434   -3.28885713815082
  -0.04053432811881    0.00383162212538   -3.28858831881228
  -0.05530447156666    0.00522781175171   -3.28858691391385
  -0.07007461155105    0.00662400105065   -3.28858557940482
  -0.08484474896151    0.00802019010628   -3.28858431528566
  -0.09961488468757    0.00941637900269   -3.28858312155673
  -0.11438574871920    0.01081263674424   -3.28815359653202
  -0.12915515464458    0.01220875665418   -3.28858094527021
  -0.14392600674591    0.01360501326799   -3.28815488770276
  -0.15869613810141    0.01500120175125   -3.28815564416860
  -0.17346627220431    0.01639739049423   -3.28815647455462
  -0.18823571348499    0.01779351374622   -3.28857743737921
  -0.20300655221024    0.01918976909562   -3.28815835708683
  -0.21777669989223    0.02058595912219   -3.28815940923283
  -0.23254685387955    0.02198214974480   -3.28816053529864
  -0.24724208420887    0.02337125799651   -3.28793967837896
  -0.26216289300649    0.02478168969159   -3.28793057516761
  -0.27678204201871    0.02616360614140   -3.28794233735917
  -0.29162749103617    0.02756691423990   -3.28764611587053
  -0.30644591452412    0.02896766767372   -3.28746913775769
  -0.32112145950853    0.03035491511247   -3.28748111711142
  -0.33593813058741    0.03175550289485   -3.28764569956181
  -0.35078531616252    0.03315897514638   -3.28793979609660
  -0.36540218066238    0.03454067564620   -3.28795209847330
  -0.38024950081378    0.03594416061893   -3.28724797473925
  -0.39501977854797    0.03734036293906   -3.28724991343403
  -0.40979007326064    0.03873656686413   -3.28725192602896
  -0.42456038584127    0.04013277247821   -3.28725401252394
  -0.43933071717935    0.04152897986540   -3.28725617291890
  -0.45402340525449    0.04291784780334   -3.28703660452101
  -0.46894992226629    0.04432881908353   -3.28702835878260
  -0.48356377979609    0.04571023534098   -3.28704134387532
  -0.49849112797905    0.04712128518997   -3.28703319501970
  -0.51318268636338    0.04851004634069   -3.28726808338987
  -0.52787451108162    0.04989883266737   -3.28704901032111
  -0.54272361928688    0.05130248666096   -3.28672421953913
  -0.55757382580571    0.05270624447575   -3.28704374916880
  -0.57218546705150    0.05408745123268   -3.28705734566373
  -0.58703576197871    0.05549121740452   -3.28635394699420
  -0.60180635402862    0.05688744943624   -3.28635691954080
  -0.61657697550910    0.05828368424996   -3.28635996596772
  -0.63134762730964    0.05967992192977   -3.28636308627488
  -0.64611831031973    0.06107616255975   -3.28636628046218
  -0.66088902542884    0.06247240622398   -3.28636954852952
  -0.67565977352646    0.06386865300654   -3.28637289047682
  -0.69043055550209    0.06526490299152   -3.28637630630399
  -0.70520137224520    0.06666115626299   -3.28637979601092
  -0.71997222464530    0.06805741290504   -3.28638335959752
  -0.73474311359185    0.06945367300175   -3.28638699706371
  -0.74931299411796    0.07083093220843   -3.28586515508500
  -0.76428506044640    0.07224620916672   -3.28506275449933
  -0.77905648339341    0.07364251974134   -3.28489256368935
  -0.79382712161038    0.07503875613712   -3.28506619380080
  -0.80876829666298    0.07645111301011   -3.28562936195030
  -0.82327246783747    0.07782216085429   -3.28531848822100
  -0.83814052318033    0.07922760587971   -3.28507188620724
  -0.85291211541543    0.08062393245675   -3.28490379866665
  -0.86768337196706    0.08202022730237   -3.28490625614568
  -0.88245467397667    0.08341652644504   -3.28490878377219
  -0.89722602233381    0.08481282996883   -3.28491138154007
  -0.91199741792800    0.08620913795784   -3.28491404944315
  -0.92676886164878    0.08760545049615   -3.28491678747516
  -0.94154035438570    0.08900176766785   -3.28491959562971
  -0.95631189702828    0.09039808955703   -3.28492247390033
  -0.97108349046606    0.09179441624776   -3.28492542228045
  -0.98585513558858    0.09319074782415   -3.28492844076341
  -1.00062683328538    0.09458708437026   -3.28493152934243
  -1.01539858444600    0.09598342597019   -3.28493468801068
  -1.03017038995997    0.09737977270803   -3.28493791676120
  -1.04494253831930    0.09877615185430   -3.28462460058740
  -1.05971444763291    0.10017250840409   -3.28462986074967
  -1.07435357141560    0.10155631302563   -3.28459259922639
  -1.08934696374495    0.10297360588455   -3.28438198711484
  -1.10394290494718    0.10435332855041   -3.28440427224159
  -1.11880276212686    0.10575799862124   -3.28403079497148
  -1.13357474984719    0.10715436258265   -3.28419819902118
  -1.14843689175295    0.10855924862368   -3.28439751787458
  -1.16303064547220    0.10993876451153   -3.28442051943721
  -1.17789196066611    0.11134357240528   -3.28404608375483
  -1.19266441842074    0.11273998079801   -3.28405008092134
  -1.20743694120238    0.11413639533761   -3.28405414806023
  -1.22220952990058    0.11553281610815   -3.28405828516338
  -1.23698218540486    0.11692924319373   -3.28406249222261
  -1.25175490860478    0.11832567667843   -3.28406676922963
  -1.26652770038989    0.11972211664634   -3.28407111617610
  -1.28130056164971    0.12111856318154   -3.28407553305356
  -1.29625687574981    0.12253235111586   -3.28510244754273
  -1.31079967853044    0.12390705072198   -3.28792027655330
  -1.32548514404753    0.12529523592717   -3.29367699930554
  -1.33832151588006    0.12650863031671   -3.30023752101250
  -1.34012068660783    0.12667870202353   -3.30124368897143
  -1.35500166430041    0.12808536857064   -3.31037207776857
  -1.36250131927337    0.12879429468982   -3.31482634130924
  -1.36989037840507    0.12949276642400   -3.31944806178639
  -1.38445702298248    0.13086971974346   -3.32813805748378
  -1.38725309434106    0.13113402630481   -3.32995316290701
  -1.39933769433734    0.13227635733313   -3.33727521380619
  -1.41213731991314    0.13348627817871   -3.34484501584994
  -1.41390109357252    0.13365300387743   -3.34589422584315
  -1.42853897726402    0.13503669127584   -3.35464686165290
  -1.43694592992230    0.13583138227745   -3.35990255252482
  -1.44366035126557    0.13646608196465   -3.36420218817022
  -1.45853729207175    0.13787236691365   -3.37330111662134
  -1.46033230648666    0.13804204573322   -3.37431320150553
  -1.47320967199371    0.13925931516591   -3.38184518702087
  -1.48606568037018    0.14047456575536   -3.38937394128422
  -1.48786504388967    0.14064465568636   -3.39038032072072
  -1.50274530568617    0.14205125456136   -3.39951099758325
  -1.51104469189107    0.14283577753943   -3.40415426945710
  -1.51763868249392    0.14345909316993   -3.40858838041473
  -1.53241443551555    0.14485581305711   -3.41787454427494
  -1.53420955048832    0.14502550138220   -3.41888673742488
  -1.54708594114647    0.14624267866453   -3.42641983828134
  -1.56005289652226    0.14746841683321   -3.43376353313537
  -1.56204198580324    0.14765644112896   -3.43540621093577
  -1.57662357976075    0.14903480758090   -3.44408748014214
  -1.58394566320576    0.14972694824867   -3.44871225352836
  -1.59141381431083    0.15043289637555   -3.45335248097928
  -1.60620095158208    0.15183069239115   -3.46169449539256
  -1.60898425820373    0.15209379232960   -3.46350042811821
  -1.62096665857903    0.15322646264940   -3.47099926236654
  -1.63393724197267    0.15445254376673   -3.47834332362858
  -1.63592647374220    0.15464058153162   -3.47998616049873
  -1.65050636520155    0.15601878705010   -3.48866877094684
  -1.65799969703596    0.15672711545672   -3.49312717108399
  -1.66540454371373    0.15742707955338   -3.49774757448160
  -1.68008513498115    0.15881480400632   -3.50627783360163
  -1.68287289261822    0.15907832468961   -3.50808336830080
  -1.69485198130758    0.16021068196291   -3.51558355410455
  -1.70704467508863    0.16136323086227   -3.52271337351695
  -1.70981560543004    0.16162516089779   -3.52457097199016
  -1.72459277360865    0.16302201455669   -3.53383334820033
  -1.73188560323050    0.16371138992400   -3.53771447091532
  -1.73929445092333    0.16441173222794   -3.54233448811804
  -1.75393825939409    0.16579597968289   -3.55183080955398
  -1.75571457126346    0.16596389059140   -3.55286698205404
  -1.76857516600720    0.16717957472020   -3.56133414078506
  -1.77702835669371    0.16797863650234   -3.56762067866651
  -1.78375040713388    0.16861405735153   -3.57281891470388
  -1.79808365054167    0.16996894776463   -3.58177612154410
  -1.79905249127955    0.17006053017834   -3.58264817120226
  -1.81291358331495    0.17137078914622   -3.59291528445458
  -1.81864640256364    0.17191270011634   -3.59726756842841
  -1.82787424823194    0.17278498835383   -3.60378765925710
  -1.83974705485285    0.17390729901371   -3.61233765843092
  -1.84270567302797    0.17418697077309   -3.61486046284452
  -1.85733486988118    0.17556983702352   -3.62528337357394
  -1.86005088374595    0.17582657592361   -3.62721558506179
  -1.87224784420535    0.17697952814282   -3.63625261802167
  -1.88047483185780    0.17775720744274   -3.64191891068674
  -1.88699670989794    0.17837370642909   -3.64651891974011
  -1.90155156480961    0.17974954529702   -3.65609054644328
  -1.90252051909150    0.17984113844380   -3.65696272920488
  -1.91637773054947    0.18115103058912   -3.66723195450205
  -1.92211462294089    0.18169332658459   -3.67158455806930
  -1.93155661473628    0.18258585759102   -3.67871921035742
  -1.94260721804873    0.18363044715537   -3.68623116174820
  -1.94628568264338    0.18397816443557   -3.68904064619223
  -1.96080729103454    0.18535086058202   -3.69960499827346
  -1.96352359786624    0.18560762717564   -3.70153753137558
  -1.97550519173284    0.18674022125792   -3.70996937849715
  -1.98395860895069    0.18753930445357   -3.71624400733643
  -1.99046983815838    0.18815479682889   -3.72084439052870
  -2.00451252799065    0.18948222184266   -3.73083579321383
  -2.00548160046981    0.18957382616237   -3.73170811319438
  -2.01985321236500    0.19093234346537   -3.74156109817804
  -2.02559422084397    0.19147502854567   -3.74591400661760
  -2.03481896974800    0.19234702405274   -3.75243684556919
  -2.04608989614857    0.19341244028077   -3.76056307473187
  -2.04976878425124    0.19376019759426   -3.76337302679993
  -2.06441673864732    0.19514483695454   -3.77376232503604
  -2.06718060806257    0.19540609953602   -3.77563776621753
  -2.07932173103532    0.19655377355872   -3.78475515189020
  -2.08745410918053    0.19732250962712   -3.79058169737471
  -2.09395465201574    0.19793699184282   -3.79518257640952
  -2.10800350591817    0.19926499953277   -3.80517533925696
  -2.10897270147479    0.19935661548672   -3.80604779982095
  -2.12334051313203    0.20071477356148   -3.81590306338935
  -2.12984335507717    0.20132947310705   -3.82047963835973
  -2.13852476400669    0.20215010786474   -3.82739394575973
  -2.15033680773023    0.20326667473972   -3.83513276300213
  -2.15304045165833    0.20352224433652   -3.83708135261514
  -2.16778729499514    0.20491623145389   -3.84828636949085
  -2.17050422591463    0.20517305704118   -3.85021957329988
  -2.18269508533269    0.20632543254218   -3.85926258351873
  -2.19096181649971    0.20710686871034   -3.86493233721220
  -2.19753695838512    0.20772840261246   -3.86938862390723
  -2.21149132500030    0.20904747862408   -3.87950487447233
  -2.21248065120429    0.20914099748447   -3.88034067266586
  -2.22693328705470    0.21050717380623   -3.89011331108188
  -2.23258948814771    0.21104184222827   -3.89461168183342
  -2.24202716641581    0.21193396548632   -3.90175096086225
  -2.25291794596132    0.21296344725661   -3.90949492076382
  -2.25680751957666    0.21333112021468   -3.91296603774152
  -2.27115888085896    0.21468772327116   -3.92372500031464
  -2.27210622792710    0.21477727393489   -3.92462861915937
  -2.28612452374896    0.21610239303576   -3.93746775906680
  -2.28875437089701    0.21635098678300   -3.93949133114138
  -2.30077207822887    0.21748699459282   -3.94972252186453
  -2.30560173524494    0.21794353159589   -3.95411127733323
  -2.31573082727524    0.21890101269733   -3.96253085560873
  -2.32317602394547    0.21960479099127   -3.96887909839229
  -2.33072347815563    0.22031823546868   -3.97531272387451
  -2.34072111776302    0.22126329065768   -3.98387346700284
  -2.34549583269334    0.22171463410455   -3.98834370757689
  -2.35736295693893    0.22283640762182   -3.99873973307597
  -2.36024150599463    0.22310851062100   -4.00140315995488
  -2.37420487204600    0.22442843732979   -4.01339531827353
  -2.37515236059013    0.22451800136694   -4.01429910785450
  -2.38979814402765    0.22590243551121   -4.02651110143505
  -2.39247779007206    0.22615573664011   -4.02852380689733
  -2.40440506187811    0.22728319577583   -4.03883321860931
  -2.41004398198260    0.22781623066350   -4.04339798389605
  -2.41926900425279    0.22868825201128   -4.05176798543307
  -2.42669778603935    0.22939047864187   -4.05812221427721
  -2.43426461067397    0.23010575416349   -4.06455238104093
  -2.44435344480796    0.23105942977330   -4.07281256834286
  -2.44924555940201    0.23152187075576   -4.07733986220297
  -2.46183160315784    0.23271160217513   -4.08798151649818
  -2.46375656076846    0.23289356424317   -4.08974940836003
  -2.47844017843768    0.23428157477531   -4.10197263340892
  -2.47939590931234    0.23437191794208   -4.10287227456336
  -2.49318879774777    0.23567572977158   -4.11504541164468
  -2.49604061201258    0.23594530558896   -4.11773965383483
  -2.50806137934582    0.23708160265408   -4.12796118128499
  -2.51360186081486    0.23760533235104   -4.13265153576799
  -2.52290119605764    0.23848437834295   -4.14091256660231
  -2.53047770568854    0.23920056936626   -4.14729628999391
  -2.53790481718305    0.23990263810777   -4.15367587015887
  -2.54801686056035    0.24085850763701   -4.16214238051277
  -2.55257498881246    0.24128937761492   -4.16593864078487
  -2.56539055891812    0.24250080566234   -4.17724383856350
  -2.56731582226174    0.24268279663066   -4.17901208731180
  -2.58200271266315    0.24407111652707   -4.19123779659940
  -2.58295995407808    0.24416160248194   -4.19213760709309
  -2.59675498927200    0.24546561723986   -4.20431321895024
  -2.59960590499198    0.24573510811975   -4.20700801362454
  -2.61162748649988    0.24687148214703   -4.21723170158456
  -2.61717300064863    0.24739568757229   -4.22185867916217
  -2.62660766156719    0.24828752560683   -4.23004845345525
  -2.63402145089720    0.24898833503302   -4.23654084029154
  -2.64147467491297    0.24969287213452   -4.24295179947867
  -2.65231904374714    0.25071796680092   -4.25165022951937
  -2.65614911404634    0.25108001503957   -4.25521703684400
  -2.66914429134916    0.25230842096580   -4.26628934498215
  -2.67083831478092    0.25246855332677   -4.26745220582930
  -2.68558150168944    0.25386219480990   -4.28052149131398
  -2.68654026627925    0.25395282474719   -4.28142147028593
  -2.70045427250459    0.25526808557868   -4.29343318417126
  -2.70411069778722    0.25561371953052   -4.29628980756893
  -2.71519272977046    0.25666127997896   -4.30561620370135
  -2.72095302796504    0.25720578847424   -4.31094678011315
  -2.73019407261231    0.25807932438257   -4.31934032799111
  -2.73760907154897    0.25878024815025   -4.32583408979889
  -2.74506110379501    0.25948467259635   -4.33224654981447
  -2.75602992376029    0.26052153135826   -4.34068032301436
  -2.75989689787544    0.26088706803459   -4.34437570166645
  -2.77348767781545    0.26217177498636   -4.35584509915941
  -2.77443369744143    0.26226120016986   -4.35675212661265
  -2.78917711296972    0.26365486326392   -4.36982420568474
  -2.79013741313403    0.26374563835573   -4.37072435338379
  -2.80404978150627    0.26506074436453   -4.38273886138754
  -2.80770831069138    0.26540657719370   -4.38559599911056
  -2.81879274361396    0.26645436459773   -4.39492440435404
  -2.82455403643556    0.26699896711294   -4.40025612196311
  -2.83379755344745    0.26787273672854   -4.40865143237724
  -2.84195102933600    0.26864346712086   -4.41541050623196
  -2.84843793726621    0.26925666045856   -4.42091093229548
  -2.85962820274803    0.27031445198488   -4.42999761174323
  -2.86327686656826    0.27065935226251   -4.43301373059402
  -2.87710021376888    0.27196604329302   -4.44516425800917
  -2.87804640066591    0.27205548428829   -4.44607147897182
  -2.89279011550346    0.27344917567541   -4.45914642801326
  -2.89375196340069    0.27354009707106   -4.46004674581262
  -2.90743670746006    0.27483368624723   -4.47141781151094
  -2.91203630262559    0.27526847600253   -4.47519696128513
  -2.92230217808853    0.27623888694520   -4.48629258609802
  -2.92589722105307    0.27657871855964   -4.49011272807816
  -2.93682937041918    0.27761211092934   -4.50327891608366
  -2.93790817247959    0.27771408774838   -4.50502234474580
  -2.94838583770578    0.27870451871804   -4.51970700941016
  -2.95169634424491    0.27901745372129   -4.52369996087948
  -2.95919878349036    0.27972664303171   -4.53479107917004
  -2.96667986923750    0.28043381384226   -4.54496725577832
  -2.97029715803200    0.28077574830675   -4.54968706774257
  -2.98079169665891    0.28176777428238   -4.56433967900276
  -2.98185829786555    0.28186859778118   -4.56609621113721
  -2.99118181828134    0.28274992994504   -4.57891200399580
  -2.99653855004326    0.28325629018070   -4.58670526184570
  -3.00116602257838    0.28369371512329   -4.59411260734793
  -3.01114201920467    0.28463672444822   -4.60822771291350
  -3.01198328964860    0.28471624791872   -4.60920273676982
  -3.02246214970025    0.28570679183264   -4.62386914611808
  -3.02609200435084    0.28604991412025   -4.62857698817663
  -3.03358134915341    0.28675786564139   -4.63878602991137
  -3.04063277276623    0.28742442142224   -4.64926421649193
  -3.04411789611054    0.28775386257337   -4.65407707543105
  -3.05456771741616    0.28874166151760   -4.66876688995162
  -3.05561202905754    0.28884037803213   -4.67054581417350
  -3.06410000923602    0.28964272838950   -4.68333660226957
  -3.07058253845747    0.29025550781736   -4.69182156192048
  -3.07587500297905    0.29075579301018   -4.69853327116759
  -3.08549921125304    0.29166554854514   -4.71219643176665
  -3.08636505732113    0.29174739509609   -4.71318719842108
  -3.09684961309437    0.29273847741421   -4.72785158090110
  -3.10031543510077    0.29306609405173   -4.73275158302166
  -3.10669850301798    0.29366947161821   -4.74288616563689
  -3.11494256045717    0.29444876448806   -4.75427980237635
  -3.11756799565281    0.29469694118300   -4.75806010903240
  -3.12866912122402    0.29574630650690   -4.77298279740376
  -3.12971365251143    0.29584504378410   -4.77476208536344
  -3.13888193868019    0.29671170199126   -4.78778577164863
  -3.14424222443195    0.29721839817787   -4.79450694122614
  -3.14997905952439    0.29776068875700   -4.80275494279335
  -3.15913065805203    0.29862576951764   -4.81587026650581
  -3.16017540875547    0.29872452753576   -4.81762847794683
  -3.17067204681962    0.29971675196663   -4.83232687990671
  -3.17441751086460    0.30007080255957   -4.83788366179242
  -3.18085164652948    0.30067900744948   -4.84719252498713
  -3.18918912231417    0.30146713095292   -4.85836204906105
  -3.19197859228554    0.30173081349945   -4.86210549009783
  -3.20279234772914    0.30275301434844   -4.87718622887195
  -3.20388837713550    0.30285661963113   -4.87891130327803
  -3.21344641679796    0.30376012039075   -4.89155994738317
  -3.21886258135971    0.30427209868008   -4.89937236021719
  -3.22409763055588    0.30476695652671   -4.90699904544511
  -3.23371893346026    0.30567643742338   -4.92066593409056
  -3.23460153526679    0.30575986785795   -4.92168211227746
  -3.24479621338057    0.30672354866961   -4.93657798705244
  -3.24854244367206    0.30707767169416   -4.94213597384459
  -3.25497453058652    0.30768568292015   -4.95144564606377
  -3.26353639062711    0.30849501698064   -4.96338036642507
  -3.26546380367392    0.30867721115574   -4.96611731416190
  -3.27627343785752    0.30969902243096   -4.98121725862596
  -3.27801324236149    0.30986348237740   -4.98317069812068
  -3.28695823886712    0.31070903349698   -4.99561236956023
  -3.29303674426429    0.31128362142899   -5.00459081109017
  -3.29730594979303    0.31168718016848   -5.01125251990544
  -3.30757365430382    0.31265776400707   -5.02516326639382
  -3.30842575293148    0.31273831104230   -5.02614418820668
  -3.31893535435779    0.31373176087168   -5.04085217992916
  -3.32246562559821    0.31406546975552   -5.04563046929187
  -3.32911243168828    0.31469377791948   -5.05572190994959
  -3.33726552750016    0.31546447238397   -5.06707735519408
  -3.33993864694085    0.31571715656718   -5.07085203546707
  -3.35106125549264    0.31676855263064   -5.08576629399472
  -3.35210647851773    0.31686735529630   -5.08754672276071
  -3.36063771620522    0.31767379469218   -5.10043397750607
  -3.36707914426972    0.31828268891681   -5.10883737622230
  -3.37175386585391    0.31872458020953   -5.11532667428409
  -3.38175910459458    0.31967035372812   -5.12947101494616
  -3.38257365470097    0.31974735138306   -5.13043704155996
  -3.39249122489589    0.32068483778416   -5.14494432795134
  -3.39705446599986    0.32111619106886   -5.15149152933170
  -3.40328801541552    0.32170543497567   -5.16005088497132
  -3.41163940619587    0.32249487383347   -5.17216889361752
  -3.41349384334235    0.32267016975498   -5.17496285203169
  -3.42461819536024    0.32372173062451   -5.18986651303311
  -3.42648477915850    0.32389817474267   -5.19263638196374
  -3.43480983205927    0.32468512393784   -5.20475826883672
  -3.44109345929630    0.32527910159249   -5.21329614635297
  -3.44561483177432    0.32570649712679   -5.21985594888429
  -3.45588679100146    0.32667748315450   -5.23377314532579
  -3.45673718881463    0.32675786941542   -5.23475389881512
  -3.46726813516506    0.32775333693419   -5.24948277276248
  -3.47091050587036    0.32809764233731   -5.25514713260119
  -3.47713196246125    0.32868574313562   -5.26455081942416
  -3.48573489329529    0.32949895952915   -5.27650681102627
  -3.48764458410298    0.32967947845942   -5.27926121639456
  -3.49873920397343    0.33072822881354   -5.29413575719042
  -3.50066215654990    0.33091000135005   -5.29696937717798
  -3.50898903872043    0.33169712346212   -5.30909410289832
  -3.51548965238936    0.33231161237357   -5.31842201299347
  -3.51979300443989    0.33271839890971   -5.32419407196730
  -3.52967725760447    0.33365273592419   -5.33864042593103
  -3.53050595181664    0.33373107059077   -5.33962693372753
  -3.54088099471659    0.33471180089450   -5.35359257383481
  -3.54541330544162    0.33514023039757   -5.36016237335335
  -3.55164888088827    0.33572966582069   -5.36872623951241
  -3.56000623541512    0.33651966841851   -5.38085096783864
  -3.56186150498553    0.33669504302726   -5.38364623327404
  -3.57292636993258    0.33774098071299   -5.39849082199596
  -3.57485574404516    0.33792336026339   -5.40132720640081
  -3.58318449646678    0.33871065916623   -5.41345482928886
  -3.58957716255198    0.33931494402672   -5.42282208752191
  -3.59337531356145    0.33967397500414   -5.42835034819838
  -3.60426388933265    0.34070324845642   -5.44248105733133
  -3.60512485094291    0.34078463329017   -5.44348410962607
  -3.61480567882167    0.34169974095357   -5.45830852742234
  -3.61940310576282    0.34213432575132   -5.46462356045803
  -3.62582139037163    0.34274103227528   -5.47306847984520
  -3.63421421786415    0.34353438805561   -5.48522962335757
  -3.63606991754477    0.34370980332174   -5.48802556233352
  -3.64654385869945    0.34469988226299   -5.50259637356787
  -3.64931830903733    0.34496214503614   -5.50646761087946
  -3.65686630360989    0.34567564059284   -5.51756562652872
  -3.66390240129559    0.34634074764704   -5.52717442698812
  -3.66761416194516    0.34669161233110   -5.53276687129615
  -3.67815074030022    0.34768761223105   -5.54735128911403
  -3.67897962260914    0.34776596467802   -5.54840122636011
  -3.68847964568859    0.34866398125587   -5.56181498682834
  -3.69374072578150    0.34916129974671   -5.56907186291665
  -3.69918452569745    0.34967589034614   -5.57753981484922
  -3.70834928184609    0.35054221486816   -5.58963907749106
  -3.71026027683408    0.35072285707977   -5.59239549325118
  -3.72079601593228    0.35171877764659   -5.60697702468986
  -3.72357934704038    0.35198187989969   -5.61085338387495
  -3.73113113913345    0.35269573442777   -5.62195275556565
  -3.73813409956866    0.35335770908954   -5.63158931636647
  -3.74184674673173    0.35370865757380   -5.63718314550056
  -3.75241528054738    0.35470767815414   -5.65174371693703
  -3.75324557797469    0.35478616436918   -5.65279635200454
  -3.76328542765474    0.35573520958480   -5.66714876025514
  -3.76776031370604    0.35615821085800   -5.67357647903345
  -3.77338857715960    0.35669023839557   -5.68192738316372
  -3.78240085139298    0.35754214913285   -5.69427636475637
  -3.78420392052167    0.35771258934705   -5.69705555246718
  -3.79506691164183    0.35873944433776   -5.71138279698886
  -3.79785940168331    0.35900341236497   -5.71526431953376
  -3.80541489218602    0.35971761649569   -5.72636519485314
  -3.81253650445495    0.36039080705797   -5.73680095638140
  -3.81606563458711    0.36072440807531   -5.74159619414759
  -3.82669874927957    0.36172953334587   -5.75616154659514
  -3.82753064437863    0.36180817058535   -5.75721682304508
  -3.83721217682719    0.36272334485021   -5.77130664151081
  -3.84231448579411    0.36320565505086   -5.77875355075370
  -3.84764564148654    0.36370959763614   -5.78638059313016
  -3.85751041768226    0.36464209353499   -5.79990217885942
  -3.85830424547933    0.36471713235498   -5.80093340582828
  -3.86895718599032    0.36572413171716   -5.81618973058186
  -3.87174298247483    0.36598746701695   -5.81992042633816
  -3.87963781441444    0.36673374835773   -5.83076127268067
  -3.88638624823086    0.36737166317025   -5.84069699629080
  -3.89005408625830    0.36771837594410   -5.84632391774311
  -3.90056564904065    0.36871201117622   -5.86097503335871
  -3.90135962869710    0.36878706435115   -5.86193181953910
  -3.91154117914362    0.36974950423290   -5.87576652941797
  -3.91662392392485    0.37022996507351   -5.88320723138042
  -3.92195260274447    0.37073367352538   -5.89083888338733
  -3.93147392139082    0.37163370312698   -5.90474450447038
  -3.93221585539909    0.37170383653966   -5.90579723231849
  -3.94320996074254    0.37274308547353   -5.91989190861733
  -3.94683542436449    0.37308579268674   -5.92484928718469
  -3.95404033619240    0.37376685737567   -5.93526820578573
  -3.96115349631392    0.37443924897479   -5.94571249915422
  -3.96422521589905    0.37472961196516   -5.95017259419062
  -3.97496494860041    0.37574481560486   -5.96551215196955
  -3.97567320217826    0.37581176527950   -5.96646395148420
  -3.98543826610211    0.37673483559355   -5.98010878728069
  -3.99095324575642    0.37725615465927   -5.98768744265296
  -3.99585748937697    0.37771974217230   -5.99497283780806
  -4.00579544152749    0.37865915523545   -6.00817046122050
  -4.00695017846165    0.37876831001342   -6.00987158991488
  -4.01735817081476    0.37975215495749   -6.02491382643603
  -4.02065941264342    0.38006421418775   -6.02969523366553
  -4.02745618030643    0.38070669789396   -6.03975765924818
  -4.03542127039347    0.38145962058504   -6.05122414506632
  -4.03809507460906    0.38171236949854   -6.05503631209662
  -4.04710995384955    0.38256452648148   -6.06969932607374
  -4.05051919249891    0.38288679441698   -6.08167802547699
  -4.05137534492126    0.38296772464862   -6.08583501570690
  -4.05169089336830    0.38299755275895   -6.10087820054598
  -4.05034119526481    0.38286996872448   -6.11573629718682
  -4.04981642869953    0.38282036367919   -6.11671503727678
  -4.04809704953441    0.38265783449574   -6.13064067226386
  -4.04674634407340    0.38253015523795   -6.14570440785681
  -4.04445846179014    0.38231388668772   -6.16046424703696
  -4.04314425560055    0.38218965762689   -6.17550709178644
  -4.04170112310550    0.38205324144203   -6.19035574469668
  -4.03982975354777    0.38187634493640   -6.20532738279546
  -4.03756221004857    0.38166199896732   -6.22015950650019
  -4.03514435435482    0.38143344431249   -6.23140456996422
  -4.03402646598554    0.38132777274944   -6.23532543967019
  -4.02541180025942    0.38051344708201   -6.25022398940308
  -4.01965982275548    0.37996972512357   -6.25749544675967
  -4.01311797568909    0.37935133850848   -6.26488345533608
  -4.00488799982620    0.37857337673950   -6.27426725896917
  -4.00020524887325    0.37813072644797   -6.27978791412616
  -3.99016244101454    0.37718140160214   -6.29198853532521
  -3.98741520328047    0.37692171117740   -6.29486777527678
  -3.97521156987376    0.37576812817896   -6.30859894254924
  -3.97436161267912    0.37568778356875   -6.30958529532208
  -3.96137774502903    0.37446044671947   -6.32446170429754
  -3.96049907061360    0.37437738753267   -6.32543042763063
  -3.94815820296855    0.37321083207931   -6.33911988716772
  -3.94549980285446    0.37295953928212   -6.34201026678615
  -3.93521166946575    0.37198702434600   -6.35400558362960
  -3.93073373423676    0.37156373484064   -6.35878716257824
  -3.92159649863247    0.37070001177599   -6.36912446781390
  -3.91595858023908    0.37016707157790   -6.37555692152258
  -3.90865044990435    0.36947624986738   -6.38401617262662
  -3.90094850523833    0.36874820174224   -6.39304162205953
  -3.89547308445449    0.36823062209075   -6.39869377224305
  -3.88635418765930    0.36736863255395   -6.40904125312628
  -3.88190315122748    0.36694788573355   -6.41382865605831
  -3.87186044092064    0.36599857010909   -6.42603218938545
  -3.86910323945716    0.36573793783462   -6.42891591894503
  -3.85755009284721    0.36464584394228   -6.44335106716614
  -3.85662556889669    0.36455845069837   -6.44428183748288
  -3.84307481219846    0.36327752705685   -6.45851389159256
  -3.84219615455194    0.36319446945517   -6.45948284205408
  -3.83005069266251    0.36204638528409   -6.47337432324293
  -3.82727712730237    0.36178420616597   -6.47616679689012
  -3.81623971997939    0.36074086398988   -6.48829544671804
  -3.81242791799717    0.36038054261562   -6.49284914241326
  -3.80226600441123    0.35941995896371   -6.50313443127623
  -3.79751470882556    0.35897082929670   -6.50764407759892
  -3.78521353400600    0.35780802592005   -6.51753589048718
  -3.78230343168782    0.35753294025941   -6.52015787761756
  -3.76801686659891    0.35618246224655   -6.52829220697933
  -3.76209572264142    0.35562274935015   -6.53236993162240
  -3.75277293337170    0.35474148629994   -6.53877198701925
  -3.73896555469996    0.35343630473983   -6.54724483470246
  -3.73796927683324    0.35334212875384   -6.54806803643604
  -3.72322513062717    0.35194839659039   -6.55646139504005
  -3.71492439592458    0.35116374614176   -6.56208269258759
  -3.70842512710175    0.35054938435568   -6.56576028689513
  -3.69358107550536    0.34914620835236   -6.57503492159325
  -3.69086101466481    0.34888908690043   -6.57697071411108
  -3.67899564106445    0.34776747886785   -6.58374930662572
  -3.66759252821613    0.34668956734161   -6.59164735241498
  -3.66388013026959    0.34633864241525   -6.59452856214505
  -3.64940302632546    0.34497015317765   -6.60236736339691
  -3.64286874040086    0.34435248130090   -6.60691788121724
  -3.63459148290245    0.34357005010146   -6.61165160609114
  -3.61984178029864    0.34217579270378   -6.62100948767614
  -3.61891728829895    0.34208840248011   -6.62194060088015
  -3.60482715774626    0.34075649299793   -6.62992952416185
  -3.59556069435908    0.33988055431124   -6.63648182473193
  -3.58995757210503    0.33935090331673   -6.64011807790438
  -3.57518643311834    0.33795461958427   -6.64850245361343
  -3.57151017232940    0.33760711062504   -6.65134107138998
  -3.56037835675851    0.33655484424204   -6.65779812691241
  -3.54744539315384    0.33533231924177   -6.66627434272770
  -3.54570652167994    0.33516794749264   -6.66735274236246
  -3.53077654819563    0.33375664947961   -6.67639914937502
  -3.52432755478731    0.33314704011943   -6.68108959410513
  -3.51598208413654    0.33235816087864   -6.68570441183132
  -3.50126081752905    0.33096659147402   -6.69518411854475
  -3.49954327935423    0.33080423631539   -6.69632639386414
  -3.48656473054295    0.32957740224440   -6.70371933634972
  -3.47528412214712    0.32851107079836   -6.71088459935580
  -3.47151257411130    0.32815455454235   -6.71356862457771
  -3.45678895598105    0.32676276285338   -6.72105428750215
  -3.44920122818364    0.32604551140112   -6.72533072604593
  -3.44179830735337    0.32534572935064   -6.72904753099650
  -3.42712303319381    0.32395850751237   -6.73372309212064
  -3.41226918764713    0.32255440570817   -6.73927046595457
  -3.40949669397243    0.32229232789415   -6.74036203707566
  -3.39747333588096    0.32115578593027   -6.74484251822379
  -3.38269519719482    0.31975884053140   -6.74949076516419
  -3.36875063456465    0.31844069126923   -6.75503477726867
  -3.36748834681712    0.31832136994613   -6.75599952578126
  -3.35307798182718    0.31695918939713   -6.76062555562729
  -3.33820211884027    0.31555300633205   -6.76484499683543
  -3.32522992407670    0.31432677289542   -6.76986731880419
  -3.32333040687270    0.31414721565384   -6.77078661185384
  -3.30865061910985    0.31275956715444   -6.77546214822076
  -3.29384133816334    0.31135967794525   -6.78009685000567
  -3.28356450311734    0.31038823101696   -6.78470678687809
  -3.27897451054540    0.30995434897400   -6.78657376520127
  -3.26422539008325    0.30856014660492   -6.79123349823066
  -3.24941643638757    0.30716028833003   -6.79586865334377
  -3.24096452137887    0.30636134713495   -6.79939885541862
  -3.23459473045507    0.30575922461385   -6.80143058193431
  -3.21979997678572    0.30436070863666   -6.80607282705718
  -3.20495078719433    0.30295704694981   -6.81162348393567
  -3.19843738593519    0.30234134925519   -6.81439856211303
  -3.19017127051336    0.30155997129208   -6.81720435748967
  -3.17537660012514    0.30016146318727   -6.82184696423803
  -3.16048851806479    0.29875412507969   -6.82831893237448
  -3.15778037873154    0.29849813054198   -6.82927092291361
  -3.14614768329365    0.29739851707147   -6.83751442753448
  -3.14062566410545    0.29687653257388   -6.84434083122991
      
      
