# shadow point cont 3D ind 115  size 1184
# norm  0.6190939 -0.7853169  0.0000000
# angle  0.9032079
   2.68890567403753    2.11976231200638   -6.83644760050090
   2.70056046790122    2.12895021064670   -6.83388689838552
   2.71213891434533    2.13807792183448   -6.83023433898759
   2.71294164244947    2.13871074164604   -6.82958331563114
   2.72392459342468    2.14736900205906   -6.82502322749329
   2.73560137774484    2.15657423657743   -6.82112425381385
   2.74719760261788    2.16571596314850   -6.81721412306047
   2.75372441374515    2.17086128616178   -6.81446811134239
   2.75876089128043    2.17483172490480   -6.81235999967342
   2.77066530104139    2.18421640485160   -6.80795390835013
   2.78233896846270    2.19341918220505   -6.80445861115850
   2.79324323080269    2.20201540949994   -6.79991522757075
   2.79404760038597    2.20264952334931   -6.79924655405092
   2.80571325078438    2.21184598059151   -6.79445811273883
   2.81730686334614    2.22098564778240   -6.79105437946762
   2.82904385355077    2.23023834479308   -6.78677655262037
   2.83332568934204    2.23361387195426   -6.78490381094402
   2.84076727823215    2.23948034760753   -6.78149427303611
   2.85244646090656    2.24868747283594   -6.77759752320545
   2.86399820921052    2.25779413690711   -6.77360037744297
   2.87352589849419    2.26530516150683   -6.76967962506207
   2.87573132942786    2.26704378306580   -6.76882747057769
   2.88758699699902    2.27639003776848   -6.76414196376192
   2.89909022255109    2.28545844958643   -6.76070953326356
   2.91077623775534    2.29467096114706   -6.75603616782009
   2.91227671465134    2.29585384175342   -6.75527870789653
   2.92246051299013    2.30388210102636   -6.75144677978575
   2.93424442640928    2.31317178931667   -6.74704386361648
   2.94584059192127    2.32231346909125   -6.74313478616070
   2.95242480356329    2.32750404302168   -6.74041793961348
   2.95751793232548    2.33151914199095   -6.73848713864651
   2.96938729130190    2.34087619012723   -6.73359126599547
   2.98106233368647    2.35008005141431   -6.72818190395981
   2.98402074434309    2.35241227432339   -6.72643696764728
   2.99277972414463    2.35931729723074   -6.72088228375523
   3.00432735023412    2.36842071161004   -6.71318135558338
   3.00723527430424    2.37071313410353   -6.71121982426946
   3.01604301192741    2.37765659457814   -6.70488080654473
   3.02758053177289    2.38675204183707   -6.69711493928717
   3.02837149277146    2.38737558521059   -6.69634050608820
   3.03940416363874    2.39607304162605   -6.68815295298177
   3.04815590015599    2.40297235438849   -6.68167419485341
   3.05115065414291    2.40533322806900   -6.67903436076579
   3.06257348524316    2.41433826201143   -6.67181828330334
   3.06934360455892    2.41967539373454   -6.66680256515561
   3.07445388735795    2.42370401585604   -6.66308534287687
   3.08602451226280    2.43282556103946   -6.65536285854307
   3.09042956844741    2.43629822732618   -6.65198636115045
   3.09780834540928    2.44211518604790   -6.64633680801384
   3.10944492885306    2.45128872875072   -6.63874070686777
   3.11164404893327    2.45302237523397   -6.63708652305938
   3.12112630197607    2.46049758078957   -6.63037833253214
   3.13211502377148    2.46916039055041   -6.62220658848797
   3.13290639326657    2.46978425595661   -6.62140160057485
   3.14448928111041    2.47891546846162   -6.61365415539899
   3.15390943695885    2.48634172053642   -6.60713375367512
   3.15611435699399    2.48807993933546   -6.60530446820429
   3.16795422606731    2.49741373950668   -6.59714294368869
   3.17447539887559    2.50255461762767   -6.59247485510571
   3.17958599478834    2.50658348658814   -6.58875840388869
   3.19115859043083    2.51570658537583   -6.58103786679278
   3.19555196014399    2.51917003879132   -6.57766306427908
   3.20294219104539    2.52499602707088   -6.57201341543192
   3.21455774438983    2.53415299098018   -6.56353920884039
   3.21529273435738    2.53473241035065   -6.56277074498499
   3.22630405746740    2.54341303755127   -6.55078070562982
   3.22857597335733    2.54520407162362   -6.54811368588803
   3.23800774803112    2.55263948324175   -6.53688907783422
   3.24097772999786    2.55498082823620   -6.53323732771242
   3.24973117456713    2.56188148751827   -6.52207931862750
   3.25264873217285    2.56418150447886   -6.51835608358177
   3.26152341509120    2.57117774036879   -6.50734173329979
   3.26448993309059    2.57351635459156   -6.50368510221352
   3.27307326285493    2.58028290617485   -6.49322748698234
   3.27672023206283    2.58315794487725   -6.48857370118722
   3.28474360386352    2.58948306119596   -6.47833554526073
   3.28839058405516    2.59235810855724   -6.47368188906268
   3.29646267421030    2.59872163132979   -6.46442150884108
   3.30040425171743    2.60182892048840   -6.45926442325582
   3.30821456144769    2.60798607221416   -6.44871942600218
   3.31173132595814    2.61075846580960   -6.44392169126397
   3.31980462717681    2.61712294330766   -6.43463940861095
   3.32431652668644    2.62067983808029   -6.42924473521476
   3.33161059763777    2.62643001996767   -6.41993834801667
   3.33653424544886    2.63031151092822   -6.41412379271671
   3.34321056729595    2.63557469868929   -6.40588630732960
   3.34838852709893    2.63965667305880   -6.39946734143761
   3.35495323996189    2.64483187539126   -6.39109204458206
   3.36005912287380    2.64885702892145   -6.38457799512814
   3.36662386013682    2.65403225048936   -6.37620292522793
   3.37172976232007    2.65805741921184   -6.36968905192006
   3.37829452468629    2.66323266056953   -6.36131420800158
   3.38394769654410    2.66768926191602   -6.35456973326367
   3.38996523486088    2.67243310661765   -6.34642589117127
   3.39452391850090    2.67602688302482   -6.34014314400195
   3.39987328789719    2.68024398582197   -6.32523965090506
   3.40179303023456    2.68175738865154   -6.31029280144530
   3.40221568775133    2.68209058497135   -6.29701979590909
   3.40257758622384    2.68237588272286   -6.29515865602106
   3.40254882024102    2.68235320545052   -6.28023735583957
   3.40286638717598    2.68260355503577   -6.26536236396305
   3.40285700793839    2.68259616104104   -6.25039453768478
   3.40282842777209    2.68257363025465   -6.23547450286476
   3.40279991055558    2.68255114909386   -6.22055488706919
   3.40348318527085    2.68308979944674   -6.20568284366293
   3.40347406156968    2.68308260690069   -6.19071943454892
   3.40415743073933    2.68362133171539   -6.17584683898872
   3.40378296932050    2.68332613013558   -6.16088164352192
   3.40375475778750    2.68330388995624   -6.14596410621505
   3.40220234484218    2.68208006626992   -6.13457258397361
   3.40148972939038    2.68151828554542   -6.13056293448806
   3.39566833726668    2.67692907003430   -6.11514771952145
   3.39070443077620    2.67301584168998   -6.10754511342782
   3.38578757969556    2.66913970883969   -6.09985669031862
   3.37896187253598    2.66375875519398   -6.08955565619127
   3.37548588565670    2.66101850809091   -6.08490589217863
   3.36762042564286    2.65481787938722   -6.07270823849189
   3.36591710324408    2.65347508828042   -6.06996061933280
   3.35605566214592    2.64570095496523   -6.05538218949812
   3.35536222975128    2.64515429694361   -6.05440461414828
   3.34577084285851    2.63759305719784   -6.04048068724874
   3.34369019825702    2.63595280925106   -6.03754979480612
   3.33563869574075    2.62960551646434   -6.02553846095462
   3.33189220522708    2.62665202149058   -6.01984018376734
   3.32531259282826    2.62146507331114   -6.01057588309697
   3.32047853556894    2.61765420984675   -6.00363213457382
   3.31502757685443    2.61335702048868   -5.99562509752316
   3.30850692369503    2.60821655202583   -5.98620805653865
   3.30441786089472    2.60499299483704   -5.98034943746271
   3.29689821819948    2.59906498652532   -5.96843812194872
   3.29484729958972    2.59744817266088   -5.96540653984304
   3.28554713077078    2.59011651073312   -5.95106167979995
   3.28485610512454    2.58957175003896   -5.95008514768219
   3.27500982166116    2.58180956603952   -5.93558712981635
   3.27363351921293    2.58072457667457   -5.93362227288753
   3.26492668536858    2.57386066232519   -5.92064196564772
   3.26213801837217    2.57166225452800   -5.91648768890144
   3.25440807826721    2.56556846110609   -5.90566139303609
   3.24998112287241    2.56207853087409   -5.89937788621085
   3.24427749812919    2.55758215567981   -5.89073914656209
   3.23817800460569    2.55277370270272   -5.88167389203644
   3.23408232311467    2.54954492775889   -5.87582077821396
   3.22657500392496    2.54362663451558   -5.86460107958768
   3.22379770774258    2.54143719074538   -5.86088279215291
   3.21466870641555    2.53424046638790   -5.84722566331241
   3.21396731889450    2.53368753705030   -5.84626559824866
   3.20374882287431    2.52563192433092   -5.83135038148320
   3.20287821417439    2.52494559177250   -5.82962745501408
   3.19412287274732    2.51804343712832   -5.81637130923695
   3.19133487707990    2.51584555856423   -5.81260516485452
   3.18398616908190    2.51005230430227   -5.80149241909000
   3.17981736061504    2.50676588069904   -5.79552679240954
   3.17370318626162    2.50194585428883   -5.78654148882457
   3.16787400774527    2.49735050048070   -5.77808221154814
   3.16348683997886    2.49389193628579   -5.77163009252979
   3.15648496094575    2.48837209993344   -5.76099475748516
   3.15300513531765    2.48562882660480   -5.75600488440575
   3.14461403805103    2.47901381890338   -5.74353033989326
   3.14321458056242    2.47791057557646   -5.74145792545379
   3.13342950860297    2.47019664683578   -5.72681903413609
   3.13272352007503    2.46964009035681   -5.72585697554099
   3.12312171967240    2.46207064126180   -5.71186947481694
   3.12104661519006    2.46043476079280   -5.70903207144128
   3.11300347003164    2.45409405641576   -5.69700684432461
   3.10928574154823    2.45116323559840   -5.69131656957527
   3.10271015443465    2.44597946069798   -5.68204849164708
   3.09795154155119    2.44222807278386   -5.67517557710677
   3.09267322979238    2.43806698731129   -5.66683508942364
   3.08599026477504    2.43279856249706   -5.65750077960629
   3.08175809251128    2.42946218690410   -5.65192447403305
   3.07452258787964    2.42375817498037   -5.64066819288773
   3.07172629186630    2.42155375295116   -5.63661949760789
   3.06260137539983    2.41436024883810   -5.62302080919108
   3.06188933191237    2.41379891901393   -5.62206453965277
   3.05202086818765    2.40601924950635   -5.60767702231583
   3.05067421050360    2.40495763018910   -5.60569955173445
   3.04207186031224    2.39817608411019   -5.59222305591519
   3.03932267804553    2.39600880356402   -5.58845234004612
   3.03182567386550    2.39009864201868   -5.57730340763897
   3.02732963713759    2.38655425245483   -5.57098629766063
   3.02146523201588    2.38193112823022   -5.56264792147786
   3.01564163561003    2.37734017500317   -5.55419434161858
   3.01124973158022    2.37387787703927   -5.54774415622462
   3.00398745281669    2.36815275809186   -5.53646718901816
   3.00168023607276    2.36633389507014   -5.53279179519809
   2.99236696531413    2.35899190440596   -5.51967482895405
   2.99094887103598    2.35787396901881   -5.51764105096783
   2.98124413595799    2.35022337276884   -5.50298000665212
   2.98037430416789    2.34953765267674   -5.50125850852648
   2.97109880163840    2.34222543608366   -5.48778394880568
   2.96904713983359    2.34060803633148   -5.48496435690316
   2.96085756665118    2.33415189740808   -5.47286524863416
   2.95716326600719    2.33123954561012   -5.46746513238432
   2.95061668267782    2.32607863544953   -5.45794712894623
   2.94531255669392    2.32189719968279   -5.44992844151212
   2.94044525021118    2.31806012464415   -5.44305361923902
   2.93373158965198    2.31276750141590   -5.43297250005366
   2.93072228256344    2.31039515499515   -5.42836414285445
   2.92190375816156    2.30344319090987   -5.41543349319133
   2.92050458108737    2.30234016864385   -5.41346071466079
   2.91079460960945    2.29468544434902   -5.39878694103304
   2.91010448070448    2.29414139058867   -5.39781187527251
   2.90020082355769    2.28633397682422   -5.38342778576536
   2.89879383378384    2.28522479552240   -5.38150168802463
   2.89056139780814    2.27873486629737   -5.36875083428523
   2.88704879334808    2.27596575222122   -5.36378959268236
   2.87977091560730    2.27022833603171   -5.35357878556115
   2.87536137360817    2.26675213341396   -5.34701130412106
   2.86950603632134    2.26213615769397   -5.33865213504421
   2.86331808031988    2.25725796652241   -5.32877605855223
   2.85978122885881    2.25446973765193   -5.32396487360857
   2.85183622546450    2.24820640200329   -5.31272064600443
   2.84956483834269    2.24641578477812   -5.30906595950374
   2.83999873315538    2.23887447552189   -5.29505336984791
   2.83936587309731    2.23837556888012   -5.29418447024047
   2.82996756288397    2.23096653851541   -5.27900760247951
   2.82853140191179    2.22983436049512   -5.27711242218492
   2.81965310916792    2.22283527884821   -5.26439709031472
   2.81684054972964    2.22061803576858   -5.26033742572855
   2.80936315530866    2.21472333331075   -5.24943650836594
   2.80497061978809    2.21126053751968   -5.24284294081406
   2.79910460261320    2.20663614245481   -5.23451051070054
   2.79328890594391    2.20205141687791   -5.22606478578990
   2.78885669717206    2.19855734521738   -5.21959352898310
   2.78143645541983    2.19270769829066   -5.20855171366850
   2.77864132874096    2.19050419809043   -5.20469904452893
   2.76980894307032    2.18354130666196   -5.19161924504450
   2.76841786008665    2.18244466526240   -5.18980055765539
   2.75888550971424    2.17492996615660   -5.17487434158837
   2.75818038044468    2.17437408706231   -5.17391367912246
   2.74877985290322    2.16696330869706   -5.16012069859210
   2.74646663928827    2.16513971812341   -5.15619664936526
   2.73837459107720    2.15876046168821   -5.14503630290599
   2.73465645185798    2.15582931707284   -5.13960202338664
   2.72819631019063    2.15073655202389   -5.13016562595841
   2.72309711488006    2.14671667057350   -5.12265044140014
   2.71794832187675    2.14265768945485   -5.11524971401690
   2.71123995799300    2.13736924178883   -5.10514737445413
   2.70773360652953    2.13460505717773   -5.10035951744164
   2.69963473870626    2.12822042459375   -5.08821135980215
   2.69751079302458    2.12654604082780   -5.08546459171212
   2.68812322669085    2.11914548025484   -5.07121225505019
   2.68742531491533    2.11859529097407   -5.07029290565992
   2.67752590043978    2.11079122186193   -5.05584304989270
   2.67620750057788    2.10975187921545   -5.05391836978770
   2.66765882301149    2.10301264522234   -5.04047644391876
   2.66466431437461    2.10065196496021   -5.03601284657381
   2.65742752644115    2.09494694136290   -5.02557436962678
   2.65299341031702    2.09145136606706   -5.01924272491994
   2.64725683625434    2.08692901572376   -5.01069893255897
   2.64125482429188    2.08219741101294   -5.00155935914462
   2.63754172967856    2.07927024324420   -4.99602385192264
   2.62959453992299    2.07300518400732   -4.98478718808058
   2.62732629499788    2.07121704389029   -4.98113571425946
   2.61778360761501    2.06369419574251   -4.96713629247002
   2.61708968856015    2.06314715406892   -4.96623072793344
   2.60737079496088    2.05548539614076   -4.95153891765127
   2.60600569371614    2.05440923709263   -4.94962545470891
   2.59677608511703    2.04713320035700   -4.93617449562122
   2.59449919651313    2.04533824611305   -4.93264501318648
   2.58709445810579    2.03950082103797   -4.92150956421863
   2.58264626077675    2.03599414501527   -4.91513964044235
   2.57686562646965    2.03143706037596   -4.90661165867337
   2.57098293377677    2.02679951939270   -4.89836441307133
   2.56613867153894    2.02298061097193   -4.89150298465976
   2.55933152545452    2.01761428969805   -4.88147206167651
   2.55622664471784    2.01516659908827   -4.87704937257615
   2.54764185879502    2.00839889956220   -4.86378341514116
   2.54621540405952    2.00727437332192   -4.86194864284981
   2.53650079530287    1.99961599329131   -4.84725860493215
   2.53581873620431    1.99907830125338   -4.84631847709507
   2.52590826083965    1.99126551243936   -4.83189786823900
   2.52435064748174    1.99003758907833   -4.82930197257175
   2.51622867087151    1.98363473899564   -4.81723643629948
   2.51267671374615    1.98083460177963   -4.81254052734897
   2.50600194240870    1.97557263634179   -4.80234209892697
   2.50082944902390    1.97149497134890   -4.79503509747228
   2.49580253420635    1.96753207124467   -4.78747156664435
   2.48909866183298    1.96224716439994   -4.77737691900674
   2.48558796824057    1.95947955673038   -4.77259135180068
   2.47751446146222    1.95311491718213   -4.76045499661085
   2.47587092411147    1.95181925680694   -4.75789546185453
   2.46637173727487    1.94433070172471   -4.74306686239028
   2.46568648248517    1.94379049040702   -4.74206375560919
   2.45526225682669    1.93557269351810   -4.72744195238487
   2.45436249491462    1.93486337842037   -4.72578211168972
   2.44537734239547    1.92778005531921   -4.71298797050765
   2.44236290855423    1.92540366729252   -4.70849297063385
   2.43519012965457    1.91974910434869   -4.69813743344479
   2.43082368800831    1.91630687930946   -4.69155673590203
   2.42495432037316    1.91167984295469   -4.68323355613289
   2.41896954031090    1.90696182277864   -4.67407517179129
   2.41472386135419    1.90361479936751   -4.66833690848554
   2.40730586409085    1.89776692185316   -4.65730817283398
   2.40502451890046    1.89596845431972   -4.65368478419824
   2.39571711260140    1.88863108682268   -4.64040003313089
   2.39428077547071    1.88749876993021   -4.63856521311680
   2.38483539104936    1.88005262925220   -4.62378724208808
   2.38407903868496    1.87945636912596   -4.62271485449381
   2.37399278897113    1.87150501098822   -4.60853034265841
   2.37242617369929    1.87026999109045   -4.60593486233062
   2.36431738024774    1.86387753377207   -4.59387613904744
   2.36057527302039    1.86092749430263   -4.58844574698575
   2.35463494523268    1.85624451747420   -4.57924796604899
   2.34903873747519    1.85183282300346   -4.57151730999628
   2.34389078962337    1.84777450814852   -4.56412523402218
   2.33730178577210    1.84258015634495   -4.55479854992390
   2.33293670395550    1.83913900330898   -4.54923469534654
   2.32543788819185    1.83322741362625   -4.53828378001333
   2.32251781652343    1.83092541473844   -4.53456181320332
   2.31388461095887    1.82411954424463   -4.52506286345180
   2.30881041743147    1.82011937261085   -4.51941645421450
   2.30235747719895    1.81503228471535   -4.51271479913140
   2.29432578040516    1.80870060550127   -4.50428638209506
   2.29069863806330    1.80584119703975   -4.50060880493146
   2.27987371309568    1.79730751428613   -4.48907780235310
   2.27909066154936    1.79669020622200   -4.48824582363904
   2.26723046612720    1.78734038204942   -4.47662645957092
   2.26573330855809    1.78616011818937   -4.47472782087916
   2.25567348332895    1.77822959143568   -4.46524103281739
   2.25058753144038    1.77422015025737   -4.45962504370380
   2.24392901051787    1.76897099561371   -4.45224413123745
   2.23654445497053    1.76314948142253   -4.44494774960322
   2.23213618615751    1.75967428250378   -4.44038323080678
   2.22216617783975    1.75181456169377   -4.42986499923414
   2.22061252543660    1.75058976089769   -4.42803273747393
   2.20902655402760    1.74145611750591   -4.41659067448939
   2.20749590416728    1.74024945045243   -4.41494869606057
   2.19728627161094    1.73220082512454   -4.40475946848671
   2.19290601561213    1.72874770972787   -4.40006137996478
   2.18559155833080    1.72298145655378   -4.39267176217385
   2.17832128613155    1.71725003608976   -4.38517590724744
   2.17393708018412    1.71379380680467   -4.38056815067898
   2.16433606493937    1.70622497667823   -4.37029081782674
   2.16206150768841    1.70443186032475   -4.36783280371201
   2.15065595460633    1.69544044727355   -4.35635968686093
   2.14986121641702    1.69481392620297   -4.35540269804453
   2.13890357346800    1.68617561702908   -4.34428869746118
   2.13527456573658    1.68331473801301   -4.34051832279605
   2.12721372546116    1.67696008393052   -4.33220221189135
   2.12069419087505    1.67182049727976   -4.32563664477442
   2.11553372944383    1.66775231751425   -4.32011209344559
   2.10614962873217    1.66035448901743   -4.31077444974125
   2.10387437507367    1.65856082366051   -4.30801231350050
   2.09247004313667    1.64957037328247   -4.29658857137422
   2.09164450840364    1.64891957417441   -4.29563844527311
   2.08052380590070    1.64015271921317   -4.28382972373397
   2.07761758530703    1.63786163963223   -4.28097617626339
   2.06889390174639    1.63098444203759   -4.27264885907578
   2.06306889558702    1.62639237745048   -4.26610573937739
   2.05737570277050    1.62190422612410   -4.26029343357772
   2.04917624234750    1.61544029272871   -4.25121349843004
   2.04548533800388    1.61253061835806   -4.24756718183558
   2.03447286536434    1.60384908494144   -4.23659429886769
   2.03369581137600    1.60323650497079   -4.23568923986741
   2.02207166672721    1.59407276822326   -4.22357373278093
   2.01999962966540    1.59243930591363   -4.22145030358312
   2.01048685660647    1.58494004031734   -4.21221599815635
   2.00528287404112    1.58083755125612   -4.20679681756234
   1.99884168053764    1.57575972373512   -4.20011325331539
   1.99142797266152    1.56991522770100   -4.19192694971794
   1.98695876792731    1.56639199077541   -4.18741155999389
   1.97666452223536    1.55827666182987   -4.17730562315047
   1.97517890866834    1.55710549852727   -4.17549357045233
   1.96379516244630    1.54813127661837   -4.16386497546870
   1.96224891393171    1.54691231257740   -4.16215399343929
   1.95199936131236    1.53883221680936   -4.15201153079519
   1.94766840286335    1.53541796446734   -4.14729663177328
   1.94066564599801    1.52989743608785   -4.14032219031299
   1.93322149216186    1.52402893839415   -4.13217979073310
   1.92883404898067    1.52057015707975   -4.12757571662199
   1.91861738790006    1.51251599091010   -4.11710236491654
   1.91714677768088    1.51135665529325   -4.11549689422927
   1.90541648427441    1.50210923761255   -4.10345073694856
   1.90463112075733    1.50149010693764   -4.10262817692664
   1.89364826468990    1.49283192134388   -4.09158122958417
   1.89005341065230    1.48999796692903   -4.08778579262207
   1.88199575393303    1.48364582255985   -4.07947657779468
   1.87561751805351    1.47861762682764   -4.07267777126484
   1.87046385083623    1.47455480318853   -4.06715574029984
   1.86094136882006    1.46704788366751   -4.05778059109153
   1.85880750568870    1.46536568161464   -4.05599237273701
   1.84720975728579    1.45622275398947   -4.04387966112995
   1.84643843142397    1.45561468970966   -4.04292182009445
   1.83530187142613    1.44683533370743   -4.03116241488401
   1.83244494339434    1.44458311324898   -4.02828206115262
   1.82380177758636    1.43776939073239   -4.01973921275609
   1.81786174073113    1.43308664325663   -4.01340225904555
   1.81197276699713    1.42844415069980   -4.00698707302849
   1.80339034860857    1.42167831758725   -3.99828897417627
   1.80047378558564    1.41937908469251   -3.99556763967774
   1.78942021816877    1.41066515476565   -3.98368946493676
   1.78866065037120    1.41006635979628   -3.98278407821350
   1.77713733354792    1.40098210929723   -3.97140271207167
   1.77424129465116    1.39869905631893   -3.96854912193251
   1.76550365049033    1.39181085307451   -3.96023155693959
   1.75965712202238    1.38720182166739   -3.95367578486840
   1.75378254265267    1.38257067671239   -3.94818094374513
   1.74366739940024    1.37459654074545   -3.93883949739875
   1.74221228696695    1.37344942259787   -3.93766210607006
   1.73046026514890    1.36418487561866   -3.92865343244796
   1.72540092034386    1.36019640977372   -3.92393152969426
   1.71893487258555    1.35509898873807   -3.91813103874507
   1.70867294110892    1.34700913426583   -3.90909170376798
   1.70722282615214    1.34586595581106   -3.90791349898721
   1.69546906981564    1.33660004144777   -3.89890641926448
   1.69040998547221    1.33261178093420   -3.89418486407979
   1.68394526423016    1.32751540563966   -3.88838453706890
   1.67368024992638    1.31942312086245   -3.87934618343395
   1.67223512000031    1.31828387228902   -3.87816718631268
   1.66047962388781    1.30901658639691   -3.86916168107225
   1.65601842533293    1.30549966103418   -3.86466381585238
   1.64895739353426    1.29993319240153   -3.85864030677545
   1.63868662021811    1.29183636758504   -3.84959950280406
   1.63727713926134    1.29072522239297   -3.84841811110010
   1.62548019031403    1.28142525772086   -3.83850021956367
   1.62114764065227    1.27800975096784   -3.83468953905234
   1.61380288239515    1.27221961043054   -3.82829106177781
   1.60368956583133    1.26424691450878   -3.81984850784527
   1.60226485635706    1.26312376412152   -3.81868134719609
   1.59035846307185    1.25373752049029   -3.80899578975378
   1.58616282524177    1.25042994632251   -3.80494934034531
   1.57881842162248    1.24464008535913   -3.79855133561296
   1.56869425205083    1.23665883361588   -3.79009978724167
   1.56714473234100    1.23543729077252   -3.78834269963880
   1.55551065429249    1.22626572316406   -3.77902179726837
   1.55117966688487    1.22285144799291   -3.77521134447674
   1.54383561183324    1.21706186181811   -3.76881380708243
   1.53370065168628    1.20907210347119   -3.76035331787394
   1.53216298726382    1.20785990658280   -3.75860572495125
   1.52052835021144    1.19868789829124   -3.74928586577182
   1.51619813681528    1.19527423330152   -3.74547552698247
   1.50885442426706    1.18948491713464   -3.73907845172352
   1.49870873756105    1.18148670265040   -3.73060907661706
   1.49718285385422    1.18028379292937   -3.72887091821318
   1.48554765041579    1.17111133813504   -3.71955208796492
   1.48122440639687    1.16770316735933   -3.71574779660591
   1.47387483019182    1.16190922865813   -3.70934524508059
   1.46372883249628    1.15391076900952   -3.70087583226857
   1.46220430339585    1.15270892717407   -3.69913825506023
   1.45059981446224    1.14356068574296   -3.68979402519981
   1.44698586688308    1.14071167919363   -3.68603280003654
   1.43890912978254    1.13434449306470   -3.67960099944811
   1.42948522251751    1.12691528361153   -3.67115215955492
   1.42724306690461    1.12514771064988   -3.66938898061542
   1.41574715214484    1.11608506219586   -3.65978296817246
   1.41135147783587    1.11261979198353   -3.65606792820374
   1.40392030772663    1.10676152983482   -3.64988518015726
   1.39439169484793    1.09924977713148   -3.64163158915672
   1.39225183660830    1.09756284891633   -3.63967926208572
   1.38061488972640    1.08838901970200   -3.63036343124265
   1.37689774636995    1.08545866016153   -3.62677983773720
   1.36895651125024    1.07919829518106   -3.62014539965889
   1.35953342440682    1.07176973249613   -3.61169770617955
   1.35729209598585    1.07000281164002   -3.60993463487290
   1.34562945556225    1.06080872727062   -3.59972281450656
   1.34265895911169    1.05846697668984   -3.59704344721911
   1.33398243628265    1.05162695761820   -3.59042068288297
   1.32455974794547    1.04419870909026   -3.58197355240586
   1.32231882943126    1.04243211137857   -3.58021053575685
   1.31065692733486    1.03323860905942   -3.56999933580080
   1.30707009596028    1.03041097920213   -3.56710557841934
   1.29899975852796    1.02404883816483   -3.56071058718887
   1.28885589914684    1.01605206422738   -3.55224412345332
   1.28745691907944    1.01494919726900   -3.55110635664663
   1.27582820672581    1.00578185963332   -3.54366892442062
   1.26772190856719    0.99939136944527   -3.53736903558259
   1.26399880916468    0.99645631453669   -3.53475622136914
   1.25237266090840    0.98729099827238   -3.52726926171192
   1.24660046833128    0.98274056855639   -3.52251836022104
   1.24083281063815    0.97819371385468   -3.51859283783672
   1.22919974696508    0.96902294591535   -3.51115696325743
   1.22409539924948    0.96499900263635   -3.50744217657503
   1.21752155855175    0.95981660449917   -3.50280111536333
   1.20573607715879    0.95052568011797   -3.49477826681311
   1.20351849493117    0.94877747925126   -3.49298912178886
   1.19407437040119    0.94133233179152   -3.48643114384315
   1.18255570482058    0.93225174803651   -3.47865087936780
   1.18175439998832    0.93162005024204   -3.47790796004995
   1.17076954137868    0.92296028597130   -3.47062900567098
   1.16063549700929    0.91497124956520   -3.46306279507309
   1.15924583684519    0.91387572982615   -3.46193301156082
   1.14745669976251    0.90458192353155   -3.45391700225078
   1.13950999369713    0.89831724560528   -3.44820044282426
   1.13593642539205    0.89550007150890   -3.44614371418316
   1.12414933494955    0.88620787865533   -3.43812312961472
   1.11765782533784    0.88109038511296   -3.43334336053254
   1.11248183687960    0.87700996482634   -3.42979820387765
   1.10084348827378    0.86783503058197   -3.42232770373418
   1.09643211703953    0.86435738591153   -3.41869705832383
   1.08917353014355    0.85863517739783   -3.41308244817186
   1.07753116909365    0.84945707999759   -3.40561999590410
   1.07531387199140    0.84770910390559   -3.40383124147303
   1.06587236946769    0.84026602346892   -3.39727429794083
   1.05435756934966    0.83118848699892   -3.38949475871821
   1.05355638327383    0.83055688282446   -3.38875199827660
   1.04256882863443    0.82189499317522   -3.38147635780974
   1.03188132288852    0.81346964300088   -3.37373268682295
   1.03103394101319    0.81280162099455   -3.37278480355687
   1.01910043983997    0.80339400722754   -3.36509472181857
   1.01121358496054    0.79717651217180   -3.35926492048243
   1.00774378940455    0.79444114591445   -3.35699509714284
   0.99594871199086    0.78514265664049   -3.34899464279680
   0.98937986166484    0.77996419259515   -3.34438473211121
   0.98443755057657    0.77606798869321   -3.34121013079992
   0.97264991781656    0.76677536831099   -3.33318634855875
   0.96761300842426    0.76280458911934   -3.32934767301753
   0.96111672763618    0.75768333428480   -3.32450142781591
   0.94917975130673    0.74827298092551   -3.31678463644006
   0.94637849023526    0.74606464476009   -3.31471370542784
   0.93781185763230    0.73931125615747   -3.30871751581266
   0.92602546599581    0.73001961419813   -3.30168199742572
   0.92106302696978    0.72610754270951   -3.29943114249630
   0.91452572906680    0.72095395258885   -3.29670854960212
   0.90281742105775    0.71172386679797   -3.29485306498270
   0.89110963613356    0.70249419337395   -3.29429502046703
   0.87945701995708    0.69330801148379   -3.29429073942482
   0.86780445156680    0.68412186726525   -3.29428652982162
   0.85615193026103    0.67493576016512   -3.29428239166875
   0.84449945533804    0.66574968963024   -3.29427832497745
   0.83284702609614    0.65656365510743   -3.29427432975891
   0.82119480832083    0.64737778729143   -3.29390167549624
   0.80954247411126    0.63819182768606   -3.29389649531624
   0.79789018346708    0.62900590242489   -3.29389138916777
   0.78623793568663    0.61982001095474   -3.29388635705093
   0.77458573006821    0.61063415272246   -3.29388139896580
   0.76293356591015    0.60144832717490   -3.29387651491248
   0.75128144251078    0.59226253375889   -3.29387170489104
   0.73962935916841    0.58307677192128   -3.29386696890158
   0.72797731518137    0.57389104110891   -3.29386230694419
   0.71637865099944    0.56474739154178   -3.29384316717072
   0.70467340243819    0.55551971762507   -3.29330715693050
   0.69302147006763    0.54633407480404   -3.29330402181159
   0.68136957425537    0.53714846080324   -3.29330095828597
   0.66971771429970    0.52796287506950   -3.29329796636398
   0.65806588949892    0.51877731704965   -3.29329504605587
   0.64641409915134    0.50959178619050   -3.29329219737184
   0.63476234255525    0.50040628193889   -3.29328942032203
   0.62311061900897    0.49122080374164   -3.29328671491649
   0.61145892781079    0.48203535104558   -3.29328408116524
   0.59980726825901    0.47284992329753   -3.29328151907822
   0.58815563965194    0.46366451994433   -3.29327902866530
   0.57650404128789    0.45447914043279   -3.29327660993628
   0.56485276366519    0.44529401377335   -3.29287690557463
   0.55320122923005    0.43610868465931   -3.29287335499428
   0.54154972292288    0.42692337771957   -3.29286987842892
   0.52989824404200    0.41773809240097   -3.29286647587863
   0.51824679188575    0.40855282815037   -3.29286314734350
   0.50664661681652    0.39940798749573   -3.29284558859061
   0.49494398601851    0.39018237725716   -3.29233376729158
   0.48329260775759    0.38099717126095   -3.29233192360477
   0.47164125342387    0.37181198412742   -3.29233015166763
   0.45998992231568    0.36262681530342   -3.29232845148928
   0.44833896000469    0.35344193721569   -3.29191683196986
   0.43668732696910    0.34425653037132   -3.29232526644514
   0.42503641848715    0.33507169471897   -3.29191128651471
   0.41338481610435    0.32588631203932   -3.29232236854400
   0.40173395860592    0.31670151657914   -3.29190603704940
   0.39008275752477    0.30751645026020   -3.29190352331317
   0.37843157474771    0.29833139837103   -3.29190108357468
   0.36683027804106    0.28918567348875   -3.29188451838035
   0.35512964773913    0.27996164031412   -3.29096853356445
   0.34347851907559    0.27077663108462   -3.29096631637179
   0.33175505309347    0.26153459571129   -3.29142134641033
   0.32017591086568    0.25240633601189   -3.29188999485139
   0.30852482317831    0.24322135908538   -3.29188799910121
   0.29692292907774    0.23407516325571   -3.29187188875978
   0.28515141132908    0.22479524692407   -3.29141824685398
   0.27362058880639    0.21570507940871   -3.29186826760399
   0.26192058074507    0.20648153676902   -3.29138263823071
   0.25026955111645    0.19729660561235   -3.29138223202528
   0.23861897426645    0.18811203139757   -3.29094969073003
   0.22696752083657    0.17892676614292   -3.29138163531916
   0.21531697220912    0.16974221417699   -3.29094680992508
   0.20366598319935    0.16055731504164   -3.29094548049343
   0.19201500126663    0.15137242148539   -3.29094422504247
   0.18036402570932    0.14218753295510   -3.29094304357227
   0.16871305582576    0.13300264889764   -3.29094193608294
   0.15706209091431    0.12381776875986   -3.29094090257455
   0.14541113027330    0.11463289198864   -3.29093994304722
   0.13376017320108    0.10544801803083   -3.29093905750102
   0.12210921899601    0.09626314633329   -3.29093824593605
   0.11045826695643    0.08707827634288   -3.29093750835240
   0.09880731638070    0.07789340750648   -3.29093684475016
   0.08715636656715    0.06870853927094   -3.29093625512943
   0.07555242542489    0.05956072968372   -3.29092152705076
   0.06385441691444    0.05033876336284   -3.29045763058214
   0.05220346343869    0.04115389224025   -3.29045844814871
   0.04055303923556    0.03196943836255   -3.29000675322086
   0.02890154967783    0.02278414462701   -3.29046029928476
   0.01725058798940    0.01359926703006   -3.29046133286675
   0.00560016879871    0.00441481710385   -3.29000631613274
  -0.00605079678094   -0.00477006356069   -3.29000631836404
  -0.01770176791368   -0.01395494860293   -3.29000639455915
  -0.02935274530116   -0.02313983857600   -3.29000654471818
  -0.04100372964502   -0.03232473403305   -3.29000676884122
  -0.05265472164690   -0.04150963552719   -3.29000706692835
  -0.06430572200846   -0.05069454361157   -3.29000743897968
  -0.07595673143132   -0.05987945883930   -3.29000788499529
  -0.08756233733239   -0.06902858081655   -3.28999409037360
  -0.09925885379030   -0.07824937089804   -3.28954506131764
  -0.11090989642626   -0.08743431230888   -3.28954572954432
  -0.12256095093062   -0.09661926307600   -3.28954647172642
  -0.13425461551665   -0.10583780492299   -3.28910469391871
  -0.14584025858379   -0.11497118947091   -3.28953200882852
  -0.15751357406721   -0.12417368937890   -3.28908519411562
  -0.16916530166481   -0.13335917076995   -3.28955018001074
  -0.18085854516621   -0.14257738066057   -3.28910868484647
  -0.19244515338276   -0.15171152607095   -3.28953624388575
  -0.20411808426665   -0.16091372278511   -3.28908978767847
  -0.21572509359022   -0.17006395113145   -3.28907667775595
  -0.22748552288439   -0.17933512603040   -3.28865173696126
  -0.23907164801516   -0.18846889060666   -3.28909400929260
  -0.25072287416843   -0.19765397669087   -3.28909556439152
  -0.26237412060963   -0.20683907876880   -3.28909719343771
  -0.27402471737791   -0.21602366868589   -3.28863494322158
  -0.28567667716240   -0.22520933311832   -3.28910067337224
  -0.29728462440087   -0.23436030085715   -3.28908794855639
  -0.30897874333863   -0.24357920088616   -3.28817656111912
  -0.32063009836092   -0.25276438856251   -3.28817855939981
  -0.33228147788130   -0.26194959555161   -3.28818063160981
  -0.34393288260143   -0.27113482240658   -3.28818277774921
  -0.35558431322292   -0.28032006968054   -3.28818499781811
  -0.36723577044740   -0.28950533792661   -3.28818729181660
  -0.37888725497651   -0.29869062769791   -3.28818965974478
  -0.39053876751187   -0.30787593954756   -3.28819210160274
  -0.40214797164991   -0.31702789814612   -3.28817988032800
  -0.41390514959894   -0.32629650989124   -3.28775643368301
  -0.42549348017175   -0.33543201309780   -3.28819987075625
  -0.43710311630168   -0.34458431225130   -3.28818779711153
  -0.44879615438455   -0.35380236020302   -3.28727752547984
  -0.46048783519588   -0.36301933816813   -3.28730174496241
  -0.47209943916499   -0.37217318864095   -3.28774729997379
  -0.48373235626115   -0.38134384102836   -3.28773365529497
  -0.49540312241466   -0.39054433120669   -3.28728950780473
  -0.50705495022523   -0.39972989159928   -3.28729268816624
  -0.51870681376026   -0.40891548015476   -3.28729594244005
  -0.53035871372138   -0.41810109742625   -3.28729927062627
  -0.54201065081020   -0.42728674396686   -3.28730267272499
  -0.55366262572835   -0.43647242032971   -3.28730614873629
  -0.56531463917745   -0.44565812706791   -3.28730969866028
  -0.57696669185911   -0.45484386473457   -3.28731332249705
  -0.58861797321478   -0.46402899433684   -3.28685304776312
  -0.60027091772662   -0.47321543506572   -3.28732079190932
  -0.61192309231570   -0.48240126883645   -3.28732463748500
  -0.62357448204313   -0.49158648387212   -3.28686458183922
  -0.63518751711785   -0.50074146253764   -3.28731728717613
  -0.64694085448260   -0.51000704661025   -3.28689601931306
  -0.65851425365605   -0.51913077885067   -3.28685969737467
  -0.67018392537693   -0.52833040624789   -3.28641706362693
  -0.68183635935305   -0.53751644450287   -3.28642135160583
  -0.69348883957821   -0.54670251921764   -3.28642571347995
  -0.70514136675400   -0.55588863094531   -3.28643014924939
  -0.71679394158205   -0.56507478023899   -3.28643465891423
  -0.72844656476396   -0.57426096765178   -3.28643924247458
  -0.74009923700136   -0.58344719373680   -3.28644389993053
  -0.75175107482877   -0.59263276202603   -3.28598464615755
  -0.76340384206679   -0.60181906300349   -3.28598945040270
  -0.77505666046488   -0.61100540431231   -3.28599432853465
  -0.78671043053798   -0.62019249586122   -3.28646326871227
  -0.79836245354769   -0.62937821013639   -3.28600430645932
  -0.81001542963564   -0.63856467575787   -3.28600940625224
  -0.82163985679510   -0.64772863521886   -3.28598524203119
  -0.83332192257415   -0.65693803330370   -3.28509195995310
  -0.84497506636525   -0.66612463113168   -3.28509728086695
  -0.85662826622867   -0.67531127316352   -3.28510267564940
  -0.86828152286602   -0.68449795995231   -3.28510814430055
  -0.88001214442003   -0.69374563632367   -3.28514719509774
  -0.89165740665557   -0.70292602083424   -3.28656015261232
  -0.90365966322110   -0.71238783698209   -3.28956907134979
  -0.91558377662825   -0.72178805003107   -3.29562167766992
  -0.91852854389810   -0.72410951736127   -3.29739722878822
  -0.92726150350349   -0.73099402759995   -3.30312674499032
  -0.93893762136805   -0.74019873672710   -3.31064262707491
  -0.94181454072745   -0.74246671707747   -3.31258940980752
  -0.95057716629493   -0.74937461407495   -3.31892271208459
  -0.96199501684459   -0.75837572166789   -3.32594084100836
  -0.96431184627556   -0.76020216272105   -3.32743919493277
  -0.97413520892594   -0.76794627740848   -3.33410452927146
  -0.98557127953251   -0.77696174853613   -3.34132253446494
  -0.98641325342399   -0.77762550723175   -3.34198795567640
  -0.99745168734696   -0.78632750687399   -3.34990244865508
  -1.00830263219999   -0.79488170205130   -3.35682191828027
  -1.00914624479615   -0.79554675259753   -3.35748844676172
  -1.02052668261804   -0.80451836637405   -3.36538612997613
  -1.03072786083082   -0.81256032683489   -3.37189174224483
  -1.03218517919850   -0.81370918400092   -3.37282112628592
  -1.04380692937677   -0.82287103310010   -3.38104922462432
  -1.05271760743343   -0.82989564526902   -3.38614237674628
  -1.05578728357504   -0.83231558281383   -3.38820159071116
  -1.06718657249310   -0.84130205759630   -3.39618936106420
  -1.07515623348314   -0.84758483172604   -3.40186963756088
  -1.07882190187239   -0.85047461167439   -3.40441961284736
  -1.09024079643992   -0.85947654230466   -3.41231213544514
  -1.09765190937646   -0.86531899265336   -3.41659980208453
  -1.10238051510159   -0.86904672483127   -3.41999237587426
  -1.11380057290034   -0.87804957247909   -3.42765601920331
  -1.11963035298102   -0.88264540052231   -3.43137415258863
  -1.12577935238280   -0.88749288078697   -3.43552130475781
  -1.13692551619997   -0.89627980782990   -3.44309613080809
  -1.14206779033707   -0.90033364988880   -3.44671664920511
  -1.14874678197414   -0.90559894234259   -3.45168563930242
  -1.16045362646254   -0.91482787438682   -3.45840292240558
  -1.16417865796747   -0.91776445244213   -3.46099836161095
  -1.17210146136198   -0.92401028702208   -3.46669623603421
  -1.18377615534287   -0.93321387364984   -3.47421670276057
  -1.18665436873538   -0.93548287413367   -3.47616297622097
  -1.19542299073285   -0.94239549833539   -3.48249923435092
  -1.20688114238018   -0.95142837675197   -3.48952082670786
  -1.20915573455203   -0.95322152063487   -3.49115640637688
  -1.21876451994905   -0.96079647625545   -3.49750928325801
  -1.23018619576597   -0.96980059944594   -3.50526278128592
  -1.23101399434142   -0.97045318322347   -3.50591635367781
  -1.24206709262940   -0.97916674331893   -3.51317875729388
  -1.25311755521001   -0.98787822559025   -3.52031719903351
  -1.25396786405149   -0.98854855503063   -3.52093863185239
  -1.26566147273965   -0.99776705281129   -3.52854932169722
  -1.27506577374010   -1.00518080593176   -3.53524663635686
  -1.27732661726409   -1.00696311125461   -3.53694114363378
  -1.28873333866900   -1.01595544533727   -3.54585377350799
  -1.29468879080936   -1.02065034524394   -3.55022181980926
  -1.30057864507108   -1.02529353195285   -3.55502865402610
  -1.31205595408830   -1.03434151282212   -3.56440996579439
  -1.31349193196917   -1.03547354650486   -3.56539055111048
  -1.32372937205800   -1.04354409352377   -3.57387364397655
  -1.33177953681843   -1.04989033170882   -3.58031705161786
  -1.33561166261765   -1.05291133609826   -3.58362816178171
  -1.34705572130247   -1.06193310451904   -3.59244816438678
  -1.35010953413934   -1.06434053644274   -3.59495278926301
  -1.35898078655966   -1.07133406794609   -3.60216427124280
  -1.36846023627322   -1.07880706353510   -3.60971027237697
  -1.37064720836268   -1.08053113331465   -3.61156978364592
  -1.38204728035420   -1.08951822542245   -3.62123796707348
  -1.38652209291186   -1.09304588319960   -3.62474393062082
  -1.39395881697448   -1.09890852373211   -3.63082014988021
  -1.40537325401367   -1.10790694033038   -3.63904025226052
  -1.40618846021365   -1.10854959707953   -3.63980591628545
  -1.41703722023497   -1.11710206987440   -3.64905339000572
  -1.42383277921175   -1.12245925660918   -3.65410417624370
  -1.42927022570154   -1.12674579378818   -3.65849774773902
  -1.44036946196603   -1.13549572613155   -3.66769541269915
  -1.44321080056078   -1.13773565686878   -3.66971816562166
  -1.45229490640956   -1.14489698848500   -3.67748397862406
  -1.46148232291902   -1.15213976365912   -3.68458373945964
  -1.46370082049728   -1.15388868613010   -3.68632898726224
  -1.47536635014467   -1.16308504817987   -3.69562859692663
  -1.47984098584938   -1.16661256653739   -3.69913682987567
  -1.48729044355327   -1.17248524546326   -3.70538426917460
  -1.49812776814250   -1.18102870329038   -3.71395611812001
  -1.49895599621572   -1.18168162565665   -3.71468481544324
  -1.51036331068365   -1.19067442727249   -3.72358046809989
  -1.51702014194349   -1.19592224989350   -3.72896851613323
  -1.52236547908844   -1.20013617392001   -3.73318052043111
  -1.53369488626715   -1.20906755838123   -3.74220483779409
  -1.53590509663393   -1.21080994774147   -3.74401962584018
  -1.54562010007247   -1.21846863891419   -3.75188930443497
  -1.55423880188040   -1.22526307556820   -3.75866688211050
  -1.55727054807482   -1.22765311155367   -3.76150135208921
  -1.56852622584564   -1.23652637243636   -3.77035305382231
  -1.57237845765485   -1.23956322712603   -3.77361585679428
  -1.58061632743777   -1.24605744001928   -3.77995544325063
  -1.59060924489237   -1.25393522093654   -3.78849834467502
  -1.59203310415974   -1.25505770107473   -3.78950528854872
  -1.60370057393527   -1.26425559259820   -3.79878805040809
  -1.60965576822384   -1.26895028923091   -3.80316542735274
  -1.61580374194632   -1.27379696091521   -3.80839134105999
  -1.62703650710600   -1.28265215895173   -3.81747316862627
  -1.62846057407017   -1.28377480282487   -3.81847623854678
  -1.63870766790531   -1.29185296024373   -3.82681749985497
  -1.64675532911346   -1.29819722478731   -3.83327740383614
  -1.65064056718851   -1.30126009951890   -3.83667623760555
  -1.66188045000204   -1.31012090866128   -3.84570030969411
  -1.66490428290877   -1.31250470631375   -3.84825947103796
  -1.67371276186904   -1.31944875121141   -3.85553449527928
  -1.68399483064209   -1.32755448064811   -3.86303503715540
  -1.68538964868043   -1.32865406652735   -3.86408690163306
  -1.69705354838348   -1.33784914363262   -3.87421502589922
  -1.70212675103889   -1.34184853412590   -3.87800455699401
  -1.70872742892283   -1.34705208899478   -3.88355657468035
  -1.72022948290397   -1.35611957722067   -3.89217359586383
  -1.72102816844963   -1.35674921013609   -3.89294587890178
  -1.73206106074718   -1.36544684111310   -3.90205557071339
  -1.73944422550880   -1.37126725889723   -3.90743669477035
  -1.74381586785968   -1.37471358384141   -3.91146763887449
  -1.75524483240758   -1.38372345300410   -3.92115331845703
  -1.75681673238607   -1.38496263902867   -3.92279905250267
  -1.76708434413175   -1.39305697146396   -3.93209171110642
  -1.77294404659053   -1.39767638840805   -3.93763255959645
  -1.77896465164828   -1.40242265073332   -3.94385421272478
  -1.78771842203442   -1.40932356686870   -3.95222799153222
  -1.79063637685272   -1.41162389696644   -3.95501929198591
  -1.80193876428809   -1.42053398077954   -3.96580226869094
  -1.80351079795573   -1.42177327219613   -3.96744818416837
  -1.81396577216769   -1.43001530929007   -3.97743057400189
  -1.81842122787243   -1.43352770735480   -3.98195635164395
  -1.82565389255985   -1.43922948044703   -3.98944567705595
  -1.83361204044106   -1.44550317837360   -3.99700294052077
  -1.83740247591151   -1.44849131675790   -4.00051719293625
  -1.84845618808304   -1.45720536080014   -4.01165467581662
  -1.84922679246505   -1.45781285631112   -4.01252435256520
  -1.86047535833039   -1.46668051061961   -4.02327985880765
  -1.86359193213370   -1.46913741929983   -4.02666667525131
  -1.87234701569355   -1.47603937065789   -4.03504214400503
  -1.87898122030565   -1.48126935586810   -4.04144171281168
  -1.88421951487779   -1.48539889433441   -4.04689936610110
  -1.89414061025186   -1.49322005528878   -4.05667177530361
  -1.89567245161553   -1.49442766164777   -4.05841784988268
  -1.90718678726453   -1.50350483195991   -4.06962964441726
  -1.90939084781170   -1.50524237319329   -4.07146089548271
  -1.91902274482052   -1.51283554853951   -4.08075089174208
  -1.92423699473562   -1.51694613172661   -4.08616585269575
  -1.93069739310954   -1.52203909914671   -4.09286651080661
  -1.93932052520543   -1.52883702835814   -4.10145100106852
  -1.94222836714084   -1.53112938610184   -4.10411971663895
  -1.95405669447595   -1.54045408750030   -4.11514303110932
  -1.95484617699166   -1.54107646533191   -4.11597621778225
  -1.96556665459852   -1.54952780842554   -4.12651071892114
  -1.97006941868469   -1.55307750141101   -4.13094391520994
  -1.97742183591592   -1.55887367979666   -4.13834994750420
  -1.98485465182025   -1.56473323938561   -4.14556763282861
  -1.98901052079308   -1.56800946231425   -4.14971279397622
  -1.99999446405668   -1.57666850498437   -4.16072373872828
  -2.00079062992212   -1.57729615154407   -4.16153667581701
  -2.01245137031839   -1.58648873805269   -4.17279175028696
  -2.01537051725038   -1.58879000793708   -4.17558456991968
  -2.02433563258128   -1.59585753499268   -4.18473889142523
  -2.03052579380260   -1.60073746461941   -4.19087861115393
  -2.03564088532345   -1.60476987763153   -4.19626968492462
  -2.04595096338731   -1.61289768781269   -4.20574046801969
  -2.04741120042735   -1.61404884587448   -4.20760146750637
  -2.05899717847041   -1.62318249449613   -4.21862818744243
  -2.06116960096300   -1.62489509429835   -4.22052134055049
  -2.07084763933797   -1.63252464456465   -4.23047266926637
  -2.07593210343519   -1.63653291286283   -4.23517069977756
  -2.08252290861203   -1.64172868471699   -4.24167516124027
  -2.09138791180967   -1.64871728973039   -4.25018889581968
  -2.09407705002634   -1.65083723536424   -4.25308040386946
  -2.10570724671858   -1.66000574315812   -4.26431438360473
  -2.10648132812334   -1.66061597973282   -4.26517080863647
  -2.11756014606694   -1.66934981556990   -4.27615149195079
  -2.12123763821547   -1.67224891661848   -4.27983032106199
  -2.12906894747561   -1.67842262303875   -4.28758780478881
  -2.13645750519433   -1.68424729228746   -4.29488695440959
  -2.14088233425518   -1.68773554625294   -4.29944467028316
  -2.15183277339308   -1.69636817640005   -4.30966040691663
  -2.15261247223092   -1.69698284140193   -4.31050338862281
  -2.16411836790739   -1.70605335817622   -4.32200279818257
  -2.16705451756290   -1.70836803192705   -4.32476855267779
  -2.17598537273503   -1.71540855045125   -4.33372044296245
  -2.18195692503057   -1.72011614269685   -4.33906599607257
  -2.18779122942992   -1.72471553742532   -4.34495216795035
  -2.19701300069571   -1.73198539570555   -4.35454998597142
  -2.19915929756832   -1.73367739972967   -4.35648693775375
  -2.21083357236086   -1.74288065589598   -4.36770063930112
  -2.21237306363213   -1.74409429295585   -4.36943393908807
  -2.22252853565623   -1.75210022156286   -4.37881212793521
  -2.22779153845867   -1.75624923842734   -4.38413719047518
  -2.23438332095770   -1.76144578074019   -4.39064452576432
  -2.24259091338997   -1.76791612489477   -4.39872928466412
  -2.24611737560787   -1.77069616354633   -4.40269304690958
  -2.25753765405519   -1.77969918513946   -4.41343656739902
  -2.25829389987233   -1.78029536127062   -4.41432934863161
  -2.26927432892601   -1.78895163356101   -4.42531263892632
  -2.27301792366377   -1.79190284568910   -4.42886891573851
  -2.28111976969675   -1.79828982610431   -4.43720862533904
  -2.28833412027664   -1.80397716151830   -4.44387769092783
  -2.29290109519310   -1.80757747424078   -4.44827372236645
  -2.30312311158300   -1.81563586219587   -4.45858538557143
  -2.30446337567188   -1.81669244120909   -4.45970008615248
  -2.31600473600908   -1.82579091606758   -4.47100416263864
  -2.31833871337620   -1.82763087546359   -4.47354926105498
  -2.32764900183968   -1.83497051507584   -4.48327602985782
  -2.33219876943940   -1.83855726264360   -4.48861339394922
  -2.33953592210676   -1.84434140741739   -4.49811774695399
  -2.34320611940559   -1.84723475767017   -4.50368595599472
  -2.35120393118173   -1.85353972409026   -4.51492024808093
  -2.35345630962362   -1.85531535608048   -4.51858185301870
  -2.36241021283704   -1.86237404421536   -4.53324857061668
  -2.36311076307448   -1.86292631349179   -4.53421253499492
  -2.37179227923172   -1.86977026898599   -4.54815802005171
  -2.37487787097475   -1.87220275337927   -4.55286275118432
  -2.38128036217789   -1.87725007046682   -4.56327124842123
  -2.38644865254475   -1.88132442206753   -4.57155817647840
  -2.39074458150501   -1.88471105938729   -4.57816661559897
  -2.39789043331003   -1.89034439472134   -4.58954412054813
  -2.40006174815170   -1.89205612132197   -4.59328828957590
  -2.40918955824049   -1.89925190658294   -4.60773359291052
  -2.40989019894664   -1.89980424717915   -4.60869771264677
  -2.41862095985919   -1.90668702410817   -4.62287089942819
  -2.42144994881746   -1.90891721917701   -4.62750145954199
  -2.42750503205850   -1.91369066191037   -4.63753067007239
  -2.43315722725925   -1.91814649332251   -4.64617128400475
  -2.43733703121030   -1.92144158506654   -4.65288189560460
  -2.44476391620608   -1.92729646910419   -4.66389583618835
  -2.44701692425502   -1.92907259743659   -4.66755858483304
  -2.45597539020391   -1.93613488254208   -4.68223031687253
  -2.45667612282644   -1.93668729559932   -4.68319459417658
  -2.46540283469518   -1.94356688051958   -4.69736820213440
  -2.46823632434386   -1.94580062364665   -4.70200104599464
  -2.47480214415713   -1.95097669862837   -4.71226011338590
  -2.48001749232955   -1.95508814761174   -4.72055130721986
  -2.48431460340007   -1.95847571683209   -4.72716185302002
  -2.49173370249412   -1.96432446295973   -4.73914565478731
  -2.49380702934902   -1.96595894206024   -4.74206461642997
  -2.50276781071907   -1.97302305249661   -4.75673890727960
  -2.50346863670654   -1.97357553915683   -4.75770334435771
  -2.51236569200497   -1.98058941200910   -4.77164716217449
  -2.51505570086844   -1.98271004400554   -4.77559667974642
  -2.52163720108397   -1.98789848041967   -4.78677352957524
  -2.52663262866715   -1.99183655798982   -4.79431627912575
  -2.53110953260025   -1.99536586447442   -4.80167733243028
  -2.53845382944695   -2.00115564126509   -4.81285662293962
  -2.54064780981117   -2.00288523592297   -4.81658250803058
  -2.54965728180035   -2.00998773094840   -4.83126372837011
  -2.55032985673044   -2.01051794627078   -4.83225123449766
  -2.55916326616052   -2.01748164476612   -4.84616943155969
  -2.56185364919285   -2.01960257173350   -4.85011960327176
  -2.56843612689328   -2.02479177873460   -4.86129824882157
  -2.57343364667943   -2.02873150566457   -4.86884268652440
  -2.57791121053161   -2.03226133238743   -4.87620493728681
  -2.58525517141981   -2.03805084432977   -4.88738563964369
  -2.58744947984649   -2.03978069761124   -4.89111212692075
  -2.59671064042966   -2.04708160792549   -4.90528878443063
  -2.59741165763487   -2.04763424532963   -4.90625354714287
  -2.60596764752045   -2.05437924389037   -4.92070391915633
  -2.60868671025065   -2.05652278010851   -4.92455173176393
  -2.61556231393922   -2.06194306900598   -4.93541096602875
  -2.62052426052495   -2.06585475228597   -4.94318533584745
  -2.62478940047786   -2.06921711750946   -4.95074745553559
  -2.63196343632385   -2.07487267134987   -4.96199020993770
  -2.63421776319979   -2.07664983936164   -4.96565534239195
  -2.64352344178733   -2.08398584484074   -4.97983390762686
  -2.64422455671359   -2.08453855928194   -4.98079883670564
  -2.65327529474676   -2.09167358583337   -4.99547491723569
  -2.65547008765140   -2.09340382104647   -4.99920229403999
  -2.66205456480097   -2.09859460428617   -5.01038460312291
  -2.66705630925255   -2.10253766167383   -5.01793248303235
  -2.67204260606639   -2.10646854112583   -5.02552494400158
  -2.67887855158616   -2.11185756604391   -5.03648076068754
  -2.68107353096993   -2.11358794826530   -5.04020847635058
  -2.69040698003288   -2.12094584622197   -5.05435734570115
  -2.69107984344128   -2.12147628896231   -5.05534535363257
  -2.70009365070678   -2.12858220164403   -5.07003438771213
  -2.70228878374605   -2.13031270499765   -5.07376238629497
  -2.70887428288775   -2.13550429391098   -5.08494656311602
  -2.71394665200518   -2.13950302729591   -5.09239512103722
  -2.71853192800632   -2.14311776743024   -5.09963735139204
  -2.72570079584105   -2.14876924713908   -5.11104718978848
  -2.72839255679427   -2.15089126037170   -5.11499975603819
  -2.73717013902368   -2.15781094825071   -5.12896188456537
  -2.73787145375452   -2.15836382020515   -5.12992715295353
  -2.74691912377074   -2.16549642812703   -5.14460656438433
  -2.74911460189917   -2.16722720352700   -5.14833519272378
  -2.75619760786121   -2.17281099519326   -5.15974552136369
  -2.76070715837165   -2.17636603816425   -5.16707267512263
  -2.76569494858936   -2.18029809492094   -5.17466776083367
  -2.77235366488393   -2.18554740358351   -5.18486238537272
  -2.77522237521914   -2.18780891246102   -5.18957967449967
  -2.78400423979544   -2.19473197627012   -5.20354506509128
  -2.78470565661326   -2.19528492870344   -5.20451050641615
  -2.79375181719103   -2.20241634668000   -5.21919160915682
  -2.79580652859475   -2.20403615054211   -5.22208920719564
  -2.80339005707313   -2.21001452234433   -5.23391927748659
  -2.80771393749929   -2.21342319482306   -5.24058253723553
  -2.81277894338826   -2.21741612350673   -5.24902992912383
  -2.81928972637590   -2.22254881095356   -5.25933033376953
  -2.82225329614392   -2.22488510097812   -5.26395479301285
  -2.83104408036707   -2.23181519646981   -5.27791794491324
  -2.83174982270809   -2.23237155887066   -5.27887955388219
  -2.84079064196209   -2.23949876608709   -5.29356596326578
  -2.84303139211210   -2.24126523107115   -5.29725063958849
  -2.85026133133856   -2.24696485558320   -5.30853284843254
  -2.85455612494915   -2.25035059786545   -5.31518441516663
  -2.85962194690439   -2.25434416988389   -5.32363328097061
  -2.86603433833111   -2.25939929167839   -5.33405963509913
  -2.86890396388181   -2.26166152205362   -5.33877857002114
  -2.87789337500739   -2.26874820236938   -5.35252739624413
  -2.87859922264083   -2.26930464777609   -5.35348918235277
  -2.88743927877423   -2.27627358610983   -5.36840094945455
  -2.88968318141422   -2.27804253631659   -5.37203382160001
  -2.89708690191976   -2.28387915894259   -5.38313576264544
  -2.90140577012410   -2.28728388010425   -5.38979953099846
  -2.90647241954942   -2.29127810444750   -5.39824988878719
  -2.91298987360953   -2.29641605094382   -5.40855543855485
  -2.91595438468949   -2.29875308303888   -5.41318155659358
  -2.92442320073314   -2.30542935928389   -5.42657039971058
  -2.92527328077578   -2.30609950835382   -5.42832369450860
  -2.93493183870330   -2.31371370147363   -5.44305659970395
  -2.93655775302580   -2.31499546897357   -5.44573837249314
  -2.94396960806086   -2.32083850434557   -5.45777506443949
  -2.94826297674945   -2.32422312330989   -5.46442804588778
  -2.95333046506659   -2.32821800898213   -5.47287991370660
  -2.95994747764051   -2.33343444108226   -5.48310976978448
  -2.96284119106187   -2.33571566080356   -5.48780922113611
  -2.97128416091881   -2.34237156155789   -5.50120556672669
  -2.97263111935632   -2.34343341797005   -5.50318370980405
  -2.98186763861442   -2.35071490262996   -5.51766959619193
  -2.98325049169916   -2.35180505610034   -5.51960812320378
  -2.99151817360863   -2.35832277097914   -5.53260114913759
  -2.99501664569094   -2.36108074398700   -5.53822800231678
  -3.00090299100730   -2.36572116446643   -5.54753089964827
  -3.00681482146046   -2.37038167580775   -5.55775547272538
  -3.00970901656835   -2.37266327526010   -5.56245578145757
  -3.01830413815631   -2.37943912276758   -5.57570592960392
  -3.01971648295964   -2.38055252563424   -5.57763059020417
  -3.02852400316905   -2.38749581471366   -5.59254012799880
  -3.03009941580915   -2.38873776989736   -5.59522058867217
  -3.03821096358895   -2.39513239855305   -5.60729297890987
  -3.04182365643848   -2.39798041595330   -5.61296120973779
  -3.04706969055004   -2.40211605578052   -5.62218085833196
  -3.05356899314854   -2.40723969281831   -5.63254392727424
  -3.05684971859816   -2.40982600822211   -5.63754660743759
  -3.06524375599119   -2.41644333373231   -5.65031042811764
  -3.06610388549687   -2.41712140516010   -5.65205108714095
  -3.07540225307689   -2.42445164710560   -5.66720583389655
  -3.07698111895874   -2.42569632460558   -5.66988781542139
  -3.08457205546819   -2.43168053642860   -5.68173089855423
  -3.08888100517612   -2.43507743847816   -5.68839559331495
  -3.09395107889817   -2.43907436231928   -5.69685209927073
  -3.10027735683695   -2.44406159771374   -5.70643477493986
  -3.10324732074685   -2.44640292847331   -5.71200076354636
  -3.11207186947685   -2.45335964175595   -5.72504724846976
  -3.11348466192389   -2.45447339751645   -5.72697265673654
  -3.12250671750019   -2.46158581264210   -5.74166841312131
  -3.12388217593947   -2.46267013664404   -5.74362694600042
  -3.13147886146222   -2.46865888062371   -5.75642345225593
  -3.13559256069824   -2.47190185961239   -5.76231435827864
  -3.14133738785521   -2.47643071617062   -5.77176218087341
  -3.14746404049084   -2.48126057966534   -5.78177581487825
  -3.15035971954745   -2.48354334896853   -5.78647875619530
  -3.15902221693258   -2.49037231127173   -5.79967829132820
  -3.15988267569835   -2.49105064226724   -5.80141957878311
  -3.16940237447973   -2.49855536766287   -5.81636280757661
  -3.17095792936282   -2.49978166825322   -5.81907275323954
  -3.17837609354917   -2.50562967735905   -5.83112064657099
  -3.18266607446338   -2.50901162561739   -5.83777723216441
  -3.18823492019291   -2.51340174960457   -5.84646176826687
  -3.19418497577770   -2.51809239520986   -5.85571787557246
  -3.19776065535319   -2.52091123369762   -5.86140775459674
  -3.20592359533115   -2.52734637669558   -5.87438357409516
  -3.20728739560137   -2.52842151013809   -5.87635218970462
  -3.21630618739695   -2.53553135230649   -5.89107153099823
  -3.21768210156967   -2.53661603557970   -5.89303083370164
  -3.22579381840552   -2.54301079750844   -5.90604721143648
  -3.22939379403625   -2.54584878946176   -5.91172430832801
  -3.23464360097785   -2.54998740354836   -5.92095081997748
  -3.24109228487391   -2.55507113601875   -5.93043388220000
  -3.24466859366158   -2.55789047053740   -5.93612486398014
  -3.25283321202455   -2.56432693666741   -5.94910330468091
  -3.25419724328113   -2.56540225220488   -5.95107231126100
  -3.26321826095692   -2.57251384911575   -5.96579474385599
  -3.26459440743008   -2.57359871551986   -5.96775443796650
  -3.27271264349524   -2.57999861679459   -5.98077449689266
  -3.27630679655250   -2.58283201860111   -5.98645098378617
  -3.28205469052438   -2.58736329284127   -5.99590424435436
  -3.28800791147144   -2.59205643381697   -6.00516445436655
  -3.29158485749292   -2.59487627069025   -6.01085655109628
  -3.29975117207606   -2.60131407401242   -6.02383764315750
  -3.30111543727842   -2.60238957397788   -6.02580704503910
  -3.31013870011451   -2.60950294083040   -6.04053260645222
  -3.31169511681694   -2.61072992082433   -6.04324411006517
  -3.31963985102761   -2.61699304426570   -6.05551651601722
  -3.32322819676338   -2.61982186794909   -6.06119233913040
  -3.32897713914953   -2.62435396869242   -6.07064745248647
  -3.33459315473923   -2.62878127839898   -6.08106481856009
  -3.33676276294412   -2.63049165959567   -6.08573042592555
  -3.34041284699920   -2.63336915384559   -6.10052916881126
  -3.34083713669560   -2.63370363687208   -6.11523298641960
  -3.34086469230391   -2.63372535996208   -6.13015080636379
  -3.34018148848072   -2.63318676549602   -6.14499641255382
  -3.33947823735658   -2.63263236701220   -6.15991209728165
  -3.33948588901747   -2.63263839909526   -6.17490212104657
  -3.33880281921070   -2.63209991027922   -6.18974678486219
  -3.33844510438044   -2.63181791064534   -6.20473595941901
  -3.33812762718642   -2.63156763180613   -6.21958297699644
  -3.33777003188417   -2.63128572640054   -6.23457427129560
  -3.33674871788578   -2.63048058736445   -6.24934750966108
  -3.33531492955758   -2.62935027978585   -6.26426290082277
  -3.33485396790320   -2.62898688691876   -6.26579114762067
  -3.32888650260747   -2.62428251660401   -6.27862086055895
  -3.32322506474425   -2.61981939886429   -6.28693652301381
  -3.31822360890604   -2.61587656900107   -6.29350053241671
  -3.31175222747704   -2.61077494323849   -6.30203378921976
  -3.30674285141203   -2.60682586957190   -6.30861392966642
  -3.29990736049613   -2.60143720303462   -6.31748930949052
  -3.29547071432879   -2.59793963321354   -6.32288278508299
  -3.28823163026173   -2.59223279949046   -6.33157787377837
  -3.28329990420113   -2.58834494015150   -6.33835538937183
  -3.27658007246423   -2.58304745195901   -6.34725081597109
  -3.27211507250263   -2.57952752980886   -6.35279202007866
  -3.26509492173284   -2.57399328918076   -6.36155762400017
  -3.26008704828765   -2.57004540008412   -6.36813784823868
  -3.25325309305512   -2.56465794418200   -6.37701374837517
  -3.24878744917850   -2.56113751441017   -6.38255540712650
  -3.24158597387768   -2.55546032904777   -6.39204110436897
  -3.23730716244002   -2.55208718609475   -6.39767091731154
  -3.22992641123348   -2.54626867100402   -6.40677812176643
  -3.22491256622723   -2.54231607430823   -6.41255126254595
  -3.21817508376419   -2.53700467140524   -6.42162800837915
  -3.21380219542822   -2.53355736420562   -6.42721035666036
  -3.20668830626753   -2.52794922618865   -6.43580604792186
  -3.20158553771166   -2.52392652781881   -6.44231754225485
  -3.19485316440807   -2.51861915265236   -6.45140115818394
  -3.19048033742772   -2.51517189382161   -6.45698379466227
  -3.18336149026135   -2.50955984722812   -6.46557347408516
  -3.17825877997822   -2.50553719479679   -6.47208529108687
  -3.17178379835397   -2.50043273086913   -6.48062249267343
  -3.16732643840897   -2.49691883162243   -6.48697195194820
  -3.16003692287326   -2.49117224093515   -6.49627491319136
  -3.15566321509113   -2.48772428773628   -6.50185675190018
  -3.14828520881238   -2.48190793657214   -6.51096499415993
  -3.14383756867876   -2.47840169980688   -6.51653531882911
  -3.13662934763041   -2.47271919652593   -6.52492193778705
  -3.13083235912743   -2.46814921927816   -6.53142591100714
  -3.12512116217117   -2.46364687463244   -6.53710431061521
  -3.11424077474545   -2.45506946880235   -6.54626194427332
  -3.11344728702025   -2.45444393351817   -6.54705494556727
  -3.10196960622389   -2.44539565956186   -6.55475365330890
  -3.09313371519489   -2.43843000473168   -6.56129050825821
  -3.09030486804974   -2.43619992145929   -6.56332820155975
  -3.07861935672792   -2.42698780712754   -6.57147013409181
  -3.07261210175187   -2.42225206915808   -6.57595115436577
  -3.06694437760125   -2.41778399570896   -6.57982863627434
  -3.05518458782278   -2.40851332496353   -6.58809757441806
  -3.05141024820764   -2.40553787552842   -6.59092389738096
  -3.04359472995756   -2.39937661773672   -6.59654619570637
  -3.03197183172032   -2.39021386358083   -6.60523693093367
  -3.03056859239693   -2.38910763889576   -6.60627299065475
  -3.02045978242375   -2.38113849568360   -6.61282941755615
  -3.00925427976174   -2.37230478966730   -6.62064342104081
  -3.00845453798799   -2.37167432408879   -6.62140423668054
  -2.99696511021259   -2.36261678956092   -6.62931547856285
  -2.98880767974378   -2.35618598990976   -6.63548882875250
  -2.98508346734612   -2.35325005758655   -6.63820622672342
  -2.97354600010666   -2.34415465179885   -6.64577045195020
  -2.96820341646194   -2.33994289845690   -6.65012565913180
  -2.96169911082218   -2.33481531733940   -6.65489776362314
  -2.95019787453867   -2.32574847373433   -6.66249091644408
  -2.94633160025655   -2.32270054885164   -6.66522687724684
  -2.93852394469915   -2.31654548950705   -6.67085142482246
  -2.92676281229630   -2.30727376032190   -6.67912158482399
  -2.92596677501224   -2.30664621512759   -6.67989974356519
  -2.91519725591386   -2.29815621083938   -6.68777878223109
  -2.90563922707281   -2.29062126846117   -6.69495003573984
  -2.90339219658856   -2.28884985246081   -6.69666997124266
  -2.89182912196917   -2.27973425944252   -6.70429535191627
  -2.88439212847402   -2.27387140650652   -6.70962126847559
  -2.87992558686259   -2.27035026901763   -6.71326024609439
  -2.86839383695742   -2.26125937041287   -6.72092750848323
  -2.86393485768817   -2.25774419459386   -6.72447872129940
  -2.85673024276304   -2.25206453415122   -6.72929859675340
  -2.84513361853196   -2.24292249275167   -6.73680942095075
  -2.84141284675870   -2.23998927279803   -6.73941064456378
  -2.83346646332947   -2.23372484921759   -6.74401551763480
  -2.82191038577680   -2.22461477224193   -6.74881466293840
  -2.81022969108708   -2.21540645503676   -6.75344569603427
  -2.80803320534968   -2.21367488530191   -6.75434573831785
  -2.79860073872618   -2.20623892819460   -6.75816454323906
  -2.78697058289880   -2.19707045261598   -6.76220076032632
  -2.77526571703738   -2.18784308039548   -6.76654749986590
  -2.77000860725689   -2.18369870921491   -6.76888678986174
  -2.76342838605141   -2.17851128109101   -6.77162334840513
  -2.75182590088735   -2.16936461930444   -6.77566993099903
  -2.74022371213451   -2.16021819118965   -6.77950989250641
  -2.72986204419306   -2.15204971082833   -6.78374642261597
  -2.72838469812354   -2.15088506509524   -6.78460110613933
  -2.71668284647348   -2.14166006908738   -6.78942408528158
  -2.70518481707797   -2.13259575358897   -6.79340658773831
  -2.69342500974333   -2.12332506900337   -6.79789762113130
  -2.69192682436040   -2.12214399488025   -6.79866698074733
  -2.68179803094266   -2.11415909799066   -6.80261836856550
  -2.67014487043883   -2.10497248698742   -6.80637148481300
  -2.65830754542054   -2.09564069238748   -6.81147061597521
  -2.65321080215313   -2.09162274397205   -6.81335558506029
  -2.64670458989524   -2.08649365979801   -6.81547316102272
  -2.63502692025869   -2.07728772735247   -6.82012880344434
  -2.62342717728521   -2.06814322733465   -6.82397100211081
  -2.61378337427154   -2.06054066605102   -6.82815962273180
  -2.61159095481773   -2.05881230191568   -6.82907533566751
  -2.60006902515531   -2.04972914496607   -6.83347276881848
  -2.58839154691527   -2.04052336340538   -6.83787195096199
  -2.57677912165006   -2.03136886547491   -6.84079778108284
  -2.56796961514919   -2.02442401052956   -6.84323519853070
  -2.56503312936797   -2.02210907179859   -6.84404768797911
      
      
