# shadow point cont 3D ind 333  size 1107
# norm -0.8647134 -0.5022655  0.0000000
# angle  2.6153759
   1.57032204559882   -2.70350738637444   -6.82925944453058
   1.57100149906506   -2.70467715118149   -6.82774651671531
   1.57801194836336   -2.71674652352003   -6.81752919933276
   1.58115261772681   -2.72215358180216   -6.81385609692262
   1.58536727352637   -2.72940964314133   -6.81115298960993
   1.59289798587741   -2.74237471391950   -6.80677972232275
   1.60036940437781   -2.75523770285806   -6.80307717760024
   1.60689392278688   -2.76647048390505   -6.79944583268587
   1.60785099155688   -2.76811819845903   -6.79865647948414
   1.61531771808516   -2.78097310957602   -6.79396827132768
   1.62282858887566   -2.79390402060612   -6.79038732655604
   1.63030957913895   -2.80678348854129   -6.78684135955449
   1.63268530743512   -2.81087360433297   -6.78531423653965
   1.63773590076170   -2.81956883751921   -6.78198123842122
   1.64519754115425   -2.83241499221230   -6.77806485747027
   1.65267474549681   -2.84528794220761   -6.77359208502368
   1.65963653171125   -2.85727353491190   -6.76966068614812
   1.66014992148757   -2.85815740013959   -6.76900962486620
   1.66766654073401   -2.87109820786133   -6.76460029535822
   1.67508418435608   -2.88386861656696   -6.76139284488341
   1.68261068280354   -2.89682643257882   -6.75719818797576
   1.68583395631558   -2.90237570431741   -6.75512017441750
   1.69003653990251   -2.90961098182049   -6.75233841771881
   1.69755390597981   -2.92255307530571   -6.74793001842226
   1.70498983787689   -2.93535496958255   -6.74317186436794
   1.70826021194072   -2.94098533085942   -6.74047539993243
   1.71250837306916   -2.94829907584661   -6.73601384846924
   1.71997780665471   -2.96115864750400   -6.72857985735429
   1.72277885189427   -2.96598100003731   -6.72579214903386
   1.72738314508013   -2.97390787126217   -6.72092989924830
   1.73488969796176   -2.98683134846774   -6.71358044813932
   1.73767052069069   -2.99161888539938   -6.71086185707352
   1.74240212116150   -2.99976493216606   -6.70541102256379
   1.74991460200483   -3.01269861510508   -6.69817274780788
   1.75180357222878   -3.01595071550539   -6.69641251913357
   1.75727358256092   -3.02536802794645   -6.69032136718428
   1.76479389366977   -3.03831519167479   -6.68211314879149
   1.76614786236152   -3.04064621948487   -6.68099931482704
   1.77235679986056   -3.05133568820707   -6.67412088322347
   1.77969170436597   -3.06396365109168   -6.66710010887623
   1.78020344018151   -3.06484466881735   -6.66633604798231
   1.78720247712183   -3.07689439334277   -6.65888240419825
   1.79457914339423   -3.08959425437456   -6.65200987270505
   1.79509259663617   -3.09047822886631   -6.65126558379195
   1.80214150871923   -3.10261381973818   -6.64308509339356
   1.80909798186829   -3.11459026533053   -6.63639761479809
   1.80961143548786   -3.11547424047243   -6.63565336253412
   1.81708141228217   -3.12833474733219   -6.62822183271784
   1.82356685287981   -3.13950025099989   -6.62154822076575
   1.82448518498960   -3.14108127550944   -6.62057347279316
   1.83202079017598   -3.15405476992051   -6.61242603985423
   1.83798417555325   -3.16432148970607   -6.60648540635334
   1.83941765794608   -3.16678941037757   -6.60474445772768
   1.84686721037417   -3.17961475411582   -6.59719049897109
   1.85204953753323   -3.18853678370356   -6.59180217288167
   1.85437626481246   -3.19254253806655   -6.58904140391504
   1.86187623781244   -3.20545468717628   -6.58163946914595
   1.86610999413554   -3.21274363247492   -6.57717078220058
   1.86933279984124   -3.21829209882590   -6.57331782025942
   1.87682063651326   -3.23118335371689   -6.56316409321201
   1.87732094491955   -3.23204469771679   -6.56233021964636
   1.88443998008739   -3.24430101432017   -6.54957177532120
   1.88538846984499   -3.24593395902265   -6.54774306953921
   1.89170108422174   -3.25680192056131   -6.53612536614151
   1.89356676060081   -3.26001391767078   -6.53240160591090
   1.89928980760119   -3.26986686463887   -6.52241911658139
   1.90173173940329   -3.27407095811289   -6.51797541603763
   1.90693780482755   -3.28303385611706   -6.50791548568229
   1.90966175228588   -3.28772347509958   -6.50308341681371
   1.91439833702942   -3.29587810292018   -6.49395003773105
   1.91759177992788   -3.30137601749646   -6.48819185707217
   1.92178958386001   -3.30860306622120   -6.47981425599372
   1.92540434103345   -3.31482632644080   -6.47306759618671
   1.92920518406476   -3.32136995692629   -6.46577047286682
   1.93341407135126   -3.32861608704294   -6.45836389956378
   1.93671685237365   -3.33430224098482   -6.45189450108936
   1.94135008763717   -3.34227893964536   -6.44348143168265
   1.94418051039761   -3.34715186928476   -6.43793519643539
   1.94954439847194   -3.35638647887921   -6.42816600458262
   1.95146525005438   -3.35969346705772   -6.42453315232508
   1.95721815900910   -3.36959782514517   -6.41371181707712
   1.95910787772103   -3.37285121416188   -6.41001772519703
   1.96505483353560   -3.38308964838383   -6.39861847227098
   1.96649133261068   -3.38556276265417   -6.39590536179199
   1.97308340885417   -3.39691185303075   -6.38393997899110
   1.97403531840464   -3.39855068533782   -6.38210176133915
   1.98125931617593   -3.41098770829664   -6.36950333903941
   1.98173551249391   -3.41180754029646   -6.36859381502636
   1.98883097660982   -3.42402327636212   -6.35484897976304
   1.98930642764104   -3.42484182525683   -6.35393773229340
   1.99630916970882   -3.43689792862632   -6.33999745638685
   1.99677560116393   -3.43770094918358   -6.33906686534066
   2.00133111268452   -3.44554383662131   -6.32466715110682
   2.00274475004031   -3.44797759155950   -6.30940887405159
   2.00276175843037   -3.44800687364739   -6.29440237356449
   2.00251118693679   -3.44757548322935   -6.27947912992387
   2.00203876435197   -3.44676214818695   -6.26448198158685
   2.00183451369164   -3.44641050492344   -6.24963501180526
   2.00153788881138   -3.44589982779385   -6.23464431414357
   2.00105383867514   -3.44506647445568   -6.21972493467165
   2.00083958158880   -3.44469760386820   -6.20487712492087
   2.00055321658618   -3.44420459041154   -6.18988980580970
   2.00006929954083   -3.44337146620611   -6.17497169908437
   1.99958542829550   -3.44253842085120   -6.16005401648390
   1.99890880127340   -3.44137352212409   -6.14509869617342
   1.99662370941864   -3.43743944839367   -6.13084595552740
   1.99623687655950   -3.43677346685511   -6.12970594645429
   1.99163656674146   -3.42885345350017   -6.11439467699241
   1.98918535166624   -3.42463337770106   -6.10801619329115
   1.98555639810432   -3.41838567660882   -6.09946901631013
   1.98179788093470   -3.41191491543064   -6.09005885081190
   1.97943787203659   -3.40785186256462   -6.08451525928505
   1.97421569539118   -3.39886122706194   -6.07233342742417
   1.97320002686905   -3.39711262564645   -6.06980696763246
   1.96712387752438   -3.38665176847383   -6.05488769337625
   1.96668208487454   -3.38589116672629   -6.05391119546601
   1.96063603182627   -3.37548212412244   -6.03966103314771
   1.95931247204793   -3.37320344909072   -6.03685870386265
   1.95415869191402   -3.36433056680596   -6.02479177628500
   1.95184542177275   -3.36034798060262   -6.01912536614148
   1.94804130338025   -3.35379871116989   -6.00982697040475
   1.94419603009534   -3.34717858840112   -6.00066640073315
   1.94150890877904   -3.34255237026513   -5.99491397165776
   1.93674761327817   -3.33435519976027   -5.98292617734037
   1.93540653151816   -3.33204635842796   -5.97996537026507
   1.92950789382884   -3.32189110995053   -5.96547089297130
   1.92909918734116   -3.32118747020262   -5.96453998258633
   1.92286914755415   -3.31046167123114   -5.94974805050509
   1.92202115552133   -3.30900174603251   -5.94790569368631
   1.91670083498206   -3.29984214344264   -5.93519210981889
   1.91449519568515   -3.29604485730789   -5.93016628856272
   1.91012577009001   -3.28852234025236   -5.92023623083004
   1.90673536969515   -3.28268533851380   -5.91200692318916
   1.90391873527414   -3.27783614723915   -5.90555624922094
   1.89927551547483   -3.26984225894140   -5.89427045270880
   1.89782200354595   -3.26733985489827   -5.89061043252235
   1.89188534156840   -3.25711914281460   -5.87654574265803
   1.89141734995689   -3.25631343625140   -5.87546439030478
   1.88499321792041   -3.24525348300147   -5.86025805501462
   1.88439429066485   -3.24422235421878   -5.85861805790329
   1.87880187389590   -3.23459430366385   -5.84563559445626
   1.87688094826977   -3.23128718800979   -5.84088600040031
   1.87254921211444   -3.22382955807676   -5.83090000462932
   1.86933727571283   -3.21829980460315   -5.82335704994049
   1.86614657897519   -3.21280661788896   -5.81575708282258
   1.86194544421268   -3.20557383471978   -5.80544385552028
   1.86002196731413   -3.20226232672858   -5.80078955623816
   1.85438867620847   -3.19256390584962   -5.78790499092548
   1.85352754165746   -3.19108135414893   -5.78592716781579
   1.84753875579222   -3.18077090422086   -5.77072075750076
   1.84709815515446   -3.18001235467240   -5.76974066574838
   1.84094073880546   -3.16941158610575   -5.75573110974658
   1.83947598691921   -3.16688983105890   -5.75227020542045
   1.83477977976463   -3.15880471834845   -5.74111731829456
   1.83196342659275   -3.15395601127964   -5.73454212720581
   1.82855059629000   -3.14808039362670   -5.72640993211041
   1.82425663236765   -3.14068779335502   -5.71629462024922
   1.82233531622181   -3.13738000537205   -5.71171792742432
   1.81682997241803   -3.12790186190474   -5.69839876090091
   1.81593124679691   -3.12635459243741   -5.69658860742273
   1.80984593995883   -3.11587796948533   -5.68166328712408
   1.80940452253690   -3.11511801373993   -5.68068778446766
   1.80337961572122   -3.10474537704159   -5.66645799385958
   1.80195870607643   -3.10229910194098   -5.66292401096101
   1.79729766750950   -3.09427453638822   -5.65153835847502
   1.79441303036167   -3.08930826984562   -5.64522237944946
   1.79067468629086   -3.08287223920046   -5.63692216719648
   1.78694360283944   -3.07644870862699   -5.62749913081909
   1.78425367402068   -3.07181765702155   -5.62175000437608
   1.77949494727512   -3.06362490895281   -5.60977296872016
   1.77849268793997   -3.06189939314335   -5.60704915225284
   1.77227500085196   -3.05119486090060   -5.59293469151299
   1.77174284749489   -3.05027869180296   -5.59165497470801
   1.76584035385782   -3.04011680482534   -5.57717706767045
   1.76452553519863   -3.03785317873232   -5.57434227004742
   1.75946540585898   -3.02914152809727   -5.56208600461654
   1.75710712710289   -3.02508145388888   -5.55643464763374
   1.75290098384780   -3.01784004796826   -5.54714773518922
   1.74956821354227   -3.01210226369442   -5.53891279581845
   1.74680832766436   -3.00735077219153   -5.53221923205463
   1.74205786804499   -2.99917225702284   -5.52120626757234
   1.74060676285675   -2.99667399648717   -5.51755035329374
   1.73465834785857   -2.98643305009666   -5.50348701976238
   1.73420448171953   -2.98565166231526   -5.50241743919314
   1.72807482146686   -2.97509867936790   -5.48745065437892
   1.72707615847527   -2.97337935511729   -5.48485826901271
   1.72190677905457   -2.96447961669357   -5.47282577814774
   1.71968941248504   -2.96066214058041   -5.46787655634296
   1.71535761717892   -2.95320440881185   -5.45790586077884
   1.71210198548069   -2.94759942837604   -5.44944310841485
   1.70895370366127   -2.94217926429121   -5.44276727067170
   1.70469458503760   -2.93484665459448   -5.43245852887510
   1.70272678686413   -2.93145884194053   -5.42806937076358
   1.69721342221480   -2.92196688957635   -5.41475097853006
   1.69664475018464   -2.92098784897874   -5.41315197258965
   1.69009675364291   -2.90971464736628   -5.39823507703613
   1.68956920955219   -2.90880641370180   -5.39652401124563
   1.68412163773487   -2.89942773199303   -5.38306676998786
   1.68230932781843   -2.89630761197738   -5.37934321651084
   1.67761582868993   -2.88822716147527   -5.36820035698287
   1.67469107085560   -2.88319182211247   -5.36091110144115
   1.67139276939714   -2.87751338030466   -5.35350218886849
   1.66716247532577   -2.87023039570891   -5.34335144413107
   1.66532939226809   -2.86707451211155   -5.33863703891138
   1.65979355875488   -2.85754387676535   -5.32548022906542
   1.65890636476305   -2.85601646045175   -5.32346376626058
   1.65268252429684   -2.84530133439262   -5.30875548618198
   1.65225934875527   -2.84457278434418   -5.30782674598755
   1.64662259469849   -2.83486840155826   -5.29389473194571
   1.64481708799028   -2.83175999412331   -5.29007813685396
   1.64017812368175   -2.82377343218948   -5.27870961484538
   1.63728835798851   -2.81879833620935   -5.27239807396714
   1.63386502637979   -2.81290463923418   -5.26428732602781
   1.62958469773681   -2.80553551381507   -5.25417245716694
   1.62732039819903   -2.80163723667982   -5.24938522966732
   1.62235967783883   -2.79309673113631   -5.23791274594584
   1.62091128920588   -2.79060314749307   -5.23426316923340
   1.61528860147300   -2.78092298165720   -5.21932184628253
   1.61484743717520   -2.78016346169691   -5.21838952849086
   1.60875499804892   -2.76967455961144   -5.20444515317627
   1.60738920465695   -2.76732317408909   -5.20159080157988
   1.60221251148881   -2.75841084412704   -5.18954287818668
   1.59992356797654   -2.75447013928260   -5.18388675637060
   1.59580460141571   -2.74737881903232   -5.17441213817493
   1.59242531764368   -2.74156095596153   -5.16620058059960
   1.58959235641817   -2.73668365603446   -5.15973185922476
   1.58496786389353   -2.72872200910117   -5.14849329080312
   1.58351974219609   -2.72622888502108   -5.14484447549752
   1.57743521844614   -2.71575361025393   -5.13083568548228
   1.57696801879780   -2.71494926715518   -5.12990412971575
   1.57100963905399   -2.70469116519872   -5.11477202588032
   1.57000079211232   -2.70295430799406   -5.11217923801283
   1.56482501139672   -2.69404354893411   -5.10013384933194
   1.56250730656743   -2.69005332785621   -5.09449617043347
   1.55828106755959   -2.68277732456357   -5.08522148816725
   1.55507176237374   -2.67725210105965   -5.07770926593530
   1.55221074126238   -2.67232649250132   -5.07035122983610
   1.54757493680103   -2.66434537064279   -5.06002713852535
   1.54566738960827   -2.66106128764852   -5.05543711128784
   1.54013766122479   -2.65154116305287   -5.04231688218296
   1.53959540967888   -2.65060760864998   -5.04056699040301
   1.53339711737489   -2.63993646697321   -5.02584298676317
   1.53251177204276   -2.63841223336036   -5.02391831480370
   1.52744608950377   -2.62969102219251   -5.01077270546546
   1.52515070988732   -2.62573923678327   -5.00602130740206
   1.52090387113232   -2.61842776842870   -4.99585053989217
   1.51765826775616   -2.61284005301371   -4.98834330352333
   1.51436237856070   -2.60716576422080   -4.98094098381215
   1.51007560391865   -2.59978554120160   -4.97084981160727
   1.50782266215630   -2.59590681790871   -4.96605008998124
   1.50268108076266   -2.58705493729332   -4.95299120822345
   1.50174698336255   -2.58544677084882   -4.95112889243652
   1.49567414878821   -2.57499162047125   -4.93623480376796
   1.49523551935713   -2.57423646460362   -4.93530218064137
   1.48925144171689   -2.56393412047850   -4.92110787612448
   1.48777317981149   -2.56138910623033   -4.91758174732756
   1.48306344624272   -2.55328070609247   -4.90647704832624
   1.48031132771638   -2.54854258706460   -4.89988733334823
   1.47664004488607   -2.54222201079999   -4.89132080640561
   1.47273761850384   -2.53550349176835   -4.88236898711891
   1.47045037040851   -2.53156570579794   -4.87670926747210
   1.46536943829275   -2.52281824056103   -4.86451315885561
   1.46437812593926   -2.52111157136067   -4.86181211364600
   1.45830755426138   -2.51066031684466   -4.84687782841757
   1.45785648411888   -2.50988374272381   -4.84594408282832
   1.45176836760533   -2.49940228256114   -4.83201167071588
   1.45052064464289   -2.49725417016945   -4.82896087032629
   1.44534787926222   -2.48834860238874   -4.81686237718406
   1.44293957020468   -2.48420239470861   -4.81146928888982
   1.43915716309669   -2.47769050398951   -4.80223941774525
   1.43545147911387   -2.47131070180359   -4.79379991194184
   1.43262050292032   -2.46643681935930   -4.78733669070645
   1.42799449161720   -2.45847255765738   -4.77610563335537
   1.42621840523741   -2.45541480102711   -4.77223035546101
   1.42057484151480   -2.44569869454290   -4.75839565663330
   1.42016163069101   -2.44498730001247   -4.75739345269792
   1.41407776831966   -2.43451316389197   -4.74245962236976
   1.41304097678333   -2.43272819654437   -4.73982293402402
   1.40786879447609   -2.42382363259808   -4.72778760653870
   1.40545991894238   -2.41967644965782   -4.72233231816117
   1.40133060446632   -2.41256731416680   -4.71290370940423
   1.39800231196740   -2.40683723900160   -4.70463075049213
   1.39493296016633   -2.40155296289479   -4.69779938907395
   1.39051427636366   -2.39394564162456   -4.68698099145252
   1.38905573535945   -2.39143457939420   -4.68335808217038
   1.38307577692268   -2.38113932699719   -4.66925076688729
   1.38264617202410   -2.38039970800007   -4.66826449848388
   1.37672474028572   -2.37020521669334   -4.65315643434432
   1.37578639573733   -2.36858973824760   -4.65123359929898
   1.37005102620321   -2.35871557648407   -4.63845568526591
   1.36822008763771   -2.35556338490038   -4.63375160240828
   1.36364547132064   -2.34768760614678   -4.62335909579233
   1.36075713602318   -2.34271497277333   -4.61699879234602
   1.35743792152281   -2.33700052652718   -4.60870978245092
   1.35315764223232   -2.32963148607461   -4.59860965137672
   1.35090614903794   -2.32575525667412   -4.59381387946917
   1.34582159180356   -2.31700155033847   -4.58164545844061
   1.34483081260666   -2.31529579903440   -4.57894600028359
   1.33877601048114   -2.30487169379098   -4.56402443444235
   1.33830926677326   -2.30406813565120   -4.56309409082612
   1.33165810271180   -2.29261731814627   -4.54937223896661
   1.33071785670073   -2.29099856609279   -4.54755166557552
   1.32349133831773   -2.27855720358313   -4.53587963095111
   1.32255790090209   -2.27695017338511   -4.53401906604055
   1.31586629480234   -2.26542972981234   -4.52317589761671
   1.31312287743471   -2.26070659092623   -4.51930422032037
   1.30852608284461   -2.25279262947939   -4.51170135927895
   1.30388084911132   -2.24479527394038   -4.50420683967791
   1.30105703146204   -2.23993371583261   -4.49960764123887
   1.29454763031011   -2.22872696104976   -4.48931564447185
   1.29367936606040   -2.22723213467388   -4.48814564142567
   1.28604439636887   -2.21408757173937   -4.47655969707355
   1.28476121202547   -2.21187840810941   -4.47446638906913
   1.27877101822916   -2.20156553425050   -4.46582275819075
   1.27532903206626   -2.19563972110837   -4.45976139979539
   1.27108998428185   -2.18834166589193   -4.45334925159856
   1.26562411316266   -2.17893147962784   -4.44466337119635
   1.26373452163060   -2.17567830956730   -4.44191773507677
   1.25664969587688   -2.16348088878342   -4.43004060035039
   1.25617442692879   -2.16266265336779   -4.42912791935359
   1.24880910282783   -2.14998231931414   -4.41865650371366
   1.24649558829233   -2.14599931235532   -4.41488975802767
   1.24133927245942   -2.13712206454502   -4.40656744447399
   1.23716350182031   -2.12993294891216   -4.39999886656283
   1.23376143448966   -2.12407586107267   -4.39475730398930
   1.22774257070058   -2.11371362820651   -4.38534147201855
   1.22640339168057   -2.11140806268102   -4.38331825036707
   1.21886049528604   -2.09842201553582   -4.37143269548467
   1.21804412120568   -2.09701652462873   -4.37026985269454
   1.21147646409594   -2.08570947486966   -4.36006297864993
   1.20823935623874   -2.08013638556167   -4.35533728932788
   1.20402587373073   -2.07288234419182   -4.34888888174568
   1.19891383447043   -2.06408132408363   -4.34047249072843
   1.19643804064242   -2.05981893286271   -4.33617701123902
   1.18947164172804   -2.04782539881392   -4.32585479276450
   1.18900342303043   -2.04701930129337   -4.32493723608444
   1.18163156662740   -2.03432772105812   -4.31354936380258
   1.18016392746675   -2.03180099520437   -4.31092963573652
   1.17416561106155   -2.02147413725014   -4.30146223144579
   1.17045946649458   -2.01509354211053   -4.29581747710359
   1.16681464200285   -2.00881851721162   -4.29001108394270
   1.16113106237885   -1.99903351830800   -4.28093586492908
   1.15923693235580   -1.99577253466301   -4.27821580944521
   1.15203895642780   -1.98338031158823   -4.26656633624218
   1.15157248286128   -1.98257721853087   -4.26563663622090
   1.14432326639818   -1.97009677841457   -4.25495560248108
   1.14201042123747   -1.96611492386883   -4.25119036644383
   1.13674496984950   -1.95704978544079   -4.24314674777134
   1.13258915594102   -1.94989502783583   -4.23653637211427
   1.12928129655257   -1.94420013084650   -4.23106589618008
   1.12326413173212   -1.93384082296905   -4.22165386492862
   1.12192744353466   -1.93153954570861   -4.21963094471935
   1.11435402835820   -1.91850095663254   -4.20784028730563
   1.11347739465598   -1.91699172118894   -4.20676141253938
   1.10690306327935   -1.90567318083792   -4.19663252768940
   1.10413379105697   -1.90090552955960   -4.19191821872649
   1.09943789507068   -1.89282095256460   -4.18456121966396
   1.09444207835910   -1.88422002422727   -4.17680308876765
   1.09208253308176   -1.88015776954285   -4.17314045585213
   1.08538627686074   -1.86862932020004   -4.16242986880538
   1.08453578336567   -1.86716508841878   -4.16127384650867
   1.07705209169390   -1.85428096966830   -4.14924464174790
   1.07569871974715   -1.85195096922998   -4.14727175839555
   1.06959143031521   -1.84143650047101   -4.13808780978539
   1.06590662430945   -1.83509264235487   -4.13239640260636
   1.06224324783950   -1.82878567788644   -4.12665031238558
   1.05658313388240   -1.81904107808691   -4.11751838417887
   1.05477950813671   -1.81593590896610   -4.11457029271376
   1.04759880974939   -1.80357343135595   -4.10303460556692
   1.04709667623118   -1.80270894519578   -4.10221224199603
   1.03975323893736   -1.79006629204011   -4.09158456298730
   1.03745478978418   -1.78610922203637   -4.08778999613159
   1.03229070945697   -1.77721860667020   -4.07951548715295
   1.02813599656913   -1.77006574461109   -4.07290763908427
   1.02482977620615   -1.76437366941076   -4.06743913568366
   1.01881418828587   -1.75401707636576   -4.05803071392501
   1.01747994314206   -1.75172000513019   -4.05600810366757
   1.01002050404698   -1.73887764024822   -4.04485369317625
   1.00903209237056   -1.73717596492916   -4.04314356677049
   1.00245009034593   -1.72584421859050   -4.03305643310781
   0.99961515245441   -1.72096351558369   -4.02850581165429
   0.99510751154559   -1.71320304343960   -4.02160717507828
   0.98999824880298   -1.70440680345666   -4.01319719695094
   0.98764275826502   -1.70035152951731   -4.00953536304279
   0.98056604641227   -1.68816807783695   -3.99860548774608
   0.98008255750251   -1.68733569072093   -3.99766050810391
   0.97272029535316   -1.67466062820304   -3.98631273004272
   0.97081981775826   -1.67138871641281   -3.98363154105262
   0.96515443041223   -1.66163503780938   -3.97544497880979
   0.96093100068280   -1.65436387104370   -3.96901385372112
   0.95769579118632   -1.64879405000304   -3.96431938295167
   0.95034557508473   -1.63613972627512   -3.95471220893495
   0.94984356505209   -1.63527545271093   -3.95389012899175
   0.94288635092446   -1.62329773143053   -3.94449334636069
   0.93866255220967   -1.61602592941004   -3.93900679416226
   0.93532175586016   -1.61027432728959   -3.93457726687705
   0.92797204819302   -1.59762087889567   -3.92497075084576
   0.92747006412793   -1.59675665003790   -3.92414872905541
   0.92040575366984   -1.58459454892201   -3.91501317522293
   0.91672221938261   -1.57825288022965   -3.90932468658072
   0.91305567877531   -1.57194046829984   -3.90453172287252
   0.90584441859535   -1.55952537471046   -3.89473062094342
   0.90537824668337   -1.55872280098943   -3.89380165860309
   0.89803358601259   -1.54607804163607   -3.88438775023968
   0.89437065393437   -1.53977184224403   -3.87955426300638
   0.89068554612807   -1.53342746454021   -3.87478478815003
   0.88361965124624   -1.52126263563909   -3.86478042795898
   0.88313280236181   -1.52042446390304   -3.86403490265542
   0.87577167654732   -1.50775135772888   -3.85526857936588
   0.87199937406870   -1.50125686340323   -3.84981841361741
   0.86820892503728   -1.49473112749903   -3.84446329590505
   0.86114421987473   -1.48256834684965   -3.83536701975215
   0.86064231108209   -1.48170424758288   -3.83454516909989
   0.85340120193301   -1.46923776522980   -3.82553449787224
   0.85001844729466   -1.46341392662505   -3.82030319057716
   0.84583565704113   -1.45621272584094   -3.81470255537235
   0.83887921461739   -1.44423633314609   -3.80531292098375
   0.83837590975228   -1.44336983036455   -3.80436504180514
   0.83091920749328   -1.43053217729096   -3.79515357911072
   0.82770714332892   -1.42500220385767   -3.79038008131290
   0.82357562003911   -1.41788926561532   -3.78466485384810
   0.81652016680443   -1.40574241332623   -3.77558262436976
   0.81600490766779   -1.40485532975907   -3.77463434106332
   0.80855002819151   -1.39202081483575   -3.76542385291492
   0.80571627813431   -1.38714215683546   -3.76087597940648
   0.80120799456718   -1.37938057827408   -3.75493552826422
   0.79455334225257   -1.36792375530153   -3.74606293726257
   0.79363483912510   -1.36634243636349   -3.74490570897981
   0.78629488661742   -1.35370578270652   -3.73541064049768
   0.78344301007533   -1.34879591767713   -3.73091512890305
   0.77884128373904   -1.34087346560743   -3.72520827895633
   0.77218690596229   -1.32941711528643   -3.71633630894307
   0.77126568587362   -1.32783111875714   -3.71517912056858
   0.76382194268389   -1.31501577635517   -3.70508828142680
   0.76102619785851   -1.31020254915313   -3.70137270955677
   0.75636145537393   -1.30217160683913   -3.69484310040123
   0.75036321256297   -1.29184487558669   -3.68632280265194
   0.74902292284649   -1.28953739785717   -3.68434552927841
   0.74144966416796   -1.27649907821204   -3.67533017375936
   0.73909193929584   -1.27243995758472   -3.67168960386931
   0.73399563757986   -1.26366603164325   -3.66512021105004
   0.72838210202981   -1.25400162244401   -3.65682211745159
   0.72665882968002   -1.25103479182514   -3.65462279310071
   0.71908428927176   -1.23799426552066   -3.64560861772816
   0.71672666004538   -1.23393530955956   -3.64196827768074
   0.71163068111451   -1.22516193933334   -3.63539931550574
   0.70563290483756   -1.21483601127802   -3.62688012184770
   0.70429558951081   -1.21253365433542   -3.62490205755347
   0.69671976387931   -1.19949091535711   -3.61588903798692
   0.69436222831568   -1.19543212064823   -3.61224892497348
   0.68938092753695   -1.18685618331945   -3.60538675818041
   0.68328843371691   -1.17636718707178   -3.59713588264240
   0.68193318413552   -1.17403395404869   -3.59518329846273
   0.67424427761815   -1.16079653206821   -3.58554024746792
   0.67199862589600   -1.15693035949865   -3.58253152121270
   0.66701539504143   -1.14835109930098   -3.57566413855793
   0.66099034103809   -1.13797820920051   -3.56721910286113
   0.65956692120232   -1.13552761248968   -3.56545980558199
   0.65211302022186   -1.12269478217028   -3.55617331513216
   0.64969211157729   -1.11852688271253   -3.55275117780940
   0.64466422195763   -1.10987073682020   -3.54689355873322
   0.63721086772316   -1.09703884779297   -3.53853559044498
   0.63628466223901   -1.09544426827680   -3.53761225790099
   0.62976287398175   -1.08421618753037   -3.53111076094777
   0.62240298005041   -1.07154520219837   -3.52332274736399
   0.62189029438907   -1.07066254919341   -3.52256681207541
   0.61485623010262   -1.05855252067540   -3.51532276780818
   0.60877013346294   -1.04807453798027   -3.50795326205740
   0.60748434355442   -1.04586088854145   -3.50667691741479
   0.59983436136502   -1.03269047969911   -3.49893328755406
   0.59479018336645   -1.02400629130887   -3.49310295683740
   0.59248042408460   -1.02002974949267   -3.49023426136680
   0.58492422156567   -1.00702079417670   -3.48313837885367
   0.58080851661453   -0.99993508919871   -3.47825559833892
   0.57749784226892   -0.99423534590572   -3.47483490161949
   0.57013805733105   -0.98156454821971   -3.46796275379503
   0.56642963868775   -0.97518003797099   -3.46319793288167
   0.56267709661410   -0.96871956367388   -3.45867247716608
   0.55523268109094   -0.95590306376513   -3.45124957637593
   0.55288084686415   -0.95185408462644   -3.44850849637584
   0.54777325925076   -0.94306072858967   -3.44288900523890
   0.54021260228470   -0.93004410438135   -3.43486985329939
   0.53930155572177   -0.92847562285928   -3.43387314171654
   0.53286917048346   -0.91740146068184   -3.42710558357933
   0.52574868530107   -0.90514264769561   -3.41930984799091
   0.52518751810434   -0.90417652761496   -3.41845247467227
   0.51796506048093   -0.89174215621489   -3.41132248998802
   0.51135633586408   -0.88036440356458   -3.40426904706766
   0.51035269323718   -0.87863650624396   -3.40314409879736
   0.50306103783438   -0.86608300214228   -3.39553984704926
   0.49745240004486   -0.85642702505531   -3.38908853255066
   0.49561360666993   -0.85326131042686   -3.38718683187019
   0.48816143901550   -0.84043146424677   -3.37975953892387
   0.48347522156686   -0.83236355007458   -3.37424154393848
   0.48070946776188   -0.82760195619541   -3.37140467010980
   0.47314033748312   -0.81457074411099   -3.36338360183101
   0.46949643819034   -0.80829731205872   -3.35939745638916
   0.46580558241613   -0.80194303850344   -3.35562312705357
   0.45823071949937   -0.78890195695992   -3.34759269021568
   0.45551467173152   -0.78422593829056   -3.34455768684210
   0.45080889312366   -0.77612434711654   -3.33928547195102
   0.44333872224962   -0.76326350612405   -3.33183311185712
   0.44191287891630   -0.76080873705662   -3.33007673159623
   0.43598961131088   -0.75061108507332   -3.32405857383139
   0.42853683869173   -0.73778019737018   -3.31570437276808
   0.42803477302888   -0.73691582803156   -3.31496563393101
   0.42109540050242   -0.72496882331704   -3.30828215987690
   0.41364383532210   -0.71214001437209   -3.30085634989176
   0.41271239410140   -0.71053642087533   -3.29992813399695
   0.40629299049329   -0.69948460821099   -3.29579499678649
   0.39886897132499   -0.68670322319870   -3.29433675315520
   0.39141421874351   -0.67386892674078   -3.29384415804264
   0.38392915979703   -0.66098245405451   -3.29335224063501
   0.37647712678790   -0.64815283968326   -3.29334846411191
   0.36902511311657   -0.63532325860449   -3.29334476161164
   0.36157311833430   -0.62249371004561   -3.29334113313430
   0.35415389746626   -0.60972058591219   -3.29289782178715
   0.34664978406895   -0.59680130858644   -3.29331638421797
   0.33921724283413   -0.58400525176219   -3.29333069184078
   0.33178350714475   -0.57120713853380   -3.29242189675658
   0.32430903545846   -0.55833889315078   -3.29284054290537
   0.31687952901325   -0.54554806109946   -3.29241546792786
   0.30940988783588   -0.53268813204658   -3.29238990524865
   0.30195803019637   -0.51985881959624   -3.29238686971434
   0.29450618740666   -0.50702953271172   -3.29238390818528
   0.28708627376263   -0.49425521587708   -3.29194136224849
   0.27958396329740   -0.48133904252623   -3.29236019712906
   0.27215074364882   -0.46854181772714   -3.29237546763059
   0.26473059102315   -0.45576708945549   -3.29193315511872
   0.25722887255840   -0.44285193530809   -3.29235212307836
   0.24981261578515   -0.43008391423756   -3.29146232772368
   0.24234392741355   -0.41722562555994   -3.29143735545902
   0.23489191700368   -0.40439605009618   -3.29189892094001
   0.22744046229534   -0.39156743134265   -3.29143269165862
   0.21998874550341   -0.37873836137920   -3.29143047073990
   0.21253703862460   -0.36590930848242   -3.29142832380896
   0.20511623198284   -0.35313345423960   -3.29098665755897
   0.19766472454950   -0.34030474471335   -3.29005680985029
   0.19018223389590   -0.32742269366707   -3.29003048301506
   0.18269836647556   -0.31453827234328   -3.29093994982851
   0.17527861915588   -0.30176424185698   -3.29095474542478
   0.16782696117838   -0.28893527314998   -3.29095304303492
   0.16037530997236   -0.27610631610094   -3.29095141462437
   0.15292397420403   -0.26327790211763   -3.29048592448480
   0.14547233852681   -0.25044897180337   -3.29048444381560
   0.13802070827482   -0.23762005082933   -3.29048303711662
   0.13056876388800   -0.22479058903258   -3.29094564077703
   0.12314733213450   -0.21201365858107   -3.29004086671952
   0.11566581826350   -0.19913328918920   -3.29001531237250
   0.10821420406904   -0.18630439586022   -3.29001420209461
   0.10076259305572   -0.17347550800797   -3.29001316577824
   0.09331098477477   -0.16064662485985   -3.29001220342348
   0.08585971788213   -0.14781832945473   -3.28954737746642
   0.07845160535502   -0.13506432973076   -3.28957270717878
   0.07095648333151   -0.12216053218863   -3.28908187701888
   0.06350488366652   -0.10933166387396   -3.28908121067540
   0.05605328448985   -0.09650279640000   -3.28908061827549
   0.04860168535276   -0.08367392899418   -3.28908009981923
   0.04115008580649   -0.07084506088390   -3.28907965530672
   0.03369848540229   -0.05801619129660   -3.28907928473805
   0.02624688369143   -0.04518731945970   -3.28907898811332
   0.01882422202698   -0.03240827156144   -3.28817522139166
   0.01134363098372   -0.01952949093388   -3.28861467581673
   0.00389239725718   -0.00670125262840   -3.28815066047699
  -0.00355921199707    0.00612763219540   -3.28815065962618
  -0.01101082480203    0.01895652313217   -3.28815073270127
  -0.01846244160642    0.03178542095448   -3.28815087970233
  -0.02591406285900    0.04461432643491   -3.28815110062946
  -0.03332324666545    0.05737017050135   -3.28771352198230
  -0.04081737221018    0.07027225247961   -3.28768782650323
  -0.04826861160352    0.08310050054121   -3.28722432600919
  -0.05572065535620    0.09593013340883   -3.28768878652494
  -0.06317230674320    0.10875909076945   -3.28768937741170
  -0.07063780452386    0.12161188644251   -3.28767103010645
  -0.07799364473913    0.13427589279121   -3.28682480537419
  -0.08555552876684    0.14729462954086   -3.28721043390896
  -0.09293686683233    0.16000253365346   -3.28679057579952
  -0.10043031841432    0.17290345531990   -3.28676555877256
  -0.10791031929022    0.18578121989995   -3.28721329805390
  -0.11529223706204    0.19849012205009   -3.28679362318980
  -0.12278544475605    0.21139062383262   -3.28676888286274
  -0.13023673873004    0.22421896586169   -3.28630618990848
  -0.13768847622436    0.23704807146693   -3.28630751906591
  -0.14514022534726    0.24987719709223   -3.28630892211387
  -0.15259198654748    0.26270634351017   -3.28631039905247
  -0.16004376027376    0.27553551149328   -3.28631194988180
  -0.16737703995917    0.28816067704541   -3.28528680062437
  -0.17499176395883    0.30127038446880   -3.28629096228204
  -0.18229353144398    0.31384129779515   -3.28527880042101
  -0.18985067716114    0.32685187694579   -3.28492707594734
  -0.19730251925370    0.33968116263008   -3.28492899590891
  -0.20482874468536    0.35263850861083   -3.28579781514513
  -0.21215693300020    0.36525490872662   -3.28496609798579
  -0.21965813864054    0.37816917998213   -3.28493519897489
  -0.22711004430166    0.39099857510772   -3.28493741439094
  -0.23456196697676    0.40382799952500   -3.28493970367083
  -0.24201390711456    0.41665745400654   -3.28494206681467
  -0.24940635714118    0.42938448876122   -3.28434041718868
  -0.25695888541271    0.44238711839704   -3.28493150515957
  -0.26494363591070    0.45613387308992   -3.28581474399054
  -0.27234812895348    0.46888164141528   -3.29035402018199
  -0.27969664033757    0.48153303025711   -3.29664007494883
  -0.28023779995821    0.48246470477298   -3.29726988967859
  -0.28725573953263    0.49454697256623   -3.30521510817224
  -0.29436988672237    0.50679487389904   -3.31150981696952
  -0.29491637590066    0.50773572392036   -3.31211851931009
  -0.30221063140886    0.52029370443130   -3.32018336876011
  -0.30912127747554    0.53219125292350   -3.32699234363272
  -0.30966439920440    0.53312630545606   -3.32761450624141
  -0.31696630825584    0.54569746250663   -3.33564969325520
  -0.32348854766922    0.55692631997520   -3.34215182433134
  -0.32442030288784    0.55853045405897   -3.34308071050105
  -0.33206431406479    0.57169058305055   -3.35094915971604
  -0.33791091297510    0.58175624020889   -3.35726328823132
  -0.33927170585610    0.58409901672115   -3.35875459552019
  -0.34674933453518    0.59697269726530   -3.36622799044146
  -0.35204111972081    0.60608317264616   -3.37104434536562
  -0.35461875509032    0.61052089692087   -3.37366536380602
  -0.36184326321890    0.62295879852408   -3.38149333825581
  -0.36650218481306    0.63097971944134   -3.38613851341256
  -0.36955983140252    0.63624384355059   -3.38961725269296
  -0.37660081528935    0.64836578503306   -3.39695868127943
  -0.38086854702011    0.65571322327957   -3.40130779999994
  -0.38420669656071    0.66146026858479   -3.40471914252898
  -0.39147806807821    0.67397885142054   -3.41267591619780
  -0.39486996807156    0.67981843490698   -3.41580041440029
  -0.39922281211350    0.68731240472806   -3.42024991807658
  -0.40659063359746    0.69999703834140   -3.42800604891624
  -0.40935416567895    0.70475480724348   -3.43091246263921
  -0.41402584007885    0.71279768372368   -3.43630802500194
  -0.42132978830982    0.72537235147890   -3.44341092876777
  -0.42373369680607    0.72951098303796   -3.44590365507455
  -0.42893547897925    0.73846650688537   -3.45117491380032
  -0.43641252425557    0.75133918302812   -3.45867775873561
  -0.43825157948911    0.75450534847918   -3.46062718226665
  -0.44384577993971    0.76413646986695   -3.46697092133360
  -0.45116890456593    0.77674415220435   -3.47413049997776
  -0.45262283613221    0.77924727870616   -3.47578483085824
  -0.45857598493585    0.78949637493960   -3.48235808214295
  -0.46623633109097    0.80268462665561   -3.48935541795197
  -0.46715356801129    0.80426376565840   -3.49033808865961
  -0.47366690471194    0.81547729598456   -3.49763632101689
  -0.48097227860081    0.82805441818959   -3.50473691814728
  -0.48151204519114    0.82898369442817   -3.50537333960165
  -0.48857772529221    0.84114815355713   -3.51250568847192
  -0.49568830153989    0.85338990706296   -3.51971349956606
  -0.49622927661960    0.85432126386835   -3.52037484476530
  -0.50352149514882    0.86687573746316   -3.52841781672463
  -0.50990582095609    0.87786715927077   -3.53541537472708
  -0.51079576519027    0.87939931047334   -3.53633225083799
  -0.51843322837028    0.89254816626263   -3.54514585263134
  -0.52261700799762    0.89975107037848   -3.54982865684692
  -0.52619928161167    0.90591840605510   -3.55398338396595
  -0.53336122414046    0.91824859309008   -3.56380072100009
  -0.53425984280158    0.91979567841227   -3.56484060418152
  -0.54082622013033    0.93110052486702   -3.57313985591781
  -0.54597385552290    0.93996282820484   -3.57957743440083
  -0.54847299794849    0.94426541698028   -3.58290656611429
  -0.55574293055748    0.95678152255359   -3.59267667944425
  -0.55715665221558    0.95921542262885   -3.59448672052010
  -0.56319644043677    0.96961367954303   -3.60287867049218
  -0.56834422265990    0.97847623566818   -3.60931684870221
  -0.57084259878799    0.98277750516582   -3.61264727449094
  -0.57812101112421    0.99530820965871   -3.62154300966650
  -0.58004362238416    0.99861822734392   -3.62415737687047
  -0.58556715317292    1.00812768199887   -3.63169067707715
  -0.59160480537894    1.01852226149361   -3.63919361542533
  -0.59304866409928    1.02100804632116   -3.64120813770606
  -0.60049217760002    1.03382299328457   -3.65128510917876
  -0.60276546447406    1.03773674325232   -3.65424355369024
  -0.60777735591731    1.04636534626692   -3.66101769230594
  -0.61397709996872    1.05703898730990   -3.66893665548490
  -0.61538889930756    1.05946957787018   -3.67068283962944
  -0.62269164595638    1.07204217695026   -3.68052156363451
  -0.62553428731432    1.07693614244577   -3.68409121172905
  -0.63031165527741    1.08516098372073   -3.69024925228990
  -0.63690476125200    1.09651184690923   -3.69851889862829
  -0.63777895772551    1.09801688635632   -3.69962123645732
  -0.64523173711197    1.11084778571024   -3.70980322811055
  -0.64805281951641    1.11570463474916   -3.71344634481653
  -0.65285809023849    1.12397751414170   -3.71944725215475
  -0.65982101648299    1.13596506955145   -3.72816985230523
  -0.66033948611694    1.13685768039452   -3.72895396506124
  -0.66761039665149    1.14937546959000   -3.73866563904149
  -0.67128289293462    1.15569813496663   -3.74348244552099
  -0.67505985546292    1.16220065215534   -3.74881575644040
  -0.68234595458255    1.17474459041501   -3.75759408920552
  -0.68287598507485    1.17565710473330   -3.75829572380296
  -0.68997632629021    1.18788123734055   -3.76741079615235
  -0.69387785521783    1.19459821129093   -3.77244214533542
  -0.69776919956199    1.20129765119680   -3.77790128268822
  -0.70472535895672    1.21327355662152   -3.78733641358797
  -0.70525321808503    1.21418233266294   -3.78804596100290
  -0.71235271520422    1.22640501205223   -3.79716288079882
  -0.71697294711061    1.23435932379400   -3.80287358255157
  -0.71993546095218    1.23945966488352   -3.80712160962197
  -0.72713211154650    1.25184960622925   -3.81627090479547
  -0.72853085552373    1.25425772033852   -3.81813003526951
  -0.73471357108263    1.26490204468472   -3.82680021489916
  -0.73943597870575    1.27303226480507   -3.83216630391575
  -0.74227682107707    1.27792313311831   -3.83616859328163
  -0.74949840131211    1.29035599398366   -3.84594684979687
  -0.75091784029312    1.29279973715113   -3.84773790611290
  -0.75694935664756    1.30318375300379   -3.85613194889333
  -0.76219118805880    1.31220822666391   -3.86224159283251
  -0.76457424325260    1.31631095663362   -3.86512047012686
  -0.77187575001099    1.32888142108599   -3.87474896371512
  -0.77382948235886    1.33224501764777   -3.87723696710509
  -0.77948694778290    1.34198505766372   -3.88457367860794
  -0.78516593306683    1.35176214683167   -3.89174668974841
  -0.78713755857429    1.35515654872363   -3.89455286630382
  -0.79441314243510    1.36768238363949   -3.90418046093936
  -0.79668882201680    1.37160025295514   -3.90713604045938
  -0.80187546596227    1.38052971443495   -3.91444803683605
  -0.80742859115533    1.39009011958814   -3.92200978266396
  -0.80950762007986    1.39366943000392   -3.92505351108462
  -0.81679341229004    1.40621283988027   -3.93611875393528
  -0.81728471484951    1.40705867917940   -3.93699075543965
  -0.82426024271214    1.41906792986357   -3.94803617523973
  -0.82698649733314    1.42376152091750   -3.95194565558358
  -0.83172114178591    1.43191280828292   -3.95919655137093
  -0.83647175434705    1.44009158676014   -3.96640539683313
  -0.83932271974070    1.44499988313262   -3.97101635955476
  -0.84614678881489    1.45674837841670   -3.98167079762318
  -0.84664176286577    1.45760053865119   -3.98252977896760
  -0.85397714210792    1.47022931885497   -3.99388399105486
  -0.85586471766415    1.47347901815895   -3.99661139722942
  -0.86156725766515    1.48329665974210   -4.00567100963875
  -0.86532082399053    1.48975889741770   -4.01119020666638
  -0.86902494923165    1.49613601603327   -4.01696337895973
  -0.87502357178677    1.50646340106317   -4.02642117406979
  -0.87648935668398    1.50898693456864   -4.02880638916400
  -0.88383294660868    1.52162985049762   -4.03950141468717
  -0.88482210249484    1.52333280706759   -4.04121259838120
  -0.89141375329041    1.53468116498191   -4.05139852155374
  -0.89421259555114    1.53949972480942   -4.05604818953416
  -0.89887721918505    1.54753046250701   -4.06337002897502
  -0.90397506816374    1.55630705225631   -4.07089800254130
  -0.90630414763077    1.56031685620717   -4.07460240039885
  -0.91368810551529    1.57302927066855   -4.08515393114834
  -0.91417382135003    1.57386549171670   -4.08603820366343
  -0.92114920849676    1.58587450014070   -4.09713931061520
  -0.92352213148682    1.58995978624422   -4.10074926779568
  -0.92861386968022    1.59872585550620   -4.10923631648048
  -0.93285694376379    1.60603084250426   -4.11562650023197
  -0.93619109744419    1.61177100843236   -4.12104775770379
  -0.94266574184151    1.62291792508003   -4.13049835496083
  -0.94365505138169    1.62462114618476   -4.13220990316357
  -0.95112087332000    1.63747449993608   -4.14340823591887
  -0.95248254300324    1.63981878597393   -4.14536520623254
  -0.95847178656350    1.65013002388169   -4.15485136658305
  -0.96180725534224    1.65587245391737   -4.16025291071075
  -0.96593628308276    1.66298109575701   -4.16692429170308
  -0.97153464730465    1.67261938560201   -4.17529681634219
  -0.97346602333412    1.67594449294301   -4.17795983964860
  -0.98086422615929    1.68868143186570   -4.18921425649908
  -0.98136247716819    1.68953923379659   -4.19005660679481
  -0.98844495331001    1.70173260942734   -4.20113476458622
  -0.99113993381591    1.70637235814910   -4.20510915649247
  -0.99590397904024    1.71457426264959   -4.21305501635137
  -1.00058945655645    1.72264090293478   -4.21951034717685
  -1.00349596879094    1.72764483019706   -4.22407048662621
  -1.01035064624642    1.73944602166862   -4.23466209711256
  -1.01084013882337    1.74028874485464   -4.23553573576110
  -1.01830563539551    1.75314153844708   -4.24760236278496
  -1.01966753055886    1.75548621267738   -4.24955984323357
  -1.02577119353660    1.76599443803823   -4.25877818753212
  -1.02947154586827    1.77236506111449   -4.26444306132612
  -1.03338703942819    1.77910607694001   -4.27054140910776
  -1.03923844920103    1.78918001660475   -4.27943995537093
  -1.04069574739064    1.79168893917309   -4.28188019741665
  -1.04816735551953    1.80455225458102   -4.29329452274905
  -1.04865058898969    1.80538420192556   -4.29418665082110
  -1.05552218486567    1.81721452059105   -4.30462415139563
  -1.05876046548444    1.82278962895595   -4.30935161227261
  -1.06310111579191    1.83026260572579   -4.31642421613197
  -1.06820605754210    1.83905140657548   -4.32394373261702
  -1.07053724772898    1.84306484439667   -4.32765010103473
  -1.07791772541715    1.85577126726125   -4.33820957693807
  -1.07840366237385    1.85660786899873   -4.33909437813090
  -1.08538679386451    1.86863021028722   -4.35027534502258
  -1.08772027431311    1.87264759108273   -4.35399791224320
  -1.09285642612919    1.88149012399578   -4.36230566585631
  -1.09710131251772    1.88879823110532   -4.36869993781643
  -1.10032308172930    1.89434491300100   -4.37349205905518
  -1.10653102750779    1.90503267435122   -4.38335815183247
  -1.10790294282722    1.90739459954355   -4.38529420922564
  -1.11525814938923    1.92005751497827   -4.39676062936997
  -1.11663009470882    1.92241949181965   -4.39869675340426
  -1.12283825783211    1.93310762735636   -4.40858876251248
  -1.12606171790079    1.93865722027571   -4.41335536867293
  -1.13030443686861    1.94596159589724   -4.41981421862530
  -1.13581940163729    1.95545630306862   -4.42840167724498
  -1.13774454869040    1.95877068644146   -4.43189228374216
  -1.14513069201218    1.97148686340860   -4.44233427153484
  -1.14562917882594    1.97234507130729   -4.44317715929484
  -1.15270791367402    1.98453200582916   -4.45426410927968
  -1.15503141607278    1.98853220815386   -4.45801292401730
  -1.16017811232053    1.99739289463546   -4.46619229746380
  -1.16485921553597    2.00545200401037   -4.47267048455418
  -1.16774093612331    2.01041324932637   -4.47736667971884
  -1.17415830218788    2.02146155410262   -4.48798109831014
  -1.17509211815297    2.02306923602125   -4.48984257610681
  -1.18163608832283    2.03433550572690   -4.50308706254319
  -1.18245065537618    2.03573788560916   -4.50498718731735
  -1.18818789442958    2.04561526598584   -4.51776963676963
  -1.19011854443913    2.04893912339201   -4.52245867979015
  -1.19389276720256    2.05543692373007   -4.53263903434059
  -1.19756187624434    2.06175375754365   -4.54110014996279
  -1.20027373011434    2.06642255588910   -4.54775288275413
  -1.20492462759667    2.07442966228616   -4.55894633013514
  -1.20634214338721    2.07687009443877   -4.56264388879884
  -1.21241598579784    2.08732697993359   -4.57657007958969
  -1.21285997996720    2.08809137187454   -4.57753897963732
  -1.21855201036129    2.09789091984436   -4.59226435507271
  -1.21993559740569    2.10027293938278   -4.59512202793771
  -1.22468607414869    2.10845148403193   -4.60709387445050
  -1.22746620341320    2.11323782707714   -4.61365495065557
  -1.23076466343312    2.11891654186848   -4.62198661901261
  -1.23491862898750    2.12606811729881   -4.63140888501511
  -1.23717943880398    2.12996038643888   -4.63710520253247
  -1.24232368578684    2.13881685620218   -4.64912846710041
  -1.24367513700881    2.14114354987063   -4.65200778985927
  -1.24944907429281    2.15108411087817   -4.66666844494666
  -1.24988762367599    2.15183912893324   -4.66764475219236
  -1.25549363068123    2.16149057679339   -4.68160820416504
  -1.25727875832764    2.16456389910408   -4.68545767351004
  -1.26158930094625    2.17198504169158   -4.69645806578170
  -1.26483068697246    2.17756549640691   -4.70397060486492
  -1.26799749724159    2.18301755955397   -4.71157974758695
  -1.27219730813555    2.19024806351654   -4.72182155630884
  -1.27439025996388    2.19402350657452   -4.72670368459028
  -1.27969226068130    2.20315156928132   -4.73945104754416
  -1.28058796003573    2.20469362864899   -4.74137897514276
  -1.28669661643642    2.21521045081702   -4.75626827550386
  -1.28722455851781    2.21611936967262   -4.75797022578474
  -1.29251558530230    2.22522853937031   -4.77074507243853
  -1.29476819769733    2.22910669561581   -4.77558352211570
  -1.29863869207712    2.23577023967929   -4.78561212274652
  -1.30223121497419    2.24195522078883   -4.79420384726443
  -1.30502408608352    2.24676350052638   -4.80073985570313
  -1.30952855669784    2.25451851460877   -4.81131321016557
  -1.31131929786290    2.25760150129957   -4.81607787079859
  -1.31706343779118    2.26749076240241   -4.82979692074654
  -1.31750761504437    2.26825546954527   -4.83076634579571
  -1.32363582432982    2.27880595446962   -4.84565888796376
  -1.32458987308020    2.28044846967906   -4.84828721459677
  -1.32987153873908    2.28954152301876   -4.86013217247614
  -1.33224301900555    2.29362432529171   -4.86581389856651
  -1.33590688779272    2.29993213734629   -4.87523791742965
  -1.33945813539296    2.30604605782841   -4.88389861366291
  -1.34214977775486    2.31068005951441   -4.89058511997450
  -1.34687031035164    2.31880705154053   -4.90166575551702
  -1.34833871079106    2.32133508803168   -4.90527606981624
  -1.35438378099953    2.33174243855291   -4.91926722270891
  -1.35485101176573    2.33254683522498   -4.92019885027074
  -1.36057766192781    2.34240598549021   -4.93486864124130
  -1.36197030671918    2.34480359908203   -4.93776936912338
  -1.36672367815564    2.35298712731094   -4.94974988740131
  -1.36950442041575    2.35777452570537   -4.95631524270485
  -1.37280489665068    2.36345671166505   -4.96465295539094
  -1.37687622546108    2.37046601752184   -4.97417634321940
  -1.37920045476782    2.37446747131026   -4.97978623701641
  -1.38432292623889    2.38328645178458   -4.99194608549676
  -1.38561264664774    2.38550686807527   -4.99490827560323
  -1.39150052664525    2.39564359582993   -5.00936775625904
  -1.39193933071429    2.39639905235883   -5.01034479438052
  -1.39754878407083    2.40605643354724   -5.02431850874000
  -1.39931739353226    2.40910131771988   -5.02822221935285
  -1.40352504449823    2.41634531935487   -5.03940078367163
  -1.40680357761905    2.42198972747705   -5.04681200288193
  -1.41004408471573    2.42756866900439   -5.05431873591760
  -1.41426263903635    2.43483144213909   -5.06456178485241
  -1.41613262997740    2.43805086731099   -5.06922020084372
  -1.42169880535353    2.44763373999968   -5.08229510972298
  -1.42263352722417    2.44924298154893   -5.08415907639013
  -1.42876658975932    2.45980182195453   -5.09903184332174
  -1.42919657854396    2.46054210185990   -5.10001947586333
  -1.43437757939074    2.46946184803384   -5.11393897912668
  -1.43661580929852    2.47331524301422   -5.11873558638281
  -1.44089479463741    2.48068205576598   -5.12886334948807
  -1.44420302590056    2.48637759298449   -5.13626305571794
  -1.44711350477384    2.49138834931557   -5.14354139650313
  -1.45170198555698    2.49928799749552   -5.15485687406304
  -1.45351362464180    2.50240696258995   -5.15868776606949
  -1.45902984367964    2.51190382914383   -5.17283461570795
  -1.45946877599128    2.51265950645854   -5.17381201865249
  -1.46565136113153    2.52330360627259   -5.18852848721927
  -1.46656904047015    2.52488350695426   -5.19044800262811
  -1.47143972331290    2.53326900155963   -5.20318180418904
  -1.47413708520223    2.53791285013321   -5.20893349514511
  -1.47796713108019    2.54450675700107   -5.21810049043563
  -1.48167400690271    2.55088861108931   -5.22752319169352
  -1.48393728128354    2.55478512328762   -5.23322686463298
  -1.48898843207032    2.56348131621188   -5.24454538365331
  -1.49045778685527    2.56601099572918   -5.24815849295921
  -1.49643718412308    2.57630528200308   -5.26231096222065
  -1.49687618912056    2.57706108445561   -5.26328857002375
  -1.50270303227144    2.58709272958332   -5.27795664245911
  -1.50406748348476    2.58944180437589   -5.28164842083568
  -1.50870891209738    2.59743260891992   -5.29289152464945
  -1.51150959814503    2.60225434305909   -5.29942956781151
  -1.51479406394568    2.60790896503758   -5.30780285101970
  -1.51893063649168    2.61503059621107   -5.31723634424345
  -1.52132078593937    2.61914553983331   -5.32273777678524
  -1.52651183233870    2.62808258069249   -5.33571639793915
  -1.52740846678823    2.62962624994426   -5.33764695582262
  -1.53350835838579    2.64012798239865   -5.35254769971543
  -1.53393743016507    2.64086668356369   -5.35352850515738
  -1.53968414066637    2.65076037023207   -5.36728374110472
  -1.54159806368729    2.65405543001839   -5.37189443554859
  -1.54579910834127    2.66128805805437   -5.38216472406896
  -1.54895830553120    2.66672701432574   -5.38980414581319
  -1.55187024218142    2.67174028040361   -5.39708676251272
  -1.55641843469851    2.67957056725406   -5.40756614963695
  -1.55828967728625    2.68279214729353   -5.41222823805739
  -1.56392122454711    2.69248756592381   -5.42618224589667
  -1.56436587673161    2.69325309072081   -5.42715300916532
  -1.57047604790293    2.70377252075744   -5.44204835169020
  -1.57135253298610    2.70528150033462   -5.44398697902533
  -1.57675743676299    2.71458672363223   -5.45656386148266
  -1.57910560228411    2.71862938663157   -5.46224141434490
  -1.58277371783257    2.72494451002115   -5.47167807811526
  -1.58632898620476    2.73106535276911   -5.48035053021131
  -1.58902370801527    2.73570465611415   -5.48704609308039
  -1.59376763342743    2.74387192182129   -5.49815154492413
  -1.59523773733494    2.74640289104752   -5.50176682884273
  -1.60121555204095    2.75669445274175   -5.51592568486462
  -1.60165476897037    2.75745062006184   -5.51690388868647
  -1.60750717983490    2.76752628323215   -5.53140409771600
  -1.60887600928849    2.76988289571735   -5.53430109355704
  -1.61396112789228    2.77863756852124   -5.54652655044736
  -1.61630225019366    2.78266810572979   -5.55212101353600
  -1.62004586125305    2.78911320415985   -5.56144846671604
  -1.62380000245940    2.79557643156552   -5.57075876426658
  -1.62612691995527    2.79958251341045   -5.57637645255106
  -1.63119268593193    2.80830386822677   -5.58864208006075
  -1.63220607520433    2.81004854562646   -5.59130897911559
  -1.63830243919130    2.82054420485445   -5.60621500570401
  -1.63873895391444    2.82129571998575   -5.60720044041403
  -1.64482838495857    2.83177944327853   -5.62119028467423
  -1.64628501954601    2.83428722337207   -5.62482889396387
  -1.65060344600640    2.84172193898719   -5.63585266169339
  -1.65372055154445    2.84708842917298   -5.64357035690817
  -1.65687195997580    2.85251397611445   -5.65122454719277
  -1.66122744635187    2.86001249504690   -5.66126928541614
  -1.66309967013635    2.86323576434028   -5.66593422632785
  -1.66874861658877    2.87296113787251   -5.67894343111550
  -1.66964584504230    2.87450582977706   -5.68087563120570
  -1.67572079633210    2.88496462434717   -5.69583292952327
  -1.67629671825019    2.88595614654091   -5.69750351160206
  -1.68193090143333    2.89565610324375   -5.71053748430569
  -1.68381023851529    2.89889161897557   -5.71521155592818
  -1.68791082721740    2.90595129942500   -5.72564308904733
  -1.69108764811178    2.91142059712559   -5.73327818804562
  -1.69398884939352    2.91641538091310   -5.74059074116680
  -1.69854401426590    2.92425767155224   -5.75104609622880
  -1.70040040853979    2.92745368834736   -5.75573703449575
  -1.70618241302600    2.93740813806061   -5.76948408166460
  -1.70662736644385    2.93817418146880   -5.77045567922121
  -1.71270472193490    2.94863711517447   -5.78542214148043
  -1.71371329418087    2.95037349945585   -5.78808357824532
  -1.71880110403609    2.95913280558838   -5.80031673014043
  -1.72114268882810    2.96316413903285   -5.80591427728866
  -1.72488831939279    2.96961271429591   -5.81524757275637
  -1.72853015284667    2.97588258974604   -5.82381838925081
  -1.73130085226471    2.98065269812163   -5.83041468003254
  -1.73597743106089    2.98870401813837   -5.84159631695732
  -1.73738235020652    2.99112276357858   -5.84532956399921
  -1.74350062564184    3.00165614612747   -5.85930223234833
  -1.74394014759510    3.00241283858457   -5.86028128406473
  -1.74972805060044    3.01237744334218   -5.87492059990926
  -1.75099745216088    3.01456287817355   -5.87794613794042
  -1.75564324656154    3.02256119897212   -5.89013652509390
  -1.75855608667893    3.02757602048264   -5.89655908619333
  -1.76199963112379    3.03350451640364   -5.90465839334241
  -1.76610305747127    3.04056908221734   -5.91418325688503
  -1.76843167371740    3.04457808867502   -5.91980579095750
  -1.77350435311847    3.05331134582310   -5.93208364214580
  -1.77485089274459    3.05562958356004   -5.93498385075620
  -1.78061035908488    3.06554523101350   -5.94966625572096
  -1.78105697960961    3.06631414455635   -5.95065838617151
  -1.78681084368130    3.07622014699808   -5.96442980815869
  -1.78857088740140    3.07925028416707   -5.96834157345894
  -1.79278689718322    3.08650867655743   -5.97954498969934
  -1.79604151964400    3.09211191946370   -5.98705525299032
  -1.79922284966581    3.09758898019565   -5.99477630316320
  -1.80355655242981    3.10504999589345   -6.00477146595910
  -1.80543018495893    3.10827569051834   -6.00944045755967
  -1.81095780915629    3.11779219249228   -6.02267570661850
  -1.81184980315686    3.11932787262611   -6.02462388022438
  -1.81761181559047    3.12924790350023   -6.03928878814599
  -1.81849219424994    3.13076358635990   -6.04128087523513
  -1.82404976640074    3.14033164751150   -6.05454663944480
  -1.82592531171593    3.14356063523876   -6.05911931560976
  -1.82978808260302    3.15021088233579   -6.06921005567583
  -1.83343305250390    3.15648615757487   -6.07778721630028
  -1.83619475977136    3.16124078482952   -6.08436216090952
  -1.84081742416187    3.16919928439941   -6.09747809321871
  -1.84158207732940    3.17051573123414   -6.09929815810319
  -1.84392071255149    3.17454198662211   -6.11414357977459
  -1.84513845593248    3.17663848538453   -6.12891449882838
  -1.84535390200478    3.17700940296126   -6.14371259421881
  -1.84537986780243    3.17705410635567   -6.15855975421736
  -1.84566415939345    3.17754355017285   -6.17347797691938
  -1.84586705330629    3.17789285762450   -6.18846423931339
  -1.84616854607146    3.17841191543168   -6.20331272005885
  -1.84636506426632    3.17875024628099   -6.21830123673655
  -1.84639100065816    3.17879489904958   -6.23314666052653
  -1.84686322561365    3.17960789384818   -6.24813979722751
  -1.84643689365104    3.17887390962297   -6.26291156008285
  -1.84536361201121    3.17702611996157   -6.27762486115081
  -1.84210806841395    3.17142129120270   -6.29197684516962
  -1.84082845027521    3.16921826724368   -6.29477145404110
  -1.83533073691683    3.15975326055019   -6.30664017935688
  -1.83346676946241    3.15654420556996   -6.31036163653933
  -1.82744050412875    3.14616923001162   -6.32151312141701
  -1.82603081062070    3.14374226490455   -6.32427911556597
  -1.82037131524438    3.13399873006982   -6.33631753148266
  -1.81855389447032    3.13086981106840   -6.33920183274111
  -1.81205943656660    3.11968878297138   -6.35128452279051
  -1.81112021964109    3.11807180261843   -6.35312991935875
  -1.80457312842008    3.10680015962975   -6.36618261983166
  -1.80372582846166    3.10534142592447   -6.36728196839757
  -1.79665912601582    3.09317520670007   -6.38093546594324
  -1.79618758969099    3.09236339746599   -6.38185329138161
  -1.78875310720137    3.07956399852683   -6.39500277587872
  -1.78828360037876    3.07875568333669   -6.39592575072323
  -1.78129830071614    3.06672960926681   -6.40895728005453
  -1.78035888247587    3.06511228232513   -6.41080232476175
  -1.77379753714599    3.05381609909087   -6.42374191805653
  -1.77283563143585    3.05216005713460   -6.42563618391613
  -1.76635683437726    3.04100599115698   -6.43782327371708
  -1.76495891771011    3.03859930136634   -6.44061503301248
  -1.75893439309613    3.02822732267639   -6.45175606717187
  -1.75703618825051    3.02495932371060   -6.45550275656398
  -1.75143523450320    3.01531657567108   -6.46654094413562
  -1.74911349335542    3.01131940556202   -6.47039089825753
  -1.74402838310648    3.00256474714207   -6.47966649681698
  -1.74119083192863    2.99767954503334   -6.48527945995004
  -1.73653111670749    2.98965725778721   -6.49444926551131
  -1.73369071158370    2.98476714225072   -6.50008149147852
  -1.72908088490310    2.97683074441701   -6.50840245509818
  -1.72576837536247    2.97112784160441   -6.51497142315200
  -1.72161791451278    2.96398229996509   -6.52250364583102
  -1.71747218474999    2.95684490348833   -6.52982243207274
  -1.71424864535859    2.95129517400492   -6.53454539215228
  -1.70689913671005    2.93864206824662   -6.54387785425999
  -1.70639864981531    2.93778041695637   -6.54469852246801
  -1.69950206378034    2.92590707458143   -6.55230745923848
  -1.69336949373303    2.91534908205572   -6.55962289176950
  -1.69195276297430    2.91291000143435   -6.56142384788915
  -1.68456977911936    2.90019926388771   -6.56876645969595
  -1.67980200662567    2.89199094242310   -6.57429493657325
  -1.67702088305264    2.88720288755043   -6.57714506588252
  -1.66959777427491    2.87442306989027   -6.58455385009902
  -1.66579754851904    2.86788050212230   -6.58915845503163
  -1.66213446708496    2.86157404559532   -6.59291861803770
  -1.65466995688915    2.84872295017409   -6.60035087027522
  -1.65176526559664    2.84372215789303   -6.60408890022543
  -1.64722524673844    2.83590594302688   -6.60894916400754
  -1.63974357307751    2.82302529853651   -6.61708137020159
  -1.63784205179563    2.81975158990755   -6.61898507651871
  -1.63224282774891    2.81011181976568   -6.62544739543267
  -1.62481611390777    2.79732579553436   -6.63287990885267
  -1.62388307646905    2.79571945394704   -6.63380904257587
  -1.61734924328048    2.78447063633275   -6.64109328624371
  -1.61029027817995    2.77231773792384   -6.64874337701210
  -1.60980791997687    2.77148729746191   -6.64962196268099
  -1.60249660099534    2.75889994003030   -6.65639948805173
  -1.59633229852500    2.74828731613756   -6.66368062565878
  -1.59492333832184    2.74586161350732   -6.66550757809899
  -1.58754337062938    2.73315606866465   -6.67285389412880
  -1.58233956729917    2.72419706514057   -6.67840285837450
  -1.57999494095037    2.72016049527261   -6.68114496682005
  -1.57257196475690    2.70738090587298   -6.68864719757261
  -1.56877188792706    2.70083859449994   -6.69325618045409
  -1.56510919547243    2.69453280765013   -6.69701451562691
  -1.55764525252087    2.68168268881139   -6.70444918981748
  -1.55476496493543    2.67672391058883   -6.70812481475548
  -1.55012072269465    2.66872826202919   -6.71297522866008
  -1.54276346756918    2.65606181973419   -6.72025946213287
  -1.53996159945446    2.65123805051753   -6.72296515007100
  -1.53525365354683    2.64313272806372   -6.72675432119850
  -1.52793234629432    2.63052817456429   -6.73149630152876
  -1.52047748858647    2.61769369711806   -6.73591275332354
  -1.51712465210130    2.61192136638605   -6.73784565505340
  -1.51294425116905    2.60472427911977   -6.74073090190663
  -1.50558192833072    2.59204911211814   -6.74457296013813
  -1.49811353948567    2.57919133911324   -6.74827603989090
  -1.49104335824693    2.56701913070829   -6.75270256068045
  -1.49055751673025    2.56618269328282   -6.75350611556423
  -1.48317933953778    2.55348023101164   -6.75754832478716
  -1.47572436010003    2.54064554399205   -6.76157403713509
  -1.46824417500547    2.52776746225635   -6.76588833558562
  -1.46538487979373    2.52284482505182   -6.76758215927717
  -1.46072292877914    2.51481868860536   -6.77039622803952
  -1.45332219269777    2.50207738836273   -6.77455085957827
  -1.44584244672811    2.48920006263592   -6.77886586037190
  -1.44017536505153    2.47944346702882   -6.78238705946789
  -1.43832187534034    2.47625245080459   -6.78339935890665
  -1.43087872337677    2.46343812627298   -6.78807899432769
  -1.42344121400897    2.45063351618144   -6.79184469241260
  -1.41593988246778    2.43771902817173   -6.79669992274230
  -1.41498771825571    2.43607975743260   -6.79752708729442
  -1.40821287535533    2.42441601121312   -6.80549133513156
  -1.40349932855912    2.41630104612344   -6.81200322136820
      
      
