# shadow point cont 2D ind 53  size 1092
# norm  0.9146072 -0.4043436  0.0000000
# angle  0.4162610
   2.87691960  -6.81394805
   2.88024492  -6.81079106
   2.89393058  -6.80109554
   2.89807441  -6.79851199
   2.90925074  -6.79485522
   2.92418671  -6.79038997
   2.93899268  -6.78652761
   2.94648558  -6.78395647
   2.95391986  -6.78119842
   2.96868034  -6.77697399
   2.98354980  -6.77327070
   2.99826080  -6.76932902
   2.99923392  -6.76852550
   3.01335912  -6.76417008
   3.02819528  -6.76056459
   3.04295224  -6.75646661
   3.05130843  -6.75374575
   3.05793084  -6.75129372
   3.07286677  -6.74682886
   3.08773710  -6.74312655
   3.10065348  -6.73919690
   3.10255771  -6.73840781
   3.11740574  -6.73368655
   3.13204293  -6.72948828
   3.14409681  -6.72394147
   3.14686410  -6.72296740
   3.16179009  -6.71493353
   3.17287256  -6.70914725
   3.17658795  -6.70728889
   3.19140470  -6.69902624
   3.20059755  -6.69417904
   3.20630650  -6.69055666
   3.22110605  -6.68309090
   3.22674967  -6.67952102
   3.23610846  -6.67406083
   3.25081436  -6.66632467
   3.25362942  -6.66451899
   3.26574696  -6.65802742
   3.28047223  -6.65052034
   3.28143014  -6.64963854
   3.29556537  -6.64141157
   3.30765063  -6.63510631
   3.31047754  -6.63331547
   3.32524205  -6.62477578
   3.33425956  -6.61989666
   3.34014679  -6.61632236
   3.35482987  -6.60884918
   3.36134315  -6.60503553
   3.36995338  -6.59984985
   3.38470834  -6.59228041
   3.38826924  -6.59026775
   3.39949141  -6.58368481
   3.41429087  -6.57625546
   3.41529194  -6.57545046
   3.42940061  -6.56733492
   3.44214530  -6.56054023
   3.44414467  -6.55889455
   3.45882312  -6.55017569
   3.46523213  -6.54564842
   3.47352847  -6.53907910
   3.48277252  -6.53078516
   3.48839929  -6.52521378
   3.49777899  -6.51605603
   3.50318617  -6.51124306
   3.51339182  -6.50100598
   3.51808685  -6.49636497
   3.52840502  -6.48628429
   3.53304501  -6.48163230
   3.54401137  -6.47122846
   3.54772255  -6.46750615
   3.55891163  -6.45630787
   3.56257884  -6.45346526
   3.57480955  -6.44163067
   3.57759357  -6.43883969
   3.59044135  -6.42655671
   3.59231126  -6.42471102
   3.60543608  -6.41186289
   3.60729210  -6.41000234
   3.62106412  -6.39678299
   3.62199966  -6.39586084
   3.63606283  -6.38209668
   3.63699085  -6.38116645
   3.65091115  -6.36721314
   3.65183918  -6.36628294
   3.66640619  -6.35297873
   3.66733397  -6.35204831
   3.68125080  -6.33809210
   3.68217859  -6.33716170
   3.69588339  -6.32340683
   3.69677046  -6.32245358
   3.70408962  -6.30796945
   3.70590103  -6.29311994
   3.70602666  -6.27826744
   3.70548261  -6.26340550
   3.70485003  -6.24842867
   3.70405533  -6.23356400
   3.70384387  -6.21865730
   3.70287442  -6.20367212
   3.70283713  -6.18882103
   3.70186798  -6.17383702
   3.70108737  -6.15902605
   3.70075037  -6.14414775
   3.69885113  -6.12922836
   3.69525813  -6.12006636
   3.69266570  -6.11440071
   3.68239733  -6.09979130
   3.68062182  -6.09792619
   3.67025801  -6.08498776
   3.66564044  -6.08018623
   3.65726922  -6.06995080
   3.65076845  -6.06243873
   3.64436647  -6.05481567
   3.63588279  -6.04468415
   3.63210138  -6.04005836
   3.62097521  -6.02689381
   3.61921600  -6.02494018
   3.60708078  -6.00999399
   3.60621472  -6.00902942
   3.59407469  -5.99506683
   3.59113460  -5.99144427
   3.58171936  -5.98031719
   3.57635152  -5.97449043
   3.56871979  -5.96540697
   3.56125218  -5.95691389
   3.55566359  -5.95046861
   3.54646283  -5.93901648
   3.54303265  -5.93505778
   3.53137738  -5.92152276
   3.53045295  -5.92058177
   3.51911349  -5.90571467
   3.51635810  -5.90286928
   3.50525878  -5.89070313
   3.50148585  -5.88598915
   3.49243385  -5.87554405
   3.48687801  -5.86896790
   3.47943183  -5.86061855
   3.47177241  -5.85140280
   3.46707881  -5.84591507
   3.45683815  -5.83365746
   3.45420043  -5.83072852
   3.44206670  -5.81676366
   3.44117036  -5.81579934
   3.42970234  -5.80108671
   3.42703034  -5.79819634
   3.41668120  -5.78616521
   3.41202553  -5.78050518
   3.40387625  -5.77099434
   3.39729408  -5.76361319
   3.39080333  -5.75604855
   3.38230975  -5.74592142
   3.37852839  -5.74137573
   3.36741906  -5.72814617
   3.36566096  -5.72619407
   3.35329020  -5.71149836
   3.35220401  -5.70961668
   3.34052489  -5.69634200
   3.33758989  -5.69272261
   3.32813939  -5.68164028
   3.32259395  -5.67503751
   3.31515742  -5.66672162
   3.30773042  -5.65821955
   3.30225823  -5.65152007
   3.29305008  -5.64029056
   3.29018408  -5.63661591
   3.27805073  -5.62265719
   3.27715475  -5.62169335
   3.26480062  -5.60700251
   3.26298782  -5.60504911
   3.25198322  -5.59183202
   3.24816161  -5.58727978
   3.23895487  -5.57691155
   3.23340565  -5.57034088
   3.22594380  -5.56199623
   3.21844705  -5.55265140
   3.21383124  -5.54707197
   3.20366753  -5.53483069
   3.20102217  -5.53191474
   3.18931136  -5.51744333
   3.18844345  -5.51652401
   3.17626035  -5.50251569
   3.17359277  -5.49962214
   3.16324608  -5.48759958
   3.15870707  -5.48183553
   3.15048591  -5.47245408
   3.14400169  -5.46492817
   3.13744627  -5.45753152
   3.12924299  -5.44708409
   3.12487205  -5.44214569
   3.11411605  -5.42958162
   3.11228707  -5.42768524
   3.10015503  -5.41275232
   3.09927736  -5.41178660
   3.08713561  -5.39784293
   3.08420559  -5.39422651
   3.07476090  -5.38315237
   3.06945565  -5.37730071
   3.06197713  -5.36799619
   3.05461265  -5.35954421
   3.04896746  -5.35309339
   3.03970107  -5.34183414
   3.03683687  -5.33816213
   3.02470378  -5.32421257
   3.02380832  -5.32324945
   3.01169870  -5.30833085
   3.00985553  -5.30647827
   2.99866073  -5.29341116
   2.99506240  -5.28958687
   2.98563264  -5.27850034
   2.98008983  -5.27193485
   2.97261214  -5.26359498
   2.96514460  -5.25425889
   2.95984140  -5.24843901
   2.95037229  -5.23645059
   2.94838690  -5.23375433
   2.93558903  -5.21957874
   2.93467194  -5.21862101
   2.92325502  -5.20393279
   2.92056251  -5.20105072
   2.91022523  -5.18902260
   2.90546779  -5.18352297
   2.89718710  -5.17410093
   2.89087685  -5.16648407
   2.88441199  -5.15896938
   2.87571890  -5.14901160
   2.87183193  -5.14452685
   2.86078185  -5.13132001
   2.85902173  -5.12935747
   2.84692550  -5.11446349
   2.84604072  -5.11349344
   2.83456970  -5.09979057
   2.83097233  -5.09594507
   2.82086641  -5.08464331
   2.81623810  -5.07903215
   2.80876638  -5.06973446
   2.80154841  -5.06116744
   2.79600147  -5.05460208
   2.78656296  -5.04353676
   2.78363929  -5.03993374
   2.77150567  -5.02598002
   2.77061218  -5.02500888
   2.75825880  -5.01034652
   2.75646896  -5.00839813
   2.74522722  -4.99543874
   2.74150694  -4.99074163
   2.73245848  -4.98029783
   2.72692118  -4.97373890
   2.72012396  -4.96563683
   2.71198874  -4.95607577
   2.70733314  -4.95049201
   2.69699912  -4.93846892
   2.69433351  -4.93556377
   2.68287214  -4.92091438
   2.68197112  -4.91999489
   2.66984204  -4.90600851
   2.66725719  -4.90303597
   2.65708729  -4.89088213
   2.65233247  -4.88538624
   2.64406625  -4.87597639
   2.63761664  -4.86847271
   2.63105050  -4.86106875
   2.62290043  -4.85065800
   2.61916812  -4.84595265
   2.60797653  -4.83296970
   2.60614382  -4.83105187
   2.59383062  -4.81637394
   2.59294631  -4.81540455
   2.58106185  -4.80124736
   2.57835835  -4.79837654
   2.56871432  -4.78657602
   2.56340872  -4.78076008
   2.55568958  -4.77167863
   2.54832523  -4.76323267
   2.54267341  -4.75677777
   2.53344175  -4.74554819
   2.52986240  -4.74165964
   2.51844710  -4.72794854
   2.51756933  -4.72698069
   2.50546162  -4.71209037
   2.50367841  -4.71016257
   2.49244987  -4.69719095
   2.48872936  -4.69253634
   2.47966479  -4.68207057
   2.47374661  -4.67493174
   2.46732828  -4.66740414
   2.45904733  -4.65801797
   2.45431791  -4.65250636
   2.44421063  -4.64030569
   2.44150134  -4.63739109
   2.42986156  -4.62295118
   2.42898359  -4.62196929
   2.41644218  -4.60759871
   2.41441709  -4.60495044
   2.40410021  -4.59293355
   2.39947596  -4.58732836
   2.39107695  -4.57804222
   2.38463064  -4.57054333
   2.37808041  -4.56314647
   2.36993463  -4.55274218
   2.36618317  -4.54804626
   2.35500322  -4.53506244
   2.35315587  -4.53314538
   2.34106683  -4.51825552
   2.34013721  -4.51732474
   2.32781747  -4.50359697
   2.32502868  -4.50080472
   2.31218373  -4.48848816
   2.31025887  -4.48670310
   2.29529046  -4.47469831
   2.29435775  -4.47381014
   2.28036419  -4.46266709
   2.27572870  -4.45893612
   2.26546045  -4.45061509
   2.25729789  -4.44382729
   2.25062475  -4.43846537
   2.23947246  -4.42915769
   2.23575551  -4.42636507
   2.22094444  -4.41512444
   2.21993774  -4.41427976
   2.20597806  -4.40315548
   2.20213247  -4.39959154
   2.19111844  -4.39104468
   2.18280572  -4.38447036
   2.17623867  -4.37896237
   2.16423194  -4.36957431
   2.16134530  -4.36689751
   2.14677229  -4.35533325
   2.14578708  -4.35447704
   2.13203612  -4.34314451
   2.12738495  -4.33929045
   2.11685179  -4.33136822
   2.10862067  -4.32469808
   2.10194894  -4.31933778
   2.09003819  -4.30980942
   2.08708281  -4.30724107
   2.07244127  -4.29577741
   2.07145617  -4.29492132
   2.05770965  -4.28358983
   2.05305419  -4.27973749
   2.04252211  -4.27181646
   2.03414749  -4.26535803
   2.02758181  -4.25985164
   2.01578641  -4.25023404
   2.01291247  -4.24754192
   1.99811777  -4.23623029
   1.99713277  -4.23537433
   1.98303066  -4.22443281
   1.97842407  -4.22069320
   1.96832825  -4.21217929
   1.95997384  -4.20560406
   1.95330346  -4.20024534
   1.94139505  -4.19071973
   1.93844030  -4.18815212
   1.92380161  -4.17669178
   1.92281672  -4.17583593
   1.90871597  -4.16489601
   1.90411284  -4.16115634
   1.89401801  -4.15264362
   1.88642208  -4.14629321
   1.87899167  -4.14071196
   1.86789083  -4.13139072
   1.86429095  -4.12846886
   1.84972653  -4.11690275
   1.84872828  -4.11605919
   1.83479806  -4.10489613
   1.83017892  -4.10109589
   1.81977058  -4.09298037
   1.81141157  -4.08652385
   1.80487188  -4.08098963
   1.79359036  -4.07186641
   1.78999081  -4.06894496
   1.77543551  -4.05736868
   1.77443672  -4.05652604
   1.76050785  -4.04536446
   1.75588757  -4.04156462
   1.74547138  -4.03346196
   1.73725469  -4.02678303
   1.73060452  -4.02139733
   1.71929676  -4.01235035
   1.71569754  -4.00942930
   1.70115157  -3.99784251
   1.70015226  -3.99700076
   1.68622470  -3.98584064
   1.68235339  -3.98232559
   1.67142936  -3.97368843
   1.66370777  -3.96751229
   1.65631394  -3.96188857
   1.64500986  -3.95284240
   1.64141096  -3.94992173
   1.62733372  -3.93797914
   1.62635966  -3.93710612
   1.61176973  -3.92738279
   1.60606005  -3.92292013
   1.59670391  -3.91651880
   1.58467300  -3.90806292
   1.58186162  -3.90624507
   1.56700758  -3.89694696
   1.56231340  -3.89336378
   1.55233794  -3.88653368
   1.54028618  -3.87807733
   1.53750130  -3.87621757
   1.52257483  -3.86609951
   1.51806839  -3.86305332
   1.50781719  -3.85660862
   1.49634509  -3.84877106
   1.49252698  -3.84614918
   1.47801175  -3.83641216
   1.47427390  -3.83356376
   1.46326076  -3.82685509
   1.45195039  -3.81879599
   1.44816544  -3.81611456
   1.43345650  -3.80660452
   1.42895695  -3.80354691
   1.41870634  -3.79710367
   1.40671399  -3.78857737
   1.40386451  -3.78682596
   1.38946774  -3.77704078
   1.38440422  -3.77379687
   1.37415390  -3.76735435
   1.36206946  -3.75906968
   1.35928508  -3.75721045
   1.34434592  -3.74711831
   1.33985344  -3.74404892
   1.32960340  -3.73760711
   1.31835015  -3.72939631
   1.31451409  -3.72681307
   1.29979345  -3.71737844
   1.29530459  -3.71430302
   1.28480862  -3.70732506
   1.27373360  -3.69982861
   1.26994932  -3.69714795
   1.25546369  -3.68737772
   1.25181216  -3.68435678
   1.24050735  -3.67719000
   1.22925153  -3.66991481
   1.22541157  -3.66733897
   1.21092040  -3.65763508
   1.20699637  -3.65511704
   1.19593804  -3.64756952
   1.18470618  -3.64017509
   1.18086300  -3.63760506
   1.16637894  -3.62789445
   1.16240315  -3.62538703
   1.15116217  -3.61812079
   1.14016264  -3.61043735
   1.13631619  -3.60787321
   1.12160162  -3.59843999
   1.11790788  -3.59564785
   1.10685605  -3.58809317
   1.09554593  -3.58089506
   1.09176226  -3.57821513
   1.07730138  -3.56841911
   1.07356669  -3.56539627
   1.06207721  -3.55859174
   1.05108088  -3.55096766
   1.04722769  -3.54841560
   1.03265901  -3.54045169
   1.02505516  -3.53613964
   1.01753668  -3.53166094
   1.00314309  -3.52426752
   0.99727755  -3.52089676
   0.98765893  -3.51609751
   0.97302951  -3.50838535
   0.96928523  -3.50649411
   0.95815151  -3.50092015
   0.94330591  -3.49255997
   0.94145032  -3.49163101
   0.92846124  -3.48512833
   0.91390317  -3.47734348
   0.91284482  -3.47663150
   0.89858741  -3.46965123
   0.88571161  -3.46219859
   0.88392762  -3.46116268
   0.86889782  -3.45386104
   0.85785022  -3.44735301
   0.85424373  -3.44532856
   0.83939396  -3.43775695
   0.82913096  -3.43223506
   0.82436461  -3.42972848
   0.81000644  -3.42244881
   0.80048891  -3.41713050
   0.79486004  -3.41447955
   0.78032192  -3.40665593
   0.77266899  -3.40225562
   0.76498941  -3.39816283
   0.75084303  -3.39059934
   0.74493246  -3.38711430
   0.73548601  -3.38285779
   0.72068346  -3.37463579
   0.71693683  -3.37274325
   0.70580549  -3.36717018
   0.69096318  -3.35881123
   0.68910798  -3.35788241
   0.67612164  -3.35138074
   0.66157856  -3.34335468
   0.66049764  -3.34273171
   0.64643834  -3.33559191
   0.63265071  -3.32804305
   0.63160098  -3.32732753
   0.61675557  -3.31980367
   0.60484291  -3.31301154
   0.60191408  -3.31144564
   0.58737355  -3.30434592
   0.57378386  -3.29882807
   0.57187388  -3.29811797
   0.55694396  -3.29480772
   0.54213876  -3.29423117
   0.52729591  -3.29380276
   0.51246528  -3.29376197
   0.49762766  -3.29329549
   0.48279180  -3.29375701
   0.46795512  -3.29375463
   0.45311847  -3.29375234
   0.43828103  -3.29328615
   0.42343916  -3.29285818
   0.40860803  -3.29281799
   0.39377151  -3.29281599
   0.37893503  -3.29281406
   0.36409858  -3.29281221
   0.34926215  -3.29281043
   0.33442030  -3.29191889
   0.31961739  -3.29230299
   0.30474781  -3.29191570
   0.28991639  -3.29276571
   0.27507541  -3.29191280
   0.26024349  -3.29187342
   0.24540724  -3.29187216
   0.23057102  -3.29187097
   0.21573481  -3.29186986
   0.20089863  -3.29186882
   0.18605811  -3.29097798
   0.17122497  -3.29047513
   0.15641711  -3.29136223
   0.14155005  -3.29097554
   0.12674470  -3.29136084
   0.11187808  -3.29097428
   0.09704520  -3.29093573
   0.08220914  -3.29093529
   0.06737310  -3.29093491
   0.05253706  -3.29093461
   0.03770104  -3.29093439
   0.02286189  -3.29004438
   0.00802843  -3.29000628
  -0.00680693  -3.29047022
  -0.02164356  -3.29000635
  -0.03647954  -3.29000649
  -0.05131552  -3.29000671
  -0.06615150  -3.29000700
  -0.08096033  -3.28958329
  -0.09582341  -3.28954387
  -0.11065938  -3.28954438
  -0.12549535  -3.28954497
  -0.14033133  -3.28954563
  -0.15516787  -3.28908243
  -0.16997609  -3.28865918
  -0.18483980  -3.28862018
  -0.19967578  -3.28862114
  -0.21451177  -3.28862217
  -0.22934830  -3.28815934
  -0.24418429  -3.28816052
  -0.25901978  -3.28862571
  -0.27385580  -3.28862703
  -0.28866375  -3.28774050
  -0.30352836  -3.28770202
  -0.31836441  -3.28770357
  -0.33320047  -3.28770520
  -0.34803654  -3.28770689
  -0.36287263  -3.28770866
  -0.37770920  -3.28724657
  -0.39251600  -3.28682457
  -0.40738145  -3.28678653
  -0.42221760  -3.28678860
  -0.43705377  -3.28679074
  -0.45188996  -3.28679295
  -0.46672660  -3.28633131
  -0.48156282  -3.28633367
  -0.49639907  -3.28633610
  -0.51123534  -3.28633861
  -0.52600940  -3.28634030
  -0.54090798  -3.28587989
  -0.55574433  -3.28588262
  -0.57058070  -3.28588543
  -0.58541710  -3.28588830
  -0.60025353  -3.28589126
  -0.61509036  -3.28543035
  -0.62977954  -3.28462208
  -0.64484697  -3.28525984
  -0.65952328  -3.28451893
  -0.67439460  -3.28581330
  -0.68898639  -3.28922230
  -0.70377883  -3.29475440
  -0.71378610  -3.30026656
  -0.71840728  -3.30307412
  -0.73341105  -3.31049418
  -0.74168894  -3.31510402
  -0.74820461  -3.31876971
  -0.76305054  -3.32623209
  -0.77039353  -3.33003652
  -0.77787672  -3.33455432
  -0.79266046  -3.34207799
  -0.79820902  -3.34494853
  -0.80755509  -3.35036995
  -0.82224033  -3.35782911
  -0.82602433  -3.35980425
  -0.83722618  -3.36615192
  -0.85188880  -3.37355386
  -0.85369987  -3.37454025
  -0.86689864  -3.38193269
  -0.88165651  -3.38858933
  -0.88261747  -3.38944986
  -0.89675718  -3.39734313
  -0.90943490  -3.40425166
  -0.91140063  -3.40592988
  -0.92624502  -3.41349610
  -0.93643790  -3.41895370
  -0.94107451  -3.42173861
  -0.95591895  -3.42927873
  -0.96427484  -3.43379718
  -0.97074938  -3.43753947
  -0.98559340  -3.44506199
  -0.99293677  -3.44881551
  -1.00042486  -3.45333599
  -1.01528520  -3.45998476
  -1.02082734  -3.46351805
  -1.03010106  -3.46908847
  -1.04504444  -3.47646698
  -1.04859896  -3.47850347
  -1.05965944  -3.48419608
  -1.07461989  -3.49241558
  -1.07647467  -3.49334418
  -1.08945391  -3.50069993
  -1.10346180  -3.50801554
  -1.10448195  -3.50875833
  -1.11913504  -3.51563061
  -1.13214400  -3.52292644
  -1.13397033  -3.52390504
  -1.14880921  -3.53227247
  -1.15887444  -3.53798572
  -1.16365345  -3.54147663
  -1.17832424  -3.55099031
  -1.18112972  -3.55286193
  -1.19333108  -3.56098788
  -1.20343737  -3.56756607
  -1.20799324  -3.57046856
  -1.22289618  -3.57977350
  -1.22661650  -3.58251213
  -1.23785083  -3.58977414
  -1.24891651  -3.59726597
  -1.25269799  -3.59994458
  -1.26730166  -3.60865857
  -1.27199509  -3.61233980
  -1.28237205  -3.61949025
  -1.29511629  -3.62715434
  -1.29693019  -3.62813824
  -1.31204696  -3.63813498
  -1.31836817  -3.64201507
  -1.32671565  -3.64758847
  -1.34059062  -3.65687997
  -1.34154654  -3.65776884
  -1.35656997  -3.66692659
  -1.36302893  -3.67155051
  -1.37163371  -3.67765280
  -1.38527080  -3.68642248
  -1.38626981  -3.68724403
  -1.40110315  -3.69657721
  -1.40924581  -3.70147093
  -1.41575430  -3.70609336
  -1.43048313  -3.71542740
  -1.43142824  -3.71633426
  -1.44562083  -3.72544370
  -1.45391751  -3.73100779
  -1.46048273  -3.73554500
  -1.47512884  -3.74504838
  -1.47611226  -3.74590284
  -1.48997695  -3.75446070
  -1.49932436  -3.76075835
  -1.50481056  -3.76458443
  -1.51980769  -3.77378931
  -1.52231210  -3.77567589
  -1.53468976  -3.78389667
  -1.54480679  -3.79047587
  -1.54955469  -3.79403579
  -1.56445426  -3.80329854
  -1.56718718  -3.80522301
  -1.57943076  -3.81329255
  -1.59108431  -3.82040064
  -1.59386748  -3.82225916
  -1.60878013  -3.83237749
  -1.61251828  -3.83516283
  -1.62375631  -3.84242916
  -1.63561587  -3.85013794
  -1.63839918  -3.85199655
  -1.65363151  -3.86166273
  -1.65816960  -3.86457689
  -1.66851896  -3.87179580
  -1.68196806  -3.87988256
  -1.68294790  -3.88073885
  -1.69798400  -3.89074843
  -1.70361264  -3.89432608
  -1.71286049  -3.90087439
  -1.72656537  -3.90944848
  -1.72753142  -3.91033183
  -1.74232063  -3.91988075
  -1.74798225  -3.92428892
  -1.75718817  -3.93089432
  -1.76836501  -3.93917045
  -1.77205206  -3.94199025
  -1.78673503  -3.95333272
  -1.78768283  -3.95423713
  -1.80160180  -3.96538991
  -1.80545072  -3.96897105
  -1.81658720  -3.97733477
  -1.82419892  -3.98355852
  -1.83147147  -3.98931689
  -1.84337524  -3.99885024
  -1.84629665  -4.00146162
  -1.86102671  -4.01261855
  -1.86195494  -4.01354769
  -1.87617953  -4.02449606
  -1.88082758  -4.02816011
  -1.89108252  -4.03646765
  -1.90012526  -4.04326120
  -1.90571501  -4.04788271
  -1.91875948  -4.05810232
  -1.92052157  -4.05916388
  -1.93530764  -4.07123297
  -1.93714058  -4.07302864
  -1.95043043  -4.08305040
  -1.95618632  -4.08742239
  -1.96536316  -4.09498296
  -1.97532176  -4.10274226
  -1.98018965  -4.10710614
  -1.99399816  -4.11741292
  -1.99492656  -4.11834226
  -2.00969586  -4.12970134
  -2.01335702  -4.13254935
  -2.02471926  -4.14154807
  -2.03211578  -4.14714103
  -2.03939011  -4.15290151
  -2.05127995  -4.16245572
  -2.05421506  -4.16505143
  -2.06886891  -4.17644429
  -2.06982668  -4.17733710
  -2.08409863  -4.18809653
  -2.08875619  -4.19175966
  -2.09901373  -4.20007030
  -2.10731795  -4.20663811
  -2.11387898  -4.21214037
  -2.12587386  -4.22151980
  -2.12852800  -4.22353250
  -2.14326556  -4.23488248
  -2.14528872  -4.23657512
  -2.15821286  -4.24682810
  -2.16396238  -4.25126309
  -2.17327925  -4.25866086
  -2.18252747  -4.26614306
  -2.18814378  -4.27073564
  -2.20182563  -4.28125519
  -2.20279227  -4.28213926
  -2.21749231  -4.29351878
  -2.22131609  -4.29618964
  -2.23290460  -4.30582394
  -2.23917579  -4.31077468
  -2.24754994  -4.31726231
  -2.25774458  -4.32565588
  -2.26241246  -4.32934379
  -2.27683053  -4.34012073
  -2.27780450  -4.34099398
  -2.29173371  -4.35215453
  -2.29636240  -4.35593340
  -2.30696770  -4.36471344
  -2.31439657  -4.37029449
  -2.32204880  -4.37650778
  -2.33373068  -4.38539999
  -2.33668407  -4.38796711
  -2.35148598  -4.39920045
  -2.35241210  -4.40009018
  -2.36617834  -4.41058994
  -2.37181512  -4.41516215
  -2.38147171  -4.42303029
  -2.38979293  -4.42961663
  -2.39622541  -4.43527443
  -2.40910415  -4.44472418
  -2.41103802  -4.44649301
  -2.42573600  -4.45786485
  -2.42764530  -4.45962586
  -2.44070121  -4.46983027
  -2.44701777  -4.47471361
  -2.45558704  -4.48188917
  -2.46480069  -4.48939656
  -2.47014230  -4.49428007
  -2.48028574  -4.50451857
  -2.48493199  -4.51009845
  -2.49263251  -4.51917148
  -2.50006710  -4.52847127
  -2.50468653  -4.53405474
  -2.51430993  -4.54655810
  -2.51636954  -4.54938307
  -2.52770067  -4.56403743
  -2.52949335  -4.56595542
  -2.53976316  -4.57891929
  -2.54440996  -4.58450001
  -2.55211246  -4.59357456
  -2.55932099  -4.60212751
  -2.56418508  -4.60845896
  -2.57403786  -4.62082997
  -2.57597144  -4.62356434
  -2.58805495  -4.63844747
  -2.58891008  -4.63943357
  -2.59951910  -4.65310378
  -2.60414125  -4.65870602
  -2.61159976  -4.66798873
  -2.61880916  -4.67654297
  -2.62367553  -4.68287571
  -2.63352954  -4.69524858
  -2.63546339  -4.69798336
  -2.64754841  -4.71286875
  -2.64840364  -4.71385499
  -2.65963374  -4.72775460
  -2.66327821  -4.73246213
  -2.67109454  -4.74241417
  -2.67853193  -4.75171816
  -2.68317351  -4.75730378
  -2.69302878  -4.76967854
  -2.69505463  -4.77240635
  -2.70709110  -4.78730115
  -2.70798241  -4.78826461
  -2.71851207  -4.80196137
  -2.72313538  -4.80756533
  -2.73124285  -4.81707863
  -2.73780819  -4.82540801
  -2.74331105  -4.83196733
  -2.75275927  -4.84488263
  -2.75455416  -4.84684759
  -2.76659640  -4.86174484
  -2.76748781  -4.86270846
  -2.77802013  -4.87640752
  -2.78241580  -4.88126875
  -2.79010723  -4.89129971
  -2.79731937  -4.89985799
  -2.80282462  -4.90641870
  -2.81182698  -4.91781068
  -2.81461716  -4.92153339
  -2.82607496  -4.93620181
  -2.82693052  -4.93718853
  -2.83753613  -4.95086551
  -2.84216066  -4.95647127
  -2.84962729  -4.96575586
  -2.85699007  -4.97419993
  -2.86234620  -4.98088200
  -2.87157342  -4.99303858
  -2.87357696  -4.99576553
  -2.88563085  -5.01066782
  -2.88652248  -5.01163176
  -2.89771121  -5.02556427
  -2.90145701  -5.03019838
  -2.90981322  -5.04045876
  -2.91651554  -5.04867365
  -2.92147360  -5.05488207
  -2.93140140  -5.06729322
  -2.93394448  -5.07025354
  -2.94516031  -5.08514751
  -2.94605207  -5.08611161
  -2.95724361  -5.10004659
  -2.96098993  -5.10468148
  -2.96934605  -5.11494340
  -2.97604931  -5.12315967
  -2.98142920  -5.12984373
  -2.99089020  -5.14182080
  -2.99287927  -5.14452899
  -3.00469815  -5.15963959
  -3.00582036  -5.16133745
  -3.01743554  -5.17477019
  -3.02030280  -5.17843296
  -3.02888732  -5.18944051
  -3.03559153  -5.19765818
  -3.04097364  -5.20434358
  -3.05043600  -5.21632267
  -3.05303837  -5.21924839
  -3.06451303  -5.23391597
  -3.06539869  -5.23488685
  -3.07661343  -5.24882310
  -3.08033560  -5.25348025
  -3.08870708  -5.26372320
  -3.09524651  -5.27209469
  -3.10051570  -5.27885844
  -3.10974830  -5.29102312
  -3.11241893  -5.29398222
  -3.12406847  -5.30843347
  -3.12495466  -5.30940458
  -3.13617216  -5.32334344
  -3.13989487  -5.32800139
  -3.14826649  -5.33824595
  -3.15458187  -5.34586590
  -3.16034309  -5.35313909
  -3.16938675  -5.36456501
  -3.17220906  -5.36827796
  -3.18364180  -5.38297038
  -3.18451950  -5.38393531
  -3.19546777  -5.39809776
  -3.19931909  -5.40264115
  -3.20783482  -5.41278178
  -3.21415271  -5.42040337
  -3.21990821  -5.42767727
  -3.22896107  -5.43910607
  -3.23174465  -5.44283699
  -3.24293647  -5.45773585
  -3.24382884  -5.45870081
  -3.25462970  -5.47218218
  -3.25926793  -5.47783254
  -3.26675674  -5.48710102
  -3.27409332  -5.49557598
  -3.27954875  -5.50226608
  -3.28876858  -5.51442407
  -3.29135205  -5.51737298
  -3.30280159  -5.53207185
  -3.30367638  -5.53303656
  -3.31490231  -5.54698347
  -3.31862673  -5.55164393
  -3.32699888  -5.56189346
  -3.33345040  -5.56940286
  -3.33914304  -5.57683294
  -3.34836140  -5.58899217
  -3.35093741  -5.59194068
  -3.36281115  -5.60611641
  -3.36369473  -5.60709679
  -3.37449755  -5.62155716
  -3.37822257  -5.62621848
  -3.38659494  -5.63646971
  -3.39314734  -5.64485012
  -3.39865885  -5.65137236
  -3.40796368  -5.66357402
  -3.41053223  -5.66652211
  -3.42199873  -5.68122772
  -3.42287063  -5.68219219
  -3.43410233  -5.69614469
  -3.43760011  -5.70005699
  -3.44620056  -5.71105983
  -3.45288359  -5.71930933
  -3.45836007  -5.72600808
  -3.46778773  -5.73797680
  -3.47042382  -5.74090326
  -3.48161171  -5.75582656
  -3.48248217  -5.75679089
  -3.49371680  -5.77074625
  -3.49721513  -5.77465931
  -3.50581591  -5.78566401
  -3.51249962  -5.79391503
  -3.51798315  -5.80061677
  -3.52717863  -5.81183961
  -3.53004382  -5.81551328
  -3.54165028  -5.82991293
  -3.54252952  -5.83089291
  -3.55398788  -5.84559037
  -3.55684001  -5.84927588
  -3.56544114  -5.86028247
  -3.57189509  -5.86779736
  -3.57761613  -5.87523980
  -3.58680810  -5.88646328
  -3.58967378  -5.89013766
  -3.60086731  -5.90506702
  -3.60172092  -5.90597696
  -3.61363061  -5.92022854
  -3.61647492  -5.92390689
  -3.62507643  -5.93491540
  -3.63153102  -5.94243170
  -3.63725920  -5.94987738
  -3.64667650  -5.96184838
  -3.64931385  -5.96477658
  -3.66079643  -5.97942770
  -3.66166897  -5.98041179
  -3.67265130  -5.99465129
  -3.67634812  -5.99930294
  -3.68472193  -6.00956298
  -3.69117719  -6.01708073
  -3.69691250  -6.02452971
  -3.70612266  -6.03669668
  -3.70869501  -6.03966486
  -3.72016348  -6.05436587
  -3.72100411  -6.05527444
  -3.73230865  -6.06931171
  -3.73584690  -6.07312125
  -3.74443363  -6.08424914
  -3.75071910  -6.09186307
  -3.75642353  -6.09914269
  -3.76575780  -6.11042232
  -3.76862500  -6.11409889
  -3.77772415  -6.12929607
  -3.78076258  -6.13956959
  -3.78194017  -6.14415673
  -3.78434022  -6.15933219
  -3.78437934  -6.17420077
  -3.78580935  -6.18916362
  -3.78585251  -6.20402211
  -3.78681368  -6.21899804
  -3.78685693  -6.23385536
  -3.78781857  -6.24883413
  -3.78785606  -6.26375172
  -3.78831932  -6.27864275
  -3.78927647  -6.29359403
  -3.78882641  -6.30868821
  -3.78560793  -6.32379438
  -3.78092857  -6.33028339
  -3.77440195  -6.33875883
  -3.76592383  -6.34704364
  -3.75847564  -6.35361191
  -3.75095216  -6.36085950
  -3.74352358  -6.36830502
  -3.73599139  -6.37565650
  -3.72773621  -6.38319422
  -3.72137081  -6.38893828
  -3.71194887  -6.39808385
  -3.70637748  -6.40366840
  -3.69633226  -6.41323828
  -3.69147456  -6.41762872
  -3.68014044  -6.42763133
  -3.67665836  -6.43065468
  -3.66434810  -6.44251797
  -3.66150855  -6.44525238
  -3.64856000  -6.45740901
  -3.64689533  -6.45854892
  -3.63277868  -6.47230548
  -3.63185012  -6.47323637
  -3.61720623  -6.48652990
  -3.61626242  -6.48742194
  -3.60236505  -6.50045951
  -3.59981159  -6.50255233
  -3.58732069  -6.51518062
  -3.58472075  -6.51721456
  -3.57271296  -6.52849238
  -3.56893358  -6.53210817
  -3.55787089  -6.54246940
  -3.55245011  -6.54723318
  -3.54302582  -6.55644399
  -3.53653835  -6.56210428
  -3.52799663  -6.56932306
  -3.51700416  -6.57724665
  -3.51310092  -6.57966403
  -3.49815510  -6.58784229
  -3.49163226  -6.59156020
  -3.48317455  -6.59602048
  -3.46836226  -6.60355821
  -3.46286253  -6.60646120
  -3.45353299  -6.61111886
  -3.43869789  -6.61853925
  -3.43400865  -6.62129380
  -3.42369225  -6.62668362
  -3.40899580  -6.63438769
  -3.40612738  -6.63616370
  -3.39395223  -6.64248293
  -3.37926853  -6.65028992
  -3.37824635  -6.65103429
  -3.36421250  -6.65828303
  -3.35027864  -6.66572668
  -3.34926062  -6.66649432
  -3.33457036  -6.67338345
  -3.32146154  -6.68058875
  -3.31960277  -6.68151802
  -3.30481718  -6.68909635
  -3.29274467  -6.69564630
  -3.28986372  -6.69732010
  -3.27499365  -6.70475480
  -3.26395009  -6.71053106
  -3.26025851  -6.71243830
  -3.24529941  -6.72063707
  -3.23614823  -6.72557873
  -3.23057204  -6.72836699
  -3.21570224  -6.73580245
  -3.20635518  -6.74045717
  -3.20066383  -6.74293832
  -3.18579175  -6.74765623
  -3.17092779  -6.75223507
  -3.16348289  -6.75502099
  -3.15604423  -6.75692759
  -3.14106116  -6.76112390
  -3.12623170  -6.76501203
  -3.11223136  -6.76944874
  -3.11119242  -6.77008025
  -3.09654827  -6.77360557
  -3.08167402  -6.77730879
  -3.06675658  -6.78175078
  -3.05755997  -6.78494652
  -3.05192802  -6.78658221
  -3.03705410  -6.79028586
  -3.02218030  -6.79398966
  -3.00726387  -6.79843276
  -3.00357395  -6.79946784
  -2.99232561  -6.80282469
  -2.97736674  -6.80722305
  -2.96237746  -6.81251677
  -2.95959957  -6.81347431
  -2.94707015  -6.82566243
  -2.94515179  -6.82840574
         
