# shadow point cont 2D ind 380  size 988
# norm -0.9876883 -0.1564345  0.0000000
# angle  2.9845130
   2.36346680  -6.81261450
   2.37410670  -6.80716223
   2.38896722  -6.80158834
   2.39552553  -6.79895343
   2.40389738  -6.79628569
   2.41859034  -6.79207978
   2.43332213  -6.78794665
   2.44634952  -6.78339670
   2.44824769  -6.78257356
   2.46304557  -6.77773276
   2.47796276  -6.77327148
   2.49278562  -6.76941985
   2.49558513  -6.76853434
   2.50763624  -6.76474505
   2.52249931  -6.76010518
   2.53729011  -6.75609227
   2.54554922  -6.75354432
   2.55222568  -6.75082591
   2.56708900  -6.74618651
   2.58188428  -6.74053967
   2.58559874  -6.73868046
   2.59684898  -6.73238856
   2.61129469  -6.72516076
   2.61415065  -6.72340694
   2.62636369  -6.71622902
   2.64019920  -6.70870791
   2.64119875  -6.70788448
   2.65573344  -6.69975949
   2.66777248  -6.69311912
   2.67065075  -6.69144525
   2.68563131  -6.68337690
   2.69391203  -6.67874177
   2.70044762  -6.67496632
   2.71531565  -6.66661084
   2.72080348  -6.66369495
   2.73026230  -6.65834718
   2.74484040  -6.65063851
   2.74769943  -6.64880615
   2.75997498  -6.64161280
   2.77300789  -6.63433875
   2.77481714  -6.63333144
   2.78963473  -6.62481584
   2.79976382  -6.61912059
   2.80444357  -6.61639775
   2.81921629  -6.60870579
   2.82663332  -6.60435859
   2.83415714  -6.59966573
   2.84902604  -6.59207265
   2.85370114  -6.58952877
   2.86397606  -6.58317091
   2.87787197  -6.57483604
   2.87885573  -6.57397990
   2.89321595  -6.56405879
   2.89866065  -6.55949642
   2.90786236  -6.55093881
   2.91443548  -6.54460729
   2.92278586  -6.53623141
   2.92928059  -6.52971691
   2.93763097  -6.52134126
   2.94412569  -6.51482696
   2.95238380  -6.50719519
   2.95990051  -6.49993912
   2.96717967  -6.49244157
   2.97381588  -6.48504831
   2.98207311  -6.47741693
   2.98959070  -6.47016132
   2.99713848  -6.46277723
   3.00466915  -6.45550590
   3.01186025  -6.44876128
   3.01951424  -6.44061804
   3.02693679  -6.43317428
   3.03435932  -6.42573060
   3.04178187  -6.41828704
   3.04920441  -6.41084357
   3.05650951  -6.40415435
   3.06497925  -6.39595868
   3.07147399  -6.38944592
   3.07982436  -6.38107247
   3.08631910  -6.37455989
   3.09466947  -6.36618667
   3.10116422  -6.35967426
   3.10881817  -6.35153239
   3.11598832  -6.34392823
   3.12228914  -6.33649328
   3.13037045  -6.32249500
   3.13087823  -6.32194132
   3.13177867  -6.30707307
   3.13083964  -6.29233249
   3.12991411  -6.27834413
   3.12941672  -6.27738254
   3.12892748  -6.26249525
   3.12750472  -6.24754612
   3.12518898  -6.23276160
   3.12373363  -6.21770780
   3.12233881  -6.20290183
   3.12135934  -6.18790392
   3.11949762  -6.17306648
   3.11851860  -6.15807054
   3.11575933  -6.14330554
   3.11506613  -6.14157353
   3.10897474  -6.12848540
   3.10021777  -6.11478471
   3.09938498  -6.11378305
   3.08999751  -6.09882912
   3.08540511  -6.09234409
   3.07896772  -6.08393222
   3.07040932  -6.07286617
   3.06691055  -6.06894960
   3.05650930  -6.05404337
   3.05545154  -6.05224366
   3.04541586  -6.03912684
   3.04073570  -6.03360722
   3.03323607  -6.02417902
   3.02555207  -6.01316094
   3.02214943  -6.00919006
   3.01153156  -5.99454305
   3.01044978  -5.99278861
   3.00062961  -5.97938451
   2.99594241  -5.97287226
   2.98950285  -5.96446212
   2.98126808  -5.95308426
   2.97855180  -5.94929739
   2.96778591  -5.93482787
   2.96603696  -5.93287026
   2.95653114  -5.91988287
   2.95130772  -5.91304585
   2.94503996  -5.90451185
   2.93620529  -5.89178514
   2.93449187  -5.88980693
   2.92330014  -5.87487594
   2.92137843  -5.87210551
   2.91215258  -5.85995360
   2.90654339  -5.85248645
   2.90088043  -5.84526160
   2.89139517  -5.83208738
   2.89034422  -5.83030350
   2.87885911  -5.81494067
   2.87695650  -5.81220406
   2.86750088  -5.80025234
   2.86171560  -5.79188984
   2.85650452  -5.78508960
   2.84707443  -5.77214808
   2.84536139  -5.77017044
   2.83482891  -5.75547239
   2.83207192  -5.75165384
   2.82370751  -5.74055447
   2.81705090  -5.73124624
   2.81266003  -5.72537111
   2.80220489  -5.71168156
   2.80132657  -5.71070598
   2.79008782  -5.69577299
   2.78736943  -5.69196264
   2.77900112  -5.68086392
   2.77234886  -5.67155751
   2.76790224  -5.66594082
   2.75808857  -5.65122434
   2.75725650  -5.65022380
   2.74630393  -5.63608711
   2.74274064  -5.63131666
   2.73521545  -5.62118215
   2.72755293  -5.61106721
   2.72383135  -5.60619529
   2.71345026  -5.59156163
   2.71259400  -5.59057323
   2.70164532  -5.57641946
   2.69804737  -5.57164176
   2.69051964  -5.56150807
   2.68332364  -5.55099128
   2.67989252  -5.54614709
   2.66908450  -5.53167359
   2.66821065  -5.53069573
   2.65699295  -5.51675710
   2.65322404  -5.51110311
   2.64609447  -5.50161410
   2.63875347  -5.49126290
   2.63520778  -5.48647990
   2.62439685  -5.47201169
   2.62352308  -5.47103397
   2.61318676  -5.45709090
   2.60850429  -5.45058650
   2.60140929  -5.44195624
   2.59407201  -5.43160697
   2.59052670  -5.42682460
   2.57971406  -5.41235778
   2.57860487  -5.41055089
   2.56854411  -5.39744555
   2.56392774  -5.39083600
   2.55764687  -5.38230739
   2.54904563  -5.37035987
   2.54647784  -5.36739618
   2.53593226  -5.35270764
   2.53423796  -5.35071577
   2.52478560  -5.33780132
   2.51918801  -5.33034411
   2.51360397  -5.32288930
   2.50437219  -5.31071954
   2.50243611  -5.30798004
   2.49215704  -5.29306261
   2.48956989  -5.29018384
   2.48011402  -5.27816513
   2.47463554  -5.27060271
   2.46903712  -5.26325965
   2.45971720  -5.25012400
   2.45805419  -5.24812474
   2.44725832  -5.23367000
   2.44467969  -5.23067422
   2.43544711  -5.21853666
   2.42962778  -5.21031778
   2.42426922  -5.20362872
   2.41505476  -5.19049958
   2.41400520  -5.18871818
   2.40285195  -5.17381630
   2.40007585  -5.17009337
   2.39170214  -5.15891506
   2.38535074  -5.15040275
   2.37993265  -5.14378221
   2.37049420  -5.12988452
   2.36966286  -5.12888515
   2.35824070  -5.11420885
   2.35549146  -5.11039912
   2.34708489  -5.09930682
   2.34047427  -5.09001691
   2.33596722  -5.08440378
   2.32584089  -5.07027533
   2.32500962  -5.06927608
   2.31448376  -5.05459802
   2.31090042  -5.04982811
   2.30269590  -5.03947226
   2.29607551  -5.03023542
   2.29223863  -5.02480089
   2.28122053  -5.01066074
   2.28036508  -5.00967362
   2.26983443  -4.99499786
   2.26625274  -4.99022880
   2.25870001  -4.98010282
   2.25120573  -4.96987012
   2.24758584  -4.96520428
   2.23698155  -4.95052613
   2.23612619  -4.94953914
   2.22518950  -4.93540506
   2.22139009  -4.92985899
   2.21405414  -4.92051161
   2.20692401  -4.91002098
   2.20340221  -4.90515128
   2.19265179  -4.89071866
   2.19178904  -4.88970714
   2.18149172  -4.87582290
   2.17701491  -4.87009250
   2.16968673  -4.86070046
   2.16216687  -4.84958744
   2.15945603  -4.84580969
   2.14801312  -4.83113832
   2.14714022  -4.83016197
   2.13683480  -4.81624081
   2.13215750  -4.80974516
   2.12569537  -4.80135083
   2.11753393  -4.79001252
   2.11482552  -4.78623839
   2.10366071  -4.77133805
   2.10254735  -4.76962897
   2.09250838  -4.75645045
   2.08790752  -4.74990216
   2.08134861  -4.74155664
   2.07298073  -4.73038815
   2.07017858  -4.72665922
   2.05966193  -4.71199712
   2.05775388  -4.70923563
   2.04851507  -4.69710866
   2.04306306  -4.68955921
   2.03672162  -4.68199414
   2.02813056  -4.67006390
   2.02619657  -4.66732799
   2.01533791  -4.65221638
   2.01340397  -4.64948056
   2.00390817  -4.63755332
   1.99844106  -4.63000305
   1.99302694  -4.62243944
   1.98380563  -4.61028721
   1.98188056  -4.60755592
   1.97135134  -4.59288824
   1.96878322  -4.58992870
   1.95956015  -4.57777638
   1.95393799  -4.57036750
   1.94770692  -4.56265291
   1.93902714  -4.55271091
   1.93513573  -4.54822815
   1.92404058  -4.53794071
   1.91933969  -4.53333832
   1.90941037  -4.52465865
   1.90264788  -4.51844166
   1.89432175  -4.51093932
   1.88591226  -4.50355562
   1.87932222  -4.49808403
   1.86897667  -4.48889832
   1.86452472  -4.48494688
   1.85153851  -4.47377707
   1.84989379  -4.47261708
   1.83573290  -4.45889204
   1.83479552  -4.45796241
   1.82004348  -4.44574894
   1.81809448  -4.44400136
   1.80516742  -4.43273902
   1.80063667  -4.42888579
   1.79054125  -4.42037025
   1.78372664  -4.41422605
   1.77540847  -4.40672355
   1.76699717  -4.39934242
   1.76055846  -4.39368431
   1.75027268  -4.38445772
   1.74571485  -4.38063760
   1.73355034  -4.36957308
   1.73098973  -4.36748068
   1.71683491  -4.35468789
   1.71585614  -4.35383039
   1.70128708  -4.34139772
   1.69871335  -4.33934008
   1.68631239  -4.32848308
   1.68245810  -4.32492089
   1.67141192  -4.31551204
   1.66501330  -4.30980795
   1.65656575  -4.30247064
   1.64902175  -4.29515535
   1.64172473  -4.28942159
   1.63158554  -4.28004232
   1.62681298  -4.27553612
   1.61466593  -4.26539073
   1.61187248  -4.26260115
   1.59812933  -4.25028369
   1.59715513  -4.24941029
   1.58262008  -4.23698823
   1.58059234  -4.23520004
   1.56742829  -4.22431158
   1.56358152  -4.22074884
   1.55248462  -4.21046994
   1.54706440  -4.20564052
   1.53767912  -4.19738567
   1.53034211  -4.19076267
   1.52283669  -4.18434443
   1.51361721  -4.17588619
   1.50800022  -4.17129312
   1.49688735  -4.16101217
   1.49317323  -4.15822226
   1.47907830  -4.14635513
   1.47814964  -4.14542536
   1.46332401  -4.13237045
   1.46236428  -4.13147793
   1.44869798  -4.11910997
   1.44513165  -4.11609594
   1.43370424  -4.10621795
   1.42820304  -4.10149650
   1.41881914  -4.09324351
   1.41222205  -4.08684984
   1.40415550  -4.08002633
   1.39475856  -4.07174940
   1.38914237  -4.06715737
   1.37806833  -4.05686997
   1.37423893  -4.05328292
   1.36134283  -4.04199808
   1.35940953  -4.04023018
   1.34467049  -4.02801091
   1.34375245  -4.02711784
   1.32987871  -4.01493101
   1.32704116  -4.01224438
   1.31504984  -4.00189116
   1.31026750  -3.99738020
   1.30001009  -3.98907056
   1.29263948  -3.98250468
   1.28513621  -3.97608930
   1.27481327  -3.96785935
   1.27025807  -3.96404271
   1.25623749  -3.95299041
   1.25525326  -3.95213522
   1.24062468  -3.94161298
   1.23674213  -3.93811878
   1.22578102  -3.93044091
   1.21632497  -3.92324481
   1.21068013  -3.91869403
   1.19701541  -3.90814647
   1.19604169  -3.90727371
   1.18124699  -3.89692876
   1.17659531  -3.89327515
   1.16633935  -3.88496739
   1.15800236  -3.87841398
   1.15152528  -3.87373937
   1.13770070  -3.86333986
   1.13670083  -3.86251768
   1.12196871  -3.85128380
   1.11829127  -3.84836602
   1.10699061  -3.84023842
   1.09859950  -3.83380568
   1.09212280  -3.82913153
   1.07908255  -3.81894791
   1.07708294  -3.81730372
   1.06234186  -3.80603176
   1.05972446  -3.80404907
   1.04758995  -3.79563413
   1.03920001  -3.78920174
   1.03272366  -3.78452805
   1.01975536  -3.77432183
   1.01805187  -3.77320998
   1.00318513  -3.76201329
   1.00033143  -3.75944717
   0.98819258  -3.75103413
   0.98041775  -3.74504179
   0.97306749  -3.73935706
   0.96109916  -3.72995145
   0.95842953  -3.72795634
   0.94356880  -3.71678910
   0.94094159  -3.71484956
   0.92877277  -3.70557757
   0.92134886  -3.70000335
   0.91392500  -3.69442920
   0.90184428  -3.68514514
   0.89909189  -3.68324318
   0.88434347  -3.67200532
   0.88248234  -3.67025648
   0.86921714  -3.66117832
   0.86180517  -3.65563021
   0.85450597  -3.64990505
   0.84245514  -3.64055530
   0.83948258  -3.63803205
   0.82495642  -3.62741633
   0.82309864  -3.62566723
   0.81001879  -3.61633075
   0.80269423  -3.61061828
   0.79517069  -3.60518988
   0.78313913  -3.59594999
   0.78025683  -3.59327829
   0.76556499  -3.58279057
   0.76347033  -3.58117281
   0.75061204  -3.57181407
   0.74318925  -3.56624138
   0.73576651  -3.56066875
   0.72368580  -3.55138778
   0.72093381  -3.54948635
   0.70611437  -3.54009709
   0.70049574  -3.53638715
   0.69108942  -3.53105535
   0.67641657  -3.52249899
   0.67541716  -3.52167740
   0.66159265  -3.51401435
   0.65123386  -3.50685194
   0.64655134  -3.50414461
   0.63189548  -3.49551761
   0.62627549  -3.49180889
   0.61686963  -3.48647768
   0.60204539  -3.47810700
   0.60101243  -3.47734271
   0.58736633  -3.46951482
   0.57612930  -3.46225281
   0.57231388  -3.45963390
   0.55748968  -3.45121869
   0.55187639  -3.44760526
   0.54263162  -3.44198203
   0.52783051  -3.43353446
   0.52679632  -3.43277099
   0.51294381  -3.42434795
   0.50271345  -3.41789003
   0.49810135  -3.41506278
   0.48327669  -3.40664897
   0.47776562  -3.40284367
   0.46843213  -3.39737270
   0.45377685  -3.38877910
   0.45277761  -3.38795775
   0.43894935  -3.38029953
   0.42763052  -3.37316344
   0.42373391  -3.37074942
   0.40926019  -3.36273501
   0.40260859  -3.35829184
   0.39403618  -3.35313656
   0.37929333  -3.34461527
   0.37829395  -3.34381644
   0.36473643  -3.33581202
   0.35342206  -3.32860210
   0.34952564  -3.32618832
   0.33505471  -3.31817362
   0.32840185  -3.31373156
   0.32002417  -3.30914536
   0.30529399  -3.30064294
   0.30144890  -3.29862712
   0.29010025  -3.29485919
   0.27530144  -3.29290702
   0.26047926  -3.29233736
   0.24560945  -3.29145918
   0.23080620  -3.29140703
   0.21593654  -3.29052896
   0.20109984  -3.28960000
   0.18629588  -3.28908419
   0.17145975  -3.28908330
   0.15662364  -3.28908249
   0.14175495  -3.28866866
   0.12695091  -3.28815319
   0.11208234  -3.28773948
   0.09727825  -3.28722420
   0.08244163  -3.28675981
   0.06754435  -3.28634446
   0.05276965  -3.28629520
   0.04342454  -3.28558941
   0.03784244  -3.28495026
   0.02309659  -3.28490300
   0.00826062  -3.28490293
  -0.00666584  -3.28402213
  -0.02141181  -3.28397512
  -0.03624775  -3.28397526
  -0.04973617  -3.28611804
  -0.05069923  -3.28690074
  -0.06531718  -3.29160525
  -0.07987841  -3.29895484
  -0.08268213  -3.30077064
  -0.09480364  -3.30809161
  -0.10853616  -3.31562685
  -0.10949322  -3.31650722
  -0.12451695  -3.32486844
  -0.13367444  -3.33038216
  -0.13928343  -3.33401542
  -0.15409746  -3.34162447
  -0.15966029  -3.34527056
  -0.16896553  -3.35077608
  -0.18358658  -3.35840225
  -0.18637631  -3.36024424
  -0.19854393  -3.36763445
  -0.21139103  -3.37501805
  -0.21321964  -3.37598443
  -0.22827081  -3.38523441
  -0.23654772  -3.38991591
  -0.24304191  -3.39361963
  -0.25764358  -3.40181059
  -0.26253513  -3.40489635
  -0.27284259  -3.41117283
  -0.28738438  -3.41867623
  -0.28833707  -3.41956560
  -0.30267464  -3.42847475
  -0.31350018  -3.43432385
  -0.31728577  -3.43698222
  -0.33202218  -3.44467475
  -0.33949879  -3.44923293
  -0.34696629  -3.45378326
  -0.36163506  -3.46217367
  -0.36441630  -3.46402996
  -0.37663496  -3.47141581
  -0.39047294  -3.47887258
  -0.39146096  -3.47969900
  -0.40630432  -3.48812115
  -0.41637800  -3.49381496
  -0.42113049  -3.49733238
  -0.43592740  -3.50497323
  -0.44141600  -3.50859972
  -0.45079726  -3.51492104
  -0.46549899  -3.52256050
  -0.46733177  -3.52352335
  -0.48047887  -3.53174302
  -0.49055044  -3.53817592
  -0.49512941  -3.54104293
  -0.50980977  -3.55121193
  -0.51169717  -3.55302846
  -0.52470863  -3.56244007
  -0.53130891  -3.56794127
  -0.53980913  -3.57421252
  -0.55158180  -3.58273650
  -0.55444566  -3.58542040
  -0.56914779  -3.59577072
  -0.57188317  -3.59768292
  -0.58431513  -3.60680946
  -0.59162245  -3.61225712
  -0.59895020  -3.61793951
  -0.61188201  -3.62740848
  -0.61379081  -3.62919016
  -0.62862357  -3.64021727
  -0.63134098  -3.64215449
  -0.64366142  -3.65125538
  -0.65096949  -3.65681310
  -0.65829752  -3.66249595
  -0.67121186  -3.67186442
  -0.67313471  -3.67363562
  -0.68802926  -3.68399341
  -0.69141087  -3.68667177
  -0.70282093  -3.69516008
  -0.71117118  -3.70156981
  -0.71785420  -3.70687850
  -0.73055652  -3.71643217
  -0.73234971  -3.71743768
  -0.74737541  -3.72855967
  -0.75075702  -3.73124139
  -0.76216589  -3.73973016
  -0.77135938  -3.74625632
  -0.77698486  -3.75081490
  -0.79085662  -3.76100640
  -0.79183153  -3.76187370
  -0.80655248  -3.77228748
  -0.81126996  -3.77600895
  -0.82171038  -3.78401767
  -0.83072283  -3.79072198
  -0.83621295  -3.79453104
  -0.85020901  -3.80557805
  -0.85118640  -3.80644231
  -0.86590178  -3.81686476
  -0.87061925  -3.82058639
  -0.88106503  -3.82858874
  -0.89092031  -3.83540370
  -0.89556402  -3.83910994
  -0.91031860  -3.84944800
  -0.91126367  -3.85035391
  -0.92536814  -3.86139425
  -0.93006945  -3.86492295
  -0.94021619  -3.87242663
  -0.94963426  -3.87964019
  -0.95506133  -3.88353445
  -0.96898634  -3.89452536
  -0.96994263  -3.89542113
  -0.98472313  -3.90597858
  -0.98938022  -3.90947683
  -0.99942743  -3.91709864
  -1.00796437  -3.92424159
  -1.01445742  -3.92981385
  -1.02542809  -3.93932153
  -1.02928818  -3.94285665
  -1.04205468  -3.95417023
  -1.04393220  -3.95600288
  -1.05865819  -3.96807728
  -1.05958570  -3.96900614
  -1.07379947  -3.98192402
  -1.07649176  -3.98389499
  -1.08852329  -3.99491314
  -1.09297715  -3.99873212
  -1.10331452  -4.00804427
  -1.10977551  -4.01364350
  -1.11813758  -4.02105945
  -1.12670056  -4.02826563
  -1.13319433  -4.03383899
  -1.14333478  -4.04313589
  -1.14783851  -4.04699865
  -1.16005130  -4.05799658
  -1.16267292  -4.06003406
  -1.17740062  -4.07227541
  -1.17834000  -4.07319102
  -1.19242163  -4.08587126
  -1.19427722  -4.08772909
  -1.20728304  -4.09902942
  -1.21171153  -4.10278674
  -1.22206207  -4.11208475
  -1.22857228  -4.11771577
  -1.23707834  -4.12495608
  -1.24545055  -4.13231028
  -1.25194509  -4.13788477
  -1.26217661  -4.14717096
  -1.26677754  -4.15093316
  -1.27894102  -4.16182059
  -1.28149254  -4.16391098
  -1.29613323  -4.17619516
  -1.29706099  -4.17712437
  -1.31129682  -4.19001691
  -1.31324310  -4.19176203
  -1.32603339  -4.20300927
  -1.33009596  -4.20658043
  -1.34084824  -4.21604098
  -1.34733305  -4.22177916
  -1.35584019  -4.22902100
  -1.36494638  -4.23660593
  -1.37071054  -4.24195196
  -1.38157382  -4.25148328
  -1.38536274  -4.25511614
  -1.39829755  -4.26634989
  -1.40019966  -4.26815713
  -1.41441896  -4.28076099
  -1.41534699  -4.28169025
  -1.43000053  -4.29404190
  -1.43252340  -4.29608663
  -1.44481706  -4.30716966
  -1.44852355  -4.31073272
  -1.45996255  -4.31991791
  -1.46643292  -4.32537035
  -1.47469272  -4.33290486
  -1.48299529  -4.34046443
  -1.48949151  -4.34604131
  -1.49972392  -4.35533188
  -1.50432603  -4.35909572
  -1.51708386  -4.37044416
  -1.51898624  -4.37225179
  -1.53367467  -4.38439333
  -1.53460283  -4.38532278
  -1.54885454  -4.39819705
  -1.55080136  -4.39994294
  -1.56380343  -4.41103237
  -1.56755241  -4.41460437
  -1.57878809  -4.42392353
  -1.58451801  -4.42924555
  -1.59349084  -4.43701362
  -1.60179174  -4.44457544
  -1.60828888  -4.45015357
  -1.61925951  -4.45967515
  -1.62312457  -4.46321115
  -1.63531133  -4.47410242
  -1.63809618  -4.47689130
  -1.65155586  -4.48944165
  -1.65248417  -4.49037131
  -1.66393797  -4.50382926
  -1.66760714  -4.50851151
  -1.67533625  -4.51846531
  -1.68241042  -4.52800478
  -1.68706759  -4.53382843
  -1.69719581  -4.54772844
  -1.69808602  -4.54869093
  -1.70855251  -4.56333184
  -1.71231232  -4.56794209
  -1.71993626  -4.57796901
  -1.72721664  -4.58737716
  -1.73117171  -4.59285935
  -1.74176766  -4.60722515
  -1.74265793  -4.60818775
  -1.75399927  -4.62281694
  -1.75678535  -4.62653583
  -1.76448821  -4.63746016
  -1.77156352  -4.64700168
  -1.77620727  -4.65282552
  -1.78634313  -4.66672835
  -1.78723346  -4.66769106
  -1.79857826  -4.68232216
  -1.80136456  -4.68604145
  -1.80972358  -4.69719949
  -1.81615073  -4.70562401
  -1.82070439  -4.71198947
  -1.83092228  -4.72623812
  -1.83181268  -4.72720094
  -1.84293778  -4.74207559
  -1.84581548  -4.74571927
  -1.85426804  -4.75669842
  -1.86051425  -4.76524422
  -1.86536159  -4.77184882
  -1.87550520  -4.78575456
  -1.87639567  -4.78671749
  -1.88774746  -4.80135247
  -1.89053424  -4.80507260
  -1.89889468  -4.81623315
  -1.90532292  -4.82465958
  -1.91017604  -4.83113818
  -1.91978296  -4.84440185
  -1.92098249  -4.84624081
  -1.93233781  -4.86087777
  -1.93512484  -4.86459833
  -1.94348601  -4.87576016
  -1.94991482  -4.88418757
  -1.95476327  -4.89066725
  -1.96470360  -4.90376617
  -1.96582831  -4.90553915
  -1.97693210  -4.92040995
  -1.97971938  -4.92413095
  -1.98808130  -4.93529409
  -1.99451067  -4.94372248
  -1.99992883  -4.95033850
  -2.00930120  -4.96330347
  -2.01098246  -4.96527675
  -2.02153040  -4.97994913
  -2.02431792  -4.98367056
  -2.03268060  -4.99483502
  -2.03911055  -5.00326442
  -2.04369953  -5.00964576
  -2.05413213  -5.02363517
  -2.05496360  -5.02460115
  -2.06613276  -5.03949538
  -2.06892055  -5.04321726
  -2.07756786  -5.05415370
  -2.08381689  -5.06270445
  -2.08854741  -5.06929498
  -2.09873059  -5.08316696
  -2.09962633  -5.08417196
  -2.11077097  -5.09905909
  -2.11363474  -5.10271942
  -2.12219762  -5.11371989
  -2.12875944  -5.12205040
  -2.13361475  -5.12838811
  -2.14312547  -5.14188209
  -2.14423396  -5.14373060
  -2.15538002  -5.15861960
  -2.15824406  -5.16228038
  -2.16679047  -5.17327219
  -2.17304070  -5.18182503
  -2.17775754  -5.18841611
  -2.18773286  -5.20152419
  -2.18884585  -5.20329660
  -2.19999336  -5.21818747
  -2.20285767  -5.22184872
  -2.21140821  -5.23284250
  -2.21765905  -5.24139639
  -2.22298789  -5.24814306
  -2.23235145  -5.26109775
  -2.23411671  -5.26309918
  -2.24461105  -5.27776283
  -2.24747564  -5.28142454
  -2.25604231  -5.29242932
  -2.26260601  -5.30076299
  -2.26744939  -5.30710312
  -2.27698997  -5.32060524
  -2.27873739  -5.32268021
  -2.28950329  -5.33711196
  -2.29204330  -5.34008645
  -2.30036488  -5.35223335
  -2.30679852  -5.36066905
  -2.31160525  -5.36715369
  -2.32160195  -5.38026761
  -2.32336255  -5.38226888
  -2.33385979  -5.39693634
  -2.33672495  -5.40059901
  -2.34529422  -5.41160675
  -2.35185922  -5.41994260
  -2.35669465  -5.42628436
  -2.36625530  -5.43979210
  -2.36733754  -5.44163604
  -2.37849099  -5.45653469
  -2.38135644  -5.46019785
  -2.38992703  -5.47120710
  -2.39626538  -5.47879461
  -2.40202063  -5.48611971
  -2.41089489  -5.49939725
  -2.41262662  -5.50146954
  -2.42312683  -5.51614091
  -2.42576415  -5.51906002
  -2.43456450  -5.53081534
  -2.44113085  -5.53915343
  -2.44665483  -5.54572993
  -2.45553918  -5.55901034
  -2.45726566  -5.56108172
  -2.46776738  -5.57575508
  -2.47040497  -5.57867460
  -2.47920671  -5.59043156
  -2.48546393  -5.59898587
  -2.49082914  -5.60581200
  -2.50042898  -5.61851583
  -2.50217540  -5.62047021
  -2.51331968  -5.63536718
  -2.51523563  -5.63812176
  -2.52385373  -5.65005587
  -2.53011454  -5.65861191
  -2.53477627  -5.66520514
  -2.54507830  -5.67814398
  -2.54682490  -5.68009864
  -2.55734691  -5.69477601
  -2.55988842  -5.69775293
  -2.56850563  -5.70968835
  -2.57477004  -5.71824615
  -2.58012151  -5.72507284
  -2.58996005  -5.73853022
  -2.59083344  -5.73950769
  -2.60200437  -5.75441502
  -2.60454615  -5.75739236
  -2.61316249  -5.76932911
  -2.61973166  -5.77767184
  -2.62523985  -5.78425176
  -2.63445602  -5.79736629
  -2.63613871  -5.79938027
  -2.64729228  -5.81428444
  -2.64920890  -5.81704015
  -2.65782437  -5.82897825
  -2.66439427  -5.83732216
  -2.66989852  -5.84390294
  -2.67912322  -5.85702001
  -2.68017280  -5.85880240
  -2.69133442  -5.87371820
  -2.69417255  -5.87740414
  -2.70251180  -5.88863222
  -2.70906200  -5.89698098
  -2.71456230  -5.90356259
  -2.72357768  -5.91589998
  -2.72547279  -5.91869559
  -2.73664101  -5.93361241
  -2.73861606  -5.93631850
  -2.74743224  -5.94807510
  -2.75387121  -5.95655903
  -2.75923127  -5.96323082
  -2.76869105  -5.97713554
  -2.76952297  -5.97813603
  -2.78131065  -5.99327778
  -2.78322796  -5.99603467
  -2.79184093  -6.00797687
  -2.79818534  -6.01557411
  -2.80390551  -6.02290772
  -2.81315595  -6.03603275
  -2.81420595  -6.03781589
  -2.82599395  -6.05295960
  -2.82797411  -6.05567345
  -2.83655453  -6.06765930
  -2.84309658  -6.07600930
  -2.84788927  -6.08236101
  -2.85738574  -6.09729418
  -2.85819874  -6.09832973
  -2.86441916  -6.11209857
  -2.86741020  -6.12722960
  -2.86932418  -6.14221507
  -2.87076695  -6.15723657
  -2.87263163  -6.17209897
  -2.87342025  -6.18148244
  -2.87406938  -6.18709438
  -2.87546723  -6.20192499
  -2.87776656  -6.21669025
  -2.87934912  -6.23161998
  -2.87975170  -6.24677633
  -2.88069141  -6.26160555
  -2.88027929  -6.27718192
  -2.87513020  -6.29245086
  -2.87435449  -6.29348602
  -2.86284660  -6.30848404
  -2.86006231  -6.31127734
  -2.84853743  -6.32299576
  -2.84482495  -6.32672021
  -2.83412297  -6.33789835
  -2.83036437  -6.34200636
  -2.81922705  -6.35318043
  -2.81551462  -6.35690518
  -2.80491691  -6.36769270
  -2.80027627  -6.37234870
  -2.78952743  -6.38297921
  -2.78581497  -6.38670419
  -2.77467754  -6.39787929
  -2.77057597  -6.40214816
  -2.75982760  -6.41277983
  -2.75611512  -6.41650504
  -2.74551617  -6.42729289
  -2.74087546  -6.43194947
  -2.73012757  -6.44258230
  -2.72641506  -6.44630774
  -2.71581549  -6.45709577
  -2.71117475  -6.46175264
  -2.70096507  -6.47199792
  -2.69651952  -6.47666961
  -2.68606255  -6.48719605
  -2.68166985  -6.49157242
  -2.67165633  -6.50219444
  -2.66681521  -6.50685124
  -2.65641344  -6.51670719
  -2.65177263  -6.52136466
  -2.64102607  -6.53200098
  -2.63666853  -6.53565260
  -2.62166035  -6.54627567
  -2.62058589  -6.54694795
  -2.60676564  -6.55513645
  -2.59632483  -6.56160619
  -2.59160839  -6.56430181
  -2.57685382  -6.57273221
  -2.57055089  -6.57665152
  -2.56200961  -6.58154239
  -2.54726530  -6.58970422
  -2.54441095  -6.59145268
  -2.53255729  -6.59840532
  -2.51836942  -6.60642287
  -2.51729836  -6.60710138
  -2.50296733  -6.61519581
  -2.49270609  -6.62164022
  -2.48790440  -6.62443586
  -2.47299620  -6.63264024
  -2.46725514  -6.63607585
  -2.45796006  -6.64159061
  -2.44311200  -6.65040015
  -2.44125408  -6.65133037
  -2.42834215  -6.65839076
  -2.41541076  -6.66623910
  -2.41359502  -6.66724415
  -2.39907012  -6.67572255
  -2.38923604  -6.68111041
  -2.38407571  -6.68406525
  -2.36899075  -6.69323173
  -2.36503702  -6.69560853
  -2.35405024  -6.70164052
  -2.33907593  -6.70996290
  -2.33799247  -6.71058536
  -2.32402080  -6.71780429
  -2.30960365  -6.72512035
  -2.30854794  -6.72564524
  -2.29387363  -6.72997247
  -2.27928379  -6.73485983
  -2.26484971  -6.73981795
  -2.26382690  -6.74037246
  -2.24908275  -6.74421855
  -2.23479254  -6.74843418
  -2.21954360  -6.75412434
  -2.21674301  -6.75501103
  -2.20449802  -6.75856123
  -2.18981097  -6.76247976
  -2.17513307  -6.76722930
  -2.16772012  -6.77006921
  -2.16007988  -6.77270217
  -2.14521407  -6.77734702
  -2.13035362  -6.78220274
  -2.12454413  -6.78416967
  -2.11515736  -6.78745882
  -2.10030050  -6.79145890
  -2.08547348  -6.79658999
  -2.08165410  -6.79879397
  -2.07292962  -6.80734883
  -2.06847109  -6.81270203
         
