# shadow point cont 2D ind 101  size 1165
# norm  0.7015314 -0.7126385  0.0000000
# angle  0.7932521
   3.28167348  -6.83765169
   3.29660748  -6.83559606
   3.31151152  -6.83260737
   3.31804542  -6.83086498
   3.32648865  -6.82814291
   3.34138848  -6.82354956
   3.35612780  -6.81963998
   3.36921594  -6.81605828
   3.37112660  -6.81531432
   3.38600596  -6.81058332
   3.40074533  -6.80667385
   3.41575250  -6.80225087
   3.41943805  -6.80121959
   3.43061360  -6.79760300
   3.44549705  -6.79298594
   3.46023650  -6.78907662
   3.46878685  -6.78657108
   3.47538469  -6.78406676
   3.49024742  -6.77951517
   3.50496370  -6.77561999
   3.51898527  -6.77175501
   3.52000617  -6.77110438
   3.53470970  -6.76635652
   3.54961272  -6.76242912
   3.56435235  -6.75852008
   3.56998420  -6.75688652
   3.57933363  -6.75405935
   3.59423635  -6.74946868
   3.60897607  -6.74555977
   3.61943380  -6.74226766
   3.62412739  -6.74055255
   3.63883075  -6.73580483
   3.65371594  -6.73144491
   3.66398986  -6.72679159
   3.66877071  -6.72407849
   3.68340862  -6.71638813
   3.69194646  -6.71182510
   3.69835946  -6.70813433
   3.71324544  -6.69972160
   3.71789041  -6.69693390
   3.72814293  -6.69054237
   3.74286872  -6.68294372
   3.74388996  -6.68219992
   3.75787391  -6.67382114
   3.76990366  -6.66733576
   3.77278341  -6.66566355
   3.78760535  -6.65710066
   3.79600528  -6.65236870
   3.80238999  -6.64852908
   3.81716580  -6.64010987
   3.82187551  -6.63744379
   3.83220077  -6.63108854
   3.84692564  -6.62349045
   3.84878424  -6.62256212
   3.86193339  -6.61436991
   3.87476415  -6.60754238
   3.87678338  -6.60599292
   3.89166650  -6.59765200
   3.89997755  -6.59302361
   3.90678692  -6.58859689
   3.92122784  -6.58066350
   3.92511044  -6.57818957
   3.93626444  -6.57164380
   3.95004400  -6.56277120
   3.95101117  -6.56186877
   3.96548856  -6.55028708
   3.96840968  -6.54766673
   3.98050707  -6.53555816
   3.98329170  -6.53276707
   3.99512735  -6.52137187
   3.99884020  -6.51765051
   4.01020989  -6.50578727
   4.01299454  -6.50299633
   4.02506141  -6.49090239
   4.02784608  -6.48811151
   4.03974815  -6.47584620
   4.04246411  -6.47299382
   4.05453112  -6.46090049
   4.05731582  -6.45810975
   4.06920027  -6.44585323
   4.07123685  -6.44322380
   4.08439377  -6.43038485
   4.08630172  -6.42858240
   4.09913469  -6.41535987
   4.10094068  -6.41345750
   4.11409659  -6.40061934
   4.11600456  -6.39881698
   4.12878834  -6.38555291
   4.13064486  -6.38369265
   4.14364056  -6.37067098
   4.14549136  -6.36880088
   4.15849034  -6.35485705
   4.15941403  -6.35391796
   4.17236270  -6.33899016
   4.17307088  -6.33796406
   4.17926147  -6.32402127
   4.18153787  -6.30910794
   4.18241158  -6.29430911
   4.18193417  -6.27923972
   4.18234804  -6.26440547
   4.18297016  -6.24908463
   4.18367376  -6.23456563
   4.18410410  -6.21964854
   4.18408371  -6.20467329
   4.18496492  -6.18981173
   4.18541170  -6.17481258
   4.18535089  -6.15999952
   4.18485466  -6.14520046
   4.18302790  -6.13056624
   4.17576730  -6.11594463
   4.17126514  -6.10968648
   4.16400741  -6.10120034
   4.15631048  -6.09212013
   4.15159559  -6.08668055
   4.14107446  -6.07360226
   4.13910628  -6.07151193
   4.12712512  -6.05668741
   4.12621473  -6.05573442
   4.11411270  -6.04177451
   4.11128918  -6.03881525
   4.10109502  -6.02685504
   4.09634086  -6.02120251
   4.08800960  -6.01189988
   4.08145103  -6.00426876
   4.07504062  -5.99700002
   4.06648320  -5.98650546
   4.06290344  -5.98205675
   4.05155953  -5.96891063
   4.04972873  -5.96701200
   4.03761269  -5.95189994
   4.03675441  -5.95090981
   4.02468138  -5.93699434
   4.02183248  -5.93349143
   4.01148651  -5.92224648
   4.00673444  -5.91659645
   3.99849058  -5.90708396
   3.99203526  -5.89966426
   3.98549739  -5.89215814
   3.97702637  -5.88191610
   3.97330399  -5.87745965
   3.96204903  -5.86416739
   3.96029743  -5.86220842
   3.94798432  -5.84752293
   3.94706718  -5.84657536
   3.93511894  -5.83238906
   3.93219697  -5.82868130
   3.92282383  -5.81766477
   3.91717317  -5.81110140
   3.90974182  -5.80271613
   3.90234955  -5.79413054
   3.89684799  -5.78756045
   3.88749284  -5.77639545
   3.88396658  -5.77265246
   3.87239963  -5.75882860
   3.87148426  -5.75788000
   3.85858486  -5.74273740
   3.85770511  -5.74176092
   3.84626829  -5.72802021
   3.84265975  -5.72410659
   3.83341038  -5.71286542
   3.82784371  -5.70637558
   3.82041690  -5.69794454
   3.81295773  -5.68957109
   3.80725472  -5.68326004
   3.79774060  -5.67200491
   3.79417183  -5.66802983
   3.78285000  -5.65429292
   3.78194528  -5.65333556
   3.76973645  -5.63839734
   3.76786081  -5.63632452
   3.75697770  -5.62326403
   3.75340136  -5.61955690
   3.74389597  -5.60832205
   3.73832803  -5.60183352
   3.73079100  -5.59365648
   3.72331074  -5.58502847
   3.71780871  -5.57846127
   3.70845687  -5.56730207
   3.70491912  -5.56356001
   3.69333723  -5.54977190
   3.69244073  -5.54880786
   3.68021552  -5.53389167
   3.67836918  -5.53180393
   3.66747996  -5.51874444
   3.66369209  -5.51411398
   3.65448318  -5.50382741
   3.64883330  -5.49731947
   3.64140992  -5.48889297
   3.63384526  -5.47959000
   3.62921696  -5.47394513
   3.61921405  -5.46260131
   3.61635653  -5.45905761
   3.60429335  -5.44484270
   3.60341417  -5.44386696
   3.59106927  -5.42918388
   3.58901497  -5.42640442
   3.57874567  -5.41450068
   3.57421644  -5.40962331
   3.56500661  -5.39933906
   3.55935911  -5.39283295
   3.55260380  -5.38464027
   3.54450996  -5.37493181
   3.53993056  -5.36950485
   3.52951582  -5.35738913
   3.52677934  -5.35417761
   3.51532694  -5.33987146
   3.51442835  -5.33890982
   3.50247650  -5.32469832
   3.49985813  -5.32193897
   3.48928554  -5.31003543
   3.48476098  -5.30515976
   3.47574342  -5.29462627
   3.47015206  -5.28816856
   3.46273703  -5.27971808
   3.45503659  -5.27065485
   3.45030443  -5.26501228
   3.44022631  -5.25275446
   3.43824857  -5.25004850
   3.42588274  -5.23542546
   3.42498434  -5.23446406
   3.41331296  -5.22002672
   3.41045535  -5.21638538
   3.40101337  -5.20536446
   3.39537020  -5.19886163
   3.38781935  -5.19069194
   3.38048452  -5.18300940
   3.37396658  -5.17551822
   3.36537090  -5.16550523
   3.36152390  -5.16081360
   3.35057352  -5.14758111
   3.34882461  -5.14562570
   3.33645806  -5.13100581
   3.33555985  -5.13004466
   3.32366776  -5.11585659
   3.32099688  -5.11290842
   3.31087555  -5.10070448
   3.30608233  -5.09537161
   3.29761671  -5.08603416
   3.29119572  -5.07841956
   3.28466231  -5.07113598
   3.27610663  -5.06089383
   3.27235803  -5.05617017
   3.26147463  -5.04391804
   3.25945183  -5.04126059
   3.24726638  -5.02636699
   3.24638794  -5.02539225
   3.23426568  -5.01146660
   3.23159796  -5.00851957
   3.22126923  -4.99656573
   3.21653577  -4.99099695
   3.20821866  -4.98165136
   3.20180303  -4.97403914
   3.19541584  -4.96650085
   3.18695839  -4.95632421
   3.18315612  -4.95184846
   3.17185351  -4.93881391
   3.17006272  -4.93688874
   3.15788230  -4.92199903
   3.15685077  -4.92040146
   3.14488223  -4.90710195
   3.14195504  -4.90362956
   3.13183186  -4.89218880
   3.12726317  -4.88646305
   3.11975837  -4.87729243
   3.11230330  -4.86893503
   3.10669631  -4.86237656
   3.09735449  -4.85123587
   3.09386240  -4.84719898
   3.08231313  -4.83374869
   3.08139907  -4.83280151
   3.06851649  -4.81765599
   3.06737076  -4.81581366
   3.05578012  -4.80253107
   3.05281678  -4.79905852
   3.04273803  -4.78762166
   3.03804185  -4.78210089
   3.03039744  -4.77295955
   3.02309079  -4.76441891
   3.01760026  -4.75781268
   3.00823948  -4.74671281
   3.00484550  -4.74267272
   2.99324736  -4.73013282
   2.99208302  -4.72850290
   2.97942364  -4.71309663
   2.97835387  -4.71150772
   2.96709139  -4.69844566
   2.96354442  -4.69456488
   2.95409741  -4.68355564
   2.94846544  -4.67706107
   2.94105422  -4.66865093
   2.93375154  -4.66011257
   2.92810056  -4.65376915
   2.91866173  -4.64260675
   2.91518816  -4.63857588
   2.90402138  -4.62468785
   2.90314360  -4.62371399
   2.89079983  -4.60905612
   2.88901569  -4.60721301
   2.87710366  -4.59392434
   2.87421604  -4.59027436
   2.86476794  -4.57926733
   2.85913812  -4.57277432
   2.85172830  -4.56436609
   2.84442954  -4.55582996
   2.83894282  -4.54922698
   2.82923515  -4.53854810
   2.82560602  -4.53454341
   2.81464572  -4.52433545
   2.80993599  -4.51969299
   2.79983902  -4.51127495
   2.79250058  -4.50456062
   2.78498733  -4.49822696
   2.77471339  -4.48990207
   2.77008197  -4.48613141
   2.75612576  -4.47500141
   2.75507593  -4.47406100
   2.74034482  -4.46191264
   2.73764352  -4.45986024
   2.72547838  -4.44980293
   2.71985419  -4.44520382
   2.71058733  -4.43770400
   2.70214493  -4.43030511
   2.69554222  -4.42494119
   2.68357429  -4.41540814
   2.68089088  -4.41346994
   2.66612219  -4.40117578
   2.66516159  -4.40028027
   2.65114007  -4.38926266
   2.64643596  -4.38561271
   2.63619958  -4.37718910
   2.62871079  -4.37071782
   2.62136869  -4.36506771
   2.61030469  -4.35558953
   2.60645037  -4.35205422
   2.59249489  -4.34092872
   2.59145733  -4.33998725
   2.57671967  -4.32784409
   2.57402940  -4.32579139
   2.56208434  -4.31638558
   2.55623355  -4.31114120
   2.54697014  -4.30364374
   2.53765543  -4.29624764
   2.53206946  -4.29155450
   2.51996490  -4.28135533
   2.51733181  -4.27925056
   2.50223543  -4.26760673
   2.50123786  -4.26677464
   2.48744902  -4.25525752
   2.48283087  -4.25157126
   2.47260209  -4.24314935
   2.46511659  -4.23667999
   2.45777160  -4.23103275
   2.44729017  -4.22201868
   2.44265737  -4.21829532
   2.42887096  -4.20690002
   2.42804268  -4.20612519
   2.41313711  -4.19475051
   2.41022426  -4.19199993
   2.39828665  -4.18264457
   2.39170996  -4.17712222
   2.38317983  -4.16990580
   2.37402813  -4.16223201
   2.36849912  -4.15754316
   2.35565832  -4.14711863
   2.35370400  -4.14541297
   2.33895650  -4.13312412
   2.33799640  -4.13222920
   2.32379380  -4.12151073
   2.31916127  -4.11756151
   2.30904472  -4.10915421
   2.30144300  -4.10291168
   2.29415108  -4.09707027
   2.28299614  -4.08780247
   2.27910525  -4.08430863
   2.26516826  -4.07314474
   2.26419358  -4.07227118
   2.24978332  -4.06052550
   2.24607805  -4.05782512
   2.23474407  -4.04866966
   2.22817175  -4.04314853
   2.21986949  -4.03658127
   2.20977410  -4.02803163
   2.20496773  -4.02357549
   2.19212853  -4.01315449
   2.19016973  -4.01145044
   2.17508197  -3.99965534
   2.17329942  -3.99848761
   2.16060042  -3.98796637
   2.15573972  -3.98362083
   2.14552566  -3.97520217
   2.13732381  -3.96851421
   2.13069555  -3.96309465
   2.11948214  -3.95385731
   2.11581883  -3.95101114
   2.10113822  -3.93962385
   2.10014763  -3.93873105
   2.08599050  -3.92895280
   2.07942469  -3.92431599
   2.07131496  -3.91933697
   2.05729161  -3.90921439
   2.05636154  -3.90845513
   2.04158197  -3.89888418
   2.03502111  -3.89433206
   2.02656716  -3.88895312
   2.01348430  -3.87967160
   2.01178012  -3.87869377
   1.99700408  -3.86912230
   1.99044326  -3.86457063
   1.98213787  -3.85889767
   1.96895648  -3.84990180
   1.96720100  -3.84893474
   1.95221049  -3.83874871
   1.94674840  -3.83481028
   1.93759805  -3.82911122
   1.92527662  -3.82015143
   1.92250774  -3.81828844
   1.90767873  -3.80898231
   1.90292354  -3.80527987
   1.89281316  -3.79875622
   1.88070473  -3.79039565
   1.87793561  -3.78853291
   1.86310672  -3.77922774
   1.85750818  -3.77551495
   1.84820130  -3.76901056
   1.83613504  -3.76064217
   1.83336569  -3.75877968
   1.81871401  -3.74916922
   1.81398325  -3.74554813
   1.80386836  -3.73893404
   1.79251114  -3.73088869
   1.78897054  -3.72873914
   1.77417804  -3.71939197
   1.76934208  -3.71600297
   1.75927220  -3.70920797
   1.74716053  -3.70092521
   1.74440608  -3.69899013
   1.72940268  -3.68904889
   1.72561461  -3.68627292
   1.71473779  -3.67943729
   1.70338167  -3.67139313
   1.69961984  -3.66861134
   1.68501907  -3.65899623
   1.68124353  -3.65630662
   1.66999067  -3.64907756
   1.65894632  -3.64143328
   1.65514572  -3.63885100
   1.64045860  -3.62925257
   1.63668294  -3.62656324
   1.62560308  -3.61903080
   1.61532224  -3.61169217
   1.61076133  -3.60879741
   1.59592732  -3.59948531
   1.59212437  -3.59682203
   1.58087105  -3.58959454
   1.57059786  -3.58217146
   1.56582110  -3.57878199
   1.55112596  -3.56915801
   1.54835251  -3.56729745
   1.53631424  -3.55985623
   1.52527613  -3.55221222
   1.52147062  -3.54963210
   1.50649083  -3.54161783
   1.49997942  -3.53776214
   1.49164047  -3.53325369
   1.47694233  -3.52546115
   1.47228108  -3.52267977
   1.46210198  -3.51709390
   1.44709149  -3.50909085
   1.44518886  -3.50803263
   1.43240771  -3.50129375
   1.41785436  -3.49332438
   1.41688147  -3.49248301
   1.40259298  -3.48493047
   1.39051316  -3.47826860
   1.38769514  -3.47656685
   1.37284720  -3.46913260
   1.36347283  -3.46360711
   1.35799852  -3.46077014
   1.34330434  -3.45297819
   1.33577385  -3.44852848
   1.32835706  -3.44497547
   1.31340993  -3.43660619
   1.30798949  -3.43347974
   1.29860649  -3.42825052
   1.28375959  -3.42081731
   1.28011381  -3.41861838
   1.26891198  -3.41245595
   1.25422039  -3.40466439
   1.25322998  -3.40390890
   1.23921814  -3.39666208
   1.22624143  -3.38908154
   1.22434640  -3.38795257
   1.20971080  -3.38049794
   1.19845268  -3.37419678
   1.19480297  -3.37250474
   1.17998875  -3.36471720
   1.17143196  -3.35953130
   1.16491961  -3.35577501
   1.15013980  -3.34835636
   1.14364276  -3.34449808
   1.13529371  -3.33999661
   1.12044862  -3.33256525
   1.11577783  -3.32964512
   1.10574376  -3.32385131
   1.09094386  -3.31640385
   1.08808709  -3.31456932
   1.07608133  -3.30805197
   1.06111090  -3.30098898
   1.05928461  -3.30019553
   1.04626445  -3.29627633
   1.03154306  -3.29440950
   1.01689932  -3.29383290
   1.00206081  -3.29382884
   0.98722236  -3.29382485
   0.97238398  -3.29382093
   0.95754567  -3.29381709
   0.94270742  -3.29381331
   0.92786923  -3.29380961
   0.91293539  -3.29342438
   0.89831131  -3.29377952
   0.88325955  -3.29341539
   0.86851728  -3.29338064
   0.85367838  -3.29286426
   0.83884157  -3.29337212
   0.82400380  -3.29336798
   0.80916608  -3.29336390
   0.79432744  -3.29285164
   0.77948984  -3.29284867
   0.76465230  -3.29284577
   0.74981481  -3.29284294
   0.73497737  -3.29284018
   0.72013998  -3.29283750
   0.70530264  -3.29283489
   0.69046535  -3.29283235
   0.67562811  -3.29282989
   0.66069711  -3.29242948
   0.64595391  -3.29239608
   0.63111681  -3.29239289
   0.61639684  -3.29279775
   0.60134924  -3.29241686
   0.58660576  -3.29238378
   0.57176883  -3.29238090
   0.55693105  -3.29188487
   0.54209421  -3.29188306
   0.52725741  -3.29188133
   0.51242151  -3.29237008
   0.49758391  -3.29187807
   0.48274722  -3.29187656
   0.46791056  -3.29187511
   0.45298170  -3.29146258
   0.43823747  -3.29143034
   0.42340092  -3.29142819
   0.40856439  -3.29142612
   0.39363528  -3.29052619
   0.37900687  -3.29091527
   0.36405420  -3.29093913
   0.34921860  -3.29141857
   0.33438222  -3.29141686
   0.31954508  -3.29093676
   0.30470954  -3.29141368
   0.28987247  -3.29093555
   0.27503697  -3.29141079
   0.26019995  -3.29093463
   0.24536373  -3.29093428
   0.23052753  -3.29093400
   0.21560087  -3.29050798
   0.20097009  -3.29089810
   0.18590056  -3.29001771
   0.17118299  -3.29047512
   0.15646137  -3.29089547
   0.14139241  -3.29001802
   0.12667470  -3.29047290
   0.11183794  -3.29000651
   0.09700190  -3.29000689
   0.08216586  -3.29000734
   0.06733052  -3.29047097
   0.05249450  -3.29047067
   0.03765783  -3.29000651
   0.02282183  -3.29000636
   0.00798585  -3.29000628
  -0.00693896  -3.28957235
  -0.02168605  -3.28954241
  -0.03652202  -3.28954256
  -0.05135798  -3.28954278
  -0.06619394  -3.28954307
  -0.08102990  -3.28954344
  -0.09586586  -3.28954388
  -0.11070181  -3.28954440
  -0.12553836  -3.28908105
  -0.14037373  -3.28954565
  -0.15521026  -3.28908245
  -0.17004622  -3.28908327
  -0.18488218  -3.28908415
  -0.19980554  -3.28865128
  -0.21455408  -3.28862220
  -0.22927842  -3.28904466
  -0.24431314  -3.28865465
  -0.25906204  -3.28862574
  -0.27389804  -3.28862707
  -0.28873405  -3.28862847
  -0.30357007  -3.28862995
  -0.31840661  -3.28816757
  -0.33324215  -3.28863313
  -0.34807870  -3.28817089
  -0.36291429  -3.28863660
  -0.37775086  -3.28817451
  -0.39258695  -3.28817643
  -0.40750894  -3.28774479
  -0.42225921  -3.28771654
  -0.43709582  -3.28725475
  -0.45193154  -3.28772090
  -0.46676818  -3.28725926
  -0.48160439  -3.28726162
  -0.49644062  -3.28726406
  -0.51127688  -3.28726657
  -0.52611316  -3.28726916
  -0.54094906  -3.28773575
  -0.55578579  -3.28727455
  -0.57062215  -3.28727736
  -0.58554309  -3.28684682
  -0.60029499  -3.28681923
  -0.61513144  -3.28682226
  -0.62996791  -3.28682536
  -0.64480442  -3.28682853
  -0.65964096  -3.28683178
  -0.67447754  -3.28683511
  -0.68931414  -3.28683851
  -0.70415079  -3.28684198
  -0.71898746  -3.28684552
  -0.73382418  -3.28684914
  -0.74866093  -3.28685283
  -0.76349772  -3.28685660
  -0.77838877  -3.28642914
  -0.78297143  -3.28593376
  -0.79317208  -3.28547252
  -0.80800898  -3.28547651
  -0.82284592  -3.28548057
  -0.83768291  -3.28548471
  -0.85251994  -3.28548892
  -0.86735701  -3.28549320
  -0.88219413  -3.28549756
  -0.89703130  -3.28550199
  -0.91186851  -3.28550649
  -0.92678779  -3.28507823
  -0.94154318  -3.28505174
  -0.95638054  -3.28505646
  -0.97121796  -3.28506126
  -0.98605542  -3.28506614
  -1.00089294  -3.28507108
  -1.01573052  -3.28507610
  -1.03056833  -3.28461727
  -1.04530037  -3.28550724
  -1.05722573  -3.28663768
  -1.06003937  -3.28731273
  -1.07435938  -3.29132375
  -1.08876991  -3.29688803
  -1.09727014  -3.30160283
  -1.10379306  -3.30525292
  -1.11862959  -3.31268230
  -1.12515589  -3.31632589
  -1.13354060  -3.32089066
  -1.14816521  -3.32923477
  -1.15290700  -3.33131958
  -1.16313960  -3.33682701
  -1.17791043  -3.34418532
  -1.18168598  -3.34611449
  -1.19288880  -3.35246492
  -1.20759641  -3.35998658
  -1.20944444  -3.36092758
  -1.22256376  -3.36825297
  -1.23715870  -3.37492134
  -1.23811445  -3.37580091
  -1.25223931  -3.38404164
  -1.26511137  -3.39064248
  -1.26696124  -3.39158050
  -1.28199075  -3.39898124
  -1.29376834  -3.40545209
  -1.29656651  -3.40728268
  -1.31151623  -3.41484508
  -1.32163074  -3.42036178
  -1.32628198  -3.42312284
  -1.34128537  -3.43059481
  -1.35034950  -3.43528027
  -1.35595964  -3.43891404
  -1.37087102  -3.44642787
  -1.37829058  -3.45014391
  -1.38578685  -3.45463449
  -1.40046802  -3.46212620
  -1.40611415  -3.46500738
  -1.41546579  -3.47042666
  -1.43016405  -3.47794012
  -1.43385720  -3.47982851
  -1.44514537  -3.48621948
  -1.45979904  -3.49367413
  -1.46163771  -3.49463050
  -1.47474811  -3.50124001
  -1.48942165  -3.50868985
  -1.49037845  -3.50956823
  -1.50457953  -3.51695918
  -1.51818765  -3.52436526
  -1.51914708  -3.52524206
  -1.53403276  -3.53285734
  -1.54511456  -3.53934874
  -1.54888019  -3.54203684
  -1.56362844  -3.55118591
  -1.56828911  -3.55404691
  -1.57861767  -3.56127806
  -1.59239371  -3.56895972
  -1.59335353  -3.56983608
  -1.60820897  -3.57910460
  -1.61560803  -3.58375898
  -1.62314720  -3.58914362
  -1.63772523  -3.59772174
  -1.63954882  -3.59869638
  -1.65268727  -3.60710159
  -1.66284623  -3.61360533
  -1.66755641  -3.61720619
  -1.68231786  -3.62569982
  -1.68606739  -3.62842483
  -1.69724232  -3.63578966
  -1.70841604  -3.64311150
  -1.71220716  -3.64577385
  -1.72680963  -3.65444720
  -1.73252335  -3.65822883
  -1.74192407  -3.66451353
  -1.75562578  -3.67294738
  -1.75658456  -3.67382976
  -1.77148262  -3.68317089
  -1.77888277  -3.68782672
  -1.78630494  -3.69247331
  -1.80100353  -3.70179452
  -1.80195724  -3.70268648
  -1.81637111  -3.71165589
  -1.82540063  -3.71726740
  -1.83096808  -3.72098384
  -1.84562291  -3.73045211
  -1.84925199  -3.73242656
  -1.86052961  -3.73987033
  -1.87257103  -3.74729141
  -1.87536131  -3.74913975
  -1.89031814  -3.75841251
  -1.89589897  -3.76216618
  -1.90542757  -3.76822809
  -1.91905053  -3.77691636
  -1.92005501  -3.77772526
  -1.93484141  -3.78709960
  -1.94304827  -3.79186074
  -1.94956263  -3.79648046
  -1.96442308  -3.80580534
  -1.96624693  -3.80678320
  -1.97966587  -3.81562465
  -1.98951230  -3.82155683
  -1.99429292  -3.82506344
  -2.00884000  -3.83376241
  -2.01256480  -3.83653289
  -2.02401306  -3.84386064
  -2.03588718  -3.85140060
  -2.03867810  -3.85324916
  -2.05363697  -3.86252330
  -2.06000167  -3.86634558
  -2.06854466  -3.87254754
  -2.08238838  -3.88101151
  -2.08339305  -3.88182061
  -2.09804571  -3.89048088
  -2.10647565  -3.89598338
  -2.11309527  -3.90043509
  -2.12766334  -3.90913923
  -2.12957929  -3.91090858
  -2.14281157  -3.91915590
  -2.15182329  -3.92555124
  -2.15743846  -3.93014144
  -2.17131627  -3.94056382
  -2.17228111  -3.94144293
  -2.18697438  -3.95259960
  -2.19065311  -3.95542967
  -2.20204657  -3.96458659
  -2.20931449  -3.97022436
  -2.21668555  -3.97587035
  -2.22880258  -3.98518795
  -2.23155612  -3.98708829
  -2.24640462  -3.99916235
  -2.24735561  -4.00006275
  -2.26127063  -4.01035971
  -2.26689116  -4.01494081
  -2.27625957  -4.02226540
  -2.28550908  -4.02965789
  -2.29112521  -4.03424918
  -2.30485386  -4.04468928
  -2.30580125  -4.04559570
  -2.32065023  -4.05673344
  -2.32432869  -4.05956527
  -2.33556739  -4.06883035
  -2.34221610  -4.07440178
  -2.35074857  -4.08065422
  -2.36170065  -4.08914119
  -2.36539751  -4.09195305
  -2.38008894  -4.10330852
  -2.38104069  -4.10420839
  -2.39510734  -4.11523763
  -2.40055176  -4.11926669
  -2.40995750  -4.12653087
  -2.41921795  -4.13379006
  -2.42483509  -4.13838248
  -2.43854957  -4.14884631
  -2.43949766  -4.14975232
  -2.45434986  -4.16089252
  -2.45723536  -4.16356256
  -2.46927693  -4.17298211
  -2.47682581  -4.17847153
  -2.48447837  -4.18468366
  -2.49542172  -4.19328862
  -2.49911924  -4.19610120
  -2.51379745  -4.20748039
  -2.51475000  -4.20837969
  -2.52866686  -4.21868460
  -2.53429432  -4.22326147
  -2.54391665  -4.23118551
  -2.55295101  -4.23794860
  -2.55856921  -4.24254218
  -2.57149678  -4.25283883
  -2.57343736  -4.25459753
  -2.58808637  -4.26595357
  -2.59079228  -4.26790819
  -2.60303765  -4.27726475
  -2.60973082  -4.28242706
  -2.61801970  -4.28902588
  -2.62904019  -4.29750029
  -2.63266775  -4.30039513
  -2.64753126  -4.31167883
  -2.64848483  -4.31257730
  -2.66237042  -4.32372721
  -2.66702967  -4.32746318
  -2.67765170  -4.33548852
  -2.68670937  -4.34213439
  -2.69232868  -4.34672917
  -2.70601627  -4.35723940
  -2.70697255  -4.35813632
  -2.72186504  -4.36946817
  -2.72478444  -4.37207388
  -2.73678610  -4.38134730
  -2.74335011  -4.38691367
  -2.75176714  -4.39335280
  -2.76293942  -4.40166500
  -2.76686332  -4.40511678
  -2.78129148  -4.41590472
  -2.78226089  -4.41678333
  -2.79614223  -4.42794681
  -2.80080125  -4.43168458
  -2.81142915  -4.43970215
  -2.81974665  -4.44612090
  -2.82611461  -4.45094431
  -2.83830652  -4.46101767
  -2.84121861  -4.46365708
  -2.85564888  -4.47436737
  -2.85832005  -4.47636480
  -2.87065780  -4.48726355
  -2.87432780  -4.49083968
  -2.88521642  -4.50216317
  -2.88806850  -4.50572528
  -2.89989429  -4.51984719
  -2.90079630  -4.52079970
  -2.91153706  -4.53525787
  -2.91500972  -4.53917297
  -2.92358601  -4.55013636
  -2.92979766  -4.55780194
  -2.93525957  -4.56521432
  -2.94461337  -4.57741059
  -2.94734048  -4.58037419
  -2.95871647  -4.59502607
  -2.95959564  -4.59599801
  -2.97085438  -4.60991586
  -2.97465044  -4.61450218
  -2.98217258  -4.62456095
  -2.98924061  -4.63321407
  -2.99463336  -4.63986773
  -3.00416610  -4.65189583
  -3.00685430  -4.65480519
  -3.01823438  -4.66945840
  -3.01911366  -4.67043049
  -3.02965569  -4.68411623
  -3.03424924  -4.68974483
  -3.04169597  -4.69899831
  -3.04898854  -4.70841519
  -3.05378435  -4.71412340
  -3.06368023  -4.72732781
  -3.06547429  -4.72924700
  -3.07693842  -4.74390634
  -3.07875200  -4.74581010
  -3.08918392  -4.75856260
  -3.09377810  -4.76419211
  -3.10059541  -4.77322325
  -3.10852115  -4.78286577
  -3.11302381  -4.78856171
  -3.12340561  -4.80148028
  -3.12448510  -4.80322954
  -3.13638364  -4.81835844
  -3.13838160  -4.82103609
  -3.14851567  -4.83325371
  -3.15345051  -4.83952356
  -3.16009193  -4.84767813
  -3.16779508  -4.85744869
  -3.17234335  -4.86326088
  -3.18267359  -4.87618786
  -3.18376537  -4.87792383
  -3.19592584  -4.89282618
  -3.19792409  -4.89550427
  -3.20729059  -4.90748423
  -3.21287407  -4.91493139
  -3.21920590  -4.92256670
  -3.22752350  -4.93285324
  -3.23124553  -4.93750830
  -3.24245022  -4.95142033
  -3.24331626  -4.95240166
  -3.25456161  -4.96730571
  -3.25745751  -4.97094172
  -3.26621356  -4.98174287
  -3.27243019  -4.98941556
  -3.27852447  -4.99722384
  -3.28702399  -5.00830015
  -3.28991035  -5.01199801
  -3.30139727  -5.02666806
  -3.30229883  -5.02762517
  -3.31412068  -5.04179804
  -3.31701701  -5.04543467
  -3.32548065  -5.05646108
  -3.33169821  -5.06413507
  -3.33747119  -5.07152571
  -3.34658992  -5.08279973
  -3.34947513  -5.08649794
  -3.36089295  -5.10116836
  -3.36176689  -5.10214532
  -3.37302972  -5.11607258
  -3.37658544  -5.11994026
  -3.38505361  -5.13096916
  -3.39149602  -5.13940751
  -3.39706718  -5.14606464
  -3.40639148  -5.15806508
  -3.40904893  -5.16101063
  -3.42020565  -5.17591213
  -3.42108575  -5.17688534
  -3.43234724  -5.19081976
  -3.43614753  -5.19541203
  -3.44397037  -5.20526262
  -3.45106462  -5.21482264
  -3.45551265  -5.22061742
  -3.46593220  -5.23359456
  -3.46772584  -5.23553597
  -3.47913937  -5.25021127
  -3.48089984  -5.25215804
  -3.49123016  -5.26511807
  -3.49560128  -5.27000481
  -3.50329747  -5.28002250
  -3.51059855  -5.28945161
  -3.51533855  -5.29516110
  -3.52550390  -5.30809863
  -3.52721147  -5.31006336
  -3.53873393  -5.32475271
  -3.54049466  -5.32669984
  -3.55082724  -5.33966229
  -3.55542673  -5.34529929
  -3.56226552  -5.35434519
  -3.57042453  -5.36476399
  -3.57470840  -5.36970409
  -3.58510654  -5.38366422
  -3.58600467  -5.38462531
  -3.59741830  -5.39930605
  -3.60007448  -5.40221732
  -3.60946997  -5.41421520
  -3.61483528  -5.42090755
  -3.62138617  -5.42931286
  -3.62971244  -5.43961163
  -3.63343838  -5.44427222
  -3.64465995  -5.45820191
  -3.64552686  -5.45918443
  -3.65699040  -5.47387234
  -3.65958218  -5.47682538
  -3.66916146  -5.48878979
  -3.67499891  -5.49603248
  -3.68149572  -5.50348033
  -3.68965744  -5.51390293
  -3.69415175  -5.51884900
  -3.70440080  -5.53086924
  -3.70640290  -5.53354225
  -3.71690051  -5.54823088
  -3.71947182  -5.55119630
  -3.72808295  -5.56314758
  -3.73430718  -5.57083094
  -3.74059681  -5.57845280
  -3.74892391  -5.58968544
  -3.75178721  -5.59343994
  -3.76327464  -5.60812868
  -3.76417724  -5.60908717
  -3.77561244  -5.62282508
  -3.77929511  -5.62752235
  -3.78745985  -5.63797186
  -3.79384216  -5.64554732
  -3.79960915  -5.65283194
  -3.80878881  -5.66505877
  -3.81077025  -5.66781421
  -3.82286732  -5.68273719
  -3.82374231  -5.68371557
  -3.83497522  -5.69766060
  -3.83868285  -5.70234035
  -3.84707175  -5.71258374
  -3.85352250  -5.72103402
  -3.85907851  -5.72773261
  -3.86865452  -5.74046988
  -3.87041953  -5.74243300
  -3.88248111  -5.75735705
  -3.88355252  -5.75912115
  -3.89373561  -5.77228278
  -3.89843425  -5.77784784
  -3.90609705  -5.78698694
  -3.91363100  -5.79719207
  -3.91787424  -5.80213248
  -3.92830481  -5.81512871
  -3.92939691  -5.81684277
  -3.94126116  -5.83199334
  -3.94302381  -5.83394302
  -3.95339871  -5.84692177
  -3.95809817  -5.85248793
  -3.96549852  -5.86185290
  -3.97299257  -5.87115581
  -3.97754815  -5.87677931
  -3.98769936  -5.88996863
  -3.98882955  -5.89171139
  -4.00093403  -5.90664437
  -4.00269698  -5.90859445
  -4.01240080  -5.92134843
  -4.01788181  -5.92797286
  -4.02451504  -5.93628515
  -4.03268503  -5.94671940
  -4.03634116  -5.95144187
  -4.04735442  -5.96564076
  -4.04825368  -5.96660333
  -4.05969335  -5.98130765
  -4.06258306  -5.98496477
  -4.07178314  -5.99624455
  -4.07715569  -6.00294698
  -4.08372459  -6.01137675
  -4.09249154  -6.02225573
  -4.09603363  -6.02611752
  -4.10701334  -6.04029569
  -4.10788138  -6.04127973
  -4.11872419  -6.05576375
  -4.12241068  -6.06046638
  -4.13084153  -6.07070958
  -4.13733497  -6.08007119
  -4.14106499  -6.08566425
  -4.14568064  -6.10052015
  -4.14617228  -6.11548620
  -4.14620646  -6.13040189
  -4.14622498  -6.14539973
  -4.14580972  -6.16023591
  -4.14536312  -6.17523211
  -4.14494798  -6.19006780
  -4.14496838  -6.20504098
  -4.14408652  -6.21990134
  -4.14410707  -6.23487666
  -4.14318305  -6.24986375
  -4.14118523  -6.26497094
  -4.13821409  -6.27234049
  -4.13454764  -6.27994341
  -4.12428924  -6.29485131
  -4.12343543  -6.29583764
  -4.11166920  -6.31019404
  -4.10870171  -6.31374790
  -4.09838766  -6.32486609
  -4.09385215  -6.32957262
  -4.08445891  -6.33975720
  -4.07888669  -6.34534059
  -4.06959964  -6.35464634
  -4.06402743  -6.36022987
  -4.05474041  -6.36953588
  -4.04928621  -6.37517706
  -4.04011510  -6.38465905
  -4.03454292  -6.39024289
  -4.02525595  -6.39954941
  -4.01968378  -6.40513340
  -4.01039683  -6.41444018
  -4.00482468  -6.42002433
  -3.99553775  -6.42933137
  -3.98996561  -6.43491568
  -3.98137532  -6.44399212
  -3.97487450  -6.45050734
  -3.96651629  -6.45888415
  -3.96001549  -6.46539954
  -3.95165730  -6.47377659
  -3.94528793  -6.48035351
  -3.93703225  -6.48890266
  -3.93040455  -6.49536625
  -3.92193939  -6.50356275
  -3.91557090  -6.51013984
  -3.90731441  -6.51868966
  -3.90081365  -6.52520579
  -3.89245552  -6.53358380
  -3.88618691  -6.53940008
  -3.87690012  -6.54870923
  -3.87108305  -6.55422456
  -3.86053207  -6.56323372
  -3.85583043  -6.56688055
  -3.84118746  -6.57671328
  -3.83836728  -6.57852080
  -3.82631971  -6.58528633
  -3.81232665  -6.59348214
  -3.81131046  -6.59425785
  -3.79671490  -6.60207658
  -3.78618698  -6.60829430
  -3.78144617  -6.61089593
  -3.76681271  -6.61848723
  -3.75937753  -6.62313575
  -3.75188649  -6.62706355
  -3.73701415  -6.63542737
  -3.73227342  -6.63802920
  -3.72207547  -6.64350633
  -3.70723747  -6.65200100
  -3.70621809  -6.65276235
  -3.69265136  -6.65971823
  -3.67855355  -6.66815181
  -3.67752562  -6.66888472
  -3.66274987  -6.67636889
  -3.65233558  -6.68263858
  -3.64759498  -6.68524079
  -3.63296675  -6.69283515
  -3.62553192  -6.69748463
  -3.61803692  -6.70141191
  -3.60327769  -6.70975175
  -3.59861375  -6.71251208
  -3.58829379  -6.71814340
  -3.57339127  -6.72635529
  -3.57237189  -6.72711681
  -3.55870489  -6.73402187
  -3.54439847  -6.74205075
  -3.54337318  -6.74276140
  -3.52853797  -6.74861273
  -3.51371726  -6.75358427
  -3.50237695  -6.75712309
  -3.49865731  -6.75804801
  -3.48378318  -6.76238582
  -3.46908500  -6.76655042
  -3.45416082  -6.77114485
  -3.45314075  -6.77178350
  -3.43904002  -6.77614138
  -3.42427502  -6.77998649
  -3.40939955  -6.78464268
  -3.40380094  -6.78643143
  -3.39452235  -6.78925439
  -3.37977757  -6.79338082
  -3.36494928  -6.79805432
  -3.35360811  -6.80159304
  -3.34988880  -6.80251831
  -3.33501719  -6.80685853
  -3.32052317  -6.81070350
  -3.30539741  -6.81562042
  -3.30348868  -6.81639021
  -3.29038461  -6.82012380
  -3.27564544  -6.82395722
  -3.26064085  -6.82922515
  -3.25413273  -6.83107812
  -3.24575742  -6.83309611
  -3.23088750  -6.83743804
  -3.21611571  -6.84154123
  -3.20108974  -6.84543958
  -3.20009184  -6.84600044
  -3.18988333  -6.84871081
         
