# shadow point cont 3D ind 313  size 1143
# norm -0.7754957 -0.6313528  0.0000000
# angle  2.4582963
   2.05049299045871   -2.51863711852803   -6.84411719681943
   2.05109620991917   -2.51937805786838   -6.84362178200945
   2.05989905839380   -2.53019066782127   -6.84139566382798
   2.06926028038811   -2.54168913248287   -6.83780223929535
   2.07865279949349   -2.55322603963903   -6.83410051884614
   2.08796944485024   -2.56466975045632   -6.83019541059666
   2.09027963267105   -2.56750737283461   -6.82899687102723
   2.09742727282777   -2.57628687702817   -6.82488591015143
   2.10682933697991   -2.58783550844245   -6.82112935336730
   2.11622217879717   -2.59937281198823   -6.81742820136603
   2.12375705919535   -2.60862796650123   -6.81422704550349
   2.12552612572128   -2.61080092521803   -6.81334260943139
   2.13491387340586   -2.62233197159945   -6.80872221677444
   2.14433134139738   -2.63389952367418   -6.80495246634978
   2.15386017753747   -2.64560387014621   -6.80115526612583
   2.15557102046418   -2.64770531234534   -6.80004417748695
   2.16317290359650   -2.65704276685841   -6.79619725391960
   2.17248477879642   -2.66848061845350   -6.79205301726161
   2.18197128307459   -2.68013296835728   -6.78779045799615
   2.18894477212375   -2.68869856133739   -6.78480774243038
   2.19126369290403   -2.69154691048041   -6.78374254950332
   2.20075759557514   -2.70320834789006   -6.77945715459137
   2.21015128520732   -2.71474669281376   -6.77575740625793
   2.21941412948858   -2.72612431933503   -6.77156946724408
   2.22233851873076   -2.72971637028505   -6.76959079338807
   2.22884280315013   -2.73770563542485   -6.76612007200604
   2.23826217811719   -2.74927552985305   -6.76235251451998
   2.24765622604619   -2.76081431487563   -6.75865331859844
   2.25525481521385   -2.77014772338527   -6.75513680183538
   2.25700386456743   -2.77229609484744   -6.75415865289529
   2.26658019131709   -2.78405877441917   -6.74933470657434
   2.27589416865522   -2.79549920808761   -6.74525003006627
   2.28235584276974   -2.80343613464546   -6.74076183172084
   2.28527559534497   -2.80702249033998   -6.73884951278888
   2.29478301040143   -2.81870052512179   -6.73091492945303
   2.30059217195689   -2.82583596522776   -6.72609681755305
   2.30418514728133   -2.83024924586817   -6.72258139844137
   2.31344600730707   -2.84162443511234   -6.71567679090759
   2.31878673995543   -2.84818450020444   -6.71121652658291
   2.32307072481037   -2.85344655343801   -6.70712570131261
   2.33222864568521   -2.86469530169087   -6.69992688808393
   2.33639326242801   -2.86981073410720   -6.69634868551977
   2.34162078470795   -2.87623174198845   -6.69158870649519
   2.35100683694570   -2.88776070583882   -6.68408355785966
   2.35399998253109   -2.89143721076111   -6.68148152385815
   2.36039972873884   -2.89929807077039   -6.67578092056815
   2.36978759430258   -2.91082926194372   -6.66828809369461
   2.37220589251578   -2.91379967719107   -6.66657599084757
   2.37918234666101   -2.92236891222267   -6.66000807026158
   2.38867854362600   -2.93403316773203   -6.65283658654430
   2.38936272031208   -2.93487354748716   -6.65208340873676
   2.39808145012138   -2.94558283380332   -6.64451863578682
   2.40688505937087   -2.95639637822214   -6.63708611165513
   2.40755425945816   -2.95721836209987   -6.63628732954930
   2.41685800983477   -2.96864623390880   -6.62870993856396
   2.42550674865009   -2.97926954972117   -6.62184720454429
   2.42613859093095   -2.98004564670323   -6.62102395409952
   2.43563960458246   -2.99171581858760   -6.61291713498587
   2.44321161432231   -3.00101657937117   -6.60716039905675
   2.44478752645990   -3.00295228499111   -6.60591667764858
   2.45442145347757   -3.01478571543773   -6.59712507707476
   2.46081963590612   -3.02264465464438   -6.59229725681294
   2.46381297303280   -3.02632139483838   -6.58969596542840
   2.47308641052263   -3.03771203308337   -6.58193933476385
   2.47842788615506   -3.04427301078882   -6.57743476677671
   2.48247916122037   -3.04924922470631   -6.57362080078921
   2.49162714689561   -3.06048576947317   -6.56333858369145
   2.49226333576260   -3.06126720540212   -6.56253364665464
   2.50157921545657   -3.07270997574962   -6.54916791346416
   2.50217664385446   -3.07344380188098   -6.54823261815535
   2.51081515364967   -3.08405455330527   -6.53588991292745
   2.51258548690313   -3.08622906795373   -6.53311003637818
   2.52034335443717   -3.09575811936857   -6.52124689308514
   2.52211477437038   -3.09793396879456   -6.51844952116710
   2.52959077400861   -3.10711679959406   -6.50704868953943
   2.53202124252171   -3.11010216371917   -6.50351097583901
   2.53912009470113   -3.11882174124577   -6.49238892235688
   2.54190531338107   -3.12224284786898   -6.48843493256618
   2.54848905154741   -3.13032970668858   -6.47843484290136
   2.55187448143024   -3.13448805758504   -6.47354489335286
   2.55759149556493   -3.14151031226905   -6.46493726657654
   2.56136120267127   -3.14614067398605   -6.45885496415500
   2.56712088562295   -3.15321533912296   -6.45027869841064
   2.57122538306850   -3.15825692652041   -6.44376366829086
   2.57650260149274   -3.16473897657751   -6.43538731855294
   2.58117797809787   -3.17048177946226   -6.42885016494459
   2.58588551828944   -3.17626408914028   -6.42142946088323
   2.59069233461780   -3.18216834049978   -6.41419411631991
   2.59541497558233   -3.18796919857932   -6.40677212635879
   2.60010587001904   -3.19373106214207   -6.39932699663803
   2.60465026547323   -3.19931297982014   -6.39258178958783
   2.61050278786426   -3.20650168039100   -6.38418909916904
   2.61415838050198   -3.21099187438358   -6.37886553089286
   2.62004461809345   -3.21822198760773   -6.36955239453599
   2.62341632233280   -3.22236347918534   -6.36466869792061
   2.62986636957218   -3.23028612435846   -6.35443246499154
   2.63279821302799   -3.23388733137933   -6.34977969371027
   2.63937372972720   -3.24196409170438   -6.33975987435450
   2.64235039373007   -3.24562035216561   -6.33417523880358
   2.64595986680207   -3.25005389712273   -6.32491403583692
   2.64758913030179   -3.25205513465212   -6.30994778285640
   2.64763410036507   -3.25211037174443   -6.29480943686510
   2.64761173344300   -3.25208289827322   -6.27988892508019
   2.64701267811694   -3.25134707377282   -6.26488836795452
   2.64697954119294   -3.25130637142116   -6.25004669585950
   2.64695732607214   -3.25127908440867   -6.23512745084869
   2.64665367738535   -3.25090611027167   -6.22016305474472
   2.64632545313231   -3.25050294976794   -6.20528776231820
   2.64630338978075   -3.25047584917484   -6.19036977561059
   2.64570499420503   -3.24974083505112   -6.17537594320229
   2.64567183598606   -3.24970010654267   -6.16053261080241
   2.64507366554043   -3.24896536894807   -6.14554101289078
   2.64307211071741   -3.24650684297628   -6.13129338332914
   2.64239336460886   -3.24567313364344   -6.12949440472075
   2.63665786779328   -3.23862817653306   -6.11509213802993
   2.63329842455617   -3.23450174524363   -6.10835387030492
   2.62897800172267   -3.22919493494639   -6.10012741188438
   2.62388552807191   -3.22293980838824   -6.09053000857551
   2.62111842748095   -3.21954095636021   -6.08466729253329
   2.61475919275273   -3.21172985692878   -6.07237547336411
   2.61330292300672   -3.20994110902573   -6.06970881409121
   2.60528710978102   -3.20009522083232   -6.05534251306908
   2.60469834115032   -3.19937203156300   -6.05440872055582
   2.59692837316338   -3.18982811706403   -6.03984675370196
   2.59562723788304   -3.18822992207944   -6.03721363419397
   2.58910798045554   -3.18022226547269   -6.02519593012789
   2.58619953674007   -3.17664980054204   -6.01954900827047
   2.58103479160070   -3.17030590233011   -6.00997983452048
   2.57697296902254   -3.16531673281730   -6.00243114152466
   2.57277296573138   -3.16015783481751   -5.99504101001425
   2.56736729090886   -3.15351800072784   -5.98491899699155
   2.56496161086395   -3.15056308447862   -5.98037832339506
   2.55800726479878   -3.14202100498050   -5.96716690554812
   2.55704366053457   -3.14083740207198   -5.96525186763401
   2.54924306250553   -3.13125586444465   -5.95025146030133
   2.54852330666248   -3.13037178252338   -5.94855792589086
   2.54142964317642   -3.12165857831078   -5.93558771820493
   2.53924747476500   -3.11897820320809   -5.93164100294055
   2.53316827415361   -3.11151107194644   -5.92063630946036
   2.52968430801941   -3.10723168817575   -5.91404058940931
   2.52508176090995   -3.10157834234937   -5.90545322970562
   2.52027148307300   -3.09566983919088   -5.89625787111699
   2.51727761494788   -3.09199244676721   -5.89077221940564
   2.51088011082164   -3.08413434072478   -5.87854025906553
   2.50947719018320   -3.08241112196189   -5.87580316564836
   2.50181551754581   -3.07300022751634   -5.86115947425452
   2.50127400435702   -3.07233508248838   -5.86017018589388
   2.49329373617407   -3.06253285455837   -5.84573161200210
   2.49201942377258   -3.06096760633273   -5.84306435817888
   2.48550001865502   -3.05295976831709   -5.83105180014903
   2.48259298122114   -3.04938903073350   -5.82540788111480
   2.47724552933549   -3.04282071234792   -5.81610887742734
   2.47318394496480   -3.03783183542727   -5.80856760120043
   2.46915927625426   -3.03288830231044   -5.80093822983812
   2.46377338897894   -3.02627277342497   -5.79079798628362
   2.46095507735126   -3.02281101846649   -5.78602922505128
   2.45427029297247   -3.01460004376717   -5.77230754220285
   2.45378273763984   -3.01400117561019   -5.77139855976882
   2.44564109267207   -3.00400072727064   -5.75616764456817
   2.44508167968246   -3.00331359577262   -5.75519632917037
   2.43779977044513   -2.99436916778177   -5.74145735965901
   2.43538368532091   -2.99140147088951   -5.73687962057994
   2.42955226665766   -2.98423869219811   -5.72652344435891
   2.42597360826484   -2.97984299716056   -5.72006255258908
   2.42133881279350   -2.97415004041054   -5.71161247313858
   2.41655262425814   -2.96827112633596   -5.70239087267231
   2.41370416275429   -2.96477233804081   -5.69669977579141
   2.40730964536258   -2.95691790062856   -5.68447418341480
   2.40584485224063   -2.95511868339392   -5.68175748793179
   2.39824561297606   -2.94578447636500   -5.66710064703050
   2.39770434682698   -2.94511963477792   -5.66611187755050
   2.39015208830558   -2.93584313457566   -5.65191496001518
   2.38846019841028   -2.93376497253824   -5.64901770506694
   2.38194051321076   -2.92575679049566   -5.63701016088968
   2.37917872697461   -2.92236446613260   -5.63211892556807
   2.37369166351052   -2.91562466171646   -5.62207582377212
   2.36948685698004   -2.91045986385898   -5.61379776927445
   2.36561096217650   -2.90569907093496   -5.60691362220839
   2.36022753224847   -2.89908656042904   -5.59677860020910
   2.35740738835182   -2.89562255487977   -5.59201126256154
   2.35087009463359   -2.88759274415129   -5.57904274862579
   2.34965894202058   -2.88610507560450   -5.57704066541338
   2.34201283222485   -2.87671329712319   -5.56212207308618
   2.34127740671184   -2.87580996801960   -5.56049051905615
   2.33412721425110   -2.86702732881037   -5.54772820186920
   2.33196274674911   -2.86436869587785   -5.54377438100156
   2.32605459181149   -2.85711166140022   -5.53256081889710
   2.32257382046505   -2.85283620181315   -5.52597189917650
   2.31797572771647   -2.84718832731424   -5.51740061701707
   2.31317401042514   -2.84129033914316   -5.50820909097980
   2.31017778430951   -2.83761005038068   -5.50272727300089
   2.30378612938826   -2.82975912896402   -5.49050781944539
   2.30207029853418   -2.82765156005337   -5.48759408889755
   2.29472247620707   -2.81862617048144   -5.47314130150624
   2.29418144673610   -2.81796161960799   -5.47215303190757
   2.28647431951363   -2.80849489292810   -5.45820108116989
   2.28479719631015   -2.80643486893763   -5.45528944505928
   2.27839600483821   -2.79857223369865   -5.44304137099491
   2.27554780915078   -2.79507377190798   -5.43825108219558
   2.27018410309413   -2.78848548839273   -5.42814127362060
   2.26598117451927   -2.78332299724333   -5.41986729677092
   2.26210879732231   -2.77856652502392   -5.41298718742826
   2.25672772083445   -2.77195690526758   -5.40285719684645
   2.25431615751049   -2.76899476253915   -5.39832024455704
   2.24722707022641   -2.76028717931245   -5.38438313142461
   2.24661105103479   -2.75953051795884   -5.38336395608193
   2.23844611183302   -2.74950145712332   -5.36849897216424
   2.23789407709635   -2.74882338839304   -5.36752139983636
   2.23035717158696   -2.73956574641956   -5.35333449892469
   2.22851020516904   -2.73729710263561   -5.34972231903117
   2.22254049023292   -2.72996445351410   -5.33864806916972
   2.21896492645697   -2.72557255961947   -5.33219368873483
   2.21432820219866   -2.71987723372482   -5.32375044674393
   2.20954624270742   -2.71400351421933   -5.31453796070583
   2.20652899038013   -2.71029739879107   -5.30909498283858
   2.20029699927766   -2.70264259373391   -5.29670214426046
   2.19859447804363   -2.70055137313718   -5.29372434037739
   2.19120969340697   -2.69148058246159   -5.27922293204580
   2.19062208441161   -2.69075881758174   -5.27829088025829
   2.18259033338823   -2.68089335286257   -5.26411690801770
   2.18147270710605   -2.67952056346410   -5.26217676797585
   2.17478072027558   -2.67130074193516   -5.24944709022424
   2.17190498561670   -2.66776845380319   -5.24378659812376
   2.16672085964586   -2.66140074995927   -5.23430157153460
   2.16266457649335   -2.65641838456777   -5.22677157018435
   2.15850278960643   -2.65130642808629   -5.21940369983945
   2.15324873405480   -2.64485282917289   -5.20911069016660
   2.15044800590261   -2.64141267213952   -5.20426556593423
   2.14391639408899   -2.63338984054041   -5.19130947531994
   2.14272625739909   -2.63192798602189   -5.18931351144658
   2.13499416660123   -2.62243059638050   -5.17468701006788
   2.13444235404803   -2.62175280055996   -5.17370990609842
   2.12678099462647   -2.61234229083995   -5.15979756734840
   2.12501764169673   -2.61017635017956   -5.15607203984158
   2.11892897998881   -2.60269759777655   -5.14506530904620
   2.11549445623094   -2.59847894447645   -5.13849326513671
   2.11090475478735   -2.59284137708531   -5.12997783021439
   2.10637231358138   -2.58727414290698   -5.12138466812714
   2.10284800479419   -2.58294520592944   -5.11483870838327
   2.09687199752687   -2.57560482788665   -5.10285958804337
   2.09513230925457   -2.57346795471631   -5.09989067164020
   2.08752569014853   -2.56412468296843   -5.08597939825068
   2.08690747079638   -2.56336531913985   -5.08498793100327
   2.07916305394765   -2.55385278931052   -5.07035461297603
   2.07790109673645   -2.55230271706500   -5.06767557851851
   2.07134684706993   -2.54425207920816   -5.05566891105692
   2.06836969805888   -2.54059522300748   -5.05014371861513
   2.06312415707814   -2.53415208261034   -5.04077262608949
   2.05920733695578   -2.52934102078635   -5.03312709133637
   2.05506987199261   -2.52425893912045   -5.02564623323900
   2.04971001573385   -2.51767538434309   -5.01550150577637
   2.04703235229458   -2.51438638869158   -5.01053050453474
   2.04050339027374   -2.50636681185437   -4.99758026380598
   2.03976380989411   -2.50545837929452   -4.99582052802549
   2.03158396050897   -2.49541100416023   -4.98096513882101
   2.03103235982695   -2.49473346858278   -4.97998848431547
   2.02334789701120   -2.48529458077689   -4.96605150120687
   2.02151301537824   -2.48304078083200   -4.96242592798505
   2.01554097275006   -2.47570527258753   -4.95137789894155
   2.01209187404683   -2.47146871676419   -4.94478786063494
   2.00749058856321   -2.46581692060302   -4.93625986724885
   2.00271248829111   -2.45994794140760   -4.92705580606377
   1.99967725507550   -2.45621973990883   -4.92156507627753
   1.99360075957927   -2.44875593136202   -4.90999459856266
   1.99135343118949   -2.44599551973108   -4.90603252709879
   1.98413771777336   -2.43713240060262   -4.89229870890078
   1.98361558125492   -2.43649105609551   -4.89137489482396
   1.97633180947345   -2.42754434032665   -4.87664785779215
   1.97457034002068   -2.42538071315623   -4.87385447232545
   1.96796690342349   -2.41726965859475   -4.86200212625394
   1.96513530539670   -2.41379158384483   -4.85720759210641
   1.95974596028359   -2.40717180766925   -4.84711222270199
   1.95571568123278   -2.40222138332611   -4.83957279711275
   1.95169375191680   -2.39728121502978   -4.83199225300547
   1.94633593759404   -2.39070016837891   -4.82185198786075
   1.94406689199212   -2.38791308132071   -4.81711092209946
   1.93713032750330   -2.37939284307658   -4.80393777737139
   1.93640098205355   -2.37849698216386   -4.80218050693377
   1.92818088875206   -2.36840017510174   -4.78728797557904
   1.92759382579086   -2.36767908092006   -4.78635703928127
   1.91998373321262   -2.35833154267819   -4.77242360347840
   1.91829484900317   -2.35625707254901   -4.76953261832802
   1.91218145995569   -2.34874794735490   -4.75775677524769
   1.90872870044394   -2.34450689493087   -4.75116818649568
   1.90412102606827   -2.33884725124194   -4.74262962519216
   1.89923797344605   -2.33284935822632   -4.73359356636290
   1.89632495187836   -2.32927127028279   -4.72800272093468
   1.88997061098553   -2.32146618198893   -4.71667432282310
   1.88811034732543   -2.31918120509490   -4.71306732626067
   1.88061808205679   -2.30997839509005   -4.69895684022211
   1.88007386247394   -2.30930992577639   -4.69800244853991
   1.87242854651182   -2.29991912236733   -4.68309061686599
   1.87131216319539   -2.29854785971374   -4.68115310524807
   1.86462549786313   -2.29033457462407   -4.66841945371507
   1.86164787256079   -2.28667713339094   -4.66289853895889
   1.85599275037931   -2.27973090109345   -4.65331718186905
   1.85251824175375   -2.27546313405709   -4.64674185653826
   1.84793828193336   -2.26983753238048   -4.63819129615505
   1.84314523201374   -2.26395019041214   -4.62901866873464
   1.84013792150410   -2.26025628659889   -4.62353500459985
   1.83376270154416   -2.25242555237808   -4.61135023492151
   1.83248965170672   -2.25086185497008   -4.60862219033663
   1.82470647564776   -2.24130171688946   -4.59399158149822
   1.82415862375850   -2.24062878598447   -4.59302603655986
   1.81665970751867   -2.23141780653794   -4.57888335679445
   1.81482370518752   -2.22916263003041   -4.57525562624909
   1.80843665711759   -2.22131736724648   -4.56398620028214
   1.80534401251416   -2.21751864687589   -4.55861650099132
   1.79903584399751   -2.20977027248500   -4.54907887070488
   1.79610174980804   -2.20616630086976   -4.54442670747413
   1.78845498372912   -2.19677371627051   -4.53416317590043
   1.78662264079159   -2.19452303462574   -4.53150882236925
   1.77759937601115   -2.18343968554235   -4.52059313030093
   1.77629056134389   -2.18183205790470   -4.51881888804106
   1.76801628124558   -2.17166869276195   -4.50879820445217
   1.76445952933121   -2.16729990562900   -4.50414233511959
   1.75838394685411   -2.15983721855096   -4.49721293056505
   1.75254726017048   -2.15266796910753   -4.48972711776498
   1.74906367972349   -2.14838905907955   -4.48500878504002
   1.74046118617944   -2.13782254670776   -4.47436881245070
   1.73984591672462   -2.13706680626192   -4.47349509946141
   1.73071840764022   -2.12585541305714   -4.46274746416791
   1.72824466758669   -2.12281689814907   -4.45915687430148
   1.72096636204188   -2.11387689660288   -4.45040334628256
   1.71629714251257   -2.10814165650414   -4.44481708481607
   1.71157057170303   -2.10233597136419   -4.43927755467419
   1.70457487499606   -2.09374310053844   -4.42994373444772
   1.70228775585013   -2.09093381360001   -4.42703243392003
   1.69297372546808   -2.07949331477729   -4.41567534725718
   1.69241228387555   -2.07880369152990   -4.41484150728747
   1.68342941498790   -2.06776996104821   -4.40387872739301
   1.68053448349385   -2.06421409328840   -4.40018706548158
   1.67415705035157   -2.05638064059784   -4.39252433648089
   1.66879123364337   -2.04978976455224   -4.38527459544564
   1.66465845964874   -2.04471344484093   -4.38063191110023
   1.65647369330458   -2.03466003016612   -4.37038581526597
   1.65524178116067   -2.03314686251968   -4.36863589607291
   1.64597277658444   -2.02176166925828   -4.35724507239944
   1.64474253066267   -2.02025054824596   -4.35549816061094
   1.63663346758678   -2.01029012050763   -4.34596313540324
   1.63242273423808   -2.00511804269142   -4.34060476160605
   1.62710969661434   -1.99859199562198   -4.33416704407528
   1.62070355345971   -1.99072327819114   -4.32574171851456
   1.61772680901031   -1.98706691891679   -4.32207449840698
   1.60897203099274   -1.97631335429496   -4.31085189341810
   1.60834412606698   -1.97554209359800   -4.30998231360036
   1.59910290166102   -1.96419102294436   -4.29945143108089
   1.59666557419808   -1.96119723391569   -4.29599516346098
   1.58958585783481   -1.95250116106680   -4.28764003661604
   1.58443740125565   -1.94617727022506   -4.28084702767965
   1.58020597710390   -1.94097977772817   -4.27554267066467
   1.57261361835547   -1.93165402209285   -4.26619858486190
   1.57092853223863   -1.92958421719151   -4.26420672556643
   1.56164506263466   -1.91818125641961   -4.25282574302935
   1.56033261593424   -1.91656916752627   -4.25108026406134
   1.55217263802387   -1.90654620068510   -4.24093130061133
   1.54856473773415   -1.90211458758917   -4.23641325239355
   1.54280659162146   -1.89504181016402   -4.22971833515905
   1.53625792999148   -1.88699803613763   -4.22154711927742
   1.53329120744590   -1.88335398684879   -4.21790145873980
   1.52453540112351   -1.87259915915183   -4.20668236314665
   1.52391029791477   -1.87183133982654   -4.20581237917706
   1.51452983291075   -1.86030923882053   -4.19465237630108
   1.51222643701043   -1.85747995901308   -4.19182955602912
   1.50527240067666   -1.84893825996055   -4.18325768281417
   1.50049623911197   -1.84307166209511   -4.17691894013722
   1.49577808933203   -1.83727632057392   -4.17138143426608
   1.48818473435685   -1.82794934126522   -4.16204043521376
   1.48635457668528   -1.82570134380030   -4.15939429009115
   1.47719126748795   -1.81444597702737   -4.14783074854120
   1.47604923855495   -1.81304321365559   -4.14670980218575
   1.46777044679211   -1.80287430679881   -4.13670296407216
   1.46426025629102   -1.79856271142625   -4.13205813231137
   1.45837764954440   -1.79133705799818   -4.12466102997354
   1.45242234961867   -1.78402211495048   -4.11739413999555
   1.44900137662472   -1.77982010616325   -4.11349353346006
   1.44070008195757   -1.76962355880717   -4.10253775613090
   1.43961339415119   -1.76828877138867   -4.10143449455363
   1.43020559686821   -1.75673309792343   -4.08940536264054
   1.42897596613677   -1.75522273255437   -4.08765956197699
   1.42075979883294   -1.74513074782691   -4.07835992936766
   1.41666414723070   -1.74010002585031   -4.07281695928666
   1.41135549167803   -1.73357936131420   -4.06634151369944
   1.40435696138511   -1.72498300997191   -4.05790537888710
   1.40199236319006   -1.72207855489103   -4.05514800933927
   1.39277795335996   -1.71076042079771   -4.04370260592495
   1.39219045346137   -1.71003878992230   -4.04283608280968
   1.38350240213202   -1.69936718623110   -4.03228022334683
   1.37994452473308   -1.69499701665634   -4.02770651623259
   1.37385034690229   -1.68751148875503   -4.01984431907917
   1.36860188122369   -1.68106475592787   -4.01329601676674
   1.36448721541673   -1.67601067864988   -4.00865335902387
   1.35629390760785   -1.66594677242489   -3.99842061126574
   1.35506488404106   -1.66443715284109   -3.99667182822043
   1.34580176937510   -1.65305919420409   -3.98529129233681
   1.34412574836241   -1.65100052404349   -3.98334599081395
   1.33636123079696   -1.64146330434129   -3.97424746426595
   1.33109575657663   -1.63499567978482   -3.96864550073522
   1.32697925679843   -1.62993934982513   -3.96403612484432
   1.31775402506747   -1.61860792310349   -3.95439313150101
   1.31712147181307   -1.61783095282688   -3.95355778979995
   1.30839016022982   -1.60710621221604   -3.94501983214703
   1.30296721219244   -1.60044516129690   -3.93889869598776
   1.29885058493670   -1.59538867475552   -3.93428978731287
   1.28962587451377   -1.58405788836076   -3.92464750449385
   1.28899361243544   -1.58328127573806   -3.92381212695966
   1.28013131697772   -1.57239564657521   -3.91467974086179
   1.27484003933208   -1.56589632746280   -3.90915416359368
   1.27072328182440   -1.56083968093191   -3.90454571638127
   1.26194516861700   -1.55005745350774   -3.89430231200719
   1.26132400104063   -1.54929446835150   -3.89344743570290
   1.25200556442312   -1.53784855731415   -3.88400851633032
   1.24788199549652   -1.53278354426233   -3.87943155024199
   1.24264745336240   -1.52635391383743   -3.87465834461151
   1.23337363322977   -1.51496280558918   -3.86516300313360
   1.23274195036475   -1.51418690441888   -3.86432755696587
   1.22388134209789   -1.50330334764619   -3.85519618896985
   1.21916754456034   -1.49751335201952   -3.84970094826138
   1.21450190040010   -1.49178250357551   -3.84498818956334
   1.20535476169676   -1.48054699915108   -3.83523080162928
   1.20465195715964   -1.47968373865592   -3.83438747570595
   1.19575832468868   -1.46875961798633   -3.82545773493597
   1.19055276243061   -1.46236558377749   -3.81971652606227
   1.18637920088730   -1.45723916439038   -3.81525053220279
   1.17748037733593   -1.44630866747476   -3.80529026051404
   1.17685228656101   -1.44553717849777   -3.80445780859448
   1.16763658981401   -1.43421746367402   -3.79572146301588
   1.16291984061089   -1.42842384249266   -3.79022795531654
   1.15825777635474   -1.42269739127379   -3.78551504784057
   1.14935880152181   -1.41176670853780   -3.77555569604501
   1.14873074224692   -1.41099525825256   -3.77472330042899
   1.13951611438777   -1.39967685635239   -3.76598734884657
   1.13479788881359   -1.39388142173252   -3.76049468329957
   1.13013760372222   -1.38815715587613   -3.75578171209134
   1.12098832988951   -1.37691902885503   -3.74602746912050
   1.12029323134617   -1.37606523369434   -3.74518061171013
   1.11150311107654   -1.36526825789855   -3.73601772318311
   1.10669604446166   -1.35936369911009   -3.73071632836287
   1.10201865993215   -1.35361842987559   -3.72605050057655
   1.09311936353070   -1.34268735215439   -3.71609295200604
   1.09249136563740   -1.34191597726466   -3.71526066713839
   1.08327884964926   -1.33060016939273   -3.70652549634106
   1.07855767027282   -1.32480110659366   -3.70103446465779
   1.07390092194958   -1.31908118497816   -3.69632138892475
   1.06464772271339   -1.30771540554373   -3.68676175507738
   1.06401975475899   -1.30694406742818   -3.68592952428742
   1.05513021633360   -1.29602497550788   -3.67594733062974
   1.05097029155534   -1.29091530626951   -3.67146432466363
   1.04565166224552   -1.28438239088685   -3.66599632574675
   1.03697261007393   -1.27372184093388   -3.65643496416241
   1.03635536606751   -1.27296367513034   -3.65562187089985
   1.02704634623650   -1.26152933080799   -3.64707198265001
   1.02232221166508   -1.25572663811903   -3.64158251529930
   1.01766897137997   -1.25001102545512   -3.63686936776105
   1.00876914514991   -1.23907929694116   -3.62691443093537
   1.00814123529057   -1.23830803018425   -3.62608230754608
   0.99889880095125   -1.22695547335967   -3.61649843236462
   0.99474097985081   -1.22184838808579   -3.61201535439733
   0.98955471283583   -1.21547805438004   -3.60714640954386
   0.98065469734614   -1.20454609339695   -3.59719231803300
   0.98002681575661   -1.20377486136406   -3.59636024723214
   0.97068678225232   -1.19230242269607   -3.58703207304298
   0.96609132913859   -1.18665779048199   -3.58213863788675
   0.96144156818493   -1.18094645150903   -3.57742545377953
   0.95262758675705   -1.17012016685965   -3.56726894722777
   0.95200675002135   -1.16935758807769   -3.56641467829837
   0.94273749033540   -1.15797208146297   -3.55781902081885
   0.93790809029721   -1.15204009035009   -3.55260262856895
   0.93334860810030   -1.14643964150397   -3.54858534223546
   0.92390748071825   -1.13484302840856   -3.54044539332841
   0.92042835237326   -1.13056958693347   -3.53752670582452
   0.91463797698735   -1.12345722203145   -3.53270412208534
   0.90516759523414   -1.11182467555544   -3.52465468511299
   0.90335217681265   -1.10959478243056   -3.52298285390801
   0.89570354084684   -1.10019990103413   -3.51663028928526
   0.88651251222742   -1.08891048627092   -3.50860965229656
   0.88587932240926   -1.08813273409790   -3.50779846610395
   0.87717569264823   -1.07744199529310   -3.50106288706694
   0.86832052740779   -1.06656512423379   -3.49291994724055
   0.86768911961444   -1.06578956093625   -3.49214742457400
   0.85843681056126   -1.05442487492079   -3.48527387205158
   0.85017310329459   -1.04427449647262   -3.47804682320796
   0.84901875882582   -1.04285660582870   -3.47706825530120
   0.83969832208018   -1.03140823801779   -3.46948552838498
   0.83260399666444   -1.02269422075162   -3.46319123861334
   0.83029504122602   -1.01985811211859   -3.46123939811725
   0.82096022122855   -1.00839207724316   -3.45369785103281
   0.81510683818533   -1.00120231952626   -3.44815362058722
   0.81147426963991   -0.99674040621241   -3.44478346786203
   0.80210541504735   -0.98523256636866   -3.43735396788891
   0.79746195147919   -0.97952896252523   -3.43348979625872
   0.79283217568361   -0.97384217148353   -3.42962650049530
   0.78348515852357   -0.96236115473471   -3.42212447513884
   0.77988226686217   -0.95793569377743   -3.41865256185202
   0.77409828253623   -0.95083117906606   -3.41382972414690
   0.76477437445570   -0.93937854738644   -3.40536016679387
   0.76254223467548   -0.93663679204742   -3.40339182438107
   0.75540587320254   -0.92787114155234   -3.39787337530899
   0.74599358939045   -0.91630995724712   -3.38968861217557
   0.74535404027435   -0.91552439389703   -3.38891026106835
   0.73652640881909   -0.90468134280865   -3.38164072190087
   0.72778600067374   -0.89394542881704   -3.37405872098251
   0.72715717325819   -0.89317303501842   -3.37328375690876
   0.71790738986963   -0.88181145129725   -3.36641343921774
   0.71021711301000   -0.87236542205426   -3.35920925715363
   0.70842250891970   -0.87016109534067   -3.35750097305357
   0.69905463093616   -0.85865445507368   -3.35007319908495
   0.69264648824616   -0.85078328159737   -3.34436281421423
   0.68968696917074   -0.84714808038915   -3.34171785238374
   0.68031925919643   -0.83564164648926   -3.33429038280781
   0.67556752210102   -0.82980504939692   -3.32973564071143
   0.67095176923217   -0.82413548282951   -3.32593535754442
   0.66166841626314   -0.81273266532123   -3.31823724702244
   0.65754459835725   -0.80766734644613   -3.31460953179037
   0.65221690315581   -0.80112329535549   -3.31015348350976
   0.64284952037141   -0.78961726334561   -3.30272661538365
   0.63772848996530   -0.78332706029398   -3.29939411838699
   0.63365953694080   -0.77832913239628   -3.29739726576562
   0.62423428798423   -0.76675202289927   -3.29540508962293
   0.61486669170029   -0.75524572864619   -3.29447232182541
   0.60547947896048   -0.74371533934174   -3.29433697614911
   0.59614945231860   -0.73225519218375   -3.29400064164382
   0.58671485026558   -0.72066659420275   -3.29420177586568
   0.57741404673121   -0.70924234202398   -3.29399139986893
   0.56797989871831   -0.69765430174414   -3.29419257952489
   0.55867876345723   -0.68622964210277   -3.29398245256355
   0.54927407837171   -0.67467779137484   -3.29384561332695
   0.53990660817707   -0.66317165199825   -3.29384130996131
   0.53053916623766   -0.65166554732780   -3.29383708062479
   0.52117175198939   -0.64015947667059   -3.29383292531747
   0.51180436486814   -0.62865343933372   -3.29382884403945
   0.50243700430981   -0.61714743462430   -3.29382483679082
   0.49306989704721   -0.60564174104008   -3.29335696853173
   0.48370236062546   -0.59413552031621   -3.29381704438210
   0.47433531205251   -0.58262989882095   -3.29334932434114
   0.46500428739005   -0.57116852578621   -3.29301426395090
   0.45560084678921   -0.55961820366887   -3.29287800334218
   0.44623363651400   -0.54811238355342   -3.29287444115998
   0.43686644885250   -0.53660659121457   -3.29287095298930
   0.42749928324059   -0.52510082595942   -3.29286753883023
   0.41813213911418   -0.51359508709508   -3.29286419868286
   0.40876501590915   -0.50208937392865   -3.29286093254729
   0.39939791306142   -0.49058368576724   -3.29285774042360
   0.39003083000688   -0.47907802191797   -3.29285462231190
   0.38066376618142   -0.46757238168793   -3.29285157821226
   0.37135021074596   -0.45613246624596   -3.29251918354084
   0.36190292053054   -0.44452828329251   -3.29225519936397
   0.35259802037412   -0.43309899919974   -3.29204774910383
   0.34319599144879   -0.42155041105485   -3.29191224459956
   0.33382901805296   -0.41004488190026   -3.29190957122770
   0.32446206050117   -0.39853937220704   -3.29190697184994
   0.31509511822932   -0.38703388128228   -3.29190444646639
   0.30572850185144   -0.37552879065572   -3.29143806080774
   0.29639604769576   -0.36406566176290   -3.29110454523099
   0.28699437388954   -0.35251750981367   -3.29143335602815
   0.27760161500108   -0.34098030813001   -3.29130432384234
   0.26826061632574   -0.32950668393462   -3.29189292946497
   0.25894606379974   -0.31806554375826   -3.29156151051356
   0.24950132711833   -0.30646449733127   -3.29129801709574
   0.24021217635406   -0.29505455834424   -3.29155757160734
   0.23079322005472   -0.28348517816898   -3.29142109344877
   0.22142639810775   -0.27197983504024   -3.29141930863602
   0.21205993833225   -0.26047493676966   -3.29095366207090
   0.20269313815922   -0.24896962038604   -3.29095202503191
   0.19332634593247   -0.23746431376290   -3.29095046196983
   0.18395956108792   -0.22595901620737   -3.29094897288474
   0.17459278306146   -0.21445372702656   -3.29094755777674
   0.16522601128900   -0.20294844552759   -3.29094621664593
   0.15585924520646   -0.19144317101759   -3.29094494949239
   0.14649286665376   -0.17993837251362   -3.29047981943093
   0.13712572785476   -0.16843264019299   -3.29094263711751
   0.12775897545742   -0.15692738249263   -3.29094159189636
   0.11839222649363   -0.14542212900973   -3.29094062065286
   0.10905837572696   -0.13395728464834   -3.29014467243185
   0.09965910738169   -0.12241208734624   -3.29001101581526
   0.09029196051226   -0.11090634511263   -3.29047420530003
   0.08092562993053   -0.09940160553180   -3.29000959152421
   0.07155889240609   -0.08789636609995   -3.29000899031805
   0.06219215493029   -0.07639112672784   -3.29000846307160
   0.05282541693904   -0.06488588672260   -3.29000800978493
   0.04345867786826   -0.05338064539136   -3.29000763045816
   0.03414190014385   -0.04193677198582   -3.28967797833779
   0.02472514996999   -0.03037010161233   -3.28954315184449
   0.01535840281845   -0.01886485035543   -3.28954299482000
   0.00599165233063   -0.00735959500055   -3.28954291174657
  -0.00337510205757    0.00414566514520   -3.28954290262429
  -0.01274140729303    0.01565037359300   -3.28907902524718
  -0.02210816698630    0.02715564025501   -3.28907916360483
  -0.03147493227213    0.03866091378640   -3.28907937590462
  -0.04077322338065    0.05008207993219   -3.28917749511118
  -0.05020853782638    0.06167155295090   -3.28861608404734
  -0.05957532473498    0.07317685304172   -3.28861651852247
  -0.06894211949288    0.08468216277390   -3.28861702693088
  -0.07830892266416    0.09618748284029   -3.28861760927266
  -0.08767573481290    0.10769281393377   -3.28861826554791
  -0.09704255650317    0.11919815674721   -3.28861899575671
  -0.10640938829907    0.13070351197345   -3.28861979989916
  -0.11577623076466    0.14220888030536   -3.28862067797535
  -0.12514258061292    0.15371364355144   -3.28815768253185
  -0.13450994996124    0.16521965905767   -3.28862265592932
  -0.14387631559361    0.17672444169149   -3.28815980727642
  -0.15319518951190    0.18817088986892   -3.28783145186041
  -0.16261017579067    0.19973539363582   -3.28769829344620
  -0.17197709139712    0.21124085180723   -3.28769961479318
  -0.18134402162211    0.22274632793474   -3.28770101005602
  -0.19071096702974    0.23425182271119   -3.28770247923484
  -0.20007792818407    0.24575733682945   -3.28770402232971
  -0.20948428279397    0.25731123824768   -3.28804389050931
  -0.21869225446534    0.26862146429857   -3.28752626436741
  -0.22821762715476    0.28032155658614   -3.28711942263613
  -0.23748008225895    0.29169870507808   -3.28737094286869
  -0.24691251835896    0.30328464260148   -3.28678495983540
  -0.25627958311951    0.31479028398009   -3.28678694592834
  -0.26564724929479    0.32629666408128   -3.28717493819192
  -0.27501377229121    0.33780164000663   -3.28679113980890
  -0.28438089783050    0.34930735604027   -3.28679334759671
  -0.29378653743967    0.36086037921732   -3.28713386275325
  -0.30306866507611    0.37226169163966   -3.28693209486180
  -0.31248240503097    0.38382466453681   -3.28680041435132
  -0.32184961950555    0.39533048981038   -3.28680291773357
  -0.33121685762413    0.40683634412606   -3.28680549501466
  -0.34050757047833    0.41824820184080   -3.28641228541326
  -0.35000357841113    0.42991222516041   -3.28618125458791
  -0.35922105264727    0.44123412328843   -3.28564435732353
  -0.36875065062681    0.45293940553402   -3.28584435051675
  -0.37797016810938    0.46426381339816   -3.28561113926250
  -0.38742042523686    0.47587164063369   -3.28536994535763
  -0.39678784329573    0.48737771597149   -3.28537435785601
  -0.40615528950377    0.49888382588513   -3.28537884300149
  -0.41552276442503    0.51038997106747   -3.28538340079995
  -0.42489026862360    0.52189615221134   -3.28538803125719
  -0.43425780266353    0.53340237000961   -3.28539273437893
  -0.44362536710890    0.54490862515513   -3.28539751017081
  -0.45332789855404    0.55682632297469   -3.28760130901008
  -0.46282260289516    0.56848874508210   -3.29268362179283
  -0.46888371284385    0.57593365543647   -3.29686397177835
  -0.47246460671252    0.58033209632708   -3.29940836574339
  -0.48185754359591    0.59186951664336   -3.30739211238392
  -0.48762442127671    0.59895301912421   -3.31172646348583
  -0.49138921138049    0.60357734124722   -3.31453656385603
  -0.50054253391500    0.61482044132146   -3.32227066052927
  -0.50585823809369    0.62134976374190   -3.32630660607828
  -0.51013015588511    0.62659699490380   -3.32940041173733
  -0.51937764838482    0.63795576470767   -3.33804005906394
  -0.52342982701155    0.64293308847697   -3.34149568016256
  -0.52899917888644    0.64977396841340   -3.34612716476516
  -0.53797595032779    0.66080020935250   -3.35294517744535
  -0.54217712169139    0.66596054210511   -3.35650624632226
  -0.54780195583616    0.67286957136222   -3.36165477243033
  -0.55671790974965    0.68382110964014   -3.36873824336320
  -0.56023198522686    0.68813747696029   -3.37152544268152
  -0.56628148988890    0.69556813244724   -3.37649135801753
  -0.57565237752727    0.70707846949759   -3.38392438730216
  -0.57803294082208    0.71000253463960   -3.38588807200423
  -0.58518485068693    0.71878728335017   -3.39229088461054
  -0.59420248468736    0.72986371610096   -3.39939785609840
  -0.59610534367230    0.73220101317688   -3.40103777976540
  -0.60367410931801    0.74149778921339   -3.40772762507432
  -0.61294557679192    0.75288600767192   -3.41519281345921
  -0.61411700309309    0.75432488006868   -3.41612198923931
  -0.62248776522287    0.76460675487077   -3.42351283676518
  -0.63151794449614    0.77569859708161   -3.43059947623878
  -0.63218269230057    0.77651511218432   -3.43127921575985
  -0.64113770848700    0.78751463096790   -3.43839626315190
  -0.64994147015335    0.79832836260157   -3.44555696513533
  -0.65062431441849    0.79916710573327   -3.44617956941733
  -0.65986752546923    0.81052061659877   -3.45419688264218
  -0.66806917376240    0.82059476750805   -3.46021935682846
  -0.66926297575108    0.82206112414269   -3.46106816953823
  -0.67861106739920    0.83354346069391   -3.46906587270817
  -0.68625817515233    0.84293646497436   -3.47529419845281
  -0.68811239194918    0.84521401445737   -3.47684677743063
  -0.69734609027635    0.85655584076759   -3.48486676938465
  -0.70481702454625    0.86573244973422   -3.49075090289375
  -0.70666597370318    0.86800352893253   -3.49232034138522
  -0.71598707722472    0.87945271574967   -3.50024045580448
  -0.72293968709301    0.88799266266312   -3.50552639639327
  -0.72549905070655    0.89113634968222   -3.50753477359614
  -0.73482900381099    0.90259640651358   -3.51553852673160
  -0.74062313053076    0.90971337920931   -3.52037471249678
  -0.74410032839412    0.91398444945821   -3.52327436087189
  -0.75344441776010    0.92546186997392   -3.53046858515839
  -0.75886783070954    0.93212349194830   -3.53512347975516
  -0.76296616447066    0.93715750844234   -3.53883883176544
  -0.77235900402107    0.94869480920372   -3.54712930568465
  -0.77579892038739    0.95292008628839   -3.55007658386582
  -0.78199169057529    0.96052671597908   -3.55585779387298
  -0.79073233169373    0.97126291613341   -3.56443888612501
  -0.79140035323503    0.97208345239358   -3.56516066357423
  -0.80060778478206    0.98339301500538   -3.57500008214844
  -0.80522309717287    0.98906204053007   -3.57981700345537
  -0.81007325971436    0.99501953439360   -3.58523724213191
  -0.81910986774267    1.00611927309625   -3.59408714965234
  -0.81976395618144    1.00692269521393   -3.59484430155536
  -0.82857897447465    1.01775025345339   -3.60429468805512
  -0.83383292861906    1.02420372780746   -3.60967362694406
  -0.83810448277678    1.02945051231514   -3.61403708180842
  -0.84723645646252    1.04066738942584   -3.62289339343721
  -0.84857910639748    1.04231657719635   -3.62443130339445
  -0.85689031432155    1.05252530108606   -3.63356069157152
  -0.86310025631168    1.06015302304026   -3.63945465112727
  -0.86623387268065    1.06400206936171   -3.64263611135387
  -0.87555538152798    1.07545175404380   -3.65214819840333
  -0.87733946709730    1.07764316077303   -3.65394100662807
  -0.88506580291305    1.08713348152335   -3.66238881035260
  -0.89193755959507    1.09557411581441   -3.66875021740005
  -0.89443472164359    1.09864140014830   -3.67110872980094
  -0.90372795430003    1.11005635295650   -3.68096713049693
  -0.90658667854279    1.11356774705682   -3.68392450490805
  -0.91315414882888    1.12163462390758   -3.69119968031361
  -0.92064878942833    1.13084035155046   -3.69869520392400
  -0.92243271505979    1.13303156182671   -3.70048892031772
  -0.93182833058912    1.14457227234547   -3.70978613920629
  -0.93537548670580    1.14892927288253   -3.71340954599820
  -0.94136249079283    1.15628315840788   -3.72004591611438
  -0.95001477579429    1.16691083002937   -3.72807279134775
  -0.95069065913313    1.16774102299903   -3.72875033279528
  -0.95998202395619    1.17915368153237   -3.73860977360780
  -0.96415629239385    1.18428096920354   -3.74308770543761
  -0.96944243819325    1.19077398482773   -3.74885306092476
  -0.97861830669576    1.20204477829675   -3.75721163483733
  -0.97929142925751    1.20287158018159   -3.75789708485018
  -0.98807863946999    1.21366498153064   -3.76743232799202
  -0.99340538899388    1.22020787103789   -3.77290019387508
  -0.99748696645546    1.22522130563374   -3.77709341434187
  -1.00688575985879    1.23676591956081   -3.78696391425218
  -1.00790454110536    1.23801729680287   -3.78797138341860
  -1.01634869406903    1.24838931815958   -3.79721512866637
  -1.02249974293536    1.25594470121365   -3.80307680488517
  -1.02589207033562    1.26011152438654   -3.80662167192004
  -1.03495191659206    1.27123980679269   -3.81578664709582
  -1.03717664376226    1.27397245716289   -3.81777541926454
  -1.04441956098880    1.28286899095162   -3.82509718077845
  -1.05146717199347    1.29152562852897   -3.83226187629158
  -1.05391912970334    1.29453738800822   -3.83478017681957
  -1.06294647372819    1.30562574766051   -3.84411843179055
  -1.06646358183372    1.30994583998254   -3.84783750612577
  -1.07255217417034    1.31742450717622   -3.85485717425209
  -1.08062571931236    1.32734130794922   -3.86222352179733
  -1.08177346270134    1.32875109043347   -3.86322235762646
  -1.09110276349214    1.34021034602271   -3.87294390973034
  -1.09524095899123    1.34529332501178   -3.87739952611768
  -1.10055850871433    1.35182491432935   -3.88318582640206
  -1.10931414923761    1.36257953837391   -3.89224221515013
  -1.10997643292621    1.36339302678322   -3.89298006845454
  -1.11939644615086    1.37496370518838   -3.90228531732294
  -1.12401609433580    1.38063805640405   -3.90710126216454
  -1.12885204350835    1.38657809187161   -3.91253522553825
  -1.13752210071481    1.39722759323618   -3.92197347293560
  -1.13817451520673    1.39802895923142   -3.92275153381390
  -1.14743593784492    1.40940483953702   -3.93339576460570
  -1.15038975523572    1.41303303731991   -3.93703800034073
  -1.15699006198080    1.42114024745873   -3.94508957975056
  -1.16272399577243    1.42818328469416   -3.95190374950550
  -1.16629531738367    1.43256996790358   -3.95623194638501
  -1.17510914590638    1.44339606473830   -3.96659814392192
  -1.17574999293635    1.44418322232650   -3.96741336325789
  -1.18497213728832    1.45551085679556   -3.97896443695661
  -1.18729931898767    1.45836935289226   -3.98185553992549
  -1.19436349695559    1.46704633980453   -3.99105624969242
  -1.19905963316088    1.47281464187400   -3.99639242205909
  -1.20389182704092    1.47875006468540   -4.00183049800153
  -1.21156888543120    1.48817985757562   -4.01101689119615
  -1.21327257351584    1.49027251142440   -4.01299372438968
  -1.22250903946674    1.50161773722922   -4.02453799449625
  -1.22421078276691    1.50370800228350   -4.02651148493822
  -1.23190306215199    1.51315649124469   -4.03663220010572
  -1.23546965035688    1.51753736037282   -4.04098284981727
  -1.24147983028102    1.52491971296627   -4.04837594076197
  -1.24783896345837    1.53273068766194   -4.05581278148373
  -1.25096205974728    1.53656681208403   -4.05962541108956
  -1.26000821536796    1.54767827817156   -4.07010492202959
  -1.26063003926186    1.54844206948793   -4.07096067896195
  -1.26944293036130    1.55926701487807   -4.08221284198313
  -1.27285443407165    1.56345739246768   -4.08590964522585
  -1.27883940607891    1.57080878197303   -4.09338145894664
  -1.28474963971237    1.57806836972957   -4.10050274827550
  -1.28828418785704    1.58240988379268   -4.10449867611250
  -1.29712719906721    1.59327182595836   -4.11543827662080
  -1.29775500413840    1.59404296400315   -4.11628826021920
  -1.30710632151903    1.60552926274768   -4.12743753885698
  -1.30941854651296    1.60836938740219   -4.13043927228428
  -1.31624479085379    1.61675411851659   -4.13923250770285
  -1.32153523360502    1.62325241212144   -4.14544595603352
  -1.32568094040315    1.62834461729986   -4.15040388926714
  -1.33391799209147    1.63846225448563   -4.16021493439536
  -1.33519276743091    1.64002807134169   -4.16184234197092
  -1.34461223055552    1.65159807405452   -4.17302282770617
  -1.34634462680509    1.65372599037438   -4.17510693892219
  -1.35387881459209    1.66298029414748   -4.18454045671962
  -1.35855302625704    1.66872166612679   -4.19005537056649
  -1.36342745578073    1.67470896732077   -4.19631314010391
  -1.37036018490801    1.68322449455930   -4.20489685724848
  -1.37274847913510    1.68615805566792   -4.20785750940517
  -1.38211365722217    1.69766137963024   -4.21861186609210
  -1.38326425588939    1.69907466927585   -4.21978576656757
  -1.39142958112023    1.70910420427399   -4.23013839259992
  -1.39497425351507    1.71345815403544   -4.23468584782631
  -1.40069067136550    1.72047967629867   -4.24158211306843
  -1.40722795687210    1.72850947694074   -4.24961717244635
  -1.41011344517935    1.73205374555786   -4.25301782697252
  -1.41927732035179    1.74330980752259   -4.26389263758095
  -1.42007028996779    1.74428381851313   -4.26492497281725
  -1.42894613256697    1.75518608773938   -4.27572737665992
  -1.43190373841844    1.75881893891915   -4.27937215292717
  -1.43847031454758    1.76688471746969   -4.28750981922631
  -1.44424303510282    1.77397539680045   -4.29425106036139
  -1.44783088507128    1.77838238192468   -4.29905614854506
  -1.45647355494521    1.78899824320728   -4.30930286599113
  -1.45709565680031    1.78976237594563   -4.31015912532003
  -1.46650239954777    1.80131675411637   -4.32133515580655
  -1.46882860137157    1.80417404662400   -4.32407126529921
  -1.47594213719541    1.81291166018975   -4.33345972237195
  -1.48110131324328    1.81924871784157   -4.33900237914875
  -1.48540010820079    1.82452896244388   -4.34429793515484
  -1.49290706589887    1.83374981927859   -4.35400249748776
  -1.49457985432184    1.83580451882310   -4.35602340883952
  -1.50399750089241    1.84737229024792   -4.36692902300129
  -1.50576273551118    1.84954054220217   -4.36892342853946
  -1.51345786683879    1.85899253422743   -4.37905299899240
  -1.51751481006967    1.86397571039853   -4.38365481905724
  -1.52285324769628    1.87053295649686   -4.39022797313274
  -1.53028339717845    1.87965946917897   -4.39894481569260
  -1.53204416410069    1.88182223342545   -4.40137433585835
  -1.54147577632248    1.89340715897257   -4.41284590813349
  -1.54208969603554    1.89416124151970   -4.41372422734116
  -1.55084417381102    1.90491443735175   -4.42402082182314
  -1.55445055425204    1.90934418360524   -4.42836840989847
  -1.56041864539665    1.91667483821051   -4.43585248516754
  -1.56633410432912    1.92394084424407   -4.44300680379157
  -1.56986618418584    1.92827932648913   -4.44706787400155
  -1.57856247690754    1.93896105314920   -4.45823908208584
  -1.57917645328625    1.93971520529920   -4.45911750317854
  -1.58851482075901    1.95118559756720   -4.46934189230786
  -1.59147855177873    1.95482597234065   -4.47317331486102
  -1.59784402554469    1.96264473523259   -4.48174421471553
  -1.60263387978230    1.96852815191888   -4.48790955912229
  -1.60742415648074    1.97441208751722   -4.49455299765982
  -1.61218336944450    1.98025786727910   -4.50292096980967
  -1.61687025758153    1.98601480987156   -4.51136259347084
  -1.62032065317710    1.99025295867823   -4.51804314807341
  -1.62610324426122    1.99735576205941   -4.52830587343610
  -1.62850673088133    2.00030798410722   -4.53293418687641
  -1.63551918180250    2.00892143426974   -4.54600087383626
  -1.63662982285973    2.01028564365994   -4.54805903003854
  -1.64378750005157    2.01907747642488   -4.56271945757807
  -1.64486018216829    2.02039506054154   -4.56459465502740
  -1.65142938217658    2.02846406202406   -4.57761298458102
  -1.65425678188248    2.03193697994251   -4.58228121191601
  -1.65909437118541    2.03787902999547   -4.59250974808688
  -1.66369796572882    2.04353366239344   -4.60091472227714
  -1.66724230874225    2.04788720757305   -4.60740260823188
  -1.67311525764278    2.05510099819068   -4.61861392688619
  -1.67491997044890    2.05731774152164   -4.62229636591037
  -1.68249780499963    2.06662565696750   -4.63629429591375
  -1.68310113148182    2.06736672776351   -4.63745308525737
  -1.69031489347373    2.07622744994183   -4.65185822051697
  -1.69222116981329    2.07856894458206   -4.65554959350652
  -1.69786545640666    2.08550186743907   -4.66698708187469
  -1.70130238982436    2.08972348054381   -4.67353816485562
  -1.70586939969384    2.09533317569102   -4.68210653668517
  -1.71068104990915    2.10124336455294   -4.69121849974371
  -1.71365283219143    2.10489362875728   -4.69677783207368
  -1.71997836050876    2.11266332633171   -4.70910702070266
  -1.72121940385546    2.11418770990836   -4.71168897540091
  -1.72906607473494    2.12382583919039   -4.72637473760230
  -1.72963098016975    2.12451971710325   -4.72733668248255
  -1.73662152218989    2.13310625638550   -4.74147297032133
  -1.73892437555091    2.13593486978755   -4.74618432234296
  -1.74421222271904    2.14242997521669   -4.75636967580331
  -1.74828740655593    2.14743555647162   -4.76385333460399
  -1.75240741084986    2.15249619105632   -4.77127272778391
  -1.75770493985208    2.15900318876056   -4.78155880368260
  -1.76007307666835    2.16191199035850   -4.78616992656124
  -1.76723508728954    2.17070914590975   -4.79998078387786
  -1.76780350301921    2.17140733554618   -4.80108156154931
  -1.77535918099457    2.18068803589138   -4.81597060175078
  -1.77644519718372    2.18202199835702   -4.81784909886661
  -1.78300358235550    2.19007771588842   -4.83087178084714
  -1.78590536167407    2.19364199488645   -4.83650522680146
  -1.79063225471457    2.19944807582529   -4.84577351615708
  -1.79528313049356    2.20516078414720   -4.85418775165808
  -1.79840876019626    2.20900002038192   -4.86044818990939
  -1.80458027000103    2.21658053577211   -4.87207791370597
  -1.80641273985474    2.21883137330905   -4.87559540821488
  -1.81396365055280    2.22810621796899   -4.88977822417997
  -1.81451526671192    2.22878377255709   -4.89075515027383
  -1.82177606408148    2.23770226867005   -4.90538619304096
  -1.82341250026681    2.23971231646717   -4.90840462790038
  -1.82939895250461    2.24706552415166   -4.92029132452118
  -1.83290173422879    2.25136801926365   -4.92684992183774
  -1.83706070733050    2.25647651955001   -4.93519472682853
  -1.84228866637642    2.26289806391444   -4.94454102353664
  -1.84525955175396    2.26654722644344   -4.95010292236523
  -1.85158146726632    2.27431248638031   -4.96243660525507
  -1.85283933772013    2.27585753882867   -4.96502355527355
  -1.86068063351474    2.28548906585050   -4.97971637537509
  -1.86124578768911    2.28618324929217   -4.98067886674672
  -1.86837731257181    2.29494295896437   -4.99459247949509
  -1.87055609502532    2.29761917506758   -4.99862562930921
  -1.87599663703244    2.30430183680202   -5.00949912953804
  -1.88006776938789    2.30930244158954   -5.01704486842861
  -1.88366637602873    2.31372263922141   -5.02440755797708
  -1.88932799076032    2.32067684637068   -5.03492961498052
  -1.89169973391731    2.32359007766610   -5.03954415746151
  -1.89859262317181    2.33205666926677   -5.05281397324804
  -1.89971355960344    2.33343352454859   -5.05470276621811
  -1.90699155452128    2.34237314454915   -5.06936100022516
  -1.90809106593191    2.34372368330443   -5.07124293056256
  -1.91463866449505    2.35176615155723   -5.08427021020545
  -1.91769436121778    2.35551948854724   -5.08975024561747
  -1.92230314164116    2.36118049080351   -5.09918013892289
  -1.92692954712704    2.36686314206656   -5.10760106969683
  -1.93034371117855    2.37105678737474   -5.11431454427122
  -1.93649543968960    2.37861300524192   -5.12607085918653
  -1.93815100107857    2.38064654468129   -5.12900322331428
  -1.94561346948777    2.38981275496277   -5.14321014087825
  -1.94615598697007    2.39047913357257   -5.14416695263746
  -1.95343066167553    2.39941467532943   -5.15882730346620
  -1.95530974556901    2.40172276926829   -5.16242550425705
  -1.96108484800744    2.40881637428542   -5.17373905198286
  -1.96472476986154    2.41328731972778   -5.18016381393317
  -1.96875331114814    2.41823560956109   -5.18865223123458
  -1.97395875522729    2.42462949860981   -5.19800620625784
  -1.97692879928838    2.42827762774302   -5.20357079414574
  -1.98353460672345    2.43639159442382   -5.21650466823441
  -1.98461616310985    2.43772007887768   -5.21848078954641
  -1.99235812424904    2.44722959233913   -5.23320157436408
  -1.99290117979714    2.44789663185949   -5.23411678467036
  -2.00005459973015    2.45668323539900   -5.24808508909399
  -2.00249257809411    2.45967782393463   -5.25272113983118
  -2.00756242479328    2.46590515762522   -5.26322636797455
  -2.01175401271873    2.47105371896326   -5.27149133497307
  -2.01518022017313    2.47526215728058   -5.27814253425892
  -2.02099754282944    2.48240762173269   -5.28843091885848
  -2.02339010518008    2.48534642541197   -5.29306347351070
  -2.03058194693190    2.49418022278218   -5.30697544158253
  -2.03110205107268    2.49481907090337   -5.30797939859161
  -2.03868802817742    2.50413698791416   -5.32289723226996
  -2.03997683568194    2.50572004059203   -5.32555729469560
  -2.04633803920833    2.51353355831418   -5.33781484353737
  -2.04924266047684    2.51710132810231   -5.34345477375164
  -2.05397696024312    2.52291650678230   -5.35273473372330
  -2.05864061248082    2.52864490853176   -5.36116128089295
  -2.06204708972580    2.53282911207331   -5.36787524949093
  -2.06791235817049    2.54003346872495   -5.37907510345378
  -2.06969288872774    2.54222050880410   -5.38279502610561
  -2.07731688263020    2.55158512215489   -5.39679830125275
  -2.07788522487528    2.55228322152961   -5.39775010716481
  -2.08515056353219    2.56120729574255   -5.41241656037831
  -2.08702856711255    2.56351406272406   -5.41601612032396
  -2.09280662839626    2.57061130211479   -5.42733639522903
  -2.09629041722431    2.57489046809890   -5.43390647181648
  -2.10044860791870    2.57999800734802   -5.44225922337761
  -2.10556263632920    2.58627960979184   -5.45181339104910
  -2.10849842146447    2.58988565840947   -5.45741397540361
  -2.11496688986730    2.59783093044659   -5.46954143247568
  -2.11617462503083    2.59931440131255   -5.47231739820772
  -2.12408373384662    2.60902922361657   -5.48682771358613
  -2.12465441823126    2.60973019986023   -5.48775410344575
  -2.13164231536788    2.61831349041068   -5.50195137364037
  -2.13394865045678    2.62114638044721   -5.50667080763387
  -2.13926339075005    2.62767451891941   -5.51688164128421
  -2.14334974565259    2.63269382168460   -5.52438008693494
  -2.14692930833727    2.63709062747115   -5.53180261008852
  -2.15262281192312    2.64408400395793   -5.54229611958373
  -2.15497882257774    2.64697791089348   -5.54695784529264
  -2.16217745279862    2.65582004659511   -5.56076271397473
  -2.16275257377856    2.65652647234465   -5.56168177215813
  -2.17028349330130    2.66577676168232   -5.57680407157159
  -2.17143206495545    2.66718756153138   -5.57870733004615
  -2.17808874261571    2.67536401252108   -5.59151768306031
  -2.18101128269887    2.67895379213412   -5.59715560536761
  -2.18574948170301    2.68477376027950   -5.60644179811562
  -2.19041973317608    2.69051026792311   -5.61487495449651
  -2.19341941746005    2.69419480438173   -5.62136501133395
  -2.19969333358344    2.70190110628104   -5.63279890529255
  -2.20146845599907    2.70408150349612   -5.63651835196022
  -2.20883247149753    2.71312678327134   -5.65103535215112
  -2.20939105853126    2.71381290024108   -5.65195393591724
  -2.21693919103314    2.72308433242020   -5.66616049484992
  -2.21867141858879    2.72521204153196   -5.66993411744914
  -2.22458133898145    2.73247124453229   -5.68109481392607
  -2.22808840650055    2.73677900392084   -5.68766822486915
  -2.23224452972798    2.74188400368357   -5.69602133837899
  -2.23750842409425    2.74834968769254   -5.70541127351849
  -2.24031216690269    2.75179354765256   -5.71116765662185
  -2.24677401837312    2.75973069205811   -5.72332202311796
  -2.24808956432776    2.76134658779045   -5.72591344787548
  -2.25561151875236    2.77058586522560   -5.74103845777169
  -2.25618376087633    2.77128875485308   -5.74201226486995
  -2.26384202748842    2.78069546565022   -5.75599297340739
  -2.26561667195344    2.78287527579470   -5.75970668627902
  -2.27108283370915    2.78958940647345   -5.77069170723587
  -2.27517534557894    2.79461627189130   -5.77820384464836
  -2.27915293619496    2.79950197860399   -5.78584699725215
  -2.28459187737717    2.80618267403223   -5.79593435695881
  -2.28697564859755    2.80911067949515   -5.80056355829381
  -2.29386851516380    2.81757724322767   -5.81385348670028
  -2.29459647081472    2.81847139703926   -5.81552286913734
  -2.30211356590079    2.82770470570960   -5.83064932792237
  -2.30343227067533    2.82932448144596   -5.83327840661058
  -2.30976507265640    2.83710311332036   -5.84559258379804
  -2.31270655111596    2.84071615509426   -5.85120275781745
  -2.31757710693330    2.84669869818341   -5.86031939981459
  -2.32212824369667    2.85228889626604   -5.86893249609821
  -2.32565764216475    2.85662408493976   -5.87548281655979
  -2.33154602149214    2.86385682887546   -5.88668307747392
  -2.33345713315748    2.86620426278544   -5.89021343089238
  -2.34070355774266    2.87510510469115   -5.90494123743576
  -2.34126089764932    2.87578968980463   -5.90585308259574
  -2.34862487312167    2.88483492041546   -5.92028076943263
  -2.35038723130082    2.88699963921567   -5.92312731652566
  -2.35644896158148    2.89444531152883   -5.93501054664717
  -2.35995450969254    2.89875120461619   -5.94158686802689
  -2.36411301600321    2.90385913153934   -5.94994536013604
  -2.36937804261821    2.91032620629857   -5.96026025939595
  -2.37176269301061    2.91325529165558   -5.96489142249852
  -2.37865408848785    2.92172004843758   -5.97726533023135
  -2.37983525487496    2.92317088466067   -5.98002967089362
  -2.38748905253910    2.93257210621289   -5.99500249571791
  -2.38807992226620    2.93329787627591   -5.99597011249343
  -2.39531371397053    2.94218320111194   -6.00972661576017
  -2.39764240675696    2.94504355328912   -6.01443576646237
  -2.40240269082690    2.95089064869938   -6.02465210996201
  -2.40707240442933    2.95662649567213   -6.03310624773206
  -2.41062682561767    2.96099241995546   -6.03961647041357
  -2.41649219844398    2.96819690481988   -6.05085985722004
  -2.41829551997895    2.97041193924124   -6.05455040294432
  -2.42577260024824    2.97959609738860   -6.06878991352178
  -2.42636766142836    2.98032701584725   -6.06976139048519
  -2.43360898580447    2.98922159312493   -6.08444414714678
  -2.43519600412705    2.99117094056168   -6.08744180827481
  -2.44050024973522    2.99768618832731   -6.09958889652961
  -2.44379270187589    3.00173033391135   -6.11454790605190
  -2.44411526801093    3.00212654450299   -6.11900410005180
  -2.44485666075783    3.00303720320821   -6.12926366284293
  -2.44444297378487    3.00252906815463   -6.14417745362101
  -2.44446318778457    3.00255389717390   -6.15909395209883
  -2.44448344685335    3.00257878155188   -6.17401083195252
  -2.44450375098700    3.00260372128340   -6.18892809404461
  -2.44452410018132    3.00262871636331   -6.20384573923764
  -2.44399040947461    3.00197317975334   -6.21773046664739
  -2.44367863373041    3.00159022308601   -6.21868728604155
  -2.44368382779919    3.00159660300269   -6.23367747573996
  -2.44370430471941    3.00162175496935   -6.24859626369335
  -2.44372482666705    3.00164696224356   -6.26351543820514
  -2.44179792417010    2.99928013232744   -6.27805162018197
  -2.43709267588790    2.99350063782023   -6.29232682240484
  -2.43491450792426    2.99082517649989   -6.29583611662195
  -2.42845940746598    2.98289632441714   -6.30698314316031
  -2.42556858544305    2.97934550435392   -6.31160655089197
  -2.41912470627780    2.97143043547613   -6.32184027488342
  -2.41626012721666    2.96791184985505   -6.32566419977925
  -2.40923022169227    2.95927696006228   -6.33682812801512
  -2.40693468376883    2.95645733227137   -6.34045637988901
  -2.39980938808429    2.94770527397364   -6.35144596305608
  -2.39739380598688    2.94473819495328   -6.35524544169904
  -2.38986322397911    2.93548832018797   -6.36663287984203
  -2.38813904044149    2.93337049160860   -6.36938882328939
  -2.38047582104300    2.92395769726388   -6.38119928833021
  -2.37864719092075    2.92171157610015   -6.38408737313522
  -2.37049851602338    2.91170249284123   -6.39626678084001
  -2.36932693652782    2.91026343227455   -6.39812771762384
  -2.36060261671541    2.89954727971237   -6.41125388414406
  -2.36001680927011    2.89882772769101   -6.41218434350200
  -2.35116589335235    2.88795607610909   -6.42604051245042
  -2.35058010937811    2.88723655291744   -6.42697102894884
  -2.34179335648758    2.87644371330063   -6.44092897739610
  -2.34120757519985    2.87572419340884   -6.44185951839228
  -2.33189502198472    2.86428550900219   -6.45498315926095
  -2.33130922345916    2.86356596793703   -6.45591369180530
  -2.32256696977913    2.85282778706025   -6.46975460766974
  -2.32197205146649    2.85209704408689   -6.47066829365764
  -2.31308698691153    2.84118344745781   -6.48466211132137
  -2.31250121359989    2.84046393736310   -6.48559272538383
  -2.30371300274302    2.82966930691444   -6.49861950164851
  -2.30201627674590    2.82758520465407   -6.50057713465762
  -2.29440100619443    2.81823130626581   -6.51267520197135
  -2.29264364276886    2.81607272256181   -6.51546709807159
  -2.28508827035032    2.80679239753452   -6.52648274887917
  -2.28270302184970    2.80386257751634   -6.53012377606121
  -2.27587670179588    2.79547775340307   -6.53764465900955
  -2.26880307092401    2.78678915541246   -6.54498520746122
  -2.26640490202255    2.78384346516146   -6.54773932218064
  -2.25718582037791    2.77251959264057   -6.55519465361781
  -2.25300865508142    2.76738874673429   -6.55961001244801
  -2.24770273277363    2.76087143946496   -6.56427974757134
  -2.23837055746324    2.74940865308006   -6.57103948745936
  -2.23481840705791    2.74504551801787   -6.57466265105227
  -2.22903531280858    2.73794209659478   -6.57934976469028
  -2.21946753018264    2.72618991183930   -6.58771722330994
  -2.21771445649038    2.72403659724939   -6.58958976099663
  -2.21026972752235    2.71489217646692   -6.59607592158043
  -2.20130283536056    2.70387807032679   -6.60430337320996
  -2.20070041193058    2.70313810875711   -6.60519184573448
  -2.19161570238878    2.69197928657655   -6.61222815763529
  -2.18329323437630    2.68175673182921   -6.61930491765996
  -2.18205333138890    2.68023374896511   -6.62030519747664
  -2.17284785252321    2.66892658484758   -6.62801934142796
  -2.16569965270691    2.66014639321963   -6.63417120332722
  -2.16318873672107    2.65706221481333   -6.63693910788870
  -2.15390394679634    2.64565763228075   -6.64446452558555
  -2.14867324590782    2.63923272008889   -6.64923535973358
  -2.14470914052794    2.63436357740077   -6.65309837530892
  -2.13510215994376    2.62256324547626   -6.66101998988662
  -2.13160528604533    2.61826800699440   -6.66386821032315
  -2.12582283826743    2.61116537963741   -6.66855460808728
  -2.11632785483801    2.59950261472359   -6.67682761340471
  -2.11455716826510    2.59732766608998   -6.67865497111908
  -2.10696062523137    2.58799677086319   -6.68517597830556
  -2.09759151479624    2.57648861676596   -6.69280677078232
  -2.09698271628805    2.57574082463617   -6.69367922440236
  -2.08824899037546    2.56501311848509   -6.70112663775150
  -2.08058890990751    2.55560417971413   -6.70845741769452
  -2.07886279136714    2.55348397435523   -6.71022404417766
  -2.06952758327505    2.54201746278006   -6.71688224518165
  -2.06187809355380    2.53262153270891   -6.72330499424374
  -2.06020006170089    2.53056039261700   -6.72427033315758
  -2.05089678280477    2.51913309993137   -6.73019023604162
  -2.04158848178995    2.50769963853675   -6.73439094706323
  -2.03393871203018    2.49830336449202   -6.73795745106798
  -2.03197946889140    2.49589681030407   -6.73895511188915
  -2.02277833075248    2.48459497793633   -6.74367326246659
  -2.01342411320199    2.47310511688970   -6.74736377318803
  -2.00397622518959    2.46150019965739   -6.75202171792719
  -2.00334591695510    2.46072598695689   -6.75284170012339
  -1.99451322696333    2.44987672242722   -6.75709880315755
  -1.98532097801828    2.43858580872817   -6.76072302970986
  -1.97587328208020    2.42698112742229   -6.76497382098809
  -1.97052556501866    2.42041248331902   -6.76774264392934
  -1.96642551903778    2.41537636369161   -6.76963218916202
  -1.95707668997526    2.40389312136833   -6.77425338685053
  -1.94772117555973    2.39240166737189   -6.77833427376658
  -1.93948296403561    2.38228260555042   -6.78249380775565
  -1.93817858361473    2.38068042453346   -6.78339603479163
  -1.92888171709852    2.36926100822593   -6.78762435372763
  -1.91960788410385    2.35786988417914   -6.79130387558099
  -1.91016193770482    2.34626735184622   -6.79556356212569
  -1.90715239134009    2.34257070171407   -6.79736179198905
  -1.90036778231491    2.33423711159451   -6.80287764403959
  -1.89111527457723    2.32287218153328   -6.80968634219341
  -1.88817914095252    2.31926570486325   -6.81246335659773
      
      
