# shadow cont 3D ind 87  size 18
# norm  0.7754957 -0.6313528  0.0000000
# angle  0.6832964
   2.0103564589   2.4693370923  -6.8308193155
   2.2246333740   2.7325351595  -6.7301839420
      
      
   2.2246333740   2.7325351595  -6.7301839420
   2.4223892278   2.9754402737  -6.5502042294
      
      
   2.4223892278   2.9754402737  -6.5502042294
   2.5690488984   3.1555835327  -6.3126496428
      
      
   2.5690488984   3.1555835327  -6.3126496428
   2.5700185443   3.1567745567  -6.1185291482
      
      
   2.5700185443   3.1567745567  -6.1185291482
   1.6909640821   2.0770248536  -4.4949941206
      
      
   1.6909640821   2.0770248536  -4.4949941206
   1.2465766006   1.5311801171  -3.9294871042
      
      
   1.2465766006   1.5311801171  -3.9294871042
   0.8861904098   1.0885148453  -3.5516639657
      
      
   0.8861904098   1.0885148453  -3.5516639657
   0.5823744697   0.7153352697  -3.2950758232
      
      
   0.5823744697   0.7153352697  -3.2950758232
  -0.6110642127  -0.7505751129  -3.2855927947
      
      
  -0.6110642127  -0.7505751129  -3.2855927947
  -0.9081743190  -1.1155178587  -3.5353139611
      
      
  -0.9081743190  -1.1155178587  -3.5353139611
  -1.2923311809  -1.5873808380  -3.9263844090
      
      
  -1.2923311809  -1.5873808380  -3.9263844090
  -1.7505476151  -2.1502117889  -4.4973346775
      
      
  -1.7505476151  -2.1502117889  -4.4973346775
  -2.5677338598  -3.1539682603  -6.1308088560
      
      
  -2.5677338598  -3.1539682603  -6.1308088560
  -2.5663083478  -3.1522172924  -6.3230782802
      
      
  -2.5663083478  -3.1522172924  -6.3230782802
  -2.4050434999  -2.9541343758  -6.5735617013
      
      
  -2.4050434999  -2.9541343758  -6.5735617013
  -2.2047752886  -2.7081433127  -6.7444384176
      
      
  -2.2047752886  -2.7081433127  -6.7444384176
  -2.0061925001  -2.4642224680  -6.8352078769
      
      
  -2.0061925001  -2.4642224680  -6.8352078769
  -1.9990317024  -2.4554268024  -6.8552301764
      
      
  -2.0061925001  -2.4642224680  -6.8352078769
  -1.2306967569  -3.0955752635  -6.8352078769
      
      
