# shadow cont 2D ind 306  size 17
# norm -0.7396311 -0.6730125  0.0000000
# angle  2.4033184
#  0 type   0
   3.30764744  -6.84755890
   3.66172388  -6.74605809
      
#  1 type   0
   3.66172388  -6.74605809
   3.99197811  -6.57030029
      
#  2 type   0
   3.99197811  -6.57030029
   4.24273614  -6.32832871
      
#  3 type   0
   4.24273614  -6.32832871
   4.23908183  -6.12868990
      
#  4 type   0
   4.23908183  -6.12868990
   2.90692264  -4.54948785
      
#  5 type   0
   2.90692264  -4.54948785
   2.17805121  -3.97653414
      
#  6 type   0
   2.17805121  -3.97653414
   1.54786021  -3.55374496
      
#  7 type   0
   1.54786021  -3.55374496
   1.06617275  -3.29497290
      
#  8 type   0
   1.06617275  -3.29497290
  -0.78348675  -3.28606026
      
#  9 type   0
  -0.78348675  -3.28606026
  -1.28089141  -3.54563566
      
# 10 type   0
  -1.28089141  -3.54563566
  -1.85631101  -3.91953559
      
# 11 type   0
  -1.85631101  -3.91953559
  -2.60288504  -4.49430219
      
# 12 type   0
  -2.60288504  -4.49430219
  -3.91789347  -6.10400618
      
# 13 type   0
  -3.91789347  -6.10400618
  -3.91606645  -6.28148759
      
# 14 type   0
  -3.91606645  -6.28148759
  -3.65854127  -6.53564232
      
# 15 type   0
  -3.65854127  -6.53564232
  -3.31437005  -6.72514832
      
# 16 type   0
  -3.31437005  -6.72514832
  -3.04120441  -6.80873574
      
