# shadow cont 3D ind 193  size 17
# norm  0.0549502 -0.9984891  0.0000000
# angle  1.5158185
   3.3360414065   0.1835934673  -6.8480524219
   3.6560126016   0.2012025477  -6.7383750520
      
      
   3.6560126016   0.2012025477  -6.7383750520
   3.9478221409   0.2172617983  -6.5626346120
      
      
   3.9478221409   0.2172617983  -6.5626346120
   4.1748559711   0.2297562260  -6.3278388380
      
      
   4.1748559711   0.2297562260  -6.3278388380
   4.1680168440   0.2293798461  -6.1240837557
      
      
   4.1680168440   0.2293798461  -6.1240837557
   3.0114689284   0.1657311631  -4.5414050194
      
      
   3.0114689284   0.1657311631  -4.5414050194
   2.3999054371   0.1320747877  -3.9527799975
      
      
   2.3999054371   0.1320747877  -3.9527799975
   1.9058287316   0.1048841013  -3.5478639016
      
      
   1.9058287316   0.1048841013  -3.5478639016
   1.5265482265   0.0840110322  -3.2938781674
      
      
   1.5265482265   0.0840110322  -3.2938781674
  -1.3453950401  -0.0740415691  -3.2836331442
      
      
  -1.3453950401  -0.0740415691  -3.2836331442
  -1.7433974040  -0.0959449645  -3.5407721968
      
      
  -1.7433974040  -0.0959449645  -3.5407721968
  -2.2334313584  -0.1229131648  -3.9175977040
      
      
  -2.2334313584  -0.1229131648  -3.9175977040
  -2.8591579654  -0.1573489836  -4.4927611995
      
      
  -2.8591579654  -0.1573489836  -4.4927611995
  -3.9168677153  -0.2155582732  -6.0915875664
      
      
  -3.9168677153  -0.2155582732  -6.0915875664
  -3.8953558044  -0.2143744011  -6.2695852773
      
      
  -3.8953558044  -0.2143744011  -6.2695852773
  -3.6749362442  -0.2022439787  -6.5319629220
      
      
  -3.6749362442  -0.2022439787  -6.5319629220
  -3.3623523903  -0.1850414484  -6.7345974396
      
      
  -3.3623523903  -0.1850414484  -6.7345974396
  -3.1313630054  -0.1723293333  -6.8227938126
      
      
  -3.3623523903  -0.1850414484  -6.7345974396
  -3.3074022104  -1.1835305458  -6.7345974396
      
      
