# shadow cont 2D ind 178  size 17
# norm  0.1719291 -0.9851093  0.0000000
# angle  1.3980087
#  0 type   0
   3.47561032  -6.83795685
   3.80731054  -6.73008868
      
#  1 type   0
   3.80731054  -6.73008868
   4.10479368  -6.55951508
      
#  2 type   0
   4.10479368  -6.55951508
   4.33862409  -6.32792125
      
#  3 type   0
   4.33862409  -6.32792125
   4.33493546  -6.12441056
      
#  4 type   0
   4.33493546  -6.12441056
   3.09637127  -4.53856026
      
#  5 type   0
   3.09637127  -4.53856026
   2.44377277  -3.95176342
      
#  6 type   0
   2.44377277  -3.95176342
   1.91293574  -3.54825106
      
#  7 type   0
   1.91293574  -3.54825106
   1.50069224  -3.29335180
      
#  8 type   0
   1.50069224  -3.29335180
  -1.34471488  -3.28278603
      
#  9 type   0
  -1.34471488  -3.28278603
  -1.77089847  -3.53746184
      
# 10 type   0
  -1.77089847  -3.53746184
  -2.30646913  -3.91933157
      
# 11 type   0
  -2.30646913  -3.91933157
  -2.97199807  -4.49056249
      
# 12 type   0
  -2.97199807  -4.49056249
  -4.10927159  -6.08997070
      
# 13 type   0
  -4.10927159  -6.08997070
  -4.08909978  -6.26895941
      
# 14 type   0
  -4.08909978  -6.26895941
  -3.85594241  -6.52947192
      
# 15 type   0
  -3.85594241  -6.52947192
  -3.51378414  -6.73871141
      
# 16 type   0
  -3.51378414  -6.73871141
  -3.18162691  -6.84869376
      
