# shadow cont 3D ind 80  size 18
# norm  0.8090170 -0.5877853  0.0000000
# angle  0.6283185
   1.8640986487   2.5657116781  -6.8145606486
   2.0373032250   2.8041073254  -6.7277929297
      
      
   2.0373032250   2.8041073254  -6.7277929297
   2.2217617608   3.0579927191  -6.5502669317
      
      
   2.2217617608   3.0579927191  -6.5502669317
   2.3607423512   3.2492830910  -6.3140428496
      
      
   2.3607423512   3.2492830910  -6.3140428496
   2.3604933208   3.2489403301  -6.1181277245
      
      
   2.3604933208   3.2489403301  -6.1181277245
   1.5389877243   2.1182348795  -4.4946745430
      
      
   1.5389877243   2.1182348795  -4.4946745430
   1.1206942152   1.5425032562  -3.9267219932
      
      
   1.1206942152   1.5425032562  -3.9267219932
   0.7833613688   1.0782044252  -3.5486132708
      
      
   0.7833613688   1.0782044252  -3.5486132708
   0.5011767754   0.6898106526  -3.2949094820
      
      
   0.5011767754   0.6898106526  -3.2949094820
  -0.5378291029  -0.7402582535  -3.2856343536
      
      
  -0.5378291029  -0.7402582535  -3.2856343536
  -0.8167111935  -1.1241065210  -3.5367982300
      
      
  -0.8167111935  -1.1241065210  -3.5367982300
  -1.1761773377  -1.6188692228  -3.9289128471
      
      
  -1.1761773377  -1.6188692228  -3.9289128471
  -1.6026546177  -2.2058648405  -4.4965503939
      
      
  -1.6026546177  -2.2058648405  -4.4965503939
  -2.3695801201  -3.2614472365  -6.1301043838
      
      
  -2.3695801201  -3.2614472365  -6.1301043838
  -2.3694760630  -3.2613040141  -6.3249023325
      
      
  -2.3694760630  -3.2613040141  -6.3249023325
  -2.2174670409  -3.0520815443  -6.5736240728
      
      
  -2.2174670409  -3.0520815443  -6.5736240728
  -2.0356735030  -2.8018642055  -6.7384581492
      
      
  -2.0356735030  -2.8018642055  -6.7384581492
  -2.0236257220  -2.7852818575  -6.7460497626
      
      
  -2.0236257220  -2.7852818575  -6.7460497626
  -1.8508498591  -2.5474762836  -6.8336124652
      
      
  -2.0236257220  -2.7852818575  -6.7460497626
  -1.2146087276  -3.3730671098  -6.7460497626
      
      
