# shadow cont 3D ind 26  size 18
# norm  0.9792228 -0.2027873  0.0000000
# angle  0.2042035
   0.4957340103   2.3938089910  -6.7971110064
   0.5417677743   2.6160976296  -6.7282990983
      
      
   0.5417677743   2.6160976296  -6.7282990983
   0.6069666579   2.9309311299  -6.5472663610
      
      
   0.6069666579   2.9309311299  -6.5472663610
   0.6551028128   3.1633718298  -6.3135670772
      
      
   0.6551028128   3.1633718298  -6.3135670772
   0.6523995869   3.1503184456  -6.1230071185
      
      
   0.6523995869   3.1503184456  -6.1230071185
   0.3890059693   1.8784387747  -4.4962257700
      
      
   0.3890059693   1.8784387747  -4.4962257700
   0.2512054224   1.2130251025  -3.9227385312
      
      
   0.2512054224   1.2130251025  -3.9227385312
   0.1431081915   0.6910433182  -3.5438446445
      
      
   0.1431081915   0.6910433182  -3.5438446445
   0.0524904595   0.2534668415  -3.2951956308
      
      
   0.0524904595   0.2534668415  -3.2951956308
  -0.0869030226  -0.4196388235  -3.2857788745
      
      
  -0.0869030226  -0.4196388235  -3.2857788745
  -0.1757256193  -0.8485469199  -3.5325959205
      
      
  -0.1757256193  -0.8485469199  -3.5325959205
  -0.2876562656  -1.3890395670  -3.9188789692
      
      
  -0.2876562656  -1.3890395670  -3.9188789692
  -0.4285341830  -2.0693132990  -4.4973749321
      
      
  -0.4285341830  -2.0693132990  -4.4973749321
  -0.6830158166  -3.2981586268  -6.1365557963
      
      
  -0.6830158166  -3.2981586268  -6.1365557963
  -0.6854905396  -3.3101086125  -6.3265611372
      
      
  -0.6854905396  -3.3101086125  -6.3265611372
  -0.6328387047  -3.0558625186  -6.5753827137
      
      
  -0.6328387047  -3.0558625186  -6.5753827137
  -0.5715042343  -2.7596895636  -6.7392436405
      
      
  -0.5715042343  -2.7596895636  -6.7392436405
  -0.5679999015  -2.7427677803  -6.7455377830
      
      
  -0.5679999015  -2.7427677803  -6.7455377830
  -0.5210682157  -2.5161432416  -6.8175617738
      
      
  -0.5679999015  -2.7427677803  -6.7455377830
   0.4112229091  -2.9455550757  -6.7455377830
      
      
