# shadow cont 2D ind 323  size 18
# norm -0.8226405 -0.5685619  0.0000000
# angle  2.5368361
#  0 type   0
   3.18661476  -6.83565244
   3.51474571  -6.74279016
      
#  1 type   0
   3.51474571  -6.74279016
   3.85070759  -6.56609277
      
#  2 type   0
   3.85070759  -6.56609277
   4.10389841  -6.32620757
      
#  3 type   0
   4.10389841  -6.32620757
   4.09740106  -6.13131159
      
#  4 type   0
   4.09740106  -6.13131159
   2.76183200  -4.54993803
      
#  5 type   0
   2.76183200  -4.54993803
   2.02854493  -3.97635208
      
#  6 type   0
   2.02854493  -3.97635208
   1.39504121  -3.55277261
      
#  7 type   0
   1.39504121  -3.55277261
   0.91144853  -3.29432757
      
#  8 type   0
   0.91144853  -3.29432757
  -0.62874749  -3.28415236
      
#  9 type   0
  -0.62874749  -3.28415236
  -1.13089328  -3.54408993
      
# 10 type   0
  -1.13089328  -3.54408993
  -1.70626553  -3.91795088
      
# 11 type   0
  -1.70626553  -3.91795088
  -2.44667768  -4.48736841
      
# 12 type   0
  -2.44667768  -4.48736841
  -2.47453769  -4.51758735
      
# 13 type   0
  -2.47453769  -4.51758735
  -3.78566539  -6.10652161
      
# 14 type   0
  -3.78566539  -6.10652161
  -3.78585773  -6.28166743
      
# 15 type   0
  -3.78585773  -6.28166743
  -3.52481982  -6.53464257
      
# 16 type   0
  -3.52481982  -6.53464257
  -3.17709360  -6.72276717
      
# 17 type   0
  -3.17709360  -6.72276717
  -2.90037348  -6.80698776
      
