# shadow cont 2D ind 199  size 18
# norm  0.0078539 -0.9999692  0.0000000
# angle  1.5629423
#  0 type   0
   3.38545954  -6.84497993
   3.68396295  -6.74213570
      
#  1 type   0
   3.68396295  -6.74213570
   3.97345142  -6.56991675
      
#  2 type   0
   3.97345142  -6.56991675
   4.19908176  -6.33873191
      
#  3 type   0
   4.19908176  -6.33873191
   4.19401595  -6.14629356
      
#  4 type   0
   4.19401595  -6.14629356
   3.03729162  -4.56597158
      
#  5 type   0
   3.03729162  -4.56597158
   2.42308358  -3.97237227
      
#  6 type   0
   2.42308358  -3.97237227
   1.91071630  -3.54816943
      
#  7 type   0
   1.91071630  -3.54816943
   1.56142086  -3.31261689
      
#  8 type   0
   1.56142086  -3.31261689
   1.52059961  -3.29373632
      
#  9 type   0
   1.52059961  -3.29373632
  -1.34258456  -3.28399402
      
# 10 type   0
  -1.34258456  -3.28399402
  -1.75610564  -3.55010762
      
# 11 type   0
  -1.75610564  -3.55010762
  -2.23554623  -3.91409741
      
# 12 type   0
  -2.23554623  -3.91409741
  -2.86576331  -4.48689490
      
# 13 type   0
  -2.86576331  -4.48689490
  -3.92914501  -6.07796537
      
# 14 type   0
  -3.92914501  -6.07796537
  -3.90922078  -6.24217234
      
# 15 type   0
  -3.90922078  -6.24217234
  -3.68304737  -6.51234302
      
# 16 type   0
  -3.68304737  -6.51234302
  -3.35158532  -6.72947091
      
# 17 type   0
  -3.35158532  -6.72947091
  -3.11099419  -6.81951019
      
