# shadow cont 2D ind 228  size 18
# norm -0.2181432 -0.9759168  0.0000000
# angle  1.7907078
#  0 type   0
   3.60649365  -6.84438834
   3.93842562  -6.74391921
      
#  1 type   0
   3.93842562  -6.74391921
   4.25740617  -6.57102721
      
#  2 type   0
   4.25740617  -6.57102721
   4.50259336  -6.33817476
      
#  3 type   0
   4.50259336  -6.33817476
   4.49749436  -6.14460535
      
#  4 type   0
   4.49749436  -6.14460535
   3.21592895  -4.56622047
      
#  5 type   0
   3.21592895  -4.56622047
   2.52496692  -3.97680408
      
#  6 type   0
   2.52496692  -3.97680408
   1.94446662  -3.55338174
      
#  7 type   0
   1.94446662  -3.55338174
   1.50588801  -3.29467272
      
#  8 type   0
   1.50588801  -3.29467272
  -1.27023202  -3.28471893
      
#  9 type   0
  -1.27023202  -3.28471893
  -1.74652302  -3.55341119
      
# 10 type   0
  -1.74652302  -3.55341119
  -2.27745607  -3.91302163
      
# 11 type   0
  -2.27745607  -3.91302163
  -2.97127763  -4.47490048
      
# 12 type   0
  -2.97127763  -4.47490048
  -3.00050264  -4.50461439
      
# 13 type   0
  -3.00050264  -4.50461439
  -4.19208670  -6.07853125
      
# 14 type   0
  -4.19208670  -6.07853125
  -4.17469880  -6.23788965
      
# 15 type   0
  -4.17469880  -6.23788965
  -3.92112040  -6.51142674
      
# 16 type   0
  -3.92112040  -6.51142674
  -3.55190308  -6.72958670
      
# 17 type   0
  -3.55190308  -6.72958670
  -3.17582842  -6.84877891
      
