# shadow cont 2D ind 56  size 17
# norm  0.9048271 -0.4257793  0.0000000
# angle  0.4398230
#  0 type   0
   2.93875079  -6.79890716
   3.18470253  -6.72673713
      
#  1 type   0
   3.18470253  -6.72673713
   3.50784195  -6.54774567
      
#  2 type   0
   3.50784195  -6.54774567
   3.74899195  -6.31371357
      
#  3 type   0
   3.74899195  -6.31371357
   3.74361323  -6.12036557
      
#  4 type   0
   3.74361323  -6.12036557
   2.35879245  -4.49464109
      
#  5 type   0
   2.35879245  -4.49464109
   1.64712021  -3.92544738
      
#  6 type   0
   1.64712021  -3.92544738
   1.07842992  -3.54641661
      
#  7 type   0
   1.07842992  -3.54641661
   0.60201976  -3.29462822
      
#  8 type   0
   0.60201976  -3.29462822
  -0.71172170  -3.28495192
      
#  9 type   0
  -0.71172170  -3.28495192
  -1.18005520  -3.53352488
      
# 10 type   0
  -1.18005520  -3.53352488
  -1.78065947  -3.92471294
      
# 11 type   0
  -1.78065947  -3.92471294
  -2.50758155  -4.49638848
      
# 12 type   0
  -2.50758155  -4.49638848
  -3.81915186  -6.13250398
      
# 13 type   0
  -3.81915186  -6.13250398
  -3.82434665  -6.32439980
      
# 14 type   0
  -3.82434665  -6.32439980
  -3.56043607  -6.57332216
      
# 15 type   0
  -3.56043607  -6.57332216
  -3.23987437  -6.74146318
      
# 16 type   0
  -3.23987437  -6.74146318
  -2.97695250  -6.81961569
      
