# shadow cont 3D ind 98  size 18
# norm  0.7181263 -0.6959128  0.0000000
# angle  0.7696902
   2.2624159119   2.3346321131  -6.8418237718
   2.5219290865   2.6024289350  -6.7321406267
      
      
   2.5219290865   2.6024289350  -6.7321406267
   2.7276830309   2.8147505349  -6.5618350695
      
      
   2.7276830309   2.8147505349  -6.5618350695
   2.8836646296   2.9757110583  -6.3326982244
      
      
   2.8836646296   2.9757110583  -6.3326982244
   2.8867781650   2.9789239777  -6.1248265948
      
      
   2.8867781650   2.9789239777  -6.1248265948
   1.9332129057   1.9949209636  -4.5126288229
      
      
   1.9332129057   1.9949209636  -4.5126288229
   1.4406240558   1.4866087026  -3.9341545685
      
      
   1.4406240558   1.4866087026  -3.9341545685
   1.0424734038   1.0757491020  -3.5503971890
      
      
   1.0424734038   1.0757491020  -3.5503971890
   0.7134258703   0.7361983879  -3.2948164393
      
      
   0.7134258703   0.7361983879  -3.2948164393
  -0.7278683781  -0.7511018998  -3.2852264873
      
      
  -0.7278683781  -0.7511018998  -3.2852264873
  -1.0574147036  -1.0911673273  -3.5361193217
      
      
  -1.0574147036  -1.0911673273  -3.5361193217
  -1.4805876855  -1.5278479693  -3.9246664955
      
      
  -1.4805876855  -1.5278479693  -3.9246664955
  -1.9832563354  -2.0465617770  -4.4903433668
      
      
  -1.9832563354  -2.0465617770  -4.4903433668
  -2.8660377439  -2.9575215233  -6.0927179204
      
      
  -2.8660377439  -2.9575215233  -6.0927179204
  -2.8611416618  -2.9524691585  -6.2790039850
      
      
  -2.8611416618  -2.9524691585  -6.2790039850
  -2.8468422625  -2.9377133231  -6.3234568427
      
      
  -2.8468422625  -2.9377133231  -6.3234568427
  -2.6760320745  -2.7614508825  -6.5723705926
      
      
  -2.6760320745  -2.7614508825  -6.5723705926
  -2.4587928580  -2.5372774014  -6.7447714597
      
      
  -2.4587928580  -2.5372774014  -6.7447714597
  -2.2212169217  -2.2921180532  -6.8456968440
      
      
  -2.4587928580  -2.5372774014  -6.7447714597
  -1.7406665603  -3.2331901980  -6.7447714597
      
      
