# shadow cont 3D ind 298  size 17
# norm -0.6959128 -0.7181263  0.0000000
# angle  2.3404865
   2.4203104016  -2.3454439497  -6.8498190513
   2.6661396515  -2.5836690660  -6.7508522550
      
      
   2.6661396515  -2.5836690660  -6.7508522550
   2.9004109160  -2.8106937152  -6.5751648457
      
      
   2.9004109160  -2.8106937152  -6.5751648457
   3.0761119284  -2.9809598415  -6.3336230398
      
      
   3.0761119284  -2.9809598415  -6.3336230398
   3.0746365356  -2.9795300863  -6.1303575525
      
      
   3.0746365356  -2.9795300863  -6.1303575525
   2.1249922977  -2.0592607975  -4.5506871181
      
      
   2.1249922977  -2.0592607975  -4.5506871181
   1.6080069032  -1.5582670965  -3.9793324698
      
      
   1.6080069032  -1.5582670965  -3.9793324698
   1.1562595426  -1.1204934485  -3.5530406737
      
      
   1.1562595426  -1.1204934485  -3.5530406737
   0.8142960786  -0.7891077977  -3.2956390852
      
      
   0.8142960786  -0.7891077977  -3.2956390852
  -0.6099074763   0.5910414628  -3.2866574631
      
      
  -0.6099074763   0.5910414628  -3.2866574631
  -0.9688934497   0.9389230728  -3.5479089684
      
      
  -0.9688934497   0.9389230728  -3.5479089684
  -1.3722598586   1.3298123168  -3.9135520742
      
      
  -1.3722598586   1.3298123168  -3.9135520742
  -1.9091175145   1.8500635789  -4.4921691329
      
      
  -1.9091175145   1.8500635789  -4.4921691329
  -2.8413255562   2.7534360181  -6.0984271357
      
      
  -2.8413255562   2.7534360181  -6.0984271357
  -2.8374355051   2.7496662964  -6.2812324074
      
      
  -2.8374355051   2.7496662964  -6.2812324074
  -2.6558345445   2.5736827225  -6.5361007214
      
      
  -2.6558345445   2.5736827225  -6.5361007214
  -2.4122749507   2.3376570560  -6.7257974395
      
      
  -2.4122749507   2.3376570560  -6.7257974395
  -2.2129595457   2.1445069914  -6.8122251583
      
      
  -2.4122749507   2.3376570560  -6.7257974395
  -3.1081877473   1.6195307582  -6.7257974395
      
      
