# shadow cont 2D ind 208  size 18
# norm -0.0627905 -0.9980267  0.0000000
# angle  1.6336282
#  0 type   0
   3.46992289  -6.84498712
   3.78330140  -6.74359631
      
#  1 type   0
   3.78330140  -6.74359631
   4.08369921  -6.57141161
      
#  2 type   0
   4.08369921  -6.57141161
   4.31877261  -6.33827098
      
#  3 type   0
   4.31877261  -6.33827098
   4.31260038  -6.14375676
      
#  4 type   0
   4.31260038  -6.14375676
   3.11112429  -4.56519468
      
#  5 type   0
   3.11112429  -4.56519468
   2.47279291  -3.97575470
      
#  6 type   0
   2.47279291  -3.97575470
   1.93593495  -3.55219888
      
#  7 type   0
   1.93593495  -3.55219888
   1.53368874  -3.29396379
      
#  8 type   0
   1.53368874  -3.29396379
  -1.32435564  -3.28403121
      
#  9 type   0
  -1.32435564  -3.28403121
  -1.76504889  -3.55395326
      
# 10 type   0
  -1.76504889  -3.55395326
  -2.25774606  -3.91218004
      
# 11 type   0
  -2.25774606  -3.91218004
  -2.91770683  -4.48678482
      
# 12 type   0
  -2.91770683  -4.48678482
  -4.03078405  -6.07723897
      
# 13 type   0
  -4.03078405  -6.07723897
  -4.01154987  -6.24062694
      
# 14 type   0
  -4.01154987  -6.24062694
  -3.77588779  -6.51112846
      
# 15 type   0
  -3.77588779  -6.51112846
  -3.45846687  -6.71070796
      
# 16 type   0
  -3.45846687  -6.71070796
  -3.43218334  -6.72485026
      
# 17 type   0
  -3.43218334  -6.72485026
  -3.14266119  -6.83211300
      
