# shadow cont 3D ind 221  size 17
# norm -0.1641868 -0.9864293  0.0000000
# angle  1.7357299
   3.5264766785  -0.5869666589  -6.8421714291
   3.8419729044  -0.6394796294  -6.7432972562
      
      
   3.8419729044  -0.6394796294  -6.7432972562
   4.1543050542  -0.6914659532  -6.5679532355
      
      
   4.1543050542  -0.6914659532  -6.5679532355
   4.3892093637  -0.7305647507  -6.3378695187
      
      
   4.3892093637  -0.7305647507  -6.3378695187
   4.3840425819  -0.7297047624  -6.1433689824
      
      
   4.3840425819  -0.7297047624  -6.1433689824
   3.1428910497  -0.5231205044  -4.5646723360
      
      
   3.1428910497  -0.5231205044  -4.5646723360
   2.4787907150  -0.4125839008  -3.9766193774
      
      
   2.4787907150  -0.4125839008  -3.9766193774
   1.9220766934  -0.3199212806  -3.5550273285
      
      
   1.9220766934  -0.3199212806  -3.5550273285
   1.4992989137  -0.2495517635  -3.2945146470
      
      
   1.4992989137  -0.2495517635  -3.2945146470
  -1.2761682256   0.2124126339  -3.2841960675
      
      
  -1.2761682256   0.2124126339  -3.2841960675
  -1.7314216160   0.2881875747  -3.5507170286
      
      
  -1.7314216160   0.2881875747  -3.5507170286
  -2.2472199632   0.3740399594  -3.9122229582
      
      
  -2.2472199632   0.3740399594  -3.9122229582
  -2.9332498102   0.4882266346  -4.4878898447
      
      
  -2.9332498102   0.4882266346  -4.4878898447
  -4.0937036312   0.6813791107  -6.0782938340
      
      
  -4.0937036312   0.6813791107  -6.0782938340
  -4.0734299261   0.6780046409  -6.2416745887
      
      
  -4.0734299261   0.6780046409  -6.2416745887
  -3.8293829213   0.6373840816  -6.5118625834
      
      
  -3.8293829213   0.6373840816  -6.5118625834
  -3.4781728849   0.5789267032  -6.7263258246
      
      
  -3.4781728849   0.5789267032  -6.7263258246
  -3.1325289719   0.5213957817  -6.8430726224
      
      
  -3.4781728849   0.5789267032  -6.7263258246
  -3.6423597315  -0.4075025540  -6.7263258246
      
      
