# shadow cont 2D ind 394  size 19
# norm -0.9988899 -0.0471065  0.0000000
# angle  3.0944688
#  0 type   0
   2.06340712  -6.80747170
   2.25414350  -6.74800730
      
#  1 type   0
   2.25414350  -6.74800730
   2.55453148  -6.57114772
      
#  2 type   0
   2.55453148  -6.57114772
   2.78693877  -6.32969107
      
#  3 type   0
   2.78693877  -6.32969107
   2.76833999  -6.13961779
      
#  4 type   0
   2.76833999  -6.13961779
   1.67043940  -4.55567047
      
#  5 type   0
   1.67043940  -4.55567047
   1.04145382  -3.96520698
      
#  6 type   0
   1.04145382  -3.96520698
   0.53025539  -3.55263823
      
#  7 type   0
   0.53025539  -3.55263823
   0.48492537  -3.52060854
      
#  8 type   0
   0.48492537  -3.52060854
   0.12887382  -3.29519063
      
#  9 type   4
   0.12887382  -3.29519063
   0.08417263  -3.29294363
      
# 10 type   0
   0.08417263  -3.29294363
  -0.31008736  -3.53655376
      
# 11 type   0
  -0.31008736  -3.53655376
  -0.78677953  -3.91843802
      
# 12 type   0
  -0.78677953  -3.91843802
  -1.39886806  -4.49340732
      
# 13 type   0
  -1.39886806  -4.49340732
  -2.54000192  -6.10785235
      
# 14 type   0
  -2.54000192  -6.10785235
  -2.56190456  -6.29024861
      
# 15 type   0
  -2.56190456  -6.29024861
  -2.32279286  -6.54321876
      
# 16 type   0
  -2.32279286  -6.54321876
  -2.01807509  -6.72904260
      
# 17 type   3
  -2.01807509  -6.72904260
  -1.81912045  -6.79342476
      
# 18 type   3
  -1.81912045  -6.79342476
  -1.78331782  -6.82341644
      
