# shadow cont 2D ind 391  size 18
# norm -0.9975028 -0.0706270  0.0000000
# angle  3.0709068
#  0 type   0
   2.12697965  -6.81041387
   2.33302999  -6.74327461
      
#  1 type   0
   2.33302999  -6.74327461
   2.63180911  -6.56946211
      
#  2 type   0
   2.63180911  -6.56946211
   2.86616520  -6.32861093
      
#  3 type   0
   2.86616520  -6.32861093
   2.84748139  -6.13746132
      
#  4 type   0
   2.84748139  -6.13746132
   1.73204584  -4.55419722
      
#  5 type   0
   1.73204584  -4.55419722
   1.10173176  -3.97154162
      
#  6 type   0
   1.10173176  -3.97154162
   0.56781291  -3.54775836
      
#  7 type   0
   0.56781291  -3.54775836
   0.16131975  -3.29315231
      
#  8 type   0
   0.16131975  -3.29315231
   0.06333476  -3.28599074
      
#  9 type   0
   0.06333476  -3.28599074
  -0.34894272  -3.53679558
      
# 10 type   0
  -0.34894272  -3.53679558
  -0.83112721  -3.91652694
      
# 11 type   0
  -0.83112721  -3.91652694
  -1.45427515  -4.49194599
      
# 12 type   0
  -1.45427515  -4.49194599
  -2.61302342  -6.10917279
      
# 13 type   0
  -2.61302342  -6.10917279
  -2.63201843  -6.28916588
      
# 14 type   0
  -2.63201843  -6.28916588
  -2.39338697  -6.53908639
      
# 15 type   0
  -2.39338697  -6.53908639
  -2.08980395  -6.72267345
      
# 16 type   3
  -2.08980395  -6.72267345
  -1.86840540  -6.79603110
      
# 17 type   3
  -1.86840540  -6.79603110
  -1.84696742  -6.81268636
      
