# shadow cont 2D ind 365  size 17
# norm -0.9624552 -0.2714404  0.0000000
# angle  2.8667033
#  0 type   0
   2.67989904  -6.80321550
   2.88390110  -6.74334828
      
#  1 type   0
   2.88390110  -6.74334828
   3.20624697  -6.56957710
      
#  2 type   0
   3.20624697  -6.56957710
   3.45715829  -6.32931718
      
#  3 type   0
   3.45715829  -6.32931718
   3.44475821  -6.13579280
      
#  4 type   0
   3.44475821  -6.13579280
   2.20178069  -4.55182317
      
#  5 type   0
   2.20178069  -4.55182317
   1.50701803  -3.97197780
      
#  6 type   0
   1.50701803  -3.97197780
   0.91815650  -3.55052996
      
#  7 type   0
   0.91815650  -3.55052996
   0.46780466  -3.29417241
      
#  8 type   0
   0.46780466  -3.29417241
  -0.20839053  -3.28388226
      
#  9 type   0
  -0.20839053  -3.28388226
  -0.67292095  -3.54002401
      
# 10 type   0
  -0.67292095  -3.54002401
  -1.20825306  -3.91667553
      
# 11 type   0
  -1.20825306  -3.91667553
  -1.90332765  -4.49269795
      
# 12 type   0
  -1.90332765  -4.49269795
  -3.17081275  -6.10754978
      
# 13 type   0
  -3.17081275  -6.10754978
  -3.18265741  -6.28800485
      
# 14 type   0
  -3.18265741  -6.28800485
  -2.92648668  -6.53815714
      
# 15 type   0
  -2.92648668  -6.53815714
  -2.60016114  -6.71996577
      
# 16 type   0
  -2.60016114  -6.71996577
  -2.33594933  -6.80458611
      
