# shadow cont 3D ind 215  size 17
# norm -0.1175374 -0.9930685  0.0000000
# angle  1.6886061
   3.5067047727  -0.4150458609  -6.8431026171
   3.8205941724  -0.4521971196  -6.7428336454
      
      
   3.8205941724  -0.4521971196  -6.7428336454
   4.1258214884  -0.4883231531  -6.5708176869
      
      
   4.1258214884  -0.4883231531  -6.5708176869
   4.3635298172  -0.5164577878  -6.3384669919
      
      
   4.3635298172  -0.5164577878  -6.3384669919
   4.3579589741  -0.5157984351  -6.1434029794
      
      
   4.3579589741  -0.5157984351  -6.1434029794
   3.1324380119  -0.3707484706  -4.5643652788
      
      
   3.1324380119  -0.3707484706  -4.5643652788
   2.4778301706  -0.2932705269  -3.9749455509
      
      
   2.4778301706  -0.2932705269  -3.9749455509
   1.9306618177  -0.2285088846  -3.5533610132
      
      
   1.9306618177  -0.2285088846  -3.5533610132
   1.5158613855  -0.1794140181  -3.2938855300
      
      
   1.5158613855  -0.1794140181  -3.2938855300
  -1.3018430568   0.1540832797  -3.2838850682
      
      
  -1.3018430568   0.1540832797  -3.2838850682
  -1.7517469226   0.2073329113  -3.5522837434
      
      
  -1.7517469226   0.2073329113  -3.5522837434
  -2.2577311042   0.2672200857  -3.9123416545
      
      
  -2.2577311042   0.2672200857  -3.9123416545
  -2.9324894515   0.3470829989  -4.4870582424
      
      
  -2.9324894515   0.3470829989  -4.4870582424
  -4.0723889321   0.4819989933  -6.0761978160
      
      
  -4.0723889321   0.4819989933  -6.0761978160
  -4.0543221976   0.4798606543  -6.2399526107
      
      
  -4.0543221976   0.4798606543  -6.2399526107
  -3.8134586939   0.4513525800  -6.5108609483
      
      
  -3.8134586939   0.4513525800  -6.5108609483
  -3.4673207707   0.4103844571  -6.7249084032
      
      
  -3.4673207707   0.4103844571  -6.7249084032
  -3.1377572157   0.3713780399  -6.8390409229
      
      
  -3.4673207707   0.4103844571  -6.7249084032
  -3.5848581682  -0.5826839999  -6.7249084032
      
      
