# shadow cont 3D ind 131  size 17
# norm  0.5157859 -0.8567175  0.0000000
# angle  1.0288716
   3.0146642389   1.8149754946  -6.8382849579
   3.3316846765   2.0058373219  -6.7301507852
      
      
   3.3316846765   2.0058373219  -6.7301507852
   3.5965788488   2.1653165850  -6.5607301837
      
      
   3.5965788488   2.1653165850  -6.5607301837
   3.8009809412   2.2883766538  -6.3309215992
      
      
   3.8009809412   2.2883766538  -6.3309215992
   3.8021171937   2.2890607335  -6.1267943560
      
      
   3.8021171937   2.2890607335  -6.1267943560
   2.6292605670   1.5829436116  -4.5386388003
      
      
   2.6292605670   1.5829436116  -4.5386388003
   2.0101435718   1.2102048634  -3.9520175015
      
      
   2.0101435718   1.2102048634  -3.9520175015
   1.5028828553   0.9048090724  -3.5521883631
      
      
   1.5028828553   0.9048090724  -3.5521883631
   1.0992741392   0.6618168613  -3.2945688342
      
      
   1.0992741392   0.6618168613  -3.2945688342
  -1.0512748519  -0.6329189399  -3.2851659465
      
      
  -1.0512748519  -0.6329189399  -3.2851659465
  -1.4628197557  -0.8806891246  -3.5395270875
      
      
  -1.4628197557  -0.8806891246  -3.5395270875
  -1.9799436152  -1.1920230106  -3.9233587917
      
      
  -1.9799436152  -1.1920230106  -3.9233587917
  -2.6077090682  -1.5699685539  -4.4905852421
      
      
  -2.6077090682  -1.5699685539  -4.4905852421
  -3.6992593940  -2.2271353013  -6.0913594193
      
      
  -3.6992593940  -2.2271353013  -6.0913594193
  -3.6901853886  -2.2216723057  -6.2679602623
      
      
  -3.6901853886  -2.2216723057  -6.2679602623
  -3.4662788312  -2.0868695939  -6.5337350984
      
      
  -3.4662788312  -2.0868695939  -6.5337350984
  -3.1461285363  -1.8941234391  -6.7420852292
      
      
  -3.1461285363  -1.8941234391  -6.7420852292
  -2.8504598477  -1.7161164103  -6.8451498295
      
      
  -3.1461285363  -1.8941234391  -6.7420852292
  -2.6303426380  -2.7508409580  -6.7420852292
      
      
