# shadow cont 2D ind 111  size 17
# norm  0.6434559 -0.7654832  0.0000000
# angle  0.8717920
#  0 type   0
   3.38463869  -6.83996966
   3.76046491  -6.73057463
      
#  1 type   0
   3.76046491  -6.73057463
   4.06221926  -6.56191091
      
#  2 type   0
   4.06221926  -6.56191091
   4.29410065  -6.33228418
      
#  3 type   0
   4.29410065  -6.33228418
   4.29804029  -6.12699931
      
#  4 type   0
   4.29804029  -6.12699931
   2.92789133  -4.53701792
      
#  5 type   0
   2.92789133  -4.53701792
   2.20704801  -3.95258453
      
#  6 type   0
   2.20704801  -3.95258453
   1.61103899  -3.55284181
      
#  7 type   0
   1.61103899  -3.55284181
   1.13608704  -3.29467954
      
#  8 type   0
   1.13608704  -3.29467954
  -1.12391222  -3.28550064
      
#  9 type   0
  -1.12391222  -3.28550064
  -1.60527072  -3.53827420
      
# 10 type   0
  -1.60527072  -3.53827420
  -2.21455979  -3.92318728
      
# 11 type   0
  -2.21455979  -3.92318728
  -2.94786079  -4.49001499
      
# 12 type   0
  -2.94786079  -4.49001499
  -4.22877210  -6.09140464
      
# 13 type   0
  -4.22877210  -6.09140464
  -4.22161049  -6.27034373
      
# 14 type   0
  -4.22161049  -6.27034373
  -3.96212987  -6.53333046
      
# 15 type   0
  -3.96212987  -6.53333046
  -3.58552885  -6.74501031
      
# 16 type   0
  -3.58552885  -6.74501031
  -3.24129115  -6.84746056
      
