# shadow cont 2D ind 218  size 17
# norm -0.1409012 -0.9900237  0.0000000
# angle  1.7121680
#  0 type   0
   3.54706006  -6.84453529
   3.87315909  -6.74237189
      
#  1 type   0
   3.87315909  -6.74237189
   4.18245501  -6.57016486
      
#  2 type   0
   4.18245501  -6.57016486
   4.42218286  -6.33881310
      
#  3 type   0
   4.42218286  -6.33881310
   4.41651520  -6.14267160
      
#  4 type   0
   4.41651520  -6.14267160
   3.17099454  -4.56480476
      
#  5 type   0
   3.17099454  -4.56480476
   2.50451978  -3.97587063
      
#  6 type   0
   2.50451978  -3.97587063
   1.94727428  -3.55479514
      
#  7 type   0
   1.94727428  -3.55479514
   1.52391166  -3.29428517
      
#  8 type   0
   1.52391166  -3.29428517
  -1.30329248  -3.28416834
      
#  9 type   0
  -1.30329248  -3.28416834
  -1.76113051  -3.55193462
      
# 10 type   0
  -1.76113051  -3.55193462
  -2.27679865  -3.91232776
      
# 11 type   0
  -2.27679865  -3.91232776
  -2.96420774  -4.48720058
      
# 12 type   0
  -2.96420774  -4.48720058
  -4.12639125  -6.07643550
      
# 13 type   0
  -4.12639125  -6.07643550
  -4.10868283  -6.23947173
      
# 14 type   0
  -4.10868283  -6.23947173
  -3.86178127  -6.51213833
      
# 15 type   0
  -3.86178127  -6.51213833
  -3.50959105  -6.72579440
      
# 16 type   0
  -3.50959105  -6.72579440
  -3.17478439  -6.83934415
      
