# shadow cont 3D ind 216  size 17
# norm -0.1253332 -0.9921147  0.0000000
# angle  1.6964600
   3.5045211288  -0.4427239760  -6.8450986470
   3.8243917011  -0.4831330265  -6.7426962840
      
      
   3.8243917011  -0.4831330265  -6.7426962840
   4.1307635148  -0.5218367873  -6.5705590202
      
      
   4.1307635148  -0.5218367873  -6.5705590202
   4.3679956641  -0.5518061773  -6.3378548901
      
      
   4.3679956641  -0.5518061773  -6.3378548901
   4.3630991522  -0.5511876040  -6.1446600794
      
      
   4.3630991522  -0.5511876040  -6.1446600794
   3.1353786412  -0.3960904349  -4.5650787446
      
      
   3.1353786412  -0.3960904349  -4.5650787446
   2.4768609941  -0.3129003099  -3.9738542562
      
      
   2.4768609941  -0.3129003099  -3.9738542562
   1.9286364138  -0.2436434394  -3.5531038032
      
      
   1.9286364138  -0.2436434394  -3.5531038032
   1.5137025988  -0.1912251085  -3.2938868965
      
      
   1.5137025988  -0.1912251085  -3.2938868965
  -1.2988469222   0.1640825244  -3.2840167627
      
      
  -1.2988469222   0.1640825244  -3.2840167627
  -1.7486807989   0.2209097584  -3.5517658783
      
      
  -1.7486807989   0.2209097584  -3.5517658783
  -2.2567862809   0.2850984082  -3.9122764931
      
      
  -2.2567862809   0.2850984082  -3.9122764931
  -2.9331515722   0.3705432150  -4.4869912907
      
      
  -2.9331515722   0.3705432150  -4.4869912907
  -4.0766453807   0.5150000771  -6.0765112424
      
      
  -4.0766453807   0.5150000771  -6.0765112424
  -4.0585776412   0.5127175908  -6.2400017213
      
      
  -4.0585776412   0.5127175908  -6.2400017213
  -3.8168563786   0.4821810939  -6.5109838350
      
      
  -3.8168563786   0.4821810939  -6.5109838350
  -3.4712099652   0.4385157974  -6.7241483404
      
      
  -3.4712099652   0.4385157974  -6.7241483404
  -3.1368366043   0.3962746185  -6.8408090314
      
      
  -3.4712099652   0.4385157974  -6.7241483404
  -3.5965431987  -0.5535989040  -6.7241483404
      
      
