# shadow cont 2D ind 254  size 17
# norm -0.4115144 -0.9114033  0.0000000
# angle  1.9949113
#  0 type   0
   3.65106887  -6.84383464
   3.99305734  -6.74561447
      
#  1 type   0
   3.99305734  -6.74561447
   4.32934663  -6.57003855
      
#  2 type   0
   4.32934663  -6.57003855
   4.57621549  -6.33705202
      
#  3 type   0
   4.57621549  -6.33705202
   4.57328998  -6.14456769
      
#  4 type   0
   4.57328998  -6.14456769
   3.23358753  -4.56664690
      
#  5 type   0
   3.23358753  -4.56664690
   2.50245029  -3.97895465
      
#  6 type   0
   2.50245029  -3.97895465
   1.89026723  -3.55807328
      
#  7 type   0
   1.89026723  -3.55807328
   1.41800088  -3.29549304
      
#  8 type   0
   1.41800088  -3.29549304
  -1.15266718  -3.28602910
      
#  9 type   0
  -1.15266718  -3.28602910
  -1.65335689  -3.55083830
      
# 10 type   0
  -1.65335689  -3.55083830
  -2.21592821  -3.91290953
      
# 11 type   0
  -2.21592821  -3.91290953
  -2.96763719  -4.49030513
      
# 12 type   0
  -2.96763719  -4.49030513
  -4.24446593  -6.07663954
      
# 13 type   0
  -4.24446593  -6.07663954
  -4.23018511  -6.23833745
      
# 14 type   0
  -4.23018511  -6.23833745
  -3.95889197  -6.51447068
      
# 15 type   0
  -3.95889197  -6.51447068
  -3.58240117  -6.72850426
      
# 16 type   0
  -3.58240117  -6.72850426
  -3.21944256  -6.84052421
      
