# shadow cont 3D ind 213  size 17
# norm -0.1019245 -0.9947921  0.0000000
# angle  1.6728981
   3.4847000591  -0.3570355477  -6.8470378954
   3.8099447257  -0.3903594796  -6.7434608283
      
      
   3.8099447257  -0.3903594796  -6.7434608283
   4.1154935968  -0.4216654189  -6.5705214242
      
      
   4.1154935968  -0.4216654189  -6.5705214242
   4.3515093647  -0.4458471326  -6.3379883394
      
      
   4.3515093647  -0.4458471326  -6.3379883394
   4.3463928010  -0.4453228994  -6.1440622529
      
      
   4.3463928010  -0.4453228994  -6.1440622529
   3.1271253224  -0.3203991400  -4.5648433973
      
      
   3.1271253224  -0.3203991400  -4.5648433973
   2.4776883118  -0.2538590950  -3.9757879258
      
      
   2.4776883118  -0.2538590950  -3.9757879258
   1.9302349632  -0.1977680964  -3.5516119856
      
      
   1.9302349632  -0.1977680964  -3.5516119856
   1.5212050792  -0.1558596950  -3.2939212541
      
      
   1.5212050792  -0.1558596950  -3.2939212541
  -1.3079795580   0.1340130255  -3.2839398722
      
      
  -1.3079795580   0.1340130255  -3.2839398722
  -1.7541877966   0.1797306483  -3.5517993491
      
      
  -1.7541877966   0.1797306483  -3.5517993491
  -2.2584390037   0.2313952400  -3.9125839119
      
      
  -2.2584390037   0.2313952400  -3.9125839119
  -2.9286873359   0.3000675723  -4.4869416549
      
      
  -2.9286873359   0.3000675723  -4.4869416549
  -4.0617853808   0.4161625802  -6.0770930293
      
      
  -4.0617853808   0.4161625802  -6.0770930293
  -4.0438371380   0.4143236384  -6.2390258098
      
      
  -4.0438371380   0.4143236384  -6.2390258098
  -3.8035542495   0.3897047239  -6.5110837231
      
      
  -3.8035542495   0.3897047239  -6.5110837231
  -3.4619316703   0.3547027431  -6.7230953979
      
      
  -3.4619316703   0.3547027431  -6.7230953979
  -3.1394157233   0.3216583904  -6.8381642963
      
      
  -3.4619316703   0.3547027431  -6.7230953979
  -3.5638561261  -0.6400893987  -6.7230953979
      
      
