# shadow cont 3D ind 134  size 18
# norm  0.4954587 -0.8686315  0.0000000
# angle  1.0524335
   3.0688494145   1.7504408017  -6.8374835686
   3.3864936170   1.9316218561  -6.7300528902
      
      
   3.3864936170   1.9316218561  -6.7300528902
   3.6554043882   2.0850058519  -6.5609205912
      
      
   3.6554043882   2.0850058519  -6.5609205912
   3.8637317918   2.2038337050  -6.3306260194
      
      
   3.8637317918   2.2038337050  -6.3306260194
   3.8643721704   2.2041989705  -6.1264210166
      
      
   3.8643721704   2.2041989705  -6.1264210166
   2.6888242290   1.5336782629  -4.5531474997
      
      
   2.6888242290   1.5336782629  -4.5531474997
   2.6575038219   1.5158134181  -4.5191963409
      
      
   2.6575038219   1.5158134181  -4.5191963409
   2.0505398167   1.1696072619  -3.9510060722
      
      
   2.0505398167   1.1696072619  -3.9510060722
   1.5413576674   0.8791748915  -3.5540474601
      
      
   1.5413576674   0.8791748915  -3.5540474601
   1.1318725594   0.6456087096  -3.2945516207
      
      
   1.1318725594   0.6456087096  -3.2945516207
  -1.0757003308  -0.6135686360  -3.2846245500
      
      
  -1.0757003308  -0.6135686360  -3.2846245500
  -1.4903345144  -0.8500717989  -3.5377691503
      
      
  -1.4903345144  -0.8500717989  -3.5377691503
  -2.0139517987  -1.1487378248  -3.9220002046
      
      
  -2.0139517987  -1.1487378248  -3.9220002046
  -2.6502382858  -1.5116692294  -4.4900242173
      
      
  -2.6502382858  -1.5116692294  -4.4900242173
  -3.7541884992  -2.1413513141  -6.0910916451
      
      
  -3.7541884992  -2.1413513141  -6.0910916451
  -3.7443346257  -2.1357307639  -6.2686792327
      
      
  -3.7443346257  -2.1357307639  -6.2686792327
  -3.5172258108  -2.0061901828  -6.5339780113
      
      
  -3.5172258108  -2.0061901828  -6.5339780113
  -3.1930445560  -1.8212804597  -6.7422618615
      
      
  -3.1930445560  -1.8212804597  -6.7422618615
  -2.8948609880  -1.6511995554  -6.8443371667
      
      
  -3.1930445560  -1.8212804597  -6.7422618615
  -2.6975858876  -2.6899119742  -6.7422618615
      
      
