# shadow cont 3D ind 252  size 19
# norm -0.3971479 -0.9177546  0.0000000
# angle  1.9792034
   3.3508294026  -1.4500333661  -6.8444671653
   3.6680373210  -1.5873014900  -6.7444420862
      
      
   3.6680373210  -1.5873014900  -6.7444420862
   3.9746057182  -1.7199654820  -6.5688410668
      
      
   3.9746057182  -1.7199654820  -6.5688410668
   4.2005955526  -1.8177600161  -6.3382857229
      
      
   4.2005955526  -1.8177600161  -6.3382857229
   4.1975191923  -1.8164287561  -6.1445833541
      
      
   4.1975191923  -1.8164287561  -6.1445833541
   2.9794881025  -1.2893396360  -4.5778944521
      
      
   2.9794881025  -1.2893396360  -4.5778944521
   2.9631520176  -1.2822703809  -4.5601960061
      
      
   2.9631520176  -1.2822703809  -4.5601960061
   2.3017196968  -0.9960430564  -3.9788335368
      
      
   2.3017196968  -0.9960430564  -3.9788335368
   1.7389631110  -0.7525165356  -3.5564153233
      
      
   1.7389631110  -0.7525165356  -3.5564153233
   1.3097887521  -0.5667962062  -3.2954820175
      
      
   1.3097887521  -0.5667962062  -3.2954820175
  -1.0581735461   0.4579125836  -3.2858990232
      
      
  -1.0581735461   0.4579125836  -3.2858990232
  -1.0928081610   0.4729003198  -3.3000676413
      
      
  -1.0928081610   0.4729003198  -3.3000676413
  -1.5272501690   0.6609001645  -3.5512846954
      
      
  -1.5272501690   0.6609001645  -3.5512846954
  -2.0407624540   0.8831167735  -3.9123175603
      
      
  -2.0407624540   0.8831167735  -3.9123175603
  -2.7295526159   1.1811828930  -4.4902423038
      
      
  -2.7295526159   1.1811828930  -4.4902423038
  -3.8980868773   1.6868528227  -6.0769629393
      
      
  -3.8980868773   1.6868528227  -6.0769629393
  -3.8855291657   1.6814186156  -6.2358334628
      
      
  -3.8855291657   1.6814186156  -6.2358334628
  -3.6367685879   1.5737703009  -6.5141448442
      
      
  -3.6367685879   1.5737703009  -6.5141448442
  -3.2926353498   1.4248505507  -6.7274637942
      
      
  -3.2926353498   1.4248505507  -6.7274637942
  -2.9549661883   1.2787280562  -6.8421256913
      
      
  -3.2926353498   1.4248505507  -6.7274637942
  -3.6897832404   0.5070959250  -6.7274637942
      
      
