# shadow cont 3D ind 113  size 17
# norm  0.6313528 -0.7754957  0.0000000
# angle  0.8874999
   2.6361785245   2.1461867398  -6.8404301412
   2.9290424034   2.3846154227  -6.7310579959
      
      
   2.9290424034   2.3846154227  -6.7310579959
   3.1647869311   2.5765416426  -6.5617612623
      
      
   3.1647869311   2.5765416426  -6.5617612623
   3.3450411029   2.7232916103  -6.3324074676
      
      
   3.3450411029   2.7232916103  -6.3324074676
   3.3479799789   2.7256842316  -6.1267418671
      
      
   3.3479799789   2.7256842316  -6.1267418671
   2.2836929060   1.8592183295  -4.5366197460
      
      
   2.2836929060   1.8592183295  -4.5366197460
   1.7245439744   1.4039995303  -3.9526253488
      
      
   1.7245439744   1.4039995303  -3.9526253488
   1.2649863571   1.0298608081  -3.5553035696
      
      
   1.2649863571   1.0298608081  -3.5553035696
   0.8947542307   0.7284444689  -3.2951321439
      
      
   0.8947542307   0.7284444689  -3.2951321439
  -0.8805202122  -0.7168561560  -3.2854540688
      
      
  -0.8805202122  -0.7168561560  -3.2854540688
  -1.2543635364  -1.0212124724  -3.5382625188
      
      
  -1.2543635364  -1.0212124724  -3.5382625188
  -1.7274505038  -1.4063658172  -3.9235872309
      
      
  -1.7274505038  -1.4063658172  -3.9235872309
  -2.2966653087  -1.8697795257  -4.4905345910
      
      
  -2.2966653087  -1.8697795257  -4.4905345910
  -3.2902021330  -2.6786456696  -6.0912800132
      
      
  -3.2902021330  -2.6786456696  -6.0912800132
  -3.2845964965  -2.6740819641  -6.2704122943
      
      
  -3.2845964965  -2.6740819641  -6.2704122943
  -3.0805640950  -2.5079734739  -6.5357113657
      
      
  -3.0805640950  -2.5079734739  -6.5357113657
  -2.7904623656  -2.2717935342  -6.7446872073
      
      
  -2.7904623656  -2.2717935342  -6.7446872073
  -2.5160135219  -2.0483570470  -6.8491738792
      
      
  -2.7904623656  -2.2717935342  -6.7446872073
  -2.1591095702  -3.0472892773  -6.7446872073
      
      
