# shadow cont 2D ind 50  size 17
# norm  0.9238795 -0.3826834  0.0000000
# angle  0.3926991
#  0 type   0
   2.84872379  -6.79979141
   3.09508411  -6.72778765
      
#  1 type   0
   3.09508411  -6.72778765
   3.42006454  -6.54817160
      
#  2 type   0
   3.42006454  -6.54817160
   3.66303342  -6.31323330
      
#  3 type   0
   3.66303342  -6.31323330
   3.65384179  -6.11904127
      
#  4 type   0
   3.65384179  -6.11904127
   2.28169416  -4.49494043
      
#  5 type   0
   2.28169416  -4.49494043
   1.57232320  -3.92426505
      
#  6 type   0
   1.57232320  -3.92426505
   1.00936541  -3.54602697
      
#  7 type   0
   1.00936541  -3.54602697
   0.53703118  -3.29487859
      
#  8 type   0
   0.53703118  -3.29487859
  -0.65764988  -3.28484670
      
#  9 type   0
  -0.65764988  -3.28484670
  -1.12072241  -3.53235168
      
# 10 type   0
  -1.12072241  -3.53235168
  -1.71528795  -3.92328145
      
# 11 type   0
  -1.71528795  -3.92328145
  -2.43932679  -4.49639641
      
# 12 type   0
  -2.43932679  -4.49639641
  -3.74537517  -6.13297942
      
# 13 type   0
  -3.74537517  -6.13297942
  -3.75200307  -6.32507102
      
# 14 type   0
  -3.75200307  -6.32507102
  -3.48661699  -6.57452102
      
# 15 type   0
  -3.48661699  -6.57452102
  -3.16934108  -6.74113231
      
# 16 type   0
  -3.16934108  -6.74113231
  -2.90677082  -6.81961095
      
