# shadow cont 3D ind 71  size 17
# norm  0.8485102 -0.5291790  0.0000000
# angle  0.5576327
   1.6488047684   2.6437702289  -6.8036004079
   1.7860234315   2.8637930134  -6.7275450826
      
      
   1.7860234315   2.8637930134  -6.7275450826
   1.9550532442   3.1348232744  -6.5488848483
      
      
   1.9550532442   3.1348232744  -6.5488848483
   2.0813359563   3.3373108466  -6.3132835804
      
      
   2.0813359563   3.3373108466  -6.3132835804
   2.0795282539   3.3344122926  -6.1190103899
      
      
   2.0795282539   3.3344122926  -6.1190103899
   1.3398864122   2.1484361730  -4.4956311039
      
      
   1.3398864122   2.1484361730  -4.4956311039
   0.9631570647   1.5443708207  -3.9290633078
      
      
   0.9631570647   1.5443708207  -3.9290633078
   0.6575697088   1.0543778455  -3.5481260366
      
      
   0.6575697088   1.0543778455  -3.5481260366
   0.4028594654   0.6459635983  -3.2951413957
      
      
   0.4028594654   0.6459635983  -3.2951413957
  -0.4461372013  -0.7153571322  -3.2857906131
      
      
  -0.4461372013  -0.7153571322  -3.2857906131
  -0.6968937578  -1.1174318542  -3.5358563483
      
      
  -0.6968937578  -1.1174318542  -3.5358563483
  -1.0202642607  -1.6359391541  -3.9281783970
      
      
  -1.0202642607  -1.6359391541  -3.9281783970
  -1.4058135063  -2.2541467410  -4.4972194016
      
      
  -1.4058135063  -2.2541467410  -4.4972194016
  -2.1001860998  -3.3675360431  -6.1310597538
      
      
  -2.1001860998  -3.3675360431  -6.1310597538
  -2.1015026174  -3.3696470087  -6.3238792859
      
      
  -2.1015026174  -3.3696470087  -6.3238792859
  -1.9630946528  -3.1477172428  -6.5737202031
      
      
  -1.9630946528  -3.1477172428  -6.5737202031
  -1.7930846714  -2.8751153338  -6.7430351269
      
      
  -1.7930846714  -2.8751153338  -6.7430351269
  -1.6475665811  -2.6417848617  -6.8237697462
      
      
  -1.7930846714  -2.8751153338  -6.7430351269
  -0.9445744564  -3.4042943348  -6.7430351269
      
      
