# shadow cont 2D ind 83  size 17
# norm  0.7949444 -0.6066824  0.0000000
# angle  0.6518805
#  0 type   0
   3.17021830  -6.82354573
   3.49501227  -6.72782669
      
#  1 type   0
   3.49501227  -6.72782669
   3.80712282  -6.54961382
      
#  2 type   0
   3.80712282  -6.54961382
   4.04133194  -6.31279050
      
#  3 type   0
   4.04133194  -6.31279050
   4.04188444  -6.11829764
      
#  4 type   0
   4.04188444  -6.11829764
   2.64582349  -4.49459929
      
#  5 type   0
   2.64582349  -4.49459929
   1.93705201  -3.92756505
      
#  6 type   0
   1.93705201  -3.92756505
   1.36459857  -3.54973555
      
#  7 type   0
   1.36459857  -3.54973555
   0.88332789  -3.29474874
      
#  8 type   0
   0.88332789  -3.29474874
  -0.93860589  -3.28542068
      
#  9 type   0
  -0.93860589  -3.28542068
  -1.40984369  -3.53508193
      
# 10 type   0
  -1.40984369  -3.53508193
  -2.02318691  -3.92870589
      
# 11 type   0
  -2.02318691  -3.92870589
  -2.74794201  -4.49664159
      
# 12 type   0
  -2.74794201  -4.49664159
  -4.04905258  -6.13074570
      
# 13 type   0
  -4.04905258  -6.13074570
  -4.04756484  -6.32386906
      
# 14 type   0
  -4.04756484  -6.32386906
  -3.79148829  -6.57237308
      
# 15 type   0
  -3.79148829  -6.57237308
  -3.47721488  -6.74117181
      
# 16 type   0
  -3.47721488  -6.74117181
  -3.15778479  -6.83676631
      
