# shadow cont 2D ind 384  size 17
# norm -0.9921147 -0.1253332  0.0000000
# angle  3.0159289
#  0 type   0
   2.30720490  -6.79981158
   2.48975889  -6.74376450
      
#  1 type   0
   2.48975889  -6.74376450
   2.79778936  -6.56923058
      
#  2 type   0
   2.79778936  -6.56923058
   3.03926510  -6.32751194
      
#  3 type   0
   3.03926510  -6.32751194
   3.02150624  -6.13678154
      
#  4 type   0
   3.02150624  -6.13678154
   1.86698045  -4.55330905
      
#  5 type   0
   1.86698045  -4.55330905
   1.21640027  -3.97116703
      
#  6 type   0
   1.21640027  -3.97116703
   0.66154009  -3.54510295
      
#  7 type   0
   0.66154009  -3.54510295
   0.24334655  -3.29258879
      
#  8 type   0
   0.24334655  -3.29258879
  -0.00963707  -3.28320867
      
#  9 type   0
  -0.00963707  -3.28320867
  -0.43983538  -3.53686411
      
# 10 type   0
  -0.43983538  -3.53686411
  -0.93949477  -3.91636160
      
# 11 type   0
  -0.93949477  -3.91636160
  -1.58443348  -4.49173965
      
# 12 type   0
  -1.58443348  -4.49173965
  -2.77705341  -6.10743243
      
# 13 type   0
  -2.77705341  -6.10743243
  -2.79492385  -6.28693841
      
# 14 type   0
  -2.79492385  -6.28693841
  -2.55041588  -6.53843518
      
# 15 type   0
  -2.55041588  -6.53843518
  -2.24107461  -6.71995584
      
# 16 type   0
  -2.24107461  -6.71995584
  -1.98923155  -6.80414733
      
