# shadow cont 2D ind 335  size 17
# norm -0.8724960 -0.4886212  0.0000000
# angle  2.6310838
#  0 type   0
   3.12423140  -6.81370586
   3.37133476  -6.74340249
      
#  1 type   0
   3.37133476  -6.74340249
   3.70557751  -6.56896279
      
#  2 type   0
   3.70557751  -6.56896279
   3.96215655  -6.32877989
      
#  3 type   0
   3.96215655  -6.32877989
   3.95525530  -6.13294620
      
#  4 type   0
   3.95525530  -6.13294620
   2.63107626  -4.55054167
      
#  5 type   0
   2.63107626  -4.55054167
   1.90012562  -3.97470918
      
#  6 type   0
   1.90012562  -3.97470918
   1.27197609  -3.55150917
      
#  7 type   0
   1.27197609  -3.55150917
   0.79328911  -3.29436184
      
#  8 type   0
   0.79328911  -3.29436184
  -0.51294519  -3.28437421
      
#  9 type   0
  -0.51294519  -3.28437421
  -1.00821390  -3.54219817
      
# 10 type   0
  -1.00821390  -3.54219817
  -1.57903974  -3.91724499
      
# 11 type   0
  -1.57903974  -3.91724499
  -2.32040953  -4.49282155
      
# 12 type   0
  -2.32040953  -4.49282155
  -3.64784587  -6.10521523
      
# 13 type   0
  -3.64784587  -6.10521523
  -3.65282904  -6.28187733
      
# 14 type   0
  -3.65282904  -6.28187733
  -3.39111344  -6.53522870
      
# 15 type   0
  -3.39111344  -6.53522870
  -3.04311396  -6.72264346
      
# 16 type   0
  -3.04311396  -6.72264346
  -2.76901952  -6.80614353
      
