# shadow cont 2D ind 230  size 17
# norm -0.2334454 -0.9723699  0.0000000
# angle  1.8064158
#  0 type   0
   3.62033782  -6.84365644
   3.94890920  -6.74395937
      
#  1 type   0
   3.94890920  -6.74395937
   4.26998682  -6.57117283
      
#  2 type   0
   4.26998682  -6.57117283
   4.51536271  -6.33852498
      
#  3 type   0
   4.51536271  -6.33852498
   4.51068283  -6.14494168
      
#  4 type   0
   4.51068283  -6.14494168
   3.22328676  -4.56705697
      
#  5 type   0
   3.22328676  -4.56705697
   2.52591969  -3.97580108
      
#  6 type   0
   2.52591969  -3.97580108
   1.94475151  -3.55490015
      
#  7 type   0
   1.94475151  -3.55490015
   1.50355355  -3.29513947
      
#  8 type   0
   1.50355355  -3.29513947
  -1.26240614  -3.28481628
      
#  9 type   0
  -1.26240614  -3.28481628
  -1.73807324  -3.55116631
      
# 10 type   0
  -1.73807324  -3.55116631
  -2.27493155  -3.91251356
      
# 11 type   0
  -2.27493155  -3.91251356
  -2.99035382  -4.48868540
      
# 12 type   0
  -2.99035382  -4.48868540
  -4.20137688  -6.07665125
      
# 13 type   0
  -4.20137688  -6.07665125
  -4.18487568  -6.23864914
      
# 14 type   0
  -4.18487568  -6.23864914
  -3.92949284  -6.51131807
      
# 15 type   0
  -3.92949284  -6.51131807
  -3.56579040  -6.72603915
      
# 16 type   0
  -3.56579040  -6.72603915
  -3.21959378  -6.83893287
      
