# shadow cont 2D ind 174  size 18
# norm  0.2027873 -0.9792228  0.0000000
# angle  1.3665928
#  0 type   0
   3.49887086  -6.83733771
   3.83526096  -6.72939596
      
#  1 type   0
   3.83526096  -6.72939596
   4.13487708  -6.55910423
      
#  2 type   0
   4.13487708  -6.55910423
   4.37205411  -6.32541976
      
#  3 type   0
   4.37205411  -6.32541976
   4.36504895  -6.12178264
      
#  4 type   0
   4.36504895  -6.12178264
   3.11103081  -4.53905957
      
#  5 type   0
   3.11103081  -4.53905957
   2.44731440  -3.95068654
      
#  6 type   0
   2.44731440  -3.95068654
   1.91029398  -3.54920889
      
#  7 type   0
   1.91029398  -3.54920889
   1.49953204  -3.29915294
      
#  8 type   0
   1.49953204  -3.29915294
   1.47591448  -3.29268143
      
#  9 type   0
   1.47591448  -3.29268143
  -1.34334155  -3.28288549
      
# 10 type   0
  -1.34334155  -3.28288549
  -1.77692476  -3.53817357
      
# 11 type   0
  -1.77692476  -3.53817357
  -2.31905800  -3.91851864
      
# 12 type   0
  -2.31905800  -3.91851864
  -2.99536594  -4.49041211
      
# 13 type   0
  -2.99536594  -4.49041211
  -4.15153958  -6.09162230
      
# 14 type   0
  -4.15153958  -6.09162230
  -4.12983207  -6.26971584
      
# 15 type   0
  -4.12983207  -6.26971584
  -3.89289641  -6.53069865
      
# 16 type   0
  -3.89289641  -6.53069865
  -3.54860528  -6.73744672
      
# 17 type   0
  -3.54860528  -6.73744672
  -3.22969346  -6.84324319
      
