# shadow cont 3D ind 389  size 18
# norm -0.9962704 -0.0862864  0.0000000
# angle  3.0551989
   0.1888134288  -2.1800573484  -6.8032454693
   0.2051189066  -2.3683219056  -6.7440127907
      
      
   0.2051189066  -2.3683219056  -6.7440127907
   0.2311829011  -2.6692592016  -6.5694767670
      
      
   0.2311829011  -2.6692592016  -6.5694767670
   0.2516110725  -2.9051247623  -6.3284009658
      
      
   0.2516110725  -2.9051247623  -6.3284009658
   0.2500571375  -2.8871828849  -6.1368285786
      
      
   0.2500571375  -2.8871828849  -6.1368285786
   0.1527791293  -1.7640019860  -4.5531739245
      
      
   0.1527791293  -1.7640019860  -4.5531739245
   0.0978863724  -1.1302051284  -3.9708774982
      
      
   0.0978863724  -1.1302051284  -3.9708774982
   0.0512472008  -0.5917049297  -3.5459682896
      
      
   0.0512472008  -0.5917049297  -3.5459682896
   0.0158727658  -0.1832684248  -3.2924438753
      
      
   0.0158727658  -0.1832684248  -3.2924438753
   0.0037237643  -0.0429949272  -3.2844496078
      
      
   0.0037237643  -0.0429949272  -3.2844496078
  -0.0322726449   0.3726229487  -3.5358690470
      
      
  -0.0322726449   0.3726229487  -3.5358690470
  -0.0743367515   0.8582990227  -3.9155692962
      
      
  -0.0743367515   0.8582990227  -3.9155692962
  -0.1277228189   1.4746995049  -4.4810824102
      
      
  -0.1277228189   1.4746995049  -4.4810824102
  -0.1302887599   1.5043260964  -4.5166474970
      
      
  -0.1302887599   1.5043260964  -4.5166474970
  -0.2296060538   2.6510527770  -6.1090772152
      
      
  -0.2296060538   2.6510527770  -6.1090772152
  -0.2311611045   2.6690075360  -6.2888450809
      
      
  -0.2311611045   2.6690075360  -6.2888450809
  -0.2102905330   2.4280339834  -6.5406015861
      
      
  -0.2102905330   2.4280339834  -6.5406015861
  -0.1844141168   2.1292624845  -6.7195097854
      
      
  -0.1844141168   2.1292624845  -6.7195097854
  -0.1629285159   1.8811877447  -6.8049500756
      
      
  -0.1844141168   2.1292624845  -6.7195097854
  -1.1806844933   2.0429761187  -6.7195097854
      
      
