# shadow cont 2D ind 61  size 17
# norm  0.8874134 -0.4609744  0.0000000
# angle  0.4790929
#  0 type   0
   3.00609787  -6.79896241
   3.25075627  -6.72753775
      
#  1 type   0
   3.25075627  -6.72753775
   3.57477793  -6.54816189
      
#  2 type   0
   3.57477793  -6.54816189
   3.81532987  -6.31366486
      
#  3 type   0
   3.81532987  -6.31366486
   3.81123929  -6.12014841
      
#  4 type   0
   3.81123929  -6.12014841
   2.41893565  -4.49412292
      
#  5 type   0
   2.41893565  -4.49412292
   1.70543314  -3.92563116
      
#  6 type   0
   1.70543314  -3.92563116
   1.13437595  -3.54695200
      
#  7 type   0
   1.13437595  -3.54695200
   0.65570733  -3.29478212
      
#  8 type   0
   0.65570733  -3.29478212
  -0.75797063  -3.28507418
      
#  9 type   0
  -0.75797063  -3.28507418
  -1.23071060  -3.53526861
      
# 10 type   0
  -1.23071060  -3.53526861
  -1.83385725  -3.92586683
      
# 11 type   0
  -1.83385725  -3.92586683
  -2.56278971  -4.49667606
      
# 12 type   0
  -2.56278971  -4.49667606
  -3.87681596  -6.13290115
      
# 13 type   0
  -3.87681596  -6.13290115
  -3.88058953  -6.32419140
      
# 14 type   0
  -3.88058953  -6.32419140
  -3.61740584  -6.57324500
      
# 15 type   0
  -3.61740584  -6.57324500
  -3.29694657  -6.74142336
      
# 16 type   0
  -3.29694657  -6.74142336
  -3.02812900  -6.82138060
      
