# shadow cont 3D ind 14  size 18
# norm  0.9939610 -0.1097343  0.0000000
# angle  0.1099557
   0.2417894664   2.1901015886  -6.7962724276
   0.2657922557   2.4075161342  -6.7274273093
      
      
   0.2657922557   2.4075161342  -6.7274273093
   0.3003470567   2.7205096059  -6.5460011225
      
      
   0.3003470567   2.7205096059  -6.5460011225
   0.3260122806   2.9529822961  -6.3098060454
      
      
   0.3260122806   2.9529822961  -6.3098060454
   0.3239888925   2.9346546755  -6.1224926530
      
      
   0.3239888925   2.9346546755  -6.1224926530
   0.1875378402   1.6986965058  -4.4953434055
      
      
   0.1875378402   1.6986965058  -4.4953434055
   0.1155924036   1.0470228940  -3.9203984348
      
      
   0.1155924036   1.0470228940  -3.9203984348
   0.0596744864   0.5405247360  -3.5418061856
      
      
   0.0596744864   0.5405247360  -3.5418061856
   0.0124584184   0.1128469418  -3.2938682082
      
      
   0.0124584184   0.1128469418  -3.2938682082
  -0.0334341952  -0.3028431518  -3.2850261044
      
      
  -0.0334341952  -0.3028431518  -3.2850261044
  -0.0794450049  -0.7196038525  -3.5304224955
      
      
  -0.0794450049  -0.7196038525  -3.5304224955
  -0.1370053897  -1.2409792957  -3.9153955497
      
      
  -0.1370053897  -1.2409792957  -3.9153955497
  -0.2104922301  -1.9066147682  -4.4960861635
      
      
  -0.2104922301  -1.9066147682  -4.4960861635
  -0.3434894874  -3.1112888549  -6.1357712364
      
      
  -0.3434894874  -3.1112888549  -6.1357712364
  -0.3452399623  -3.1271444584  -6.3234268326
      
      
  -0.3452399623  -3.1271444584  -6.3234268326
  -0.3177650870  -2.8782801510  -6.5733382817
      
      
  -0.3177650870  -2.8782801510  -6.5733382817
  -0.2840277977  -2.5726916069  -6.7445249193
      
      
  -0.2840277977  -2.5726916069  -6.7445249193
  -0.2600649517  -2.3556388640  -6.8102995067
      
      
  -0.2600649517  -2.3556388640  -6.8102995067
  -0.2593462867  -2.3491292778  -6.8266854184
      
      
  -0.2600649517  -2.3556388640  -6.8102995067
   0.7338960037  -2.4653731750  -6.8102995067
      
      
