# shadow cont 3D ind 104  size 17
# norm  0.6845471 -0.7289686  0.0000000
# angle  0.8168141
   2.4135255401   2.2664513416  -6.8410046412
   2.6906193213   2.5266597220  -6.7302373330
      
      
   2.6906193213   2.5266597220  -6.7302373330
   2.9087291886   2.7314785206  -6.5609031188
      
      
   2.9087291886   2.7314785206  -6.5609031188
   3.0738575014   2.8865443278  -6.3313560696
      
      
   3.0738575014   2.8865443278  -6.3313560696
   3.0776926956   2.8901458149  -6.1267677677
      
      
   3.0776926956   2.8901458149  -6.1267677677
   2.0846197171   1.9575882152  -4.5364279795
      
      
   2.0846197171   1.9575882152  -4.5364279795
   1.5549364546   1.4601825234  -3.9437290004
      
      
   1.5549364546   1.4601825234  -3.9437290004
   1.1294785973   1.0606510018  -3.5509037472
      
      
   1.1294785973   1.0606510018  -3.5509037472
   0.7857211143   0.7378412384  -3.2946325690
      
      
   0.7857211143   0.7378412384  -3.2946325690
  -0.7894963217  -0.7413863942  -3.2846564973
      
      
  -0.7894963217  -0.7413863942  -3.2846564973
  -1.1398213380  -1.0703634818  -3.5385592369
      
      
  -1.1398213380  -1.0703634818  -3.5385592369
  -1.5822821350  -1.4858618266  -3.9236093057
      
      
  -1.5822821350  -1.4858618266  -3.9236093057
  -2.1129676167  -1.9842086648  -4.4898219476
      
      
  -2.1129676167  -1.9842086648  -4.4898219476
  -3.0427904996  -2.8573704712  -6.0914117930
      
      
  -3.0427904996  -2.8573704712  -6.0914117930
  -3.0383510640  -2.8532015637  -6.2720539741
      
      
  -3.0383510640  -2.8532015637  -6.2720539741
  -2.8365323894  -2.6636812134  -6.5516089476
      
      
  -2.8365323894  -2.6636812134  -6.5516089476
  -2.5852797870  -2.4277393150  -6.7470084364
      
      
  -2.5852797870  -2.4277393150  -6.7470084364
  -2.3389060463  -2.1963789727  -6.8476722795
      
      
  -2.5852797870  -2.4277393150  -6.7470084364
  -1.9007326811  -3.1567079425  -6.7470084364
      
      
