# shadow cont 2D ind 362  size 17
# norm -0.9557930 -0.2940403  0.0000000
# angle  2.8431414
#  0 type   0
   2.70903682  -6.81105055
   2.94052639  -6.74356335
      
#  1 type   0
   2.94052639  -6.74356335
   3.26470799  -6.56968201
      
#  2 type   0
   3.26470799  -6.56968201
   3.51733353  -6.32863507
      
#  3 type   0
   3.51733353  -6.32863507
   3.50269858  -6.13305999
      
#  4 type   0
   3.50269858  -6.13305999
   2.25043057  -4.55207447
      
#  5 type   0
   2.25043057  -4.55207447
   1.55222428  -3.97416175
      
#  6 type   0
   1.55222428  -3.97416175
   0.95357157  -3.54946213
      
#  7 type   0
   0.95357157  -3.54946213
   0.50013935  -3.29405491
      
#  8 type   0
   0.50013935  -3.29405491
  -0.24037650  -3.28427315
      
#  9 type   0
  -0.24037650  -3.28427315
  -0.70844454  -3.54009071
      
# 10 type   0
  -0.70844454  -3.54009071
  -1.24938013  -3.91715924
      
# 11 type   0
  -1.24938013  -3.91715924
  -1.95081541  -4.49292421
      
# 12 type   0
  -1.95081541  -4.49292421
  -3.22695956  -6.10684731
      
# 13 type   0
  -3.22695956  -6.10684731
  -3.23903548  -6.28665640
      
# 14 type   0
  -3.23903548  -6.28665640
  -2.98096675  -6.53851691
      
# 15 type   0
  -2.98096675  -6.53851691
  -2.65175326  -6.72094644
      
# 16 type   0
  -2.65175326  -6.72094644
  -2.38430792  -6.80552714
      
