0.000000 0.000000 0.000000
0.503556 3.025349 -6.069197
0.501720 3.014317 -6.054262
0.501404 3.012416 -6.051641
0.499882 3.003272 -6.039329
0.498984 2.997878 -6.032741
0.497901 2.991375 -6.024384
0.496534 2.983159 -6.014071
0.495917 2.979450 -6.009443
0.494118 2.968646 -5.995236
0.493978 2.967807 -5.994243
0.492089 2.956457 -5.979580
0.491629 2.953694 -5.975792
0.490248 2.945396 -5.964655
0.489156 2.938835 -5.956404
0.488261 2.933456 -5.949721
0.486707 2.924119 -5.937727
0.486275 2.921525 -5.934785
0.484477 2.910724 -5.919652
0.484341 2.909903 -5.918650
0.482567 2.899250 -5.905142
0.481846 2.894913 -5.900209
0.480506 2.886864 -5.889777
0.479400 2.880220 -5.880617
0.478634 2.875615 -5.875054
0.476990 2.865738 -5.862714
0.476659 2.863751 -5.860091
0.474798 2.852571 -5.845214
0.474489 2.850715 -5.842322
0.472967 2.841569 -5.830282
0.472062 2.836133 -5.823705
0.470874 2.828998 -5.815124
0.469613 2.821423 -5.805044
0.468996 2.817713 -5.800419
0.467166 2.806719 -5.786385
0.467024 2.805862 -5.785456
0.465208 2.794957 -5.770370
0.464729 2.792079 -5.766800
0.463226 2.783049 -5.755428
0.462308 2.777529 -5.747970
0.461245 2.771144 -5.740478
0.459861 2.762832 -5.729314
0.459403 2.760075 -5.725583
0.457568 2.749051 -5.710660
0.457427 2.748206 -5.709672
0.455652 2.737543 -5.696171
0.454895 2.732995 -5.690476
0.453696 2.725794 -5.681038
0.452487 2.718527 -5.671658
0.451720 2.713918 -5.666098
0.450074 2.704031 -5.652843
0.449783 2.702280 -5.650913
0.447894 2.690930 -5.636264
0.447582 2.689057 -5.633386
0.445951 2.679258 -5.621122
0.445151 2.674454 -5.614774
0.443964 2.667324 -5.606198
0.442742 2.659977 -5.596873
0.441979 2.655396 -5.591271
0.440258 2.645055 -5.577473
0.440123 2.644247 -5.576411
0.438263 2.633070 -5.561667
0.437807 2.630332 -5.557883
0.436320 2.621396 -5.546531
0.435402 2.615880 -5.539076
0.434338 2.609488 -5.531590
0.432956 2.601188 -5.520430
0.432498 2.598433 -5.516701
0.430664 2.587413 -5.501785
0.430521 2.586555 -5.500798
0.428679 2.575492 -5.486858
0.428037 2.571634 -5.482385
0.426690 2.563542 -5.471953
0.425654 2.557315 -5.463421
0.424713 2.551663 -5.456983
0.423176 2.542430 -5.444916
0.422766 2.539963 -5.441925
0.420993 2.529310 -5.427425
0.420716 2.527648 -5.425390
0.419051 2.517645 -5.412290
0.418289 2.513066 -5.406687
0.417065 2.505714 -5.397374
0.415805 2.498145 -5.387303
0.415188 2.494433 -5.382683
0.413360 2.483454 -5.368662
0.413230 2.482671 -5.367604
0.411366 2.471472 -5.352864
0.410912 2.468746 -5.349082
0.409424 2.459806 -5.337735
0.408510 2.454318 -5.331192
0.407438 2.447875 -5.322822
0.406027 2.439397 -5.311818
0.405453 2.435948 -5.307907
0.403688 2.425345 -5.293407
0.403548 2.424505 -5.292490
0.401735 2.413613 -5.278324
0.401136 2.410015 -5.273609
0.399798 2.401975 -5.263192
0.398733 2.395574 -5.255712
0.397812 2.390044 -5.248284
0.396283 2.380857 -5.235249
0.395986 2.379068 -5.233326
0.394102 2.367751 -5.218685
0.393808 2.365989 -5.216788
0.392160 2.356082 -5.203568
0.391399 2.351512 -5.197957
0.390176 2.344165 -5.188648
0.388954 2.336823 -5.179332
0.388191 2.332240 -5.173735
0.386472 2.321914 -5.159950
0.386346 2.321154 -5.158895
0.384479 2.309935 -5.144159
0.384032 2.307251 -5.141331
0.382536 2.298266 -5.129047
0.381624 2.292783 -5.122498
0.380553 2.286348 -5.114131
0.379179 2.278096 -5.103876
0.378568 2.274424 -5.099223
0.376885 2.264310 -5.084345
0.376738 2.263431 -5.083352
0.374860 2.252146 -5.069636
0.374254 2.248504 -5.064940
0.372916 2.240467 -5.054528
0.371885 2.234271 -5.046896
0.370933 2.228552 -5.039605
0.369404 2.219367 -5.027516
0.369096 2.217517 -5.024743
0.367114 2.205610 -5.009813
0.366964 2.204707 -5.008846
0.365280 2.194591 -4.994930
0.364519 2.190016 -4.989323
0.363256 2.182428 -4.980228
0.362073 2.175323 -4.970725
0.361362 2.171049 -4.964931
0.359632 2.160656 -4.951152
0.359481 2.159750 -4.950183
0.357534 2.148054 -4.935054
0.357191 2.145989 -4.932493
0.355661 2.136802 -4.920432
0.354747 2.131306 -4.913897
0.353677 2.124879 -4.905533
0.352303 2.116627 -4.895283
0.351692 2.112956 -4.890632
0.349860 2.101950 -4.876666
0.349709 2.101040 -4.875699
0.347915 2.090261 -4.860573
0.347419 2.087279 -4.857081
0.345999 2.078749 -4.846168
0.344973 2.072588 -4.837594
0.344059 2.067097 -4.831040
0.342532 2.057921 -4.818956
0.342075 2.055176 -4.816121
0.340242 2.044163 -4.801273
0.340052 2.043024 -4.799583
0.338258 2.032243 -4.786370
0.337611 2.028353 -4.780960
0.336320 2.020601 -4.771251
0.335242 2.014125 -4.762919
0.334339 2.008696 -4.756376
0.332799 1.999445 -4.743405
0.332504 1.997671 -4.741464
0.330626 1.986389 -4.726800
0.330320 1.984551 -4.724037
0.328794 1.975384 -4.711917
0.327878 1.969883 -4.705386
0.326706 1.962841 -4.696807
0.325510 1.955652 -4.687389
0.324760 1.951150 -4.681658
0.322994 1.940539 -4.668159
0.322841 1.939619 -4.667207
0.321010 1.928620 -4.652361
0.320552 1.925869 -4.648639
0.319074 1.916986 -4.637242
0.318185 1.911644 -4.630603
0.317090 1.905069 -4.622355
0.315706 1.896751 -4.611242
0.315210 1.893769 -4.607654
0.313380 1.882776 -4.592809
0.313226 1.881849 -4.591837
0.311396 1.870856 -4.577912
