0.000000 0.000000 0.000000
0.449713 2.991244 -6.067663
0.449461 2.989563 -6.065678
0.447961 2.979585 -6.052475
0.447272 2.975003 -6.046871
0.446172 2.967688 -6.037531
0.445057 2.960271 -6.027284
0.444503 2.956588 -6.022621
0.442836 2.945500 -6.008677
0.442709 2.944653 -6.007689
0.441048 2.933604 -5.992767
0.440624 2.930788 -5.989052
0.439248 2.921636 -5.977845
0.438406 2.916034 -5.970409
0.437543 2.910294 -5.963147
0.436203 2.901383 -5.951733
0.435788 2.898621 -5.948003
0.434114 2.887485 -5.933138
0.433984 2.886621 -5.932160
0.432419 2.876214 -5.918400
0.431744 2.871720 -5.912727
0.430663 2.864528 -5.903254
0.429552 2.857145 -5.893936
0.428870 2.852605 -5.888324
0.427335 2.842394 -5.874398
0.427208 2.841547 -5.873410
0.425547 2.830501 -5.858493
0.425158 2.827917 -5.855520
0.423748 2.818537 -5.843576
0.422941 2.813171 -5.836872
0.421949 2.806572 -5.828659
0.420671 2.798067 -5.816709
0.420289 2.795527 -5.813744
0.418615 2.784397 -5.798883
0.418485 2.783533 -5.797906
0.416921 2.773129 -5.784151
0.416236 2.768573 -5.778520
0.415124 2.761173 -5.769231
0.414019 2.753827 -5.759896
0.413421 2.749845 -5.754522
0.411795 2.739035 -5.740391
0.411666 2.738175 -5.739398
0.409920 2.726559 -5.724251
0.409627 2.724614 -5.721484
0.408209 2.715182 -5.709565
0.407386 2.709705 -5.702075
0.406547 2.704128 -5.694663
0.405242 2.695443 -5.684020
0.404686 2.691743 -5.679319
0.403045 2.680833 -5.665044
0.402922 2.680010 -5.664044
0.401427 2.670071 -5.649945
0.400743 2.665517 -5.644316
0.399630 2.658117 -5.635030
0.398526 2.650776 -5.625698
0.397835 2.646175 -5.620105
0.396339 2.636225 -5.606897
0.396171 2.635109 -5.605221
0.394470 2.623799 -5.590433
0.394073 2.621153 -5.586710
0.392713 2.612106 -5.575411
0.391892 2.606651 -5.568836
0.390919 2.600173 -5.560479
0.389713 2.592157 -5.550022
0.389160 2.588478 -5.545363
0.387554 2.577795 -5.530897
0.387427 2.576949 -5.529909
0.385801 2.566132 -5.515768
0.385259 2.562526 -5.511055
0.384045 2.554455 -5.500645
0.383037 2.547752 -5.491542
0.382343 2.543133 -5.485964
0.380817 2.532980 -5.472977
0.380548 2.531195 -5.471041
0.378915 2.520335 -5.455979
0.378618 2.518357 -5.453320
0.377128 2.508443 -5.441042
0.376405 2.503635 -5.434698
0.375430 2.497155 -5.426344
0.374226 2.489145 -5.415889
0.373670 2.485443 -5.411243
0.372067 2.474784 -5.396770
0.371940 2.473938 -5.395783
0.370220 2.462499 -5.381423
0.369800 2.459704 -5.377712
0.368517 2.451170 -5.366746
0.367551 2.444747 -5.358365
0.366721 2.439226 -5.351833
0.365367 2.430221 -5.339565
0.365061 2.428181 -5.336948
0.363297 2.416449 -5.321883
0.363171 2.415610 -5.320892
0.361644 2.405453 -5.306942
0.360955 2.400869 -5.301350
0.359844 2.393481 -5.292055
0.358683 2.385760 -5.282098
0.358148 2.382202 -5.277365
0.356523 2.371394 -5.263224
0.356396 2.370549 -5.262237
0.354724 2.359430 -5.247387
0.354288 2.356528 -5.243793
0.353033 2.348177 -5.232693
0.352076 2.341814 -5.225177
0.351238 2.336238 -5.217774
0.349853 2.327026 -5.205726
0.349533 2.324902 -5.203082
0.347814 2.313468 -5.187807
0.347685 2.312611 -5.186839
0.346123 2.302218 -5.173103
0.345439 2.297671 -5.167481
0.344327 2.290271 -5.158205
0.343226 2.282949 -5.148881
0.342530 2.278322 -5.143310
0.340996 2.268114 -5.129396
0.340871 2.267288 -5.128427
0.339074 2.255333 -5.113574
0.338779 2.253367 -5.110829
0.337418 2.244316 -5.098622
0.336591 2.238819 -5.091190
0.335621 2.232367 -5.083734
0.334385 2.224145 -5.072538
0.333962 2.221332 -5.068860
0.332269 2.210069 -5.054243
0.332133 2.209166 -5.053196
0.330508 2.198358 -5.039070
0.329962 2.194723 -5.034397
0.328712 2.186411 -5.024181
0.327723 2.179830 -5.014987
0.327054 2.175381 -5.009297
0.325551 2.165383 -4.996175
0.325302 2.163729 -4.994182
0.323634 2.152636 -4.979335
0.323363 2.150832 -4.977450
0.321804 2.140464 -4.964610
0.321121 2.135921 -4.958083
0.320146 2.129432 -4.949754
0.318875 2.120981 -4.938749
0.318447 2.118134 -4.935104
0.316796 2.107153 -4.920253
0.316659 2.106239 -4.919209
0.315034 2.095433 -4.905086
0.314523 2.092030 -4.901154
0.313239 2.083489 -4.890201
0.312242 2.076863 -4.881098
0.311542 2.072204 -4.875573
0.310028 2.062134 -4.862574
0.309752 2.060297 -4.860713
0.308129 2.049502 -4.845598
0.307826 2.047487 -4.842906
0.306332 2.037548 -4.830647
0.305650 2.033012 -4.824121
0.304578 2.025886 -4.815568
0.303404 2.018077 -4.804792
0.302879 2.014581 -4.800909
0.301292 2.004028 -4.786532
0.301144 2.003041 -4.785480
0.299425 1.991610 -4.771119
0.299021 1.988924 -4.767371
0.297769 1.980594 -4.756280
0.296778 1.974000 -4.748018
0.295973 1.968650 -4.741391
0.294601 1.959519 -4.730182
0.294177 1.956701 -4.726482
0.292557 1.945930 -4.711432
0.292424 1.945045 -4.710472
0.290863 1.934661 -4.696749
0.290180 1.930119 -4.691132
0.289068 1.922718 -4.681865
0.287936 1.915187 -4.671816
0.287272 1.910777 -4.666985
0.285736 1.900559 -4.653085
0.285616 1.899758 -4.652116
0.283917 1.888460 -4.637466
0.283553 1.886039 -4.634395
0.282164 1.876798 -4.622366
0.281310 1.871116 -4.615057
0.280464 1.865494 -4.607709
0.279134 1.856645 -4.596280
0.278711 1.853834 -4.592606
0.277024 1.842608 -4.577996
