# shadow point cont 3D ind 300  size 1153
# norm -0.7071068 -0.7071068  0.0000000
# angle  2.3561945
   2.37190871990170   -2.37190871990170   -6.84689125485167
   2.38180300595520   -2.38180300595520   -6.84495590187334
   2.38251694102898   -2.38251694102898   -6.84435451780765
   2.39295748670327   -2.39295748670327   -6.84021480528727
   2.40347542035482   -2.40347542035482   -6.83651485219309
   2.41399051146491   -2.41399051146491   -6.83275720587340
   2.41994282431832   -2.41994282431832   -6.83016140547336
   2.42459481990035   -2.42459481990035   -6.82757459487892
   2.43502611705845   -2.43502611705846   -6.82354958454253
   2.44553796878526   -2.44553796878526   -6.81975017005694
   2.45542249035268   -2.45542249035268   -6.81532563404505
   2.45613642685164   -2.45613642685164   -6.81472433705582
   2.46657149177421   -2.46657149177421   -6.81048574660198
   2.47709451963703   -2.47709451963703   -6.80595348372130
   2.48761205381063   -2.48761205381063   -6.80221789617545
   2.49286881567258   -2.49286881567259   -6.80025534554206
   2.49812442808551   -2.49812442808552   -6.79752321861904
   2.50864739350113   -2.50864739350113   -6.79299114181988
   2.51916650802339   -2.51916650802339   -6.78929269185752
   2.52902114322199   -2.52902114322199   -6.78545437180540
   2.52974424392710   -2.52974424392710   -6.78478983856539
   2.54020123393533   -2.54020123393533   -6.78003003942229
   2.55072068459306   -2.55072068459306   -6.77633199400343
   2.56124025199235   -2.56124025199235   -6.77263407891123
   2.56522276374935   -2.56522276374935   -6.77100068924667
   2.57184878111748   -2.57184878111748   -6.76821948887773
   2.58227098856661   -2.58227098856661   -6.76327351132451
   2.59271353472212   -2.59271353472212   -6.75921210120638
   2.60123769759709   -2.60123769759709   -6.75541994646174
   2.60321560291103   -2.60321560291103   -6.75452006022545
   2.61379519821252   -2.61379519821252   -6.74920051570941
   2.62415640082856   -2.62415640082856   -6.74318295304178
   2.62750682187262   -2.62750682187262   -6.74058192050159
   2.63492979657769   -2.63492979657769   -6.73463606224697
   2.64531305680503   -2.64531305680503   -6.72776680785635
   2.64735452975234   -2.64735452975235   -6.72606883994719
   2.65582457770128   -2.65582457770128   -6.71940568687797
   2.66626889501207   -2.66626889501207   -6.71179245147591
   2.66757250884727   -2.66757250884727   -6.71083610609548
   2.67697980532285   -2.67697980532285   -6.70305776339425
   2.68611963162288   -2.68611963162288   -6.69634638447636
   2.68740475506529   -2.68740475506530   -6.69534925005522
   2.69787338031596   -2.69787338031596   -6.68689591079967
   2.70575875906722   -2.70575875906722   -6.68132537223515
   2.70836101053151   -2.70836101053151   -6.67939572020722
   2.71891323001845   -2.71891323001845   -6.67115692133650
   2.72554723945212   -2.72554723945212   -6.66661241988819
   2.72952656508045   -2.72952656508045   -6.66303087898608
   2.73992548308243   -2.73992548308243   -6.65532184686935
   2.74515864414008   -2.74515864414008   -6.65153889886536
   2.75043776727654   -2.75043776727654   -6.64696236701372
   2.76092294854665   -2.76092294854665   -6.63945355298800
   2.76423021689218   -2.76423021689218   -6.63672356335395
   2.77146454046429   -2.77146454046429   -6.63117673600569
   2.78193767170529   -2.78193767170529   -6.62363815183527
   2.78393212561083   -2.78393212561083   -6.62183380758222
   2.79248973604808   -2.79248973604809   -6.61445902150625
   2.80287447193679   -2.80287447193679   -6.60759216224869
   2.80359661940563   -2.80359661940563   -6.60684856944562
   2.81364915519134   -2.81364915519134   -6.59904857084173
   2.82279412121270   -2.82279412121270   -6.59234015445083
   2.82407940430036   -2.82407940430036   -6.59134328497758
   2.83451259815617   -2.83451259815618   -6.58279659452284
   2.84108351830335   -2.84108351830335   -6.57722094065560
   2.84494579388623   -2.84494579388624   -6.57335442938762
   2.85483539514038   -2.85483539514038   -6.56228444276761
   2.85549176421378   -2.85549176421378   -6.56135405713739
   2.86568924128717   -2.86568924128718   -6.54786456720602
   2.86635658409902   -2.86635658409902   -6.54695083719922
   2.87634554750371   -2.87634554750371   -6.53321160901176
   2.87701367281460   -2.87701367281460   -6.53229917589483
   2.88700128858929   -2.88700128858929   -6.51856229601255
   2.88765766868023   -2.88765766868023   -6.51763197914962
   2.89734001400307   -2.89734001400308   -6.50437663150022
   2.89865278241963   -2.89865278241963   -6.50251604036667
   2.90784216142049   -2.90784216142049   -6.48949205036829
   2.90915493743901   -2.90915493743901   -6.48763150555479
   2.91834437054923   -2.91834437054923   -6.47460783884672
   2.91968098585662   -2.91968098585662   -6.47276422232671
   2.92884847336348   -2.92884847336348   -6.46065649765107
   2.93081765927121   -2.93081765927121   -6.45786581519905
   2.93935081143939   -2.93935081143939   -6.44577299972320
   2.94132000948142   -2.94132000948142   -6.44298238568046
   2.94968988324667   -2.94968988324668   -6.43158901883789
   2.95235472594781   -2.95235472594781   -6.42788787627049
   2.96035752136101   -2.96035752136101   -6.41693953857437
   2.96249006846959   -2.96249006846959   -6.41344992971613
   2.97086006112639   -2.97086006112640   -6.40205710729084
   2.97348570840017   -2.97348570840018   -6.39833655620507
   2.98136267000579   -2.98136267000579   -6.38717503442649
   2.98398833472303   -2.98398833472303   -6.38345457266133
   2.99186534923960   -2.99186534923960   -6.37229331809281
   2.99449103171039   -2.99449103171039   -6.36857294517638
   3.00236810006772   -3.00236810006772   -6.35741195640209
   3.00548692103118   -3.00548692103119   -6.35346063911197
   3.01287092372951   -3.01287092372951   -6.34253094746741
   3.01533491635397   -3.01533491635397   -6.33875929667439
   3.02105568828364   -3.02105568828364   -6.32395517508242
   3.02267882748470   -3.02267882748470   -6.31457950920927
   3.02325738781406   -3.02325738781406   -6.30917079508007
   3.02323178196584   -3.02323178196584   -6.29424825419246
   3.02320623195138   -3.02320623195138   -6.27932610082848
   3.02318073777559   -3.02318073777559   -6.26440433412964
   3.02315529944337   -3.02315529944337   -6.24948295323746
   3.02312991695963   -3.02312991695963   -6.23456195729346
   3.02310459032927   -3.02310459032927   -6.21964134543916
   3.02307931955719   -3.02307931955719   -6.20472111681606
   3.02302795007458   -3.02302795007458   -6.19003123510496
   3.02269903965032   -3.02269903965032   -6.17488256040409
   3.02213250168233   -3.02213250168233   -6.16369076403706
   3.02168756616058   -3.02168756616058   -6.15995832632664
   3.02164639937583   -3.02164639937583   -6.14538375665890
   3.01880497451298   -3.01880497451298   -6.13053459120412
   3.01294567143586   -3.01294567143586   -6.11585664535124
   3.01166069914173   -3.01166069914173   -6.11322293139887
   3.00459400029461   -3.00459400029461   -6.10087200783840
   3.00125301413766   -3.00125301413766   -6.09555403781630
   2.99588975052517   -2.99588975052517   -6.08613491709885
   2.99064401551330   -2.99064401551330   -6.07773963907265
   2.98667134691295   -2.98667134691295   -6.07121288198546
   2.97999516331220   -2.97999516331220   -6.06004607489986
   2.97740947308533   -2.97740947308533   -6.05624411394432
   2.96960985431916   -2.96960985431916   -6.04200083127739
   2.96904861339034   -2.96904861339035   -6.04115131492233
   2.96025822621580   -2.96025822621580   -6.02637189223622
   2.95894161340673   -2.95894161340673   -6.02354680300569
   2.95166608691044   -2.95166608691044   -6.01141861368061
   2.94842725762615   -2.94842725762615   -6.00680287248396
   2.94241366893209   -2.94241366893210   -5.99646060003894
   2.93782690978462   -2.93782690978462   -5.98900056025209
   2.93319617181191   -2.93319617181191   -5.98154003579691
   2.92724570966234   -2.92724570966234   -5.97122225973162
   2.92458881435306   -2.92458881435306   -5.96657122298086
   2.91655889772465   -2.91655889772466   -5.95249729784194
   2.91593257295615   -2.91593257295616   -5.95153152044912
   2.90741424300578   -2.90741424300578   -5.93667593091203
   2.90613632137406   -2.90613632137407   -5.93481091270340
   2.89819737373793   -2.89819737373793   -5.92175793773222
   2.89556795814757   -2.89556795814757   -5.91704330960422
   2.88913251695837   -2.88913251695837   -5.90657670673741
   2.88491254631278   -2.88491254631278   -5.89937500132953
   2.88034733622982   -2.88034733622982   -5.89184229820422
   2.87445308647673   -2.87445308647673   -5.88154952031330
   2.87178110237955   -2.87178110237955   -5.87691800931590
   2.86394509036827   -2.86394509036827   -5.86388892618232
   2.86262604308031   -2.86262604308032   -5.86202032945509
   2.85413515786352   -2.85413515786352   -5.84677334864862
   2.85355232833904   -2.85355232833904   -5.84591190209424
   2.84540592364614   -2.84540592364615   -5.83210158883497
   2.84276736718049   -2.84276736718049   -5.82827525709605
   2.83632904223451   -2.83632904223451   -5.81689677269112
   2.83239745605207   -2.83239745605207   -5.81038911810634
   2.82760408736662   -2.82760408736663   -5.80222536576148
   2.82167986397115   -2.82167986397115   -5.79284328030399
   2.81835429604197   -2.81835429604197   -5.78727346031890
   2.81126233706459   -2.81126233706459   -5.77487630355013
   2.80934956928718   -2.80934956928718   -5.77213794526361
   2.80110437396314   -2.80110437396314   -5.75752320824854
   2.80049500684863   -2.80049500684863   -5.75665667279985
   2.79194707357222   -2.79194707357222   -5.74243991307017
   2.79000013927277   -2.79000013927278   -5.73957906073061
   2.78290468314752   -2.78290468314752   -5.72726460465253
   2.77961967097163   -2.77961967097163   -5.72167849257935
   2.77370244994915   -2.77370244994915   -5.71236010404841
   2.76891490146532   -2.76891490146532   -5.70415352974401
   2.76493453258672   -2.76493453258672   -5.69764711368866
   2.75849301224144   -2.75849301224145   -5.68617510325243
   2.75641298892760   -2.75641298892761   -5.68274259139259
   2.74795406176293   -2.74795406176294   -5.66845592357610
   2.74734470041113   -2.74734470041113   -5.66757344645476
   2.73872411808770   -2.73872411808770   -5.65259168782294
   2.73725281860365   -2.73725281860365   -5.65000214192346
   2.72997181654898   -2.72997181654898   -5.63790024761246
   2.72671280220181   -2.72671280220181   -5.63229426196963
   2.72076244583198   -2.72076244583199   -5.62298023830436
   2.71613686666979   -2.71613686666979   -5.61541893704073
   2.71168093949257   -2.71168093949257   -5.60777684068200
   2.70563222139503   -2.70563222139503   -5.59780021741750
   2.70285467601235   -2.70285467601235   -5.59333072140815
   2.69502129437666   -2.69502129437666   -5.57988026687407
   2.69428501793681   -2.69428501793682   -5.57808644381414
   2.68531409109143   -2.68531409109143   -5.56299119918281
   2.68450262771987   -2.68450262771988   -5.56134039746346
   2.67656604341156   -2.67656604341156   -5.54830561102254
   2.67394744194004   -2.67394744194004   -5.54359137245517
   2.66798102650708   -2.66798102650708   -5.53336497384273
   2.66340869428589   -2.66340869428590   -5.52589072203380
   2.65877374593588   -2.65877374593588   -5.51845071744937
   2.65288110311366   -2.65288110311366   -5.50821294230290
   2.64958601828621   -2.64958601828621   -5.50354597008100
   2.64233244284199   -2.64233244284199   -5.49048421658038
   2.64101445331601   -2.64101445331601   -5.48861750766005
   2.63256078242808   -2.63256078242808   -5.47339348430532
   2.63194860015776   -2.63194860015776   -5.47252433151678
   2.62368347083728   -2.62368347083728   -5.45896544679160
   2.62120005546879   -2.62120005546880   -5.45491205693891
   2.61476728605393   -2.61476728605393   -5.44354429171463
   2.61067218124709   -2.61067218124709   -5.43725700629955
   2.60538145620688   -2.60538145620688   -5.42888293722083
   2.60011939453053   -2.60011939453053   -5.41950972802111
   2.59679662629674   -2.59679662629674   -5.41394521602353
   2.58956098431405   -2.58956098431405   -5.40172482631573
   2.58775228767794   -2.58775228767794   -5.39877736127751
   2.57951592692238   -2.57951592692238   -5.38432487482567
   2.57882333778996   -2.57882333778996   -5.38333287233812
   2.57041712389166   -2.57041712389166   -5.36915586208166
   2.56847511223232   -2.56847511223232   -5.36629913641724
   2.56139941174310   -2.56139941174310   -5.35402100968837
   2.55793415711392   -2.55793415711392   -5.34859500293122
   2.55262563974092   -2.55262563974092   -5.33930984594479
   2.54756541131836   -2.54756541131836   -5.33071207571607
   2.54345889190475   -2.54345889190475   -5.32443189966317
   2.53684496075785   -2.53684496075785   -5.31314280565145
   2.53482744086723   -2.53482744086723   -5.30945810077148
   2.52648648165694   -2.52648648165694   -5.29528491782238
   2.52580505349791   -2.52580505349791   -5.29431238200580
   2.51726222964240   -2.51726222964240   -5.27943419381181
   2.51576274159619   -2.51576274159619   -5.27680280687210
   2.50848768691358   -2.50848768691358   -5.26471220063706
   2.50539014136024   -2.50539014136024   -5.25983118714433
   2.49927957655333   -2.49927957655334   -5.24980470481156
   2.49484368332803   -2.49484368332803   -5.24210554222291
   2.49022572803496   -2.49022572803496   -5.23463114300884
   2.48431583982744   -2.48431583982744   -5.22441485954809
   2.48151555337216   -2.48151555337216   -5.21998484186849
   2.47359000012884   -2.47359000012884   -5.20675722799993
   2.47285442250707   -2.47285442250707   -5.20496491644877
   2.46433107257770   -2.46433107257770   -5.19010264017718
   2.46305434325868   -2.46305434325868   -5.18822268252265
   2.45512410524504   -2.45512410524504   -5.17519991899102
   2.45251172367824   -2.45251172367824   -5.17049107160659
   2.44608886026158   -2.44608886026158   -5.16005004276520
   2.44213921076318   -2.44213921076318   -5.15353107138104
   2.43734343948350   -2.43734343948350   -5.14537168012776
   2.43143190382797   -2.43143190382797   -5.13506394471952
   2.42830206234924   -2.42830206234924   -5.13021447515910
   2.42090283356727   -2.42090283356727   -5.11742888627657
   2.41958583043883   -2.41958583043883   -5.11556395366799
   2.41118579242536   -2.41118579242536   -5.10041755464111
   2.41051739560817   -2.41051739560817   -5.09945751632306
   2.40242471443260   -2.40242471443260   -5.08570557616229
   2.39981539389479   -2.39981539389479   -5.08193527915365
   2.39319932933938   -2.39319932933938   -5.07078511106462
   2.38927656293170   -2.38927656293170   -5.06420143498911
   2.38417309192077   -2.38417309192077   -5.05565168279703
   2.37890306082836   -2.37890306082836   -5.04725530789645
   2.37495048543042   -2.37495048543043   -5.04072526729219
   2.36820280360456   -2.36820280360456   -5.02875674574638
   2.36638961256683   -2.36638961256684   -5.02582107506027
   2.35816221328824   -2.35816221328824   -5.01140214207846
   2.35745486192005   -2.35745486192005   -5.01034077633177
   2.34927123610448   -2.34927123610449   -4.99602598339932
   2.34712669290200   -2.34712669290200   -4.99246059537845
   2.34005190776220   -2.34005190776221   -4.98111412917025
   2.33659193037213   -2.33659193037213   -4.97567077430245
   2.33128759039372   -2.33128759039372   -4.96639375239646
   2.32605538720600   -2.32605538720600   -4.95799273707124
   2.32208132397599   -2.32208132397599   -4.95149825755008
   2.31568572637893   -2.31568572637893   -4.94011138320303
   2.31354533288517   -2.31354533288517   -4.93661645514877
   2.30514965096925   -2.30514965096926   -4.92240681084113
   2.30448877326940   -2.30448877326940   -4.92144991913888
   2.29567933029051   -2.29567933029051   -4.90663494175053
   2.29445131825655   -2.29445131825656   -4.90390479445741
   2.28779500569665   -2.28779500569665   -4.89178572208322
   2.28407368769127   -2.28407368769127   -4.88418346731461
   2.27946527531403   -2.27946527531403   -4.87673462563197
   2.27354119240527   -2.27354119240527   -4.86743635293450
   2.26959155050541   -2.26959155050541   -4.86182737655455
   2.26300904329043   -2.26300904329044   -4.85159565736868
   2.26021086007655   -2.26021086007655   -4.84716958701756
   2.25230931387400   -2.25230931387400   -4.83319605080400
   2.25165116377670   -2.25165116377670   -4.83226422281279
   2.24302005390886   -2.24302005390886   -4.81720297817802
   2.24194151965439   -2.24194151965439   -4.81523579150308
   2.23403987318950   -2.23403987318950   -4.80222174797920
   2.23141071959687   -2.23141071959687   -4.79846172690670
   2.22482701715096   -2.22482701715096   -4.78728858120816
   2.22087651982009   -2.22087651982009   -4.78077438666458
   2.21607128799222   -2.21607128799222   -4.77259949615032
   2.21018393923482   -2.21018393923482   -4.76232457020460
   2.20705477219131   -2.20705477219131   -4.75747887535939
   2.19982728223653   -2.19982728223654   -4.74533184834960
   2.19849910051711   -2.19849910051712   -4.74256959585736
   2.18993385171260   -2.18993385171261   -4.72770455725052
   2.18911726295738   -2.18911726295738   -4.72601587526591
   2.18071929430515   -2.18071929430515   -4.71280181284108
   2.17858921545532   -2.17858921545532   -4.70924060554355
   2.17197643977098   -2.17197643977098   -4.69809666458209
   2.16822507240127   -2.16822507240127   -4.69227272709399
   2.16295326712858   -2.16295326712858   -4.68297800445185
   2.15752739237176   -2.15752739237177   -4.67385577470970
   2.15420694844114   -2.15420694844114   -4.66829513062774
   2.14701175525462   -2.14701175525462   -4.65611097801470
   2.14518535469783   -2.14518535469783   -4.65317299467711
   2.13694910849497   -2.13694910849497   -4.63876421833337
   2.13627455527500   -2.13627455527500   -4.63774453621368
   2.12790032683499   -2.12790032683499   -4.62363255568495
   2.12594842193384   -2.12594842193384   -4.62074259935568
   2.11886473940792   -2.11886473940792   -4.60846982529721
   2.11556844512256   -2.11556844512257   -4.60289587418580
   2.11011124150005   -2.11011124150005   -4.59378629973939
   2.10504370896881   -2.10504370896881   -4.58519640992085
   2.10061391362653   -2.10061391362653   -4.57845651050764
   2.09436178495544   -2.09436178495544   -4.56767590828373
   2.09187796114606   -2.09187796114606   -4.56379329306177
   2.08381139236675   -2.08381139236675   -4.55100443088493
   2.08251194073897   -2.08251194073897   -4.54917048677652
   2.07328859913186   -2.07328859913186   -4.53796510889329
   2.07014617052942   -2.07014617052942   -4.53406894800129
   2.06292358952505   -2.06292358952505   -4.52657646670955
   2.05644709959612   -2.05644709959612   -4.51894872102133
   2.05239109886581   -2.05239109886581   -4.51450597339471
   2.04361152957689   -2.04361152957689   -4.50470364935282
   2.04171373153589   -2.04171373153589   -4.50265674544975
   2.03119161061175   -2.03119161061175   -4.49063064368373
   2.03048318496627   -2.03048318496627   -4.48980661480708
   2.02083490923175   -2.02083490923175   -4.47908724058024
   2.01687907549287   -2.01687907549287   -4.47446607584997
   2.01015171084032   -2.01015171084032   -4.46726169964920
   2.00360761844801   -2.00360761844801   -4.45976423541935
   1.99963348951613   -1.99963348951613   -4.45513541612516
   1.99056690619031   -1.99056690619031   -4.44473224617475
   1.98910776393685   -1.98910776393685   -4.44308569054520
   1.97860805031730   -1.97860805031730   -4.43178866482050
   1.97677597855570   -1.97677597855570   -4.42974477847785
   1.96823816493940   -1.96823816493940   -4.42041029224254
   1.96361689056603   -1.96361689056603   -4.41487548662569
   1.95755448772308   -1.95755448772308   -4.40858448462091
   1.95035663970635   -1.95035663970635   -4.40017493644643
   1.94703804343861   -1.94703804343861   -4.39646311062520
   1.93735577161435   -1.93735577161436   -4.38499798892645
   1.93666182104634   -1.93666182104634   -4.38414198450407
   1.92601683130719   -1.92601683130719   -4.37312478706827
   1.92352072533256   -1.92352072533256   -4.37015597147822
   1.91564782078658   -1.91564782078658   -4.36174406574102
   1.91037248265042   -1.91037248265042   -4.35525920534064
   1.90511606946826   -1.90511606946827   -4.34966718224345
   1.89711365563459   -1.89711365563459   -4.34060250495288
   1.89444257599171   -1.89444257599171   -4.33783227053733
   1.88411283360856   -1.88411283360856   -4.32634034242085
   1.88342725979459   -1.88342725979459   -4.32545271746655
   1.87356710775901   -1.87356710775901   -4.31428135044038
   1.87027048691443   -1.87027048691443   -4.31057800499577
   1.86305066127550   -1.86305066127550   -4.30310928566500
   1.85648239888831   -1.85648239888831   -4.29565363741634
   1.85237068833642   -1.85237068833642   -4.29036883888808
   1.84385464236399   -1.84385464236400   -4.28095783109954
   1.84185021260269   -1.84185021260269   -4.27828800245392
   1.83136731105703   -1.83136731105703   -4.26699501217206
   1.83018352330914   -1.83018352330914   -4.26587865132017
   1.82098955426617   -1.82098955426618   -4.25562717927753
   1.81702478199503   -1.81702478199503   -4.25101133639054
   1.81032122475990   -1.81032122475990   -4.24376801961368
   1.80390107758298   -1.80390107758299   -4.23608122812301
   1.79994948400406   -1.79994948400406   -4.23144020296543
   1.79070674704879   -1.79070674704879   -4.22130540643833
   1.78927745808379   -1.78927745808379   -4.21961318690621
   1.77889885734850   -1.77889885734850   -4.20820890325439
   1.77747914142022   -1.77747914142022   -4.20653963383968
   1.76841749705173   -1.76841749705173   -4.19698453179067
   1.76380240713611   -1.76380240713611   -4.19142166784768
   1.75788288506241   -1.75788288506241   -4.18491508506627
   1.75053539109748   -1.75053539109748   -4.17676237321980
   1.74722723585955   -1.74722723585955   -4.17305119337495
   1.73755832078516   -1.73755832078516   -4.16159286711761
   1.73685294984185   -1.73685294984185   -4.16072010672764
   1.72633928923871   -1.72633928923871   -4.14955255304233
   1.72424899978158   -1.72424899978159   -4.14698419104979
   1.71585090715890   -1.71585090715890   -4.13835221590056
   1.71056825789291   -1.71056825789291   -4.13187246232246
   1.70531557224873   -1.70531557224873   -4.12628332265575
   1.69675288627978   -1.69675288627978   -4.11701169189815
   1.69464996820714   -1.69464996820714   -4.11445458241572
   1.68466483014882   -1.68466483014882   -4.10250418760532
   1.68400525974312   -1.68400525974312   -4.10166261251971
   1.67378225938048   -1.67378225938048   -4.09091715395692
   1.67048121268726   -1.67048121268726   -4.08721729098971
   1.66310896435034   -1.66310896435034   -4.07910494779039
   1.65723591898784   -1.65723591898784   -4.07249787642986
   1.65290912943569   -1.65290912943569   -4.06737449646244
   1.64418543326196   -1.64418543326196   -4.05746696145389
   1.64208587439958   -1.64208587439959   -4.05490934075585
   1.63175857340635   -1.63175857340636   -4.04340851112331
   1.63105958682099   -1.63105958682099   -4.04255883143855
   1.62122889603599   -1.62122889603599   -4.03229570881378
   1.61727887321946   -1.61727887321946   -4.02765345927725
   1.61070903873137   -1.61070903873137   -4.02021141020771
   1.60414741205215   -1.60414741205215   -4.01276057308190
   1.60018099460632   -1.60018099460633   -4.00813877928789
   1.59088463829375   -1.59088463829375   -3.99807450384802
   1.58951564601631   -1.58951564601632   -3.99633769830644
   1.57900502246758   -1.57900502246758   -3.98517475082411
   1.57707394405571   -1.57707394405571   -3.98323984170351
   1.56866028930521   -1.56866028930521   -3.97463599875988
   1.56273172076417   -1.56273172076417   -3.96814527653188
   1.55811111922497   -1.55811111922497   -3.96352843400152
   1.54765422723589   -1.54765422723589   -3.95409926944823
   1.54693908905040   -1.54693908905040   -3.95330578625626
   1.53697395675714   -1.53697395675714   -3.94422604459057
   1.53175028235269   -1.53175028235270   -3.93859625423541
   1.52661241737565   -1.52661241737565   -3.93371885748190
   1.51677641561896   -1.51677641561897   -3.92340344275424
   1.51605785477037   -1.51605785477037   -3.92262776709414
   1.50542531143400   -1.50542531143400   -3.91360027354769
   1.50077049982180   -1.50077049982180   -3.90904959395062
   1.49508791753030   -1.49508791753030   -3.90395250041590
   1.48580240683964   -1.48580240683964   -3.89389081269022
   1.48454857816024   -1.48454857816024   -3.89283394843112
   1.47406646077589   -1.47406646077589   -3.88349683859351
   1.46945542037625   -1.46945542037625   -3.87886460188771
   1.46355868938706   -1.46355868938706   -3.87326613686741
   1.45430476227784   -1.45430476227784   -3.86406437706490
   1.45302508544317   -1.45302508544317   -3.86307120060965
   1.44254453214811   -1.44254453214811   -3.85373452099695
   1.43793319719345   -1.43793319719345   -3.84910279124466
   1.43203731253202   -1.43203731253202   -3.84350461871770
   1.42278134942342   -1.42278134942342   -3.83430473769677
   1.42152207923033   -1.42152207923034   -3.83328493058088
   1.41116116112584   -1.41116116112584   -3.82367174884329
   1.40707905123954   -1.40707905123955   -3.81933103312090
   1.40049448607666   -1.40049448607666   -3.81284472952002
   1.39184992063265   -1.39184992063265   -3.80473361702704
   1.38984840258062   -1.38984840258062   -3.80291255276937
   1.37953232160016   -1.37953232160016   -3.79326030943560
   1.37563477238340   -1.37563477238340   -3.78938969145725
   1.36897553968111   -1.36897553968111   -3.78308815065414
   1.36032970910798   -1.36032970910798   -3.77497857274369
   1.35833050709061   -1.35833050709061   -3.77315659017222
   1.34801615341586   -1.34801615341586   -3.76350489246549
   1.34467836874125   -1.34467836874125   -3.75984560691920
   1.33749408773430   -1.33749408773430   -3.75329275567279
   1.32907670423390   -1.32907670423390   -3.74470247764992
   1.32709416965356   -1.32709416965356   -3.74278127330619
   1.31648367078031   -1.31648367078031   -3.73283842070054
   1.31382851419557   -1.31382851419557   -3.73008064056560
   1.30594977870917   -1.30594977870917   -3.72264283698508
   1.29801577690415   -1.29801577690415   -3.71529041725233
   1.29529864315451   -1.29529864315452   -3.71272273296304
   1.28497009246492   -1.28497009246492   -3.70308764999359
   1.28231414594647   -1.28231414594648   -3.70033026934426
   1.27443579172393   -1.27443579172393   -3.69289302669354
   1.26658762859521   -1.26658762859521   -3.68542448563821
   1.26393874334937   -1.26393874334937   -3.68265879425143
   1.25342680696143   -1.25342680696143   -3.67244191044260
   1.25143870261154   -1.25143870261154   -3.67060588882330
   1.24294570601390   -1.24294570601390   -3.66312176010180
   1.23567694061814   -1.23567694061814   -3.65574032210545
   1.23227293826908   -1.23227293826908   -3.65229801751394
   1.22203647494831   -1.22203647494831   -3.64260703532517
   1.22003302429555   -1.22003302429555   -3.64063634746859
   1.21157929681916   -1.21157929681916   -3.63307532284664
   1.20429184051501   -1.20429184051501   -3.62575064573098
   1.20091602343494   -1.20091602343494   -3.62223855019706
   1.19069385660453   -1.19069385660453   -3.61263143073215
   1.18915329199109   -1.18915329199109   -3.61092027272299
   1.17994554055581   -1.17994554055581   -3.60268728031039
   1.17346726722478   -1.17346726722478   -3.59598400640290
   1.16953023901426   -1.16953023901426   -3.59219041262550
   1.15894659948775   -1.15894659948775   -3.58217463101259
   1.15768453879296   -1.15768453879296   -3.58113798968392
   1.14854559659011   -1.14854559659011   -3.57266630533252
   1.14187259785877   -1.14187259785877   -3.56632917904229
   1.13787454313620   -1.13787454313620   -3.56278371256143
   1.12752058404709   -1.12752058404709   -3.55338198221370
   1.12542006869836   -1.12542006869836   -3.55151683076204
   1.11686139809605   -1.11686139809605   -3.54513736583431
   1.10704242628355   -1.10704242628355   -3.53664632239066
   1.10632005551047   -1.10632005551047   -3.53590280224443
   1.09583458785971   -1.09583458785971   -3.52844249742592
   1.08791075161459   -1.08791075161459   -3.52208434156971
   1.08531851958073   -1.08531851958073   -3.52010247321069
   1.07485895546904   -1.07485895546904   -3.51260759930505
   1.06825503215412   -1.06825503215412   -3.50709115849983
   1.06434280324447   -1.06434280324447   -3.50426414522748
   1.05398830668611   -1.05398830668611   -3.49647413659377
   1.04859979857260   -1.04859979857260   -3.49208868471751
   1.04320169886920   -1.04320169886921   -3.48788885678426
   1.03285867475204   -1.03285867475204   -3.48008085695462
   1.02955396301932   -1.02955396301932   -3.47732408204482
   1.02231640011728   -1.02231640011728   -3.47177745187677
   1.01188919720598   -1.01188919720598   -3.46425052955733
   1.00986408789238   -1.00986408789238   -3.46245988742619
   1.00136001792819   -1.00136001792819   -3.45591987081819
   0.99103407253493   -0.99103407253493   -3.44781249743778
   0.99030963128999   -0.99030963128999   -3.44710263560816
   0.98034901659470   -0.98034901659470   -3.44013871688013
   0.97113081884181   -0.97113081884181   -3.43275032898671
   0.96981845965247   -0.96981845965247   -3.43182110479193
   0.95935647001988   -0.95935647001988   -3.42433580630087
   0.95144496519220   -0.95144496519220   -3.41788386089056
   0.94868822312690   -0.94868822312690   -3.41546810029651
   0.93839784488929   -0.93839784488929   -3.40849860937084
   0.93244744411678   -0.93244744411678   -3.40297330398559
   0.92782198593901   -0.92782198593901   -3.39930225420613
   0.91755307809281   -0.91755307809281   -3.39238277592588
   0.91220596923917   -0.91220596923917   -3.38778183055562
   0.90695688519257   -0.90695688519257   -3.38406542324267
   0.89644487821247   -0.89644487821247   -3.37594862280142
   0.89311150464990   -0.89311150464990   -3.37310307594525
   0.88585707582070   -0.88585707582070   -3.36767429678519
   0.87532966709081   -0.87532966709081   -3.35935393710449
   0.87401744542882   -0.87401744542882   -3.35842490779566
   0.86487939179526   -0.86487939179526   -3.35185996945669
   0.85505518392061   -0.85505518392061   -3.34337637253547
   0.85433307151376   -0.85433307151376   -3.34263322091547
   0.84399149791855   -0.84399149791855   -3.33574448083994
   0.83538773911722   -0.83538773911722   -3.32860389972711
   0.83333758585650   -0.83333758585650   -3.32684146850960
   0.82303461165347   -0.82303461165347   -3.31993505782603
   0.81509884800711   -0.81509884800711   -3.31346549482950
   0.81247456971899   -0.81247456971899   -3.31160767443698
   0.80192464719392   -0.80192464719392   -3.30421685212216
   0.79338337872629   -0.79338337872629   -3.29878834840622
   0.79127048189681   -0.79127048189682   -3.29795951146811
   0.78073892365807   -0.78073892365807   -3.29577906133110
   0.77024534047856   -0.77024534047856   -3.29530958745430
   0.75975266878727   -0.75975266878727   -3.29530418710991
   0.74926004757933   -0.74926004757933   -3.29529886083645
   0.73876747622299   -0.73876747622299   -3.29529360863379
   0.72827495408649   -0.72827495408649   -3.29528843050184
   0.71778248053807   -0.71778248053807   -3.29528332644049
   0.70724401222970   -0.70724401222970   -3.29473408291971
   0.69679702047314   -0.69679702047314   -3.29434541230958
   0.68630469193631   -0.68630469193631   -3.29434053168302
   0.67581240946077   -0.67581240946077   -3.29433572510811
   0.66532017241476   -0.66532017241476   -3.29433099258474
   0.65482798016653   -0.65482798016653   -3.29432633411281
   0.64433583208431   -0.64433583208431   -3.29432174969222
   0.63384372753636   -0.63384372753636   -3.29431723932286
   0.62335166589091   -0.62335166589091   -3.29431280300461
   0.61285964651621   -0.61285964651621   -3.29430844073738
   0.60236766878051   -0.60236766878051   -3.29430415252105
   0.59187573205204   -0.59187573205204   -3.29429993835552
   0.58136045232098   -0.58136045232098   -3.29421722430987
   0.57092137238190   -0.57092137238190   -3.29343773233811
   0.56037701019268   -0.56037701019268   -3.29420914227392
   0.54993755384087   -0.54993755384087   -3.29342988795763
   0.53937253438665   -0.53937253438665   -3.29373552273207
   0.52892432995419   -0.52892432995419   -3.29334829843732
   0.51843340820324   -0.51843340820324   -3.29380857778403
   0.50794103725575   -0.50794103725575   -3.29334098269778
   0.49744944420492   -0.49744944420492   -3.29333743587506
   0.48695788584401   -0.48695788584401   -3.29333396308356
   0.47646636154127   -0.47646636154127   -3.29333056432318
   0.46597487066493   -0.46597487066493   -3.29332723959381
   0.45548341258323   -0.45548341258323   -3.29332398889535
   0.44499198666442   -0.44499198666442   -3.29332081222769
   0.43445768708593   -0.43445768708593   -3.29277313997692
   0.42400865177372   -0.42400865177372   -3.29238678031636
   0.41351732159621   -0.41351732159621   -3.29238382648275
   0.40305421512116   -0.40305421512116   -3.29245536262443
   0.39251401327932   -0.39251401327933   -3.29322726879807
   0.38204350635350   -0.38204350635350   -3.29237540905266
   0.37153121727015   -0.37153121727015   -3.29229393153458
   0.36106054392211   -0.36106054392211   -3.29144227187512
   0.35059701360466   -0.35059701360466   -3.29151434104981
   0.34007880478717   -0.34007880478717   -3.29236522197372
   0.32958769400956   -0.32958769400956   -3.29236286023206
   0.31909660781403   -0.31909660781403   -3.29236057250143
   0.30860554556881   -0.30860554556881   -3.29235835878171
   0.29811450664213   -0.29811450664213   -3.29235621907281
   0.28762349040225   -0.28762349040225   -3.29235415337461
   0.27713249621739   -0.27713249621739   -3.29235216168701
   0.26664089375787   -0.26664089375787   -3.29188628866138
   0.25614994648331   -0.25614994648331   -3.29188444563029
   0.24565901936837   -0.24565901936837   -3.29188267660025
   0.23512809195341   -0.23512809195341   -3.29180029499519
   0.22467731491392   -0.22467731491392   -3.29141542455044
   0.21421259393976   -0.21421259393976   -3.29148872565241
   0.20369549986958   -0.20369549986958   -3.29187634048859
   0.19316510124620   -0.19316510124620   -3.29179426452501
   0.18271392989247   -0.18271392989247   -3.29140967955547
   0.17222312456089   -0.17222312456089   -3.29140842828459
   0.16173233433531   -0.16173233433531   -3.29140725100465
   0.15124155858395   -0.15124155858395   -3.29140614771555
   0.14075022334484   -0.14075022334484   -3.29094117052366
   0.13025947933966   -0.13025947933966   -3.29094021574068
   0.11976931185763   -0.11976931185763   -3.29140328179220
   0.10927858768556   -0.10927858768556   -3.29140247446539
   0.09876977653451   -0.09876977653451   -3.29132291183060
   0.08832148269421   -0.08832148269421   -3.29054827260682
   0.07776762819534   -0.07776762819534   -3.29085589524181
   0.06733988651657   -0.06733988651657   -3.29054720152555
   0.05678650870098   -0.05678650870098   -3.29085496381549
   0.04633399098075   -0.04633399098075   -3.29047130044082
   0.03586755648744   -0.03586755648744   -3.29054614658157
   0.02531488888816   -0.02531488888816   -3.29085412463232
   0.01486204549769   -0.01486204549769   -3.29047065439091
   0.00437140910554   -0.00437140910554   -3.29047058698281
  -0.00611922228846    0.00611922228846   -3.29047059354547
  -0.01660984931606    0.01660984931606   -3.29047067407880
  -0.02710047260903    0.02710047260903   -3.29047082858268
  -0.03759109279914    0.03759109279914   -3.29047105705702
  -0.04808219937914    0.04808219937914   -3.29000742007276
  -0.05857281056837    0.05857281056837   -3.29000779684534
  -0.06906342055007    0.06906342055007   -3.29000824757874
  -0.07959062886045    0.07959062886045   -3.28992823936526
  -0.09004459674469    0.09004459674469   -3.28954542554251
  -0.10053520852616    0.10053520852616   -3.28954609767252
  -0.11102582162670    0.11102582162670   -3.28954684375374
  -0.12151643667808    0.12151643667808   -3.28954766378609
  -0.13200705431206    0.13200705431206   -3.28954855776945
  -0.14249767516041    0.14249767516041   -3.28954952570372
  -0.15298829985490    0.15298829985490   -3.28955056758880
  -0.16347936630077    0.16347936630077   -3.28908774785559
  -0.17396999589400    0.17396999589400   -3.28908893789701
  -0.18446063122869    0.18446063122869   -3.28909020187957
  -0.19495127293660    0.19495127293660   -3.28909153980318
  -0.20544192164950    0.20544192164950   -3.28909295166772
  -0.21596769722293    0.21596769722293   -3.28901408175672
  -0.22640185041502    0.22640185041502   -3.28870740701257
  -0.23694880806773    0.23694880806774   -3.28901731481762
  -0.24740458091198    0.24740458091198   -3.28863538534324
  -0.25789527575057    0.25789527575057   -3.28863716628820
  -0.26838637178715    0.26838637178715   -3.28817508816387
  -0.27887708416024    0.27887708416024   -3.28817701713248
  -0.28936780859199    0.28936780859199   -3.28817902002268
  -0.29985854571414    0.29985854571414   -3.28818109683435
  -0.31034929615847    0.31034929615847   -3.28818324756739
  -0.32087404019730    0.32087404019730   -3.28810529150907
  -0.33131061036582    0.33131061036582   -3.28779920095986
  -0.34182163374216    0.34182163374216   -3.28819014329373
  -0.35234608215931    0.35234608215931   -3.28811248156942
  -0.36280326985918    0.36280326985918   -3.28773114994349
  -0.37329411512231    0.37329411512231   -3.28773374347951
  -0.38378497812950    0.38378497812950   -3.28773641092707
  -0.39427585951253    0.39427585951253   -3.28773915228607
  -0.40476708940028    0.40476708940028   -3.28727803636177
  -0.41525800474381    0.41525800474381   -3.28728092558258
  -0.42574894035845    0.42574894035845   -3.28728388870510
  -0.43623989687597    0.43623989687597   -3.28728692572923
  -0.44673087492812    0.44673087492812   -3.28729003665486
  -0.45722218121343    0.45722218121343   -3.28682929082976
  -0.46771289816340    0.46771289816340   -3.28729648021021
  -0.47820394461006    0.47820394461006   -3.28729981283973
  -0.48874789877200    0.48874789877200   -3.28675768054652
  -0.49918613082331    0.49918613082331   -3.28684273002138
  -0.50967753563722    0.50967753563722   -3.28638235272673
  -0.52016840105818    0.52016840105819   -3.28684991089566
  -0.53065984904553    0.53065984904553   -3.28638968126468
  -0.54115104626382    0.54115104626382   -3.28639345635678
  -0.55164227133389    0.55164227133389   -3.28639730533085
  -0.56213352488751    0.56213352488751   -3.28640122818676
  -0.57254300507322    0.57254300507322   -3.28654434952181
  -0.58287839866105    0.58287839866105   -3.28789639095380
  -0.59325348981431    0.59325348981431   -3.29160133809032
  -0.60336541610613    0.60336541610613   -3.29689845137553
  -0.60812510680768    0.60812510680768   -3.30087957790877
  -0.61419566775692    0.61419566775692   -3.30567085493007
  -0.62434799028952    0.62434799028952   -3.31175847689289
  -0.62854499590298    0.62854499590299   -3.31564696748105
  -0.63514833430418    0.63514833430418   -3.32109229587529
  -0.64526619469069    0.64526619469069   -3.32760782660058
  -0.64948827575772    0.64948827575773   -3.33069026828236
  -0.65608857588255    0.65608857588255   -3.33613626959505
  -0.66653215681021    0.66653215681021   -3.34354029409999
  -0.66914183916750    0.66914183916750   -3.34543002230742
  -0.67706887404142    0.67706887404142   -3.35192245828058
  -0.68755927046779    0.68755927046779   -3.35935184467590
  -0.68950250341045    0.68950250341045   -3.36034833388145
  -0.69801564219056    0.69801564219056   -3.36676346631258
  -0.70838103990510    0.70838103990510   -3.37344661178798
  -0.71044399297401    0.71044399297401   -3.37531952301329
  -0.71903078975549    0.71903078975549   -3.38256871351065
  -0.72942780417909    0.72942780417909   -3.38916566116150
  -0.73010274550155    0.73010274550155   -3.39004531807560
  -0.74005611909850    0.74005611909851   -3.39837565773807
  -0.74977293225716    0.74977293225716   -3.40488469175403
  -0.75050315286901    0.75050315286901   -3.40578689174727
  -0.76099419973101    0.76099419973101   -3.41321727695263
  -0.76880477513757    0.76880477513757   -3.41959530612411
  -0.77148514473159    0.77148514473159   -3.42157571905340
  -0.78197638600243    0.78197638600243   -3.42900639845229
  -0.78974184283481    0.78974184283481   -3.43461195642337
  -0.79247411934967    0.79247411934967   -3.43659672898043
  -0.80296706042272    0.80296706042272   -3.44456711648762
  -0.81003399630511    0.81003399630511   -3.44947784501258
  -0.81345650580799    0.81345650580799   -3.45238757657787
  -0.82394214214400    0.82394214214400   -3.45965851534693
  -0.82978856798979    0.82978856798979   -3.46425673224548
  -0.83448260572219    0.83448260572219   -3.46803917489309
  -0.84489479855007    0.84489479855007   -3.47520132311748
  -0.85008609318356    0.85008609318356   -3.47912663990639
  -0.85542268579092    0.85542268579092   -3.48304313711983
  -0.86567828989836    0.86567828989837   -3.49011783132650
  -0.87046439862177    0.87046439862177   -3.49404410845220
  -0.87646350620014    0.87646350620014   -3.49935832275080
  -0.88656825016467    0.88656825016467   -3.50594213030897
  -0.89014727182992    0.89014727182992   -3.50896320914139
  -0.89738596469458    0.89738596469458   -3.51446555693004
  -0.90783350663327    0.90783350663328   -3.52187276037642
  -0.91044276974821    0.91044276974821   -3.52376580163539
  -0.91842629211968    0.91842629211968   -3.53028286058771
  -0.92886945493207    0.92886945493207   -3.53743010029672
  -0.93014433934084    0.93014433934084   -3.53844227095971
  -0.93931630691614    0.93931630691615   -3.54603013058396
  -0.94898541955556    0.94898541955556   -3.55352526803142
  -0.94965480063789    0.94965480063789   -3.55442692408305
  -0.96012934848893    0.96012934848893   -3.56352630265726
  -0.96482298005704    0.96482298005704   -3.56831334726979
  -0.97083865673612    0.97083865673612   -3.57457507954630
  -0.98119637442242    0.98119637442243   -3.58235730901652
  -0.98182111566426    0.98182111566426   -3.58320898913039
  -0.99171041810531    0.99171041810531   -3.59335476477832
  -0.99698366341559    0.99698366341560   -3.59803512432743
  -1.00220393282289    1.00220393282289   -3.60264490260094
  -1.01259394594826    1.01259394594826   -3.61200263833017
  -1.01334276258704    1.01334276258704   -3.61296473475768
  -1.02323201253363    1.02323201253363   -3.62218561823899
  -1.02906649009031    1.02906649009031   -3.62768580867703
  -1.03371600575232    1.03371600575232   -3.63239737235157
  -1.04420402150761    1.04420402150761   -3.64168379954844
  -1.04550061549238    1.04550061549238   -3.64264748545275
  -1.05467333476194    1.05467333476194   -3.65095481906924
  -1.06122701658628    1.06122701658628   -3.65741409859418
  -1.06520791573106    1.06520791573106   -3.66120614324529
  -1.07568672413273    1.07568672413273   -3.67048601539754
  -1.07828067415222    1.07828067415222   -3.67241202159068
  -1.08624169329284    1.08624169329284   -3.68044150445785
  -1.09400677657312    1.09400677657313   -3.68723488672842
  -1.09659385471322    1.09659385471322   -3.68917149556834
  -1.10711637613862    1.10711637613862   -3.69893410074967
  -1.10981730923644    1.10981730923644   -3.70186268122480
  -1.11766557703152    1.11766557703152   -3.70951069050202
  -1.12607739584863    1.12607739584864   -3.71697073786322
  -1.12803147624703    1.12803147624703   -3.71885513118038
  -1.13884539513937    1.13884539513937   -3.72877570127494
  -1.14198169010365    1.14198169010365   -3.73157783352351
  -1.14928128262673    1.14928128262673   -3.73898696063173
  -1.15833416134599    1.15833416134599   -3.74661082165525
  -1.15964677548919    1.15964677548919   -3.74761052818289
  -1.17006947692441    1.17006947692441   -3.75683587866061
  -1.17470996356491    1.17470996356491   -3.76157193012318
  -1.18063152972437    1.18063152972437   -3.76712039389786
  -1.19093029071212    1.19093029071212   -3.77560282938785
  -1.19174872063777    1.19174872063777   -3.77665101904681
  -1.20169004518979    1.20169004518979   -3.78634015378312
  -1.20681132285497    1.20681132285497   -3.79122647668067
  -1.21199698243076    1.21199698243076   -3.79599158676287
  -1.22249334650490    1.22249334650490   -3.80528649486265
  -1.22324051695656    1.22324051695657   -3.80624685940248
  -1.23313445615306    1.23313445615306   -3.81546576769425
  -1.23958290981593    1.23958290981593   -3.82106100465826
  -1.24349827014381    1.24349827014381   -3.82481949291001
  -1.25402867778502    1.25402867778502   -3.83415255827371
  -1.25540881866272    1.25540881866272   -3.83593920897356
  -1.26458666362035    1.26458666362035   -3.84424719664647
  -1.27175252881501    1.27175252881501   -3.85080438713424
  -1.27512207414056    1.27512207414056   -3.85450359135038
  -1.28537490440206    1.28537490440206   -3.86276407463506
  -1.28819694301369    1.28819694301369   -3.86571969531892
  -1.29606610186014    1.29606610186014   -3.87305074353506
  -1.30392958424402    1.30392958424403   -3.88054716891129
  -1.30663742517719    1.30663742517719   -3.88333751576034
  -1.31706776408428    1.31706776408428   -3.89164919932213
  -1.32039073823171    1.32039073823171   -3.89529766308134
  -1.32767364749906    1.32767364749906   -3.90249755297276
  -1.33601002971568    1.33601002971568   -3.91029983789053
  -1.33796359454640    1.33796359454640   -3.91218714014680
  -1.34843519395567    1.34843519395567   -3.92308768898644
  -1.35047821311641    1.35047821311642   -3.92511091781582
  -1.35902673486581    1.35902673486581   -3.93437158679646
  -1.36365586630803    1.36365586630803   -3.93978336623875
  -1.36949034822618    1.36949034822619   -3.94641095302337
  -1.37731182683483    1.37731182683483   -3.95481541202649
  -1.37990378354414    1.37990378354414   -3.95765731770075
  -1.39036093286270    1.39036093286270   -3.96873732691683
  -1.39116386814613    1.39116386814613   -3.96982207509214
  -1.40109874546567    1.40109874546567   -3.98048507439984
  -1.40438769250853    1.40438769250854   -3.98437139172641
  -1.41150810256280    1.41150810256280   -3.99198546626562
  -1.41865126266443    1.41865126266443   -3.99953847418906
  -1.42200227491734    1.42200227491734   -4.00406244684821
  -1.43183063937621    1.43183063937621   -4.01431673601765
  -1.43250248538574    1.43250248538574   -4.01521867737437
  -1.44310793860448    1.44310793860448   -4.02602780507507
  -1.44572570711853    1.44572570711853   -4.02899175819469
  -1.45350620914566    1.45350620914566   -4.03752715676130
  -1.45883852209304    1.45883852209304   -4.04387100797309
  -1.46400197917697    1.46400197917697   -4.04959985180441
  -1.47259878024463    1.47259878024463   -4.05891023811893
  -1.47467589053483    1.47467589053483   -4.06141508403074
  -1.48516982501713    1.48516982501713   -4.07256238767797
  -1.48638220874066    1.48638220874066   -4.07366712381286
  -1.49551207043172    1.49551207043173   -4.08399721274214
  -1.50011067890731    1.50011067890731   -4.08869285154547
  -1.50603079402261    1.50603079402261   -4.09517776940339
  -1.51382985109634    1.51382985109634   -4.10367619660164
  -1.51644813283149    1.51644813283149   -4.10647888414793
  -1.52696222195306    1.52696222195306   -4.11765609699549
  -1.52763468554218    1.52763468554218   -4.11855545724241
  -1.53754791814318    1.53754791814318   -4.12958665623220
  -1.54078130834382    1.54078130834383   -4.13333112054357
  -1.54803361890106    1.54803361890106   -4.14164365668862
  -1.55403813999387    1.55403813999387   -4.14798212902147
  -1.55853753855668    1.55853753855668   -4.15280100767688
  -1.56767109534215    1.56767109534215   -4.16308881813304
  -1.56893569576050    1.56893569576051   -4.16410116899558
  -1.57941522207422    1.57941522207422   -4.17520117660986
  -1.58149546270153    1.58149546270153   -4.17800506446229
  -1.59006796507338    1.59006796507338   -4.18723242635517
  -1.59524174223537    1.59524174223537   -4.19285013572589
  -1.60054548522725    1.60054548522725   -4.19927160514528
  -1.60845124370633    1.60845124370634   -4.20768895242882
  -1.61107744359631    1.61107744359631   -4.21047872171992
  -1.62161493138967    1.62161493138967   -4.22168565144479
  -1.62227837345101    1.62227837345101   -4.22249344142852
  -1.63208748736854    1.63208748736854   -4.23279757954176
  -1.63607209986911    1.63607209986911   -4.23726640104879
  -1.64256366392747    1.64256366392747   -4.24483044816944
  -1.64911104415210    1.64911104415210   -4.25235320167377
  -1.65308287699945    1.65308287699945   -4.25694614565569
  -1.66290010498674    1.66290010498674   -4.26723348169158
  -1.66358882008563    1.66358882008563   -4.26810666627970
  -1.67427321635629    1.67427321635629   -4.27900529940050
  -1.67681758501366    1.67681758501366   -4.28188809954047
  -1.68460132699249    1.68460132699249   -4.29042866190830
  -1.69046238879654    1.69046238879654   -4.29700431946940
  -1.69510316308873    1.69510316308873   -4.30250836776874
  -1.70369422816294    1.70369422816294   -4.31182650711680
  -1.70579750088876    1.70579750088876   -4.31435281755997
  -1.71608091904241    1.71608091904241   -4.32565859964666
  -1.71686311428872    1.71686311428872   -4.32666927025505
  -1.72681850514680    1.72681850514680   -4.33668547232784
  -1.73122285363003    1.73122285363003   -4.34162622864281
  -1.73714551646031    1.73714551646031   -4.34811516711770
  -1.74491333016843    1.74491333016843   -4.35668293797067
  -1.74765091814918    1.74765091814918   -4.36020219296065
  -1.75762836224943    1.75762836224943   -4.37115847773879
  -1.75832456856600    1.75832456856601   -4.37201423981172
  -1.76867455239490    1.76867455239491   -4.38254594278654
  -1.77148329600736    1.77148329600736   -4.38585918078982
  -1.77915623351268    1.77915623351268   -4.39457603140129
  -1.78517657642267    1.78517657642267   -4.40095199297045
  -1.78967792890165    1.78967792890165   -4.40577391555702
  -1.79881170247822    1.79881170247822   -4.41607922360940
  -1.80004570755763    1.80004570755763   -4.41714504114967
  -1.81060609945026    1.81060609945026   -4.42833766683591
  -1.81263982935210    1.81263982935210   -4.43099808764729
  -1.82121787007480    1.82121787007480   -4.44022815090282
  -1.82593406392911    1.82593406392911   -4.44558734197715
  -1.83188500266727    1.83188500266727   -4.45202624129353
  -1.83965470746807    1.83965470746808   -4.46051962967850
  -1.84221269582651    1.84221269582651   -4.46342577846528
  -1.85277117596730    1.85277117596730   -4.47470618402711
  -1.85341873629045    1.85341873629046   -4.47549625744680
  -1.86324216260426    1.86324216260426   -4.48671438857230
  -1.86633494047910    1.86633494047910   -4.49056177800494
  -1.87389109459790    1.87389109459790   -4.50218927028525
  -1.87573924872883    1.87573924872883   -4.50500202410890
  -1.88407704239741    1.88407704239741   -4.51939552011782
  -1.88473412126757    1.88473412126757   -4.52032579856547
  -1.89269522257001    1.89269522257001   -4.53498951726612
  -1.89458559942186    1.89458559942187   -4.53787871262376
  -1.90126782959115    1.90126782959115   -4.54986848345961
  -1.90526553158673    1.90526553158673   -4.55631055599019
  -1.90996785896551    1.90996785896551   -4.56452521541507
  -1.91578001489807    1.91578001489807   -4.57395106540929
  -1.91891040639584    1.91891040639584   -4.57963578204294
  -1.92613948696084    1.92613948696084   -4.59287580069154
  -1.92736579596246    1.92736579596246   -4.59464996427922
  -1.93540331231223    1.93540331231223   -4.60940383204730
  -1.93681506787075    1.93681506787075   -4.61207994867852
  -1.94398487040882    1.94398487040882   -4.62428493678725
  -1.94733257788042    1.94733257788043   -4.62978992577317
  -1.95268819896488    1.95268819896488   -4.63894426103274
  -1.95801185368174    1.95801185368175   -4.64817111231924
  -1.96119344399567    1.96119344399567   -4.65383295268969
  -1.96816251840781    1.96816251840781   -4.66620644455323
  -1.96960470985149    1.96960470985149   -4.66889796450170
  -1.97823195285576    1.97823195285576   -4.68381146950182
  -1.97888920333629    1.97888920333629   -4.68474207805096
  -1.98717710418740    1.98717710418740   -4.69894413626722
  -1.98924246521304    1.98924246521304   -4.70255052194255
  -1.99522681874077    1.99522681874077   -4.71360199045269
  -1.99992609514089    1.99992609514089   -4.72186155208287
  -2.00379467705395    2.00379467705395   -4.72848759988038
  -2.01044416887288    2.01044416887288   -4.73956182234505
  -2.01247660103218    2.01247660103218   -4.74315345113475
  -2.02047104290355    2.02047104290355   -4.75801422209337
  -2.02112837316176    2.02112837316176   -4.75894498360712
  -2.02943118752514    2.02943118752514   -4.77315281609751
  -2.03132230809231    2.03132230809231   -4.77604347576846
  -2.03749497074191    2.03749497074191   -4.78781495532351
  -2.04200819805300    2.04200819805301   -4.79536375125583
  -2.04652724350837    2.04652724350837   -4.80293158961927
  -2.05252632761274    2.05252632761274   -4.81307031018267
  -2.05521883726564    2.05521883726564   -4.81760008248739
  -2.06304386336847    2.06304386336847   -4.83176423708700
  -2.06370127513496    2.06370127513496   -4.83269515367592
  -2.07169584348942    2.07169584348942   -4.84737511517566
  -2.07373343782459    2.07373343782459   -4.85102155673272
  -2.08068829161339    2.08068829161339   -4.86249722750644
  -2.08393646540674    2.08393646540674   -4.86812714986389
  -2.08926515585895    2.08926515585896   -4.87738757452529
  -2.09461475772380    2.09461475772380   -4.88658956755653
  -2.09796689773779    2.09796689773780   -4.89205864156888
  -2.10509711687434    2.10509711687434   -4.90520100533121
  -2.10635368986760    2.10635368986760   -4.90711480616057
  -2.11482990618620    2.11482990618620   -4.92228017311314
  -2.11548741965879    2.11548741965879   -4.92321128312439
  -2.12300972756592    2.12300972756592   -4.93672700831003
  -2.12618142431642    2.12618142431642   -4.94152647904982
  -2.13154509952138    2.13154509952138   -4.95162616082369
  -2.13670975564871    2.13670975564871   -4.96011958799976
  -2.14057745022853    2.14057745022853   -4.96674841019853
  -2.14722981805184    2.14722981805184   -4.97782842520396
  -2.14927242017837    2.14927242017837   -4.98142494252239
  -2.15716722428744    2.15716722428744   -4.99631961489245
  -2.15777241202736    2.15777241202736   -4.99730660496378
  -2.16571922290366    2.16571922290366   -5.01121620865953
  -2.16829822546257    2.16829822546257   -5.01592710529789
  -2.17429649160163    2.17429649160163   -5.02610752010915
  -2.17897319787422    2.17897319787422   -5.03440412215646
  -2.18284224851249    2.18284224851249   -5.04100680285555
  -2.18934081793954    2.18934081793954   -5.05227117304800
  -2.19139907362650    2.19139907362650   -5.05590354176998
  -2.19974559026512    2.19974559026512   -5.07002420665694
  -2.20032768316735    2.20032768316735   -5.07102711481590
  -2.20851154169040    2.20851154169041   -5.08569867692256
  -2.21038798115855    2.21038798115855   -5.08860723597002
  -2.21690380173971    2.21690380173971   -5.10082017866849
  -2.22090542343617    2.22090542343617   -5.10727006703114
  -2.22560238273166    2.22560238273166   -5.11550325401218
  -2.23129156943622    2.23129156943622   -5.12507505146023
  -2.23459120681374    2.23459120681374   -5.13063135878978
  -2.24178419899480    2.24178419899480   -5.14387723585425
  -2.24306739615616    2.24306739615616   -5.14569466088713
  -2.25165305606914    2.25165305606915   -5.16064182412294
  -2.25247569879230    2.25247569879230   -5.16227160068097
  -2.25966623417336    2.25966623417337   -5.17532602194340
  -2.26301731726008    2.26301731726008   -5.18083777038937
  -2.26820073592014    2.26820073592014   -5.19023276793641
  -2.27355355863855    2.27355355863855   -5.19944128555610
  -2.27691782859413    2.27691782859413   -5.20491785037721
  -2.28405247395057    2.28405247395057   -5.21806939551555
  -2.28532850759338    2.28532850759339   -5.21999739332502
  -2.29384400356898    2.29384400356898   -5.23494681166492
  -2.29446193060739    2.29446193060739   -5.23592391663472
  -2.30243427233103    2.30243427233103   -5.24984508465027
  -2.30513652116493    2.30513652116493   -5.25441652262496
  -2.31097133228817    2.31097133228817   -5.26475423270719
  -2.31567558861453    2.31567558861453   -5.27302397066626
  -2.31971217836964    2.31971217836964   -5.27943593995574
  -2.32621383145546    2.32621383145546   -5.29070653784220
  -2.32825478396976    2.32825478396976   -5.29434798919564
  -2.33615465218485    2.33615465218485   -5.30925322082459
  -2.33676020485306    2.33676020485306   -5.31024093271269
  -2.34473965778531    2.34473965778531   -5.32414673316063
  -2.34726369564223    2.34726369564223   -5.32800588368365
  -2.35328731365674    2.35328731365674   -5.33905997063113
  -2.35780529600572    2.35780529600572   -5.34661828865605
  -2.36249398135421    2.36249398135421   -5.35397427015961
  -2.36834615698119    2.36834615698119   -5.36430473931082
  -2.37086080771945    2.37086080771945   -5.36910676175441
  -2.37883253195218    2.37883253195218   -5.38305927622736
  -2.37949060135861    2.37949060135862   -5.38399143154500
  -2.38798593848663    2.38798593848664   -5.39892421350859
  -2.38939992590683    2.38939992590683   -5.40160500837103
  -2.39607340176344    2.39607340176344   -5.41360950080373
  -2.39994326397274    2.39994326397274   -5.42022412149211
  -2.40464233042434    2.40464233042434   -5.42851374756057
  -2.41062653477782    2.41062653477782   -5.43869503473636
  -2.41339017730108    2.41339017730108   -5.44321612944036
  -2.42097573510464    2.42097573510464   -5.45659967479578
  -2.42224825979810    2.42224825979811   -5.45852713220460
  -2.43031077957494    2.43031077957494   -5.47325692044291
  -2.43154722254821    2.43154722254821   -5.47521227463110
  -2.43886618980146    2.43886618980146   -5.48817340843252
  -2.44209032092940    2.44209032092940   -5.49384123936020
  -2.44743756136995    2.44743756136996   -5.50307876840612
  -2.45277018436717    2.45277018436717   -5.51232380306950
  -2.45600391278922    2.45600391278922   -5.51798766583060
  -2.46329691315827    2.46329691315827   -5.53004539181000
  -2.46475272026988    2.46475272026988   -5.53269775146774
  -2.47310407560537    2.47310407560537   -5.54783616153890
  -2.47370992599309    2.47370992599309   -5.54882445647764
  -2.48150169517767    2.48150169517767   -5.56296226679883
  -2.48420571302593    2.48420571302593   -5.56753722029215
  -2.49023986920446    2.49023986920446   -5.57765811933819
  -2.49492194055044    2.49492194055044   -5.58596560126266
  -2.49879872857819    2.49879872857819   -5.59257816846157
  -2.50530469409997    2.50530469409997   -5.60385740752452
  -2.50735241441321    2.50735241441321   -5.60750389660185
  -2.51562034874737    2.51562034874737   -5.62191275936405
  -2.51627873102774    2.51627873102774   -5.62284549573677
  -2.52449127787329    2.52449127787329   -5.63732717679153
  -2.52653219209325    2.52653219209325   -5.64098038256996
  -2.53285543858539    2.53285543858540   -5.65247661298789
  -2.53675368245354    2.53675368245354   -5.65906663230452
  -2.54115616986499    2.54115616986499   -5.66694714937402
  -2.54746687774255    2.54746687774255   -5.67751305534974
  -2.55017817855959    2.55017817855959   -5.68209043156478
  -2.55812060784336    2.55812060784336   -5.69603592989564
  -2.55876193867891    2.55876193867891   -5.69697814432626
  -2.56711504401990    2.56711504401990   -5.71215765925445
  -2.56853003808689    2.56853003808689   -5.71484052660423
  -2.57569568153627    2.57569568153627   -5.72707190963554
  -2.57905062838430    2.57905062838430   -5.73259124358237
  -2.58443781153665    2.58443781153665   -5.74177421417932
  -2.58977325567010    2.58977325567010   -5.75102485994756
  -2.59299313714749    2.59299313714749   -5.75671286644651
  -2.60013643831500    2.60013643831500   -5.76988210547244
  -2.60140439991420    2.60140439991420   -5.77180880314301
  -2.60947262378149    2.60947262378150   -5.78655016870157
  -2.61070988866803    2.61070988866803   -5.78850710699791
  -2.61804524430922    2.61804524430923   -5.80146105436622
  -2.62138611992024    2.62138611992024   -5.80700079879237
  -2.62660782563265    2.62660782563266   -5.81639453104767
  -2.63194417380078    2.63194417380078   -5.82564697591057
  -2.63537161749909    2.63537161749909   -5.83110069321815
  -2.64249978678788    2.64249978678789   -5.84336548742317
  -2.64394392318974    2.64394392318974   -5.84604100954441
  -2.65231664784519    2.65231664784519   -5.86114347310908
  -2.65297536020353    2.65297536020353   -5.86207681803175
  -2.66087668000210    2.66087668000210   -5.87609814396915
  -2.66340362011119    2.66340362011119   -5.87996282226067
  -2.66944185600007    2.66944185600007   -5.89103443645428
  -2.67396525656643    2.67396525656644   -5.89860340800258
  -2.67801192436468    2.67801192436469   -5.90595576147918
  -2.68465646895948    2.68465646895948   -5.91708794872423
  -2.68678399897020    2.68678399897020   -5.92068468133507
  -2.69498408608862    2.69498408608863   -5.93507385300890
  -2.69564569944165    2.69564569944166   -5.93602247223191
  -2.70418012063348    2.70418012063348   -5.95098197706256
  -2.70559593090888    2.70559593090888   -5.95366650828197
  -2.71228396023418    2.71228396023419   -5.96569012480652
  -2.71615858121714    2.71615858121714   -5.97231415373916
  -2.72085502586109    2.72085502586110   -5.98061251669802
  -2.72684662077928    2.72684662077928   -5.99080837605752
  -2.72942379116322    2.72942379116322   -5.99555241081228
  -2.73704826745683    2.73704826745683   -6.00801548778093
  -2.73848891393162    2.73848891393162   -6.01068230079209
  -2.74656407422486    2.74656407422486   -6.02542254317872
  -2.74780200562350    2.74780200562350   -6.02738075397460
  -2.75495215061551    2.75495215061551   -6.04056849660914
  -2.75830950776286    2.75830950776286   -6.04609250044747
  -2.76323782681683    2.76323782681683   -6.05504816797909
  -2.76904563864579    2.76904563864580   -6.06454332918003
  -2.77227744582622    2.77227744582622   -6.07021342907284
  -2.77957952469545    2.77957952469545   -6.08228881979498
  -2.78101055232862    2.78101055232862   -6.08489084964257
  -2.78789224051474    2.78789224051475   -6.09968897215869
  -2.79083953588922    2.79083953588922   -6.11301776156030
  -2.79132779083354    2.79132779083354   -6.11514245893519
  -2.79172478783284    2.79172478783284   -6.13022063081762
  -2.79136058409950    2.79136058409950   -6.14503790555230
  -2.79138367553498    2.79138367553498   -6.15995338067473
  -2.79116700083860    2.79116700083860   -6.16740717033604
  -2.79090404775778    2.79090404775779   -6.17530647678194
  -2.79011420163783    2.79011420163783   -6.18978094576526
  -2.79011853942937    2.79011853942937   -6.20476485644334
  -2.78950280697669    2.78950280697669   -6.21961245780332
  -2.78950724623733    2.78950724623734   -6.23459861986950
  -2.78865875851541    2.78865875851541   -6.24954990847257
  -2.78818374109558    2.78818374109558   -6.26455750020391
  -2.78556285014952    2.78556285014952   -6.27989373966287
  -2.78019476118148    2.78019476118148   -6.29224699805054
  -2.77879565548962    2.77879565548962   -6.29482420192698
  -2.76969105578446    2.76969105578446   -6.30900141120057
  -2.76903442258699    2.76903442258699   -6.30993197496941
  -2.75943258429733    2.75943258429733   -6.32330861588873
  -2.75811967336927    2.75811967336927   -6.32517029045853
  -2.74867879281736    2.74867879281736   -6.33878013816177
  -2.74802216227214    2.74802216227214   -6.33971075346960
  -2.73817269223700    2.73817269223701   -6.35367012165034
  -2.73751606291277    2.73751606291278   -6.35460076288888
  -2.72792274580604    2.72792274580604   -6.36799039237756
  -2.72660984602936    2.72660984602936   -6.36985222788052
  -2.71741952402808    2.71741952402809   -6.38288517814689
  -2.71610662765896    2.71610662765897   -6.38474706768195
  -2.70684406395101    2.70684406395101   -6.39784866781591
  -2.70546561464976    2.70546561464976   -6.39960510930529
  -2.69615285317592    2.69615285317592   -6.41137779099552
  -2.69432096766450    2.69432096766450   -6.41422296200627
  -2.68618254184438    2.68618254184438   -6.42702499509674
  -2.68421328420682    2.68421328420682   -6.42981814980121
  -2.67533212428153    2.67533212428153   -6.44253745944093
  -2.67395337443536    2.67395337443537   -6.44429357606183
  -2.66450066255202    2.66450066255202   -6.45670186405113
  -2.66323430726004    2.66323430726004   -6.45862120417105
  -2.65440071324468    2.65440071324468   -6.47226303461659
  -2.65308783409784    2.65308783409784   -6.47412525243714
  -2.64417155474564    2.64417155474564   -6.48661552408439
  -2.64220231046105    2.64220231046106   -6.48940900584010
  -2.63366884883837    2.63366884883837   -6.50151425026503
  -2.63151492215490    2.63151492215490   -6.50426153788854
  -2.62288888826061    2.62288888826061   -6.51509112029030
  -2.62016972801495    2.62016972801495   -6.51877330432154
  -2.61212320933958    2.61212320933959   -6.52962004083013
  -2.60868000401553    2.60868000401554   -6.53343470879393
  -2.60138572100428    2.60138572100428   -6.54081285879677
  -2.59281849110798    2.59281849110798   -6.54836476135783
  -2.59079210662582    2.59079210662582   -6.55010462549827
  -2.58040905359137    2.58040905359137   -6.55804364530083
  -2.57436262119483    2.57436262119483   -6.56304977069341
  -2.56976180791087    2.56976180791087   -6.56683212027617
  -2.55919535435028    2.55919535435028   -6.57518374162412
  -2.55525177483918    2.55525177483918   -6.57797034942733
  -2.54876069326966    2.54876069326966   -6.58263112998207
  -2.53835150591133    2.53835150591134   -6.59150943619388
  -2.53685047864189    2.53685047864189   -6.59284121461556
  -2.52771777062059    2.52771777062060   -6.59935881327624
  -2.51787670282136    2.51787670282136   -6.60795124842507
  -2.51713484442247    2.51713484442247   -6.60864165986608
  -2.50672152368247    2.50672152368247   -6.61609153673632
  -2.49947502204300    2.49947502204300   -6.62255896716358
  -2.49610491006270    2.49610491006270   -6.62537183155951
  -2.48567253857775    2.48567253857775   -6.63282098845227
  -2.48032026144005    2.48032026144006   -6.63733268575909
  -2.47512722879552    2.47512722879552   -6.64118255368701
  -2.46475185653571    2.46475185653571   -6.64914890905261
  -2.46073549826880    2.46073549826880   -6.65248211227916
  -2.45410558962003    2.45410558962003   -6.65791573282037
  -2.44353002482522    2.44353002482522   -6.66626754445846
  -2.44280719318738    2.44280719318738   -6.66701191012782
  -2.43308630942832    2.43308630942832   -6.67371802867379
  -2.42324943072026    2.42324943072026   -6.68232911472392
  -2.42250079917535    2.42250079917535   -6.68300057090673
  -2.41209922901614    2.41209922901614   -6.69047061558822
  -2.40432985522478    2.40432985522478   -6.69724128749855
  -2.40147175959558    2.40147175959558   -6.69973443065344
  -2.39104887231360    2.39104887231360   -6.70720071322778
  -2.38568910746294    2.38568910746294   -6.71169856442897
  -2.38044198573390    2.38044198573390   -6.71553576671427
  -2.37008540760398    2.37008540760398   -6.72302632149152
  -2.36517076439346    2.36517076439346   -6.72645203951445
  -2.35914711416571    2.35914711416571   -6.72988086562283
  -2.34880152959794    2.34880152959794   -6.73406465988888
  -2.33824281692882    2.33824281692882   -6.74005124546409
  -2.33424402568219    2.33424402568219   -6.74159596653168
  -2.32757967348420    2.32757967348420   -6.74409158520088
  -2.31707379380422    2.31707379380422   -6.74748589907881
  -2.30663700919235    2.30663700919236   -6.75222359556648
  -2.29812288264822    2.29812288264822   -6.75626971260280
  -2.29607642705453    2.29607642705454   -6.75712740349261
  -2.28561331547792    2.28561331547792   -6.76088344154922
  -2.27514271908510    2.27514271908511   -6.76555511461246
  -2.26461714158440    2.26461714158440   -6.77063887922071
  -2.26388477920271    2.26388477920271   -6.77114126037835
  -2.25400460476697    2.25400460476697   -6.77473558071962
  -2.24344925957829    2.24344925957830   -6.77900030723931
  -2.23312636809818    2.23312636809818   -6.78349342754447
  -2.22844353079525    2.22844353079526   -6.78593092640401
  -2.22245214529973    2.22245214529973   -6.78864323298187
  -2.21199048356116    2.21199048356116   -6.79240091207719
  -2.20155550604404    2.20155550604404   -6.79709569024980
  -2.19394773646387    2.19394773646387   -6.80154179719944
  -2.19108274577887    2.19108274577887   -6.80317714686722
  -2.18055054670203    2.18055054670203   -6.80825061523867
  -2.17198528593285    2.17198528593285   -6.81391277212886
  -2.17188360729603    2.17188360729603   -6.81478890630962
      
      
