# shadow point cont 2D ind 338  size 1098
# norm -0.8837656 -0.4679298  0.0000000
# angle  2.6546458
   3.07267727  -6.82912165
   3.08203829  -6.81776086
   3.08513848  -6.81454790
   3.09627206  -6.81029794
   3.11101383  -6.80616911
   3.12589754  -6.80154829
   3.13605545  -6.79856725
   3.14076109  -6.79689624
   3.15585719  -6.79270792
   3.17064260  -6.78898290
   3.18524738  -6.78544132
   3.18905834  -6.78386261
   3.20039072  -6.77971123
   3.21527417  -6.77651412
   3.23024200  -6.77253536
   3.24025739  -6.76940428
   3.24490507  -6.76754738
   3.25998280  -6.76305992
   3.27476638  -6.75933464
   3.28968223  -6.75552430
   3.29333730  -6.75455663
   3.30451727  -6.75099834
   3.31939232  -6.74636374
   3.33425029  -6.74091300
   3.33608568  -6.74005678
   3.34909770  -6.73355151
   3.36405798  -6.72626013
   3.36593287  -6.72536604
   3.37902531  -6.71812314
   3.39359215  -6.71108978
   3.39541570  -6.71011834
   3.40858062  -6.70288155
   3.42261520  -6.69563265
   3.42359326  -6.69485271
   3.43832186  -6.68708107
   3.45208521  -6.68037381
   3.45309649  -6.67957991
   3.46818629  -6.67148177
   3.48012099  -6.66570800
   3.48298015  -6.66397858
   3.49780659  -6.65641576
   3.50891232  -6.65084118
   3.51276444  -6.64828205
   3.52754876  -6.64061761
   3.53761674  -6.63577280
   3.54229219  -6.63303391
   3.55741591  -6.62502117
   3.56563723  -6.62110551
   3.57219475  -6.61748448
   3.58716067  -6.61015797
   3.59446617  -6.60653479
   3.60201114  -6.60186700
   3.61677860  -6.59416102
   3.62235574  -6.59137435
   3.63171068  -6.58597302
   3.64652211  -6.57836592
   3.65024025  -6.57650823
   3.66152528  -6.56940577
   3.67106136  -6.56233012
   3.67656916  -6.55759495
   3.68853362  -6.54722895
   3.69133489  -6.54447052
   3.70432411  -6.53234028
   3.70619427  -6.53050830
   3.72011409  -6.51745094
   3.72105366  -6.51654647
   3.73567274  -6.50323674
   3.73662465  -6.50233160
   3.75074328  -6.48857922
   3.75169309  -6.48767155
   3.76558616  -6.47460133
   3.76748228  -6.47278186
   3.78065241  -6.46086507
   3.78420201  -6.45789596
   3.79526992  -6.44757737
   3.79999089  -6.44300644
   3.81021056  -6.43278367
   3.81485364  -6.42812981
   3.82512088  -6.41885953
   3.83157215  -6.41324236
   3.84006584  -6.40499930
   3.84666395  -6.39858389
   3.85491890  -6.39103320
   3.86245222  -6.38369501
   3.86977100  -6.37706620
   3.87893700  -6.36857574
   3.88439059  -6.36377742
   3.89472536  -6.35368772
   3.89936850  -6.34903458
   3.90888691  -6.33902863
   3.91450716  -6.33160829
   3.91878149  -6.32456881
   3.92181753  -6.30929411
   3.92139190  -6.29425652
   3.92135882  -6.27933742
   3.92041884  -6.26432652
   3.91945556  -6.24940666
   3.91805080  -6.23443796
   3.91706608  -6.21959850
   3.91654248  -6.20473657
   3.91607055  -6.18976409
   3.91516967  -6.17670697
   3.91464051  -6.17481378
   3.91367777  -6.15989647
   3.91179815  -6.14489171
   3.90725595  -6.12920724
   3.90078298  -6.11890429
   3.89714732  -6.11381768
   3.88626681  -6.09944309
   3.88538722  -6.09846653
   3.87379720  -6.08452281
   3.87107234  -6.08109894
   3.86055102  -6.06899573
   3.85585376  -6.06365255
   3.84828135  -6.05438427
   3.84085297  -6.04591844
   3.83528461  -6.03947396
   3.82579259  -6.02743968
   3.82312219  -6.02451864
   3.81100597  -6.01060277
   3.81016216  -6.00963169
   3.79883103  -5.99467512
   3.79614174  -5.99178224
   3.78592431  -5.97976670
   3.78104909  -5.97330745
   3.77370929  -5.96478295
   3.76628379  -5.95631954
   3.76071282  -5.94987561
   3.75122432  -5.93784469
   3.74855502  -5.93492453
   3.73641346  -5.92097914
   3.73559348  -5.92003984
   3.72362165  -5.90484226
   3.72158118  -5.90219630
   3.71136081  -5.89018207
   3.70672020  -5.88446667
   3.69915307  -5.87520344
   3.69149834  -5.86601599
   3.68615682  -5.86029903
   3.67690163  -5.84901242
   3.67405445  -5.84537925
   3.66256815  -5.83066972
   3.66168910  -5.82969388
   3.64905966  -5.81529165
   3.64703625  -5.81263192
   3.63681290  -5.80061900
   3.63206117  -5.79491347
   3.62435751  -5.78588324
   3.61709278  -5.77736414
   3.61161629  -5.77074387
   3.60236447  -5.75946035
   3.59946757  -5.75580105
   3.58727443  -5.74179558
   3.58650286  -5.74092080
   3.57515711  -5.72593654
   3.57250664  -5.72308876
   3.56228026  -5.71107712
   3.55753664  -5.70537488
   3.54983106  -5.69634603
   3.54256633  -5.68782850
   3.53702392  -5.68117521
   3.52758035  -5.67012727
   3.52471325  -5.66652878
   3.51272960  -5.65223724
   3.51198032  -5.65139290
   3.50062098  -5.63638799
   3.49799205  -5.63356644
   3.48776260  -5.62155609
   3.48302708  -5.61585707
   3.47531954  -5.60682958
   3.46768500  -5.59762419
   3.46230737  -5.59193133
   3.45307420  -5.58061711
   3.45020386  -5.57701833
   3.43823209  -5.56273201
   3.43747255  -5.56188561
   3.42551432  -5.54672255
   3.42349218  -5.54406464
   3.41239433  -5.53173637
   3.40862189  -5.52728169
   3.40016698  -5.51710350
   3.39355784  -5.50881909
   3.38735492  -5.50193848
   3.37858260  -5.49112724
   3.37568369  -5.48750541
   3.36424438  -5.47284773
   3.36338781  -5.47185967
   3.35102847  -5.45724030
   3.34923767  -5.45531448
   3.33861356  -5.44249193
   3.33390827  -5.43706675
   3.32576098  -5.42768014
   3.31942178  -5.41989663
   3.31287720  -5.41246643
   3.30410525  -5.40165731
   3.30120588  -5.39803604
   3.28935658  -5.38391925
   3.28850016  -5.38293141
   3.27651910  -5.36774110
   3.27469108  -5.36584611
   3.26402566  -5.35337126
   3.25943887  -5.34760857
   3.25121606  -5.33817134
   3.24448170  -5.32992644
   3.23816215  -5.32324874
   3.22939013  -5.31241511
   3.22583810  -5.30861268
   3.21489120  -5.29447141
   3.21396805  -5.29343923
   3.20097029  -5.27855114
   3.19986404  -5.27683097
   3.18954531  -5.26390472
   3.18521315  -5.25890637
   3.17667249  -5.24868862
   3.17012956  -5.24139051
   3.16376430  -5.23385001
   3.15542242  -5.22350949
   3.15163634  -5.21892587
   3.14015164  -5.20514147
   3.13927376  -5.20426158
   3.12717346  -5.18935542
   3.12541770  -5.18740693
   3.11450201  -5.17428879
   3.11077090  -5.16948644
   3.10232006  -5.15931654
   3.09582549  -5.15179865
   3.08994062  -5.14463254
   3.08073643  -5.13430086
   3.07691623  -5.12973096
   3.06571124  -5.11582941
   3.06483766  -5.11485264
   3.05271323  -5.09991670
   3.05098459  -5.09800163
   3.03990940  -5.08477132
   3.03610062  -5.08028314
   3.02761338  -5.07013894
   3.02126109  -5.06257612
   3.01485010  -5.05500528
   3.00631374  -5.04490713
   3.00249420  -5.04033818
   2.99128798  -5.02643872
   2.99041454  -5.02546215
   2.97735780  -5.01051566
   2.97632092  -5.00882992
   2.96549866  -4.99538824
   2.96191506  -4.99163357
   2.95256164  -4.98054594
   2.94684623  -4.97319646
   2.94043871  -4.96562767
   2.93190379  -4.95553158
   2.92744182  -4.95074961
   2.91687742  -4.93706613
   2.91600412  -4.93608976
   2.90295761  -4.92114758
   2.90191064  -4.91946019
   2.89040362  -4.90578983
   2.88751183  -4.90226852
   2.87815753  -4.89118253
   2.87235141  -4.88387318
   2.86577316  -4.87648976
   2.85761069  -4.86706506
   2.85304264  -4.86139231
   2.84293354  -4.84920829
   2.84093965  -4.84648983
   2.82856974  -4.83179716
   2.82773623  -4.83087063
   2.81671459  -4.81667560
   2.81289083  -4.81218804
   2.80440784  -4.80204990
   2.79819677  -4.79524926
   2.79076525  -4.78696349
   2.78335166  -4.77756184
   2.77862921  -4.77202958
   2.76805787  -4.75932571
   2.76628998  -4.75738822
   2.75419390  -4.74246406
   2.75335029  -4.74153578
   2.74234067  -4.72734534
   2.73874191  -4.72359087
   2.72932701  -4.71245780
   2.72366134  -4.70609904
   2.71701652  -4.69784020
   2.70873571  -4.68844599
   2.70400140  -4.68294063
   2.69368500  -4.67000550
   2.69191737  -4.66806838
   2.67982978  -4.65314791
   2.67872773  -4.65147083
   2.66774793  -4.63830452
   2.66419978  -4.63444983
   2.65501750  -4.62319623
   2.64945939  -4.61661315
   2.64265260  -4.60851469
   2.63437432  -4.59913950
   2.62964073  -4.59363518
   2.61955245  -4.58144103
   2.61689843  -4.57853241
   2.60478111  -4.56454449
   2.60388240  -4.56364404
   2.59078831  -4.54869470
   2.58981391  -4.54782098
   2.57490473  -4.53578080
   2.57295599  -4.53403343
   2.56009561  -4.52365037
   2.55454223  -4.51891077
   2.54543084  -4.51222779
   2.53596392  -4.50402323
   2.53027899  -4.49951968
   2.51647252  -4.48914365
   2.51549824  -4.48827006
   2.50081762  -4.47687798
   2.49710546  -4.47402346
   2.48602200  -4.46569669
   2.47852111  -4.45913681
   2.47112896  -4.45360907
   2.45991609  -4.44424955
   2.45624258  -4.44152172
   2.44132421  -4.43011756
   2.44048145  -4.42937179
   2.42653641  -4.41825999
   2.42266073  -4.41471655
   2.41165168  -4.40617406
   2.40335511  -4.39960991
   2.39674229  -4.39409902
   2.38459003  -4.38495507
   2.38171375  -4.38226629
   2.36697446  -4.37086689
   2.36600118  -4.37006116
   2.35202429  -4.35899193
   2.34740167  -4.35516196
   2.33719842  -4.34780916
   2.32888181  -4.34032338
   2.32249693  -4.33548272
   2.30962496  -4.32522637
   2.30782691  -4.32403676
   2.29274652  -4.31224357
   2.29077781  -4.31053244
   2.27774340  -4.30039075
   2.27222915  -4.29567548
   2.26308893  -4.28897451
   2.25287429  -4.28054996
   2.24817593  -4.27690445
   2.23417302  -4.26593944
   2.23317193  -4.26502990
   2.21872369  -4.25429014
   2.21479479  -4.25079014
   2.20364120  -4.24248499
   2.19607727  -4.23614646
   2.18877615  -4.23040058
   2.17750564  -4.22126678
   2.17389757  -4.21832217
   2.15965680  -4.20666192
   2.15871098  -4.20574832
   2.14424060  -4.19505874
   2.13962313  -4.19128985
   2.12936529  -4.18297910
   2.12099662  -4.17640167
   2.11428455  -4.17117596
   2.10230628  -4.16176565
   2.09962633  -4.15974810
   2.08468381  -4.14785666
   2.08375532  -4.14692724
   2.06953356  -4.13607795
   2.06497798  -4.13226103
   2.05510738  -4.12440634
   2.04585887  -4.11691684
   2.04024372  -4.11232576
   2.02735596  -4.10207413
   2.02554133  -4.10088535
   2.01064623  -4.08998879
   2.00778091  -4.08716477
   1.99544913  -4.07729723
   1.98980471  -4.07274632
   1.98081760  -4.06585579
   1.96980059  -4.05745666
   1.96595530  -4.05377784
   1.95179798  -4.04290825
   1.95076990  -4.04213752
   1.93607083  -4.03079749
   1.93243415  -4.02791792
   1.92120391  -4.01873133
   1.91386922  -4.01304170
   1.90657224  -4.00729864
   1.89530569  -3.99816952
   1.89166918  -3.99524354
   1.87720928  -3.98380313
   1.87628104  -3.98287403
   1.86200406  -3.97292137
   1.85632419  -3.96842359
   1.84692503  -3.96207534
   1.83428260  -3.95336584
   1.83240745  -3.95218654
   1.81723521  -3.94254839
   1.81177846  -3.93868249
   1.80256737  -3.93205282
   1.79043231  -3.92379597
   1.78769879  -3.92184475
   1.77289629  -3.91252187
   1.76816235  -3.90893690
   1.75802545  -3.90231422
   1.74667602  -3.89427267
   1.74315825  -3.89210676
   1.72818277  -3.88210308
   1.72454692  -3.87922447
   1.71349763  -3.87164163
   1.70242213  -3.86410879
   1.69861962  -3.86144268
   1.68362827  -3.85145565
   1.68093505  -3.84948420
   1.66895919  -3.84190747
   1.65788460  -3.83437511
   1.65408296  -3.83170905
   1.63904228  -3.82179594
   1.63625880  -3.81993771
   1.62442264  -3.81217545
   1.61413308  -3.80486394
   1.60954819  -3.80197754
   1.59455242  -3.79199253
   1.59185942  -3.79002136
   1.57987702  -3.78152512
   1.57052790  -3.77512928
   1.56501527  -3.77131999
   1.55022304  -3.76199263
   1.54825613  -3.76028364
   1.53536937  -3.75177998
   1.52691924  -3.74541602
   1.52029267  -3.74095958
   1.50565732  -3.73136110
   1.50465823  -3.73053947
   1.49083774  -3.72205428
   1.48238795  -3.71569074
   1.47576230  -3.71123454
   1.46125037  -3.70157279
   1.46025032  -3.70059119
   1.44608722  -3.69170585
   1.43862563  -3.68618857
   1.43101713  -3.68089837
   1.41718182  -3.67138637
   1.41625405  -3.67045785
   1.40176989  -3.66168824
   1.39503674  -3.65645899
   1.38670678  -3.65086253
   1.37285408  -3.64151307
   1.37183375  -3.64077006
   1.35704585  -3.63131015
   1.35065233  -3.62653849
   1.34218151  -3.62114352
   1.32911413  -3.61197529
   1.32740709  -3.61083352
   1.31251332  -3.60067886
   1.30705910  -3.59681593
   1.29785465  -3.59113066
   1.28540593  -3.58247055
   1.28267034  -3.58051018
   1.26821231  -3.57159430
   1.26253573  -3.56710047
   1.25312527  -3.56082092
   1.23930016  -3.55228332
   1.23836558  -3.55142662
   1.22365080  -3.54377442
   1.21260058  -3.53714470
   1.20893764  -3.53509705
   1.19376692  -3.52738219
   1.18636625  -3.52270950
   1.17910300  -3.51874383
   1.16429472  -3.51126880
   1.15867794  -3.50763831
   1.14942537  -3.50295696
   1.13462692  -3.49546970
   1.13084585  -3.49279163
   1.11974830  -3.48717074
   1.10474762  -3.47903069
   1.10300398  -3.47795373
   1.08988685  -3.47078593
   1.07605057  -3.46313578
   1.07514506  -3.46229220
   1.06021202  -3.45497693
   1.04831964  -3.44820484
   1.04571836  -3.44688071
   1.03054104  -3.43915209
   1.02140990  -3.43336790
   1.01587373  -3.43055800
   1.00086191  -3.42338684
   0.99346218  -3.41871529
   0.98620867  -3.41474911
   0.97138070  -3.40730092
   0.96568562  -3.40382413
   0.95634927  -3.39840967
   0.94170902  -3.39151311
   0.93785723  -3.38897831
   0.92687055  -3.38316148
   0.91205235  -3.37477354
   0.91026901  -3.37373819
   0.89719683  -3.36738017
   0.88318633  -3.35923442
   0.88216642  -3.35849189
   0.86732500  -3.35100012
   0.85623861  -3.34443456
   0.85267368  -3.34236489
   0.83765184  -3.33521050
   0.82761104  -3.32938262
   0.82300246  -3.32658481
   0.80797914  -3.31941823
   0.80058025  -3.31474776
   0.79333170  -3.31080535
   0.77831013  -3.30369665
   0.77014207  -3.29965877
   0.76366473  -3.29696070
   0.74892006  -3.29425619
   0.73404349  -3.29380837
   0.71920672  -3.29380475
   0.70436999  -3.29380120
   0.68953329  -3.29379772
   0.67476436  -3.29377633
   0.65986047  -3.29286308
   0.64502388  -3.29285983
   0.63018732  -3.29285665
   0.61535080  -3.29285354
   0.60051430  -3.29285051
   0.58567783  -3.29284755
   0.57084139  -3.29284467
   0.55600498  -3.29284186
   0.54123463  -3.29282122
   0.52633276  -3.29190856
   0.51149643  -3.29190597
   0.49666012  -3.29190346
   0.48182384  -3.29190102
   0.46698758  -3.29189866
   0.45215135  -3.29189636
   0.43731513  -3.29189415
   0.42247893  -3.29189200
   0.40770708  -3.29187208
   0.39287128  -3.29094223
   0.37797157  -3.29003024
   0.36313485  -3.29049233
   0.34820897  -3.29051795
   0.33352607  -3.29093498
   0.31853717  -3.29051459
   0.30379054  -3.29094963
   0.28901730  -3.29093032
   0.27411839  -3.29048280
   0.25928235  -3.29048147
   0.24444698  -3.29001628
   0.22961097  -3.29001510
   0.21477496  -3.29001399
   0.20000065  -3.28999513
   0.18510290  -3.28954806
   0.17026691  -3.28954717
   0.15543092  -3.28954636
   0.14059494  -3.28954562
   0.12575896  -3.28954496
   0.11101243  -3.28952831
   0.09608690  -3.28901838
   0.08125165  -3.28861554
   0.06641567  -3.28861517
   0.05157969  -3.28861488
   0.03674370  -3.28861466
   0.02190771  -3.28861451
   0.00707172  -3.28861444
  -0.00767634  -3.28859833
  -0.02271660  -3.28814376
  -0.03734874  -3.28859853
  -0.05227166  -3.28768702
  -0.06710849  -3.28810723
  -0.08194373  -3.28768769
  -0.09677978  -3.28768813
  -0.11152922  -3.28767248
  -0.12645205  -3.28718759
  -0.14128815  -3.28718982
  -0.15612342  -3.28676278
  -0.17095954  -3.28676359
  -0.18579568  -3.28676448
  -0.20063183  -3.28676545
  -0.21546801  -3.28676648
  -0.23030420  -3.28676759
  -0.24496984  -3.28674691
  -0.26055863  -3.28584233
  -0.27468298  -3.28627654
  -0.28964858  -3.28536038
  -0.30448489  -3.28536341
  -0.31932121  -3.28536651
  -0.33415757  -3.28536967
  -0.34899395  -3.28537291
  -0.36383035  -3.28537622
  -0.37866679  -3.28537961
  -0.39341926  -3.28491250
  -0.40844804  -3.28449545
  -0.42306370  -3.28536630
  -0.43801204  -3.28446598
  -0.45295713  -3.28450189
  -0.46768605  -3.28540140
  -0.48363903  -3.28716585
  -0.49815236  -3.29279028
  -0.50678800  -3.29677729
  -0.51363753  -3.30008558
  -0.52810385  -3.30796199
  -0.53566432  -3.31135708
  -0.54433848  -3.31594266
  -0.55785087  -3.32298878
  -0.56449510  -3.32640169
  -0.57331543  -3.33103215
  -0.58753201  -3.33877868
  -0.59309716  -3.34156528
  -0.60267866  -3.34652800
  -0.61721301  -3.35364080
  -0.62200207  -3.35612573
  -0.63265348  -3.36229651
  -0.64650451  -3.36974736
  -0.64949946  -3.37104140
  -0.66233328  -3.37716047
  -0.67654733  -3.38513477
  -0.67842164  -3.38602279
  -0.69178398  -3.39317663
  -0.70594883  -3.40058265
  -0.70702350  -3.40119411
  -0.72140761  -3.40876904
  -0.73516736  -3.41557987
  -0.73624908  -3.41620167
  -0.75078670  -3.42424128
  -0.76377335  -3.43074481
  -0.76562859  -3.43167390
  -0.78014486  -3.43954854
  -0.79277684  -3.44537737
  -0.79566808  -3.44704116
  -0.81015582  -3.45490113
  -0.82128764  -3.46047603
  -0.82499827  -3.46233435
  -0.83984161  -3.47069623
  -0.84911829  -3.47534217
  -0.85498793  -3.47845377
  -0.86920545  -3.48600224
  -0.87783827  -3.49000247
  -0.88474818  -3.49364161
  -0.89921419  -3.50135981
  -0.90663582  -3.50507687
  -0.91427308  -3.50947047
  -0.92890176  -3.51715683
  -0.93446809  -3.51994474
  -0.94415198  -3.52506496
  -0.95853690  -3.53278635
  -0.96231668  -3.53448834
  -0.97400962  -3.54069766
  -0.98795503  -3.54916631
  -0.98901129  -3.54989426
  -1.00351364  -3.55988604
  -1.01076381  -3.56478218
  -1.01845256  -3.56982232
  -1.03285621  -3.57870700
  -1.03391662  -3.57940975
  -1.04840378  -3.58910734
  -1.05564671  -3.59401470
  -1.06292014  -3.59889198
  -1.07740303  -3.60857768
  -1.07844947  -3.60932127
  -1.09257826  -3.61824620
  -1.10105706  -3.62361854
  -1.10766339  -3.62824652
  -1.12227639  -3.63788949
  -1.12332001  -3.63864582
  -1.13711813  -3.64798715
  -1.14631323  -3.65369795
  -1.15195800  -3.65720455
  -1.16648295  -3.66707659
  -1.16931583  -3.66885609
  -1.18166225  -3.67698819
  -1.19167823  -3.68377238
  -1.19617706  -3.68655648
  -1.21102683  -3.69681945
  -1.21385968  -3.69859931
  -1.22620419  -3.70673304
  -1.23622110  -3.71351693
  -1.24099148  -3.71637102
  -1.25557112  -3.72570354
  -1.25942201  -3.72827708
  -1.27109018  -3.73574624
  -1.28218136  -3.74264178
  -1.28594517  -3.74535851
  -1.30011875  -3.75534347
  -1.30402186  -3.75781542
  -1.31529397  -3.76511316
  -1.32740119  -3.77274542
  -1.33013590  -3.77467391
  -1.34499319  -3.78476299
  -1.34952117  -3.78772039
  -1.35984300  -3.79486417
  -1.37194854  -3.80249703
  -1.37468349  -3.80442548
  -1.38923034  -3.81405236
  -1.39479986  -3.81777046
  -1.40407275  -3.82419969
  -1.41718360  -3.83258912
  -1.41923304  -3.83417915
  -1.43377067  -3.84357038
  -1.43953256  -3.84694834
  -1.44917310  -3.85322632
  -1.46275459  -3.86210584
  -1.46379454  -3.86286865
  -1.47833651  -3.87253966
  -1.48502276  -3.87688844
  -1.49372651  -3.88298443
  -1.50730944  -3.89186334
  -1.50834913  -3.89262666
  -1.52289820  -3.90228967
  -1.53032498  -3.90693857
  -1.53818810  -3.91208761
  -1.55120815  -3.92166857
  -1.55282855  -3.92287334
  -1.56747295  -3.93412512
  -1.57043256  -3.93668299
  -1.58258597  -3.94586987
  -1.59001283  -3.95144978
  -1.59769303  -3.95773943
  -1.60933998  -3.96663527
  -1.61226690  -3.96924863
  -1.62690162  -3.98052471
  -1.62867087  -3.98157938
  -1.64201263  -3.99232464
  -1.64746233  -3.99620923
  -1.65685942  -4.00353074
  -1.66631633  -4.01074229
  -1.67181031  -4.01553538
  -1.68489112  -4.02583098
  -1.68653528  -4.02700864
  -1.70118748  -4.03826293
  -1.70490195  -4.04105277
  -1.71628336  -4.05003650
  -1.72371141  -4.05561773
  -1.73138676  -4.06191172
  -1.74298224  -4.07066272
  -1.74603317  -4.07305707
  -1.76083963  -4.08456136
  -1.76181885  -4.08542848
  -1.77547520  -4.09598152
  -1.78111238  -4.10054957
  -1.79055584  -4.10783582
  -1.79981494  -4.11531116
  -1.80551993  -4.11971958
  -1.81930137  -4.13027752
  -1.82026315  -4.13116928
  -1.83492331  -4.14242610
  -1.83863837  -4.14521664
  -1.85000791  -4.15422092
  -1.85676048  -4.15946865
  -1.86510261  -4.16610879
  -1.87605181  -4.17472575
  -1.87972166  -4.17757305
  -1.89458258  -4.18873630
  -1.89555702  -4.18960981
  -1.90944825  -4.20080196
  -1.91410887  -4.20450250
  -1.92433716  -4.21267290
  -1.93366566  -4.21912754
  -1.93925225  -4.22392888
  -1.95305117  -4.23446404
  -1.95401313  -4.23535601
  -1.96869182  -4.24651304
  -1.97168041  -4.24901417
  -1.98376859  -4.25841323
  -1.99120013  -4.26399592
  -1.99886599  -4.27016091
  -2.01020711  -4.27878914
  -2.01362725  -4.28187544
  -2.02814782  -4.29304834
  -2.02991784  -4.29410387
  -2.04299022  -4.30436357
  -2.04862935  -4.30893393
  -2.05786669  -4.31639965
  -2.06726923  -4.32369544
  -2.07302049  -4.32814815
  -2.08682404  -4.33867740
  -2.08778618  -4.33956959
  -2.10246268  -4.35083156
  -2.10617902  -4.35362356
  -2.11734438  -4.36281740
  -2.12488596  -4.36824410
  -2.13260457  -4.37458019
  -2.14360020  -4.38314844
  -2.14727133  -4.38599723
  -2.16191938  -4.39741249
  -2.16289891  -4.39827879
  -2.17678285  -4.40859518
  -2.18242302  -4.41316674
  -2.19166402  -4.42063420
  -2.20106828  -4.42793195
  -2.20684470  -4.43247513
  -2.22041895  -4.44299846
  -2.22141137  -4.44384131
  -2.23626815  -4.45507535
  -2.23998517  -4.45786811
  -2.25131479  -4.46709935
  -2.25780509  -4.47270184
  -2.26600760  -4.47927755
  -2.27639829  -4.48743291
  -2.28120812  -4.49221359
  -2.29143324  -4.50245150
  -2.29607549  -4.50724602
  -2.30458515  -4.51736002
  -2.31099984  -4.52500890
  -2.31657921  -4.53245317
  -2.32545738  -4.54295151
  -2.32922253  -4.54756661
  -2.34062317  -4.56127456
  -2.34152394  -4.56223097
  -2.35367322  -4.57711990
  -2.35544106  -4.57905762
  -2.36569310  -4.59210911
  -2.37039975  -4.59762424
  -2.37787427  -4.60690314
  -2.38522662  -4.61624362
  -2.38991452  -4.62179566
  -2.40005955  -4.63399911
  -2.40269684  -4.63691597
  -2.41462098  -4.65104517
  -2.41547635  -4.65203180
  -2.42717509  -4.66647581
  -2.43002218  -4.67015379
  -2.43920877  -4.68141501
  -2.44474404  -4.68795698
  -2.45134239  -4.69626396
  -2.45976277  -4.70648892
  -2.46410395  -4.71138582
  -2.47420926  -4.72357957
  -2.47618346  -4.72628160
  -2.48849839  -4.74095206
  -2.48938999  -4.74191599
  -2.50047972  -4.75607761
  -2.50409525  -4.76071526
  -2.51244926  -4.77097109
  -2.51893680  -4.77840911
  -2.52476665  -4.78564317
  -2.53401060  -4.79689125
  -2.53754754  -4.80076852
  -2.54871377  -4.81471056
  -2.54961084  -4.81567063
  -2.56116011  -4.83012294
  -2.56400309  -4.83300795
  -2.57428145  -4.84525010
  -2.57873993  -4.85085205
  -2.58621770  -4.86013587
  -2.59372987  -4.86940298
  -2.59832473  -4.87503592
  -2.60841330  -4.88724648
  -2.61105168  -4.89016492
  -2.62256547  -4.90483912
  -2.62342120  -4.90582628
  -2.63553839  -4.91974011
  -2.63838676  -4.92342006
  -2.64693197  -4.93446006
  -2.65326779  -4.94209406
  -2.65948271  -4.94976838
  -2.66776741  -4.95910756
  -2.67244060  -4.96467882
  -2.68282133  -4.97762443
  -2.68456839  -4.97957828
  -2.69664316  -4.99448507
  -2.69777091  -4.99621484
  -2.70864334  -5.00941365
  -2.71249423  -5.01403113
  -2.72020307  -5.02406450
  -2.72748834  -5.03258495
  -2.73295816  -5.03919696
  -2.74217641  -5.05044020
  -2.74569523  -5.05433288
  -2.75714028  -5.06805792
  -2.75803774  -5.06901854
  -2.77018276  -5.08391734
  -2.77215831  -5.08662144
  -2.78157983  -5.09864257
  -2.78718828  -5.10509592
  -2.79460033  -5.11351130
  -2.80205180  -5.12291299
  -2.80652399  -5.12863644
  -2.81660608  -5.14084544
  -2.81922742  -5.14377729
  -2.83091729  -5.15823661
  -2.83180952  -5.15920144
  -2.84291141  -5.17316674
  -2.84676024  -5.17785748
  -2.85491471  -5.18827533
  -2.86138046  -5.19572825
  -2.86721478  -5.20296899
  -2.87647605  -5.21327284
  -2.88026249  -5.21787989
  -2.89103917  -5.23127445
  -2.89277166  -5.23323882
  -2.90447834  -5.24770334
  -2.90625557  -5.24966183
  -2.91646137  -5.26263934
  -2.92093215  -5.26755284
  -2.92908804  -5.27797282
  -2.93584600  -5.28615112
  -2.94143192  -5.29267651
  -2.95068616  -5.30391946
  -2.95420659  -5.30781443
  -2.96547179  -5.32172918
  -2.96632816  -5.32271727
  -2.97791749  -5.33721423
  -2.98069185  -5.34008839
  -2.99042905  -5.35213937
  -2.99565229  -5.35870208
  -3.00225884  -5.36702137
  -3.01032129  -5.37659495
  -3.01499812  -5.38217153
  -3.02514940  -5.39437678
  -3.02777196  -5.39731038
  -3.03927562  -5.41199145
  -3.04011857  -5.41298676
  -3.05166109  -5.42669086
  -3.05515752  -5.43055311
  -3.06457684  -5.44165119
  -3.07028614  -5.44907036
  -3.07650702  -5.45675352
  -3.08480564  -5.46706046
  -3.08857714  -5.47168501
  -3.09961620  -5.48485847
  -3.10070983  -5.48659782
  -3.11280866  -5.50152218
  -3.11457063  -5.50346227
  -3.12507711  -5.51624698
  -3.12981465  -5.52184332
  -3.13730197  -5.53114132
  -3.14459112  -5.53967100
  -3.15006625  -5.54629080
  -3.15940202  -5.55747653
  -3.16282908  -5.56143114
  -3.17403384  -5.57541250
  -3.17492676  -5.57637830
  -3.18668127  -5.59083654
  -3.18930483  -5.59377154
  -3.19873586  -5.60580684
  -3.20405685  -5.61161702
  -3.21089616  -5.62068851
  -3.21896678  -5.63026901
  -3.22364598  -5.63584902
  -3.23379673  -5.64806023
  -3.23642058  -5.65099566
  -3.24791931  -5.66568172
  -3.24876148  -5.66667161
  -3.26017497  -5.68042862
  -3.26396859  -5.68511262
  -3.27213142  -5.69554289
  -3.27852228  -5.70310692
  -3.28422791  -5.71048013
  -3.29333772  -5.72090419
  -3.29699089  -5.72562522
  -3.30823341  -5.73866234
  -3.31003057  -5.74058672
  -3.32150142  -5.75527177
  -3.32327128  -5.75721495
  -3.33379956  -5.77001018
  -3.33851783  -5.77560613
  -3.34600912  -5.78490992
  -3.35340328  -5.79428149
  -3.35876311  -5.80007952
  -3.36784345  -5.81145557
  -3.37061246  -5.81520840
  -3.38276572  -5.82921037
  -3.38365908  -5.83017679
  -3.39514308  -5.84485889
  -3.39803411  -5.84850791
  -3.40746147  -5.85961752
  -3.41292683  -5.86627208
  -3.41937822  -5.87472815
  -3.42758075  -5.88420603
  -3.43212904  -5.88989336
  -3.44251328  -5.90286422
  -3.44424805  -5.90483183
  -3.45664459  -5.91955533
  -3.45753207  -5.92052712
  -3.46880480  -5.93445852
  -3.47251576  -5.93914205
  -3.48088905  -5.94942624
  -3.48742172  -5.95689266
  -3.49326526  -5.96414686
  -3.50212044  -5.97479067
  -3.50577565  -5.97951469
  -3.51703906  -5.99346444
  -3.51789659  -5.99445418
  -3.52958073  -6.00899259
  -3.53228537  -6.01189274
  -3.54240140  -6.02416746
  -3.54705305  -6.02975785
  -3.55454850  -6.03906767
  -3.56198324  -6.04843137
  -3.56666660  -6.05401734
  -3.57658806  -6.06548747
  -3.57944315  -6.06917743
  -3.59091594  -6.08390017
  -3.59178249  -6.08486992
  -3.60141641  -6.09865410
  -3.60625134  -6.10920332
  -3.60793584  -6.11392663
  -3.60938876  -6.12865870
  -3.61034866  -6.14357604
  -3.61087534  -6.15841117
  -3.61133862  -6.17341006
  -3.61138971  -6.18824210
  -3.61191366  -6.20316078
  -3.61194994  -6.21807748
  -3.61290938  -6.23310881
  -3.61288272  -6.24796966
  -3.61340079  -6.26283124
  -3.61198034  -6.27738741
  -3.60568237  -6.29078643
  -3.60482164  -6.29175249
  -3.59217033  -6.30635555
  -3.59125837  -6.30729974
  -3.57747440  -6.32121944
  -3.57654642  -6.32214960
  -3.56188207  -6.33520794
  -3.56092523  -6.33610511
  -3.54679886  -6.34991250
  -3.54586438  -6.35083572
  -3.53199675  -6.36400290
  -3.53014080  -6.36586337
  -3.51736328  -6.37707004
  -3.51343283  -6.38074358
  -3.50219581  -6.39273550
  -3.49858864  -6.39563124
  -3.48757310  -6.40588185
  -3.48281454  -6.41051766
  -3.47259835  -6.42061602
  -3.46704052  -6.42540450
  -3.45776278  -6.43456998
  -3.45130766  -6.44015879
  -3.44281280  -6.44856308
  -3.43631891  -6.45507754
  -3.42796964  -6.46345338
  -3.42067389  -6.46993912
  -3.41312408  -6.47741158
  -3.40487521  -6.48495787
  -3.39838114  -6.49147254
  -3.38922854  -6.49984638
  -3.38361578  -6.50527279
  -3.37416709  -6.51452305
  -3.36858767  -6.51928838
  -3.35753991  -6.52950389
  -3.35389889  -6.53237238
  -3.33925841  -6.54231203
  -3.33646216  -6.54415432
  -3.32456732  -6.55088931
  -3.31063122  -6.55895986
  -3.30966626  -6.55981586
  -3.29481890  -6.56740141
  -3.28276866  -6.57382786
  -3.27994621  -6.57561329
  -3.26525478  -6.58254783
  -3.25485441  -6.58881944
  -3.25019838  -6.59158550
  -3.23547680  -6.59884331
  -3.22769564  -6.60357794
  -3.22038022  -6.60746713
  -3.20572420  -6.61479937
  -3.19907637  -6.61854463
  -3.19086578  -6.62316526
  -3.17600501  -6.63059863
  -3.17116891  -6.63340645
  -3.16104374  -6.63912812
  -3.14632323  -6.64717579
  -3.14445739  -6.64808605
  -3.13137291  -6.65494740
  -3.11745964  -6.66305313
  -3.11649582  -6.66391161
  -3.10164660  -6.67149538
  -3.08959911  -6.67792575
  -3.08677794  -6.67971394
  -3.07193706  -6.68729772
  -3.06168368  -6.69291920
  -3.05702839  -6.69568685
  -3.04227624  -6.70310405
  -3.03380070  -6.70778717
  -3.02730807  -6.71151932
  -3.01255875  -6.71890759
  -3.00521180  -6.72254228
  -2.99774329  -6.72616977
  -2.98320420  -6.73024952
  -2.96833724  -6.73488540
  -2.96001874  -6.73747611
  -2.95349392  -6.73924822
  -2.93859523  -6.74387273
  -2.92373469  -6.74786111
  -2.90975663  -6.75236637
  -2.90877359  -6.75311939
  -2.89402741  -6.75686679
  -2.87913315  -6.76083811
  -2.86429365  -6.76521048
  -2.85847765  -6.76704954
  -2.84926604  -6.77003956
  -2.83465992  -6.77395473
  -2.81969499  -6.77819355
  -2.80749802  -6.78187431
  -2.80470728  -6.78279075
  -2.78986658  -6.78743679
  -2.77509729  -6.79117792
  -2.76006370  -6.79595277
  -2.75555107  -6.79723552
  -2.74469408  -6.80415090
  -2.73521508  -6.81159285
         
