# shadow point cont 3D ind 96  size 1153
# norm  0.7289686 -0.6845471  0.0000000
# angle  0.7539822
   2.21491269295823    2.35864245376303   -6.83788874716957
   2.22098024511049    2.36510374054071   -6.83710781885885
   2.23100086646942    2.37577461846083   -6.83425132382725
   2.24118659346526    2.38662131602648   -6.82970517667990
   2.24370058317795    2.38929844315818   -6.82863954503388
   2.25136661637162    2.39746193935378   -6.82498066677374
   2.26155626807729    2.40831281631090   -6.82100519754981
   2.27170435852839    2.41911943502715   -6.81659306370865
   2.27808562613477    2.42591479483212   -6.81348183600232
   2.28192274064795    2.43000090676759   -6.81173562538653
   2.29209990196410    2.44083848281082   -6.80737457379089
   2.30226936720861    2.45166786337017   -6.80337935773078
   2.31177267639331    2.46178785977704   -6.79876494687675
   2.31246661762292    2.46252683213012   -6.79810568840954
   2.32265749798153    2.47337901746972   -6.79413163605309
   2.33291609896353    2.48430331794861   -6.78993735233327
   2.34293390018782    2.49497119273035   -6.78603190784972
   2.34670853894803    2.49899077474627   -6.78401638219870
   2.35320191300160    2.50590551579210   -6.78050309246575
   2.36339432917266    2.51675933660585   -6.77653408505106
   2.37355129887123    2.52757541076029   -6.77281122963979
   2.38115018198170    2.53566739938021   -6.76911779394233
   2.38375452211847    2.53844073994128   -6.76753600805510
   2.39402087786791    2.54937329840873   -6.76306988445064
   2.40420605374198    2.56021940908930   -6.75937027162817
   2.41422858344760    2.57089231919223   -6.75523007664561
   2.41491505081730    2.57162333269287   -6.75452100598338
   2.42449229654961    2.58182206352600   -6.74993742805320
   2.43468758316487    2.59267894105236   -6.74597811231839
   2.44477538321813    2.60342135701590   -6.74156644461181
   2.44795759963389    2.60681007331120   -6.73971042599851
   2.45504589523363    2.61435834145716   -6.73603995696416
   2.46524229385855    2.62521640315355   -6.73073657742394
   2.47282925826016    2.63329569963765   -6.72542254193345
   2.47531806939768    2.63594601431010   -6.72342701986517
   2.48550087919279    2.64678960537250   -6.71496570153724
   2.49114209460430    2.65279688963373   -6.71032275558673
   2.49578318031941    2.65773914394200   -6.70597618736430
   2.50597257379630    2.66858974591339   -6.69762570560135
   2.50847767524071    2.67125740800074   -6.69568359068892
   2.51614410023156    2.67942132141796   -6.68924554980938
   2.52570780875591    2.68960563658877   -6.68100509141182
   2.52639634753068    2.69033885591178   -6.68019480919378
   2.53658316847943    2.70118671841895   -6.67172537669403
   2.54409076003930    2.70918149141155   -6.66593196427444
   2.54671983410237    2.71198117092892   -6.66334689138827
   2.55683803090282    2.72275595614052   -6.65480975906268
   2.56117786650547    2.72737741166214   -6.65103772732976
   2.56704528585504    2.73362557865126   -6.64555579967611
   2.57721430135939    2.74445448028597   -6.63717285984748
   2.57840638709134    2.74572392265490   -6.63617275487686
   2.58735903593035    2.75525752535285   -6.62859766387112
   2.59632068365538    2.76480071089110   -6.62151844373991
   2.59769081345052    2.76625975093013   -6.61987190179960
   2.60775598981028    2.77697807510707   -6.61114878662915
   2.61322002200954    2.78279667841133   -6.60644136726225
   2.61790159427211    2.78778204651363   -6.60257445549302
   2.62807939192516    2.79862030018684   -6.59436439443225
   2.63121737953574    2.80196191758840   -6.59156265149624
   2.63831018203311    2.80951498509287   -6.58514556311317
   2.64794927370332    2.81977957516063   -6.57712457697224
   2.64863020849368    2.82050469706267   -6.57628764067948
   2.65875302255775    2.83128439916063   -6.56763137483199
   2.66412063191791    2.83700032257031   -6.56275915595080
   2.66896251620197    2.84215640563620   -6.55680099607657
   2.67540612029810    2.84901814706046   -6.54763581899749
   2.67922053032961    2.85308008117867   -6.54205036670122
   2.68557786667180    2.85984995677566   -6.53274138745359
   2.68939228295756    2.86391189755397   -6.52715609577025
   2.69574963003500    2.87068178458284   -6.51784738369917
   2.69949643501222    2.87467172663038   -6.51218046010301
   2.70528443936408    2.88083532523644   -6.50295143264270
   2.70973460608974    2.88557427147068   -6.49643563583265
   2.71545623560052    2.89166718805007   -6.48805827500530
   2.71990641102675    2.89640614354948   -6.48154266331917
   2.72515120599990    2.90199128292056   -6.47339636152016
   2.73007763486240    2.90723739681818   -6.46573916272580
   2.73500277411336    2.91248213741899   -6.45803763515293
   2.74015612462202    2.91796989832599   -6.44977929930708
   2.74453764437168    2.92263574295563   -6.44314334451331
   2.75034589242011    2.92882089890899   -6.43487204355582
   2.75487073768792    2.93363936971341   -6.42847339663810
   2.76043122025408    2.93956068222638   -6.41987558773553
   2.76488142341940    2.94429966726491   -6.41336078373509
   2.77066275808581    2.95045616337737   -6.40416484779129
   2.77441634937755    2.95445333211585   -6.39846772456167
   2.78077381995198    2.96122335065567   -6.38916127976297
   2.78458829853758    2.96528535777657   -6.38357747457127
   2.79083830643688    2.97194094019049   -6.37416107104669
   2.79460016257194    2.97594691009320   -6.36845441488071
   2.80111651681069    2.98288612255070   -6.35844870546655
   2.80429526607321    2.98627114670280   -6.35379579259641
   2.81119160028712    2.99361499673534   -6.34258699321596
   2.81312840136182    2.99567748039613   -6.33899242999174
   2.81827285108185    3.00115576292595   -6.32472285188724
   2.82037295235825    3.00339214363905   -6.30952482522486
   2.82100004456887    3.00405992901726   -6.29461719442564
   2.82097412921515    3.00403233196855   -6.27974890110601
   2.82128583254123    3.00436426229710   -6.26478522677026
   2.82156369791567    3.00466015886705   -6.24991090541769
   2.82189324917563    3.00501109531475   -6.24613858178084
   2.82219400710833    3.00533136998319   -6.23495330007608
   2.82217038048571    3.00530621018554   -6.22003481446511
   2.82244944539769    3.00560338413323   -6.20513071566100
   2.82306295515175    3.00625670566429   -6.19021478187751
   2.82305538389455    3.00624864309428   -6.17528284599313
   2.82365307287922    3.00688511721711   -6.16038172877889
   2.82334319149832    3.00655512706312   -6.14546692376415
   2.82268290389173    3.00585199217859   -6.13054922478629
   2.82167863468734    3.00478255409735   -6.12582480571928
   2.81854491883891    3.00144548566045   -6.11470422378091
   2.81190141812169    2.99437087595550   -6.10098184706387
   2.81127891275634    2.99370797507138   -6.09996104261786
   2.80296442707508    2.98485394711291   -6.08501173777320
   2.80173640477274    2.98354623618341   -6.08308226819269
   2.79407479673637    2.97538745230171   -6.07011177259204
   2.79157148625117    2.97272169739222   -6.06538797112391
   2.78538674967685    2.96613562187967   -6.05459272680638
   2.78140921924420    2.96189998217730   -6.04749348355250
   2.77644819277872    2.95661702557457   -6.03965703307984
   2.77110849833862    2.95093082853548   -6.03074027207138
   2.76789994370267    2.94751406488442   -6.02529513011422
   2.76094149390676    2.94010406847545   -6.01297261248508
   2.75957348638702    2.93864728843018   -6.01033411512317
   2.75109046877143    2.92961379219000   -5.99563554474734
   2.75049447007273    2.92897911803891   -5.99465333583943
   2.74189553014347    2.91982217707280   -5.98023418073944
   2.74053442575391    2.91837274811453   -5.97753437896227
   2.73354276712759    2.91092738789303   -5.96531173761453
   2.73031510376518    2.90749027551507   -5.95975731862828
   2.72469736518667    2.90150799154175   -5.95039104973579
   2.72015075326262    2.89666634160270   -5.94199556816365
   2.71633979981895    2.89260808837667   -5.93541570281122
   2.71002068414655    2.88587891365907   -5.92503534083404
   2.70738872359125    2.88307616033968   -5.92047169546515
   2.69953716476909    2.87471509941612   -5.90674552056500
   2.69893380588285    2.87407258746139   -5.90578606848705
   2.69017010503794    2.86474019394059   -5.89061358355925
   2.68955637663383    2.86408663957088   -5.88964938127827
   2.68171090313545    2.85573205885897   -5.87592884431109
   2.67930278813932    2.85316767684903   -5.87202428637316
   2.67287480753857    2.84632257275752   -5.86071997693705
   2.66906505638023    2.84226559983534   -5.85428754662067
   2.66404306864305    2.83691772607181   -5.84584294172609
   2.65878703669185    2.83132062053449   -5.83660402292309
   2.65553456990567    2.82785709519296   -5.83112377289553
   2.64860559482248    2.82047848616506   -5.81978883364031
   2.64662133036102    2.81836545913100   -5.81621059023319
   2.63826448755985    2.80946632542115   -5.80216647833628
   2.63769944945483    2.80886462095365   -5.80129124876151
   2.62937346638657    2.79999834952157   -5.78633490310687
   2.62814630666589    2.79869155714825   -5.78440705960532
   2.62089632378889    2.79097110954003   -5.77163612168860
   2.61797770707706    2.78786309841857   -5.76672259285660
   2.61226806803976    2.78178295039655   -5.75622075173212
   2.60773251542905    2.77695307743004   -5.74891509800648
   2.60323847754611    2.77216741315838   -5.74157289075168
   2.59738514676096    2.76593424896656   -5.73138808583258
   2.59432319118522    2.76267359745852   -5.72666282878095
   2.58738169523304    2.75528165505939   -5.71435516070063
   2.58556314747800    2.75334509839381   -5.71148741919008
   2.57740985117376    2.74466271968768   -5.69728601030173
   2.57679836481709    2.74401155285599   -5.69632018495999
   2.56878875512205    2.73548218484755   -5.68187053242813
   2.56682692394850    2.73339304683875   -5.67819722935348
   2.56057954381661    2.72674026271288   -5.66708244578025
   2.55685811336130    2.72277734178670   -5.66102413307812
   2.55115159577944    2.71670051777710   -5.65181952790518
   2.54666888179162    2.71192691222895   -5.64422694221915
   2.54218447303147    2.70715150193160   -5.63686576635098
   2.53630341337269    2.70088880948850   -5.62586929029973
   2.53386837519563    2.69829575720286   -5.62192927432621
   2.52617750313958    2.69010581030539   -5.60894757110864
   2.52496530655123    2.68881495204959   -5.60702362590481
   2.51665987554217    2.67997056633766   -5.59209443129667
   2.51604656072456    2.67931745239284   -5.59113101341617
   2.50820155020003    2.67096336469801   -5.57741966998952
   2.50563858793810    2.66823408709822   -5.57277200303268
   2.49938825768856    2.66157816141614   -5.56222665198418
   2.49556868342871    2.65751072795332   -5.55579700756511
   2.49046245885856    2.65207315107370   -5.54730738929788
   2.48539861250996    2.64668070241642   -5.53899218241341
   2.48159426293314    2.64262948159432   -5.53242037035199
   2.47512617908865    2.63574167188578   -5.52132646548522
   2.47313501946040    2.63362130224487   -5.51774834148847
   2.46499529689141    2.62495337809865   -5.50356397203314
   2.46435547147975    2.62427203323854   -5.50257115985680
   2.45590531033891    2.61527352559023   -5.48789818517483
   2.45467895866406    2.61396759369831   -5.48597187941689
   2.44742939538214    2.60624759291348   -5.47318920055462
   2.44435274770788    2.60297129590961   -5.46753337129745
   2.43882325530221    2.59708298456568   -5.45780929974290
   2.43437679733648    2.59234798775962   -5.45043863342256
   2.42989950601156    2.58758015676095   -5.44289403937278
   2.42421424377648    2.58152596739671   -5.43363501110111
   2.42102214875315    2.57812673145283   -5.42800550220246
   2.41378442236540    2.57041933568000   -5.41524526245552
   2.41256619692193    2.56912205734558   -5.41333675402355
   2.40376723891960    2.55975211876554   -5.39908396815840
   2.40318584230525    2.55913299425493   -5.39818546764259
   2.39535656504035    2.55079566077989   -5.38351305303314
   2.39355246009419    2.54887448414364   -5.38058844872283
   2.38655786576907    2.54142599772044   -5.36832967940175
   2.38335742741996    2.53801787703700   -5.36284263369859
   2.37772502626933    2.53201997901026   -5.35348251876095
   2.37320093129079    2.52720230718276   -5.34510670095493
   2.36939964047778    2.52315434361328   -5.33853851863160
   2.36293617922217    2.51627145646193   -5.32745049786064
   2.36046644894978    2.51364146084706   -5.32361956747102
   2.35261988803880    2.50528572215834   -5.30991318842564
   2.35200023042882    2.50462585382568   -5.30893725830117
   2.34309661777611    2.49514446936239   -5.29405222410869
   2.34249821832117    2.49450723866558   -5.29307487846200
   2.33480944598883    2.48631952774676   -5.27914146426454
   2.33240449784355    2.48375851809044   -5.27524301313029
   2.32601851721771    2.47695813942951   -5.26396307792699
   2.32218898140028    2.47288009798530   -5.25753632908171
   2.31716289583239    2.46752786047528   -5.24910115216020
   2.31209310572982    2.46212908236289   -5.24060256629855
   2.30825875964925    2.45804591850871   -5.23421004122200
   2.30177753368557    2.45114411386469   -5.22214922212701
   2.30040212167479    2.44967944883733   -5.21951880984087
   2.29227001754047    2.44101963750001   -5.20435204473918
   2.29164521336602    2.44035428863284   -5.20340368132406
   2.28317947894568    2.43133919712627   -5.18967662660895
   2.28130253182284    2.42934045145044   -5.18683493827224
   2.27363324507448    2.42117349057100   -5.17478368442261
   2.27107880721644    2.41845329053935   -5.17015184452971
   2.26485628461150    2.41182697699111   -5.15962139848035
   2.26111116749353    2.40783883233113   -5.15313416961320
   2.25657431296855    2.40300757296673   -5.14471870111545
   2.25087651860610    2.39694003824232   -5.13546363572114
   2.24769173838092    2.39354859176729   -5.12983968029703
   2.24045862969563    2.38584611334814   -5.11708870414215
   2.23922981736975    2.38453756112902   -5.11516794053042
   2.23047315186412    2.37521265948362   -5.10101381546807
   2.22988112035483    2.37458220996017   -5.10005777025828
   2.22159168258494    2.36575485531813   -5.08514915368715
   2.22023348104539    2.36430851758114   -5.08245536895202
   2.21325984033812    2.35688234449462   -5.07020838559273
   2.21004987869143    2.35346408252930   -5.06472375958836
   2.20440978827136    2.34745799626228   -5.05536658394192
   2.19996402654782    2.34272374087885   -5.04779508172140
   2.19547011399906    2.33793821007454   -5.04044133685880
   2.18963224690716    2.33172151304348   -5.03029784100121
   2.18656792764001    2.32845834445974   -5.02555675932948
   2.17948809416554    2.32091908756192   -5.01256535051772
   2.17827295384411    2.31962509454877   -5.01064301582247
   2.16979297845481    2.31059483795056   -4.99594303719869
   2.16919309480630    2.30995602674812   -4.99500459230034
   2.16087773106778    2.30110106375363   -4.98104452978808
   2.15908801408436    2.29919520874149   -4.97815761519097
   2.15212161438483    2.29177674654503   -4.96591456952034
   2.14898481458753    2.28843639403615   -4.96037121064080
   2.14384291376116    2.28296082580239   -4.95101853290741
   2.13875609017903    2.27754390887661   -4.94271068853172
   2.13496091972187    2.27350246282414   -4.93614959175967
   2.12850666738508    2.26662938217528   -4.92507305446743
   2.12649744437420    2.26448977698560   -4.92147768604046
   2.11821400907333    2.25566881432385   -4.90749369451575
   2.11757739475579    2.25499088893167   -4.90656253598785
   2.10930939403721    2.24618636243066   -4.89171582204193
   2.10808080435831    2.24487804730649   -4.88976827621424
   2.10038620074166    2.23668412670058   -4.87677353804642
   2.09783423091318    2.23396655485348   -4.87216752126724
   2.09163184301911    2.22736168259455   -4.86164713615621
   2.08778871495272    2.22326916687533   -4.85522425820819
   2.08275940126468    2.21791349176651   -4.84679489353012
   2.07754846601755    2.21236440934138   -4.83758803582923
   2.07428602407858    2.20889026154104   -4.83210835035981
   2.06755392764529    2.20172130698094   -4.82059914363243
   2.06554885117180    2.19958611740509   -4.81698628766952
   2.05754595429696    2.19106389782412   -4.80256775147115
   2.05694013056913    2.19041876107968   -4.80159976623375
   2.04837605957305    2.18129895175599   -4.78722302197128
   2.04701869557951    2.17985350591491   -4.78453101052417
   2.04006556027423    2.17244916886365   -4.77229498211188
   2.03700380277491    2.16918872828558   -4.76754323449489
   2.03115407538881    2.16295940132400   -4.75740400477206
   2.02668245482260    2.15819760907001   -4.75004105306291
   2.02227145854400    2.15350037512522   -4.74254600056810
   2.01654768132774    2.14740517147179   -4.73231793664536
   2.01352779867844    2.14418932307981   -4.72741329498321
   2.00617091741543    2.13635504025259   -4.71482873537083
   2.00489812362139    2.13499965252690   -4.71296724968620
   1.99662040499433    2.12618477750445   -4.69811410236662
   1.99601162654952    2.12553649430600   -4.69714015714399
   1.98771317736055    2.11669954347731   -4.68319094666821
   1.98575204788612    2.11461115270217   -4.67955840119964
   1.97896196421411    2.10738044800472   -4.66807094013532
   1.97573907498135    2.10394841955849   -4.66258946952594
   1.97008834007881    2.09793099806894   -4.65323588540018
   1.96558950919697    2.09314022977187   -4.64488023258004
   1.96179864557313    2.08910337003106   -4.63832399548366
   1.95535083736887    2.08223715168636   -4.62725532579483
   1.95334275442649    2.08009876054632   -4.62366230011681
   1.94504191657474    2.07125926605014   -4.60974481000648
   1.94443174404524    2.07060949830228   -4.60878152910210
   1.93571863335071    2.06133097781983   -4.59369180171681
   1.93493429243402    2.06049573957761   -4.59197312627095
   1.92725523778155    2.05231837693679   -4.57898815221651
   1.92484427353507    2.04975096078340   -4.57512718569238
   1.91852807773512    2.04302489541414   -4.56390740101243
   1.91474967653573    2.03900130680743   -4.55730166707017
   1.90959747923447    2.03351477394158   -4.54898718359218
   1.90449492488412    2.02808110544907   -4.54068394878569
   1.90070811730667    2.02404856495897   -4.53413440993868
   1.89425990343991    2.01718191462759   -4.52306331297980
   1.89179385785989    2.01455584281156   -4.51923953511542
   1.88414718990818    2.00641296850411   -4.50712690867312
   1.88223866831684    2.00438059943440   -4.50433596652320
   1.87412777185997    1.99574337197976   -4.49293929759853
   1.87155201348989    1.99300046790882   -4.48920240912193
   1.86410873063203    1.98507417672825   -4.48042117056149
   1.85894452027117    1.97957485125325   -4.47407919790258
   1.85381441345030    1.97411184235972   -4.46765028077728
   1.84677006554135    1.96661037375107   -4.45919640967294
   1.84361148347036    1.96324682547667   -4.45557392525211
   1.83408864138040    1.95310602863837   -4.44430337338001
   1.83341220177913    1.95238569362651   -4.44345360984648
   1.82340366564314    1.94172768516169   -4.43222604914015
   1.82136659348528    1.93955842364263   -4.42941638252036
   1.81298711262244    1.93063518284565   -4.41950443804035
   1.80871376791268    1.92608453293332   -4.41453229338951
   1.80308324213369    1.92008863197454   -4.40783532220621
   1.79657776446689    1.91316100188974   -4.39964404354511
   1.79268604302762    1.90901673948425   -4.39514094066838
   1.78378049960569    1.89953329896058   -4.38499228860357
   1.78246660427017    1.89813414253875   -4.38320281647341
   1.77233775711044    1.88734801584645   -4.37095306770073
   1.77166368868181    1.88663020587698   -4.37009724208388
   1.76210297345588    1.87644907824522   -4.35904474838843
   1.75898260592531    1.87312622432311   -4.35522522641244
   1.75204317953578    1.86573648578436   -4.34672060797382
   1.74636862846316    1.85969370264962   -4.34010699862658
   1.74185562045592    1.85488783724738   -4.33463935461833
   1.73421313652675    1.84674941847140   -4.32547673637690
   1.73169180912443    1.84406447749388   -4.32253925213563
   1.72205757368111    1.83380505878252   -4.31056256790834
   1.72137877813733    1.83308221494670   -4.30972040457563
   1.71122209665722    1.82226644771375   -4.29859762171994
   1.70924720543248    1.82016340216300   -4.29592260303235
   1.70116357144709    1.81155520629179   -4.28627251931203
   1.69615442216775    1.80622100409725   -4.28058005699598
   1.69102537811398    1.80075912693572   -4.27415430977097
   1.68399530405644    1.79327285843497   -4.26570088629090
   1.68082813676315    1.78990016782740   -4.26208343707761
   1.67134460767973    1.77980123508899   -4.25081779456607
   1.67067781117414    1.77909116893103   -4.24994457993640
   1.66047499760682    1.76822627601483   -4.23791137816600
   1.65914599552979    1.76681103254723   -4.23616693437020
   1.65035762990030    1.75745237369859   -4.22577958656455
   1.64652859309989    1.75337486365353   -4.22105819670210
   1.64015614638765    1.74658889714677   -4.21371285205290
   1.63381479870279    1.73983604774050   -4.20617921967295
   1.63000858237565    1.73578283903121   -4.20160611957839
   1.62183511330840    1.72707897851435   -4.19132338760465
   1.61990614233244    1.72502483306183   -4.18929307825844
   1.60958307608136    1.71403188404392   -4.17750180579753
   1.60892899465200    1.71333535806688   -4.17665505801148
   1.59948886191155    1.70328263774000   -4.16534713383393
   1.59632283940256    1.69991116620389   -4.16154692661018
   1.58929099406065    1.69242301147687   -4.15328170271218
   1.58361947196879    1.68638345387902   -4.14667096298855
   1.57910799486967    1.68157921872835   -4.14120585182970
   1.57145652336694    1.67343122915862   -4.13204799638157
   1.56894679257480    1.67075863731666   -4.12911150463837
   1.55921259393224    1.66039276861010   -4.11734906301612
   1.55855906347867    1.65969682936268   -4.11649303296508
   1.54862175831840    1.64911467418269   -4.10492706422396
   1.54611845266913    1.64644892442295   -4.10204453566485
   1.53842943031013    1.63826094725277   -4.09286129958868
   1.53341981852377    1.63292625253829   -4.08717183245299
   1.52829170467982    1.62746536594961   -4.08074907139808
   1.52127558131404    1.61999395342667   -4.07229607276563
   1.51794417663861    1.61644636777099   -4.06803416306189
   1.50899656580926    1.60691813000842   -4.05781723851741
   1.50769176226812    1.60552865536423   -4.05610340551086
   1.49775406375017    1.59494608130086   -4.04452211253575
   1.49642437697714    1.59353010870607   -4.04277864619524
   1.48757081460939    1.58410202238285   -4.03245240828739
   1.48372081110818    1.58000218506918   -4.02791076051891
   1.47743964355534    1.57331342099445   -4.02033478553119
   1.47162653640480    1.56712309062291   -4.01302678510864
   1.46713591569446    1.56234106527047   -4.00757001522124
   1.45911506888226    1.55379973094767   -3.99795522541559
   1.45720130827946    1.55176178289740   -3.99592469131750
   1.44688146439879    1.54077226535546   -3.98413875437863
   1.44622234601514    1.54007037556690   -3.98329348134845
   1.43671427414440    1.52994530741453   -3.97205637347510
   1.43401991261142    1.52707610380317   -3.96863628162246
   1.42649098202886    1.51905860705944   -3.96013752823938
   1.42143407092820    1.51367354369109   -3.95354921255492
   1.41644907535815    1.50836506258449   -3.94782702844876
   1.40891085690787    1.50033767526620   -3.93847409204159
   1.40632220482563    1.49758104078638   -3.93554419555597
   1.39609397091114    1.48668907794991   -3.92537402834831
   1.39473492941604    1.48524184575112   -3.92380018775759
   1.38597586356830    1.47591438800099   -3.91510707677164
   1.37960433309516    1.46912939718977   -3.90870829857138
   1.37578097888508    1.46505793848878   -3.90490863714159
   1.36570295128690    1.45432592913290   -3.89554676458455
   1.36378808199404    1.45228680044765   -3.89362187787666
   1.35548001765620    1.44343961052539   -3.88536433810958
   1.34910791619907    1.43665401167798   -3.87896627892040
   1.34528607801793    1.43258416738383   -3.87516647246067
   1.33505460763565    1.42168875805923   -3.86517421313517
   1.33436823171811    1.42095784194524   -3.86431022262660
   1.32502691531707    1.41101035033187   -3.85559302023259
   1.31864316625910    1.40421234804936   -3.84902427921646
   1.31479260948863    1.40011192156379   -3.84542653108841
   1.30456028624541    1.38921560403451   -3.83543543151762
   1.30387482224031    1.38848565900865   -3.83457126560948
   1.29449262539920    1.37849463414823   -3.82588552248244
   1.28811937148873    1.37170780806264   -3.81948886991978
   1.28430054822554    1.36764117433003   -3.81568878865050
   1.27406736627258    1.35674394236777   -3.80569883219488
   1.27338281180039    1.35601496589607   -3.80483449570915
   1.26404104615787    1.34606699588913   -3.79611895305212
   1.25821169332511    1.33985936562315   -3.78975541268783
   1.25366702161040    1.33501978179720   -3.78535846188162
   1.24357582267240    1.32427374638903   -3.77596439054236
   1.24289217535457    1.32354573593862   -3.77509988847022
   1.23351079878535    1.31355558457903   -3.76641542603905
   1.22765418202804    1.30731892118226   -3.76024003211091
   1.22321283903223    1.30258937126595   -3.75557078668921
   1.21318468387268    1.29191047066303   -3.74597519905950
   1.21248359261165    1.29116388429984   -3.74515470267841
   1.20306064762249    1.28112946706905   -3.73665349039564
   1.19723456539537    1.27492531964433   -3.73028988018057
   1.19272419066188    1.27012225839383   -3.72583976630841
   1.18269668332645    1.25944404765353   -3.71624479107959
   1.18199618414451    1.25869809179053   -3.71542413634101
   1.17257243732091    1.24866282069279   -3.70692392434791
   1.16680763824123    1.24252393319173   -3.70056328677246
   1.16248863540489    1.23792466231297   -3.69642588493685
   1.15220998239559    1.22697900859384   -3.68651647299502
   1.15151007378541    1.22623368162588   -3.68569566343127
   1.14208551970293    1.21619755088475   -3.67719643574963
   1.13626267885368    1.20999685517687   -3.67083277517231
   1.13175079361382    1.20519218540047   -3.66638398986763
   1.12172455613402    1.19451532691907   -3.65679022038075
   1.12102523659597    1.19377062724922   -3.65596925963053
   1.11159986982879    1.18373363108678   -3.64747100005918
   1.10577863875030    1.17753464961065   -3.64110732226128
   1.10123357389240    1.17269464712972   -3.63671255400271
   1.09113787540941    1.16194382019281   -3.62732368610072
   1.09046467001192    1.16122692925816   -3.62646931177994
   1.08096439710276    1.15111016615634   -3.61712286473740
   1.07534924255578    1.14513063389709   -3.61138846219701
   1.07085642145839    1.14034626537044   -3.60669770853076
   1.06065406547667    1.12948185973342   -3.59760167386304
   1.05998089031949    1.12876500100144   -3.59674735227246
   1.05048122421028    1.11864888407593   -3.58740149380714
   1.04481424038586    1.11261415924205   -3.58166249424788
   1.04030007330748    1.10780705955442   -3.57721561909264
   1.03027567627136    1.09713216094648   -3.56762361123519
   1.02957811502797    1.09638933367027   -3.56680221980574
   1.01996879808043    1.08615645046173   -3.55772899844557
   1.01425367697712    1.08007046463235   -3.55215680321842
   1.00975983987358    1.07528501416904   -3.54853724673047
   0.99977121525090    1.06464820931229   -3.54071254474957
   0.99647139673542    1.06113425950060   -3.53729011819942
   0.98954196697988    1.05375516629582   -3.53151425536191
   0.97943754636702    1.04299505123397   -3.52400973496713
   0.97749017401428    1.04092131030547   -3.52222257348023
   0.96922337704463    1.03211806566687   -3.51572391343637
   0.95915580532045    1.02139719068590   -3.50818120622115
   0.95843960995888    1.02063452008929   -3.50736199110270
   0.94890522674451    1.01048143320177   -3.49993425291986
   0.93895717794403    0.99988783720699   -3.49287576732259
   0.93826072678282    0.99914619204824   -3.49211589155172
   0.92876208023657    0.98903116084701   -3.48466993664402
   0.92039710132791    0.98012336306269   -3.47745871491392
   0.91842885466483    0.97802739325142   -3.47578709416673
   0.90848645493914    0.96743981291029   -3.46886055102790
   0.90147887400555    0.95997749715369   -3.46237179091010
   0.89819794510664    0.95648366274056   -3.45966419434412
   0.88800545042771    0.94562975832442   -3.45249728890650
   0.88291308024883    0.94020693487301   -3.44792325041114
   0.87792217618021    0.93489216185449   -3.44384085978516
   0.86763699601583    0.92393955742117   -3.43585449981907
   0.86439909644325    0.92049154458654   -3.43325438509790
   0.85747897655173    0.91312236538000   -3.42749735710699
   0.84737176533235    0.90235927862404   -3.41999670267185
   0.84542691339873    0.90028822166929   -3.41820918242510
   0.83729007470659    0.89162336853998   -3.41226822266233
   0.82709011648754    0.88076151626086   -3.40417308759527
   0.82581566289296    0.87940436102712   -3.40315858828487
   0.81697462347666    0.86998961029272   -3.39648287948538
   0.80733231937512    0.85972159933305   -3.38849640342141
   0.80663598275519    0.85898007614838   -3.38773671238858
   0.79658967547229    0.84828184549741   -3.38006109034811
   0.78830633026823    0.83946097877902   -3.37338066249645
   0.78650224215795    0.83753982007115   -3.37234219409837
   0.77625826920340    0.82663109685935   -3.36429730343607
   0.76939680383557    0.81932437837648   -3.35856586078974
   0.76614964593069    0.81586650641932   -3.35566516224453
   0.75595165737345    0.80500675161699   -3.34850351343029
   0.75085733436235    0.79958184861049   -3.34393113543273
   0.74587379310996    0.79427491619490   -3.33984763910968
   0.73576004427614    0.78350486758667   -3.33238980165880
   0.73130680605936    0.77876265054660   -3.32868251785062
   0.72556006002322    0.77264298758429   -3.32406517810719
   0.71532305748868    0.76174168711587   -3.31601135772520
   0.71338068842724    0.75967327415145   -3.31422354821478
   0.70520965046928    0.75097200250304   -3.30831709462000
   0.69496303677392    0.74006046718789   -3.30122742501929
   0.69063171127484    0.73544807400613   -3.29889619706724
   0.68478595837482    0.72922297944233   -3.29606461031876
   0.67461302115102    0.71838990160057   -3.29473689357072
   0.66440628600896    0.70752083263144   -3.29433994267823
   0.65424932822713    0.69670477116705   -3.29433513695123
   0.64409240536276    0.68588874688598   -3.29433040526708
   0.63393551680422    0.67507275913690   -3.29432574762584
   0.62377866193986    0.66425680726848   -3.29432116402761
   0.61362184015805    0.65344089062939   -3.29431665447247
   0.60346505084714    0.64262500856830   -3.29431221896050
   0.59330829339548    0.63180916043388   -3.29430785749180
   0.58315156719146    0.62099334557480   -3.29430357006644
   0.57304382344280    0.61022969173276   -3.29376368793107
   0.56283825832481    0.59936186871271   -3.29358618894505
   0.55268161970495    0.58854614712129   -3.29358364739062
   0.54252500989582    0.57773045621019   -3.29358117781025
   0.53236865960150    0.56691504165429   -3.29335533215051
   0.52221211102571    0.55609941595007   -3.29335148994530
   0.51205558941556    0.54528381896133   -3.29334772176552
   0.50189909415941    0.53446825003676   -3.29334402761125
   0.49174262464562    0.52365270852502   -3.29334040748259
   0.48158618026256    0.51283719377479   -3.29333686137961
   0.47142976039860    0.50202170513474   -3.29333338930241
   0.46127336444210    0.49120624195356   -3.29332999125107
   0.45111699178143    0.48039080357991   -3.29332666722566
   0.44096064180496    0.46957538936248   -3.29332341722630
   0.43080431390104    0.45875999864994   -3.29332024125305
   0.42071515174427    0.44801613219348   -3.29324201286131
   0.41049173773631    0.43712930203614   -3.29262770912201
   0.40033547003542    0.42631397543331   -3.29262624967133
   0.39017922197000    0.41549866974013   -3.29262486235345
   0.38002330493441    0.40468371655791   -3.29237757364634
   0.36986678229899    0.39386811847738   -3.29262230416195
   0.35971091205680    0.38305321512508   -3.29237218538623
   0.34955474169236    0.37223799217504   -3.29236960226858
   0.33939858789532    0.36142278686749   -3.29236709315931
   0.32924245005406    0.35060759855111   -3.29236465805850
   0.31908632755694    0.33979242657459   -3.29236229696625
   0.30893056646805    0.32897763945874   -3.29189607495275
   0.29877412614863    0.31816212903585   -3.29235779680775
   0.28861804601419    0.30734700217100   -3.29235565774169
   0.27846197877739    0.29653188904074   -3.29235359268452
   0.26837125620709    0.28578636091264   -3.29228193289607
   0.25815023712379    0.27490208109103   -3.29142179428363
   0.24799420788251    0.26408700842190   -3.29141995171210
   0.23783818909192    0.25327194688161   -3.29141818313132
   0.22768218014040    0.24245689581887   -3.29141648854135
   0.21752618041632    0.23164185458236   -3.29141486794230
   0.20737018930806    0.22082682252076   -3.29141332133424
   0.19721420620400    0.21001179898277   -3.29141184871727
   0.18705823049251    0.19919678331707   -3.29141045009147
   0.17690226156198    0.18838177487236   -3.29140912545693
   0.16674629880079    0.17756677299732   -3.29140787481373
   0.15659034159731    0.16675177704065   -3.29140669816197
   0.14643438933993    0.15593678635104   -3.29140559550174
   0.13627844141702    0.14512180027717   -3.29140456683311
   0.12612249721697    0.13430681816773   -3.29140361215618
   0.11596655612815    0.12349183937143   -3.29140273147104
   0.10585492321266    0.11272404398736   -3.29086652242569
   0.09559796850074    0.10180149660806   -3.29055398605216
   0.08554285091277    0.09109388393513   -3.29086511743422
   0.07528631320685    0.08017178062211   -3.29055271915306
   0.06518687594591    0.06941697229107   -3.29139943792519
   0.05507474609666    0.05864864772629   -3.29086356175981
   0.04487542312054    0.04778747191219   -3.29047075475400
   0.03471948786607    0.03697249932883   -3.29047046607593
   0.02456355021787    0.02615752419642   -3.29047025137193
   0.01440760956433    0.01534254586365   -3.29047011064208
   0.00425166529385    0.00452756367921   -3.29047004388647
  -0.00590428320521   -0.00628742300819   -3.29047005110519
  -0.01606023654444   -0.01710241484986   -3.29047013229833
  -0.02621619533546   -0.02791741249709   -3.29047028746597
  -0.03637216018988   -0.03873241660119   -3.29047051660821
  -0.04648532725441   -0.04950184568804   -3.28993531461228
  -0.05668366208430   -0.06036196923330   -3.28954331385762
  -0.06683964584047   -0.07117699346571   -3.28954376480866
  -0.07705097765698   -0.08205095739596   -3.28962477854183
  -0.08710969171264   -0.09276239991800   -3.28993721292526
  -0.09730765061672   -0.10362212314292   -3.28954556140073
  -0.10746367208343   -0.11443718753298   -3.28954630817804
  -0.11761970450679   -0.12525226359069   -3.28954712891214
  -0.12777574849841   -0.13606735196735   -3.28954802360312
  -0.13793180466991   -0.14688245331426   -3.28954899225108
  -0.14808787363288   -0.15769756828270   -3.28955003485609
  -0.15824395599894   -0.16851269752399   -3.28955115141825
  -0.16833922144584   -0.17926306332431   -3.28948241556883
  -0.17855626835327   -0.19014311320824   -3.28895111875791
  -0.18876598873803   -0.20101536113797   -3.28870747483452
  -0.19880791376115   -0.21170892515624   -3.28948637642980
  -0.20902409754146   -0.22258805590315   -3.28862995782926
  -0.21918027021763   -0.23340328131494   -3.28863151774294
  -0.22933646057846   -0.24421852555897   -3.28863315159588
  -0.23949266923555   -0.25503378928655   -3.28863485938818
  -0.24964889680051   -0.26584907314895   -3.28863664111991
  -0.25980514388492   -0.27666437779746   -3.28863849679117
  -0.26996080555003   -0.28747905903773   -3.28817647128223
  -0.28011769905854   -0.29829505205800   -3.28864242995264
  -0.29021443223084   -0.30904698082711   -3.28857438041098
  -0.30048284774811   -0.31998173272452   -3.28779916011918
  -0.31058606978371   -0.33074057143122   -3.28818492645184
  -0.32074244228546   -0.34155600963563   -3.28818722507117
  -0.33089883858774   -0.35237147318504   -3.28818959762145
  -0.34105525930215   -0.36318696273071   -3.28819204410278
  -0.35117254270550   -0.37396077527319   -3.28812253169538
  -0.36142067855888   -0.38487393152200   -3.28781364654854
  -0.37148572074040   -0.39559211281363   -3.28812774448809
  -0.38168131121354   -0.40644931391576   -3.28773863807471
  -0.39183720474788   -0.41726424207169   -3.28727749111804
  -0.40199444638959   -0.42808060581615   -3.28774434436765
  -0.41215105671242   -0.43889629727430   -3.28774730839762
  -0.42230702269829   -0.44971130258326   -3.28728638088672
  -0.43242536512731   -0.46048624287354   -3.28721728917624
  -0.44262050552440   -0.47134296469337   -3.28682874628483
  -0.45282867102050   -0.48221355683485   -3.28691245522323
  -0.46289585990030   -0.49293402412796   -3.28722698065797
  -0.47309078620217   -0.50379051795953   -3.28683874470160
  -0.48324761156296   -0.51460643840984   -3.28684222531605
  -0.49340447051050   -0.52542239462641   -3.28684577983507
  -0.50356136365638   -0.53623838726051   -3.28684940825876
  -0.51371829161219   -0.54705441696341   -3.28685311058721
  -0.52387525498952   -0.55787048438641   -3.28685688682052
  -0.53403225439995   -0.56868659018076   -3.28686073695876
  -0.54418856235311   -0.57950195964790   -3.28640068586281
  -0.55434563112001   -0.59031813929940   -3.28640468290921
  -0.56450273775460   -0.60113435927588   -3.28640875385169
  -0.57465988286845   -0.61195062022861   -3.28641289869035
  -0.58481706707315   -0.62276692280887   -3.28641711742529
  -0.59497429098028   -0.63358326766793   -3.28642141005660
  -0.60513155520144   -0.64439965545706   -3.28642577658437
  -0.61528886034820   -0.65521608682753   -3.28643021700870
  -0.62538534161193   -0.66596774734127   -3.28632189085196
  -0.63560313246398   -0.67684858944577   -3.28504747282521
  -0.64576056272784   -0.68766515405243   -3.28505213358207
  -0.65591883918016   -0.69848261975826   -3.28544706832299
  -0.66607555398494   -0.70929842247838   -3.28506167670290
  -0.67623311620135   -0.72011512760022   -3.28506655906706
  -0.68639153944167   -0.73093274961940   -3.28546576724592
  -0.69666223776191   -0.74186993245507   -3.28606994352576
  -0.70709303038268   -0.75297759840505   -3.28944826174299
  -0.71727557827889   -0.76382091057343   -3.29516222541717
  -0.72114086080669   -0.76793701839784   -3.29776667400111
  -0.72782222529201   -0.77505194892049   -3.30256853237364
  -0.73777749951113   -0.78565323920463   -3.30967161295672
  -0.74105419803037   -0.78914256872098   -3.31216377518086
  -0.74826744234984   -0.79682389373905   -3.31817065375974
  -0.75828192725678   -0.80748823700150   -3.32555146618773
  -0.75957664076767   -0.80886696685481   -3.32639891847572
  -0.76884594095551   -0.81873776899036   -3.33361810226008
  -0.77842378026583   -0.82893713191986   -3.34126142827777
  -0.77915999299518   -0.82972111884809   -3.34189612919930
  -0.78879626747232   -0.83998270890993   -3.34926282960524
  -0.79821348161015   -0.85001102340389   -3.35676316162272
  -0.79895253013143   -0.85079803014381   -3.35738967805158
  -0.80911948303598   -0.86162473533283   -3.36505984251291
  -0.81726737071455   -0.87030135443763   -3.37163077044297
  -0.81927656119328   -0.87244092498408   -3.37318694648699
  -0.82944315679690   -0.88326724968626   -3.38085751541208
  -0.83685604491212   -0.89116117375339   -3.38679237937922
  -0.83960105243901   -0.89408430987041   -3.38898487502207
  -0.84955941802316   -0.90468889212394   -3.39701406905438
  -0.85591088118454   -0.91145251341862   -3.40166079055070
  -0.85992600976438   -0.91572819108115   -3.40478346857821
  -0.86987786318992   -0.92632583859011   -3.41260503936497
  -0.87505296869082   -0.93183676621084   -3.41601036836443
  -0.88028143295712   -0.93740451514545   -3.42005583782671
  -0.89004615749716   -0.94780289063116   -3.42800028045988
  -0.89463887181094   -0.95269363462884   -3.43123077160253
  -0.90071567715163   -0.95916477505139   -3.43616436263790
  -0.91053655266189   -0.96962294524711   -3.44348215723773
  -0.91381275398149   -0.97311174529961   -3.44597860910243
  -0.92116401943057   -0.98094004789240   -3.45179102136448
  -0.93086072470285   -0.99126599021489   -3.45938838713799
  -0.93284831706437   -0.99338256110256   -3.46102353933413
  -0.94102735774714   -1.00209235478733   -3.46764695045201
  -0.95118704646262   -1.01291132440068   -3.47520526887580
  -0.95191723705180   -1.01368889840099   -3.47587795096528
  -0.96135048104832   -1.02373428296067   -3.48324027372348
  -0.97121484454448   -1.03423876315773   -3.49027881121214
  -0.97194628063539   -1.03501766348266   -3.49096812268126
  -0.98188560777769   -1.04560197185482   -3.49889729074007
  -0.99057653667489   -1.05485687112229   -3.50575739911141
  -0.99184703417730   -1.05620981354576   -3.50668702568685
  -1.00201173450720   -1.06703411998641   -3.51505269931803
  -1.00959208392234   -1.07510637222541   -3.52057937242887
  -1.01236480618451   -1.07805902153788   -3.52260987985108
  -1.02254172680213   -1.08889634126322   -3.53050493370819
  -1.02824569695943   -1.09497045254118   -3.53518836323858
  -1.03277763116542   -1.09979647229802   -3.53969053458834
  -1.04286412597691   -1.11053749832026   -3.54830228638948
  -1.04481491043287   -1.11261487276965   -3.55005266256154
  -1.05325323420335   -1.12160077489884   -3.55807509576504
  -1.06080650181919   -1.12964418795074   -3.56499757142378
  -1.06338261128915   -1.13238746590509   -3.56771540135680
  -1.07336964086426   -1.14302257220870   -3.57698362456914
  -1.07658737601731   -1.14644911211751   -3.57966649035572
  -1.08365609768662   -1.15397653614469   -3.58630347365638
  -1.09297020073562   -1.16389504848151   -3.59499489641675
  -1.09369321105204   -1.16466497626794   -3.59571185092108
  -1.10385102944832   -1.17548195419364   -3.60509557850143
  -1.10844140435777   -1.18037020697874   -3.60941151235030
  -1.11407549509025   -1.18636990422741   -3.61523487135094
  -1.12399896269517   -1.19693732390761   -3.62414107152552
  -1.12468706105121   -1.19767007423231   -3.62495024505600
  -1.13435064784107   -1.20796074895310   -3.63391610289483
  -1.14015415386949   -1.21414085516804   -3.63929707691669
  -1.14485694129670   -1.21914881512606   -3.64368413436834
  -1.15450500056757   -1.22942295471857   -3.65291145128702
  -1.15643341402052   -1.23147650646939   -3.65471873120385
  -1.16485166379171   -1.24044103196055   -3.66273865298582
  -1.17182792119483   -1.24786999154514   -3.66913648456482
  -1.17503599617956   -1.25128624441953   -3.67184743879881
  -1.18516688514935   -1.26207454541870   -3.68147410501147
  -1.18778465458649   -1.26486218673216   -3.68409775676591
  -1.19535409906951   -1.27292282639792   -3.69156325008226
  -1.20358758054442   -1.28169059363801   -3.69906690892547
  -1.20552167011126   -1.28375018983620   -3.70086228211099
  -1.21568939776512   -1.29457772004944   -3.71016154649393
  -1.21955829426033   -1.29869767635825   -3.71375091446563
  -1.22614736873129   -1.30571432799766   -3.71977581886975
  -1.23585081917541   -1.31604745319860   -3.72825707639371
  -1.23653904857719   -1.31678034307283   -3.72906645476249
  -1.24602785969434   -1.32688490060586   -3.73832260353435
  -1.25192153941407   -1.33316103204890   -3.74345248025934
  -1.25649426577417   -1.33803049103780   -3.74809557565924
  -1.26653525894604   -1.34872306273529   -3.75755706030758
  -1.26775590762563   -1.35002292155409   -3.75860644327685
  -1.27669983989375   -1.35954724204682   -3.76689076610095
  -1.28374512656675   -1.36704971033765   -3.77337548246119
  -1.28684779719521   -1.37035371897312   -3.77632984735804
  -1.29687525295694   -1.38103187479300   -3.78582601461632
  -1.29950507037716   -1.38383234590534   -3.78840409284837
  -1.30720764161184   -1.39203475116267   -3.79572298822957
  -1.31544285116227   -1.40080435861628   -3.80322800879390
  -1.31737700176378   -1.40286401980978   -3.80502453431834
  -1.32739056557419   -1.41352738220407   -3.81456891840954
  -1.33130508649426   -1.41769592359063   -3.81802869464615
  -1.33784609739990   -1.42466139273152   -3.82436542016150
  -1.34717795701585   -1.43459881389160   -3.83304705764139
  -1.34789789229974   -1.43536546710098   -3.83377271691173
  -1.35802978237531   -1.44615483416952   -3.84334993085267
  -1.36304099509196   -1.45149123370162   -3.84815760842313
  -1.36828048269323   -1.45707072129569   -3.85312579891065
  -1.37837617511893   -1.46782154178225   -3.86190313927498
  -1.37959845088357   -1.46912313327064   -3.86294051509155
  -1.38856876180915   -1.47867554418046   -3.87200006931434
  -1.39487577958823   -1.48539183595019   -3.87769779271691
  -1.39882085049582   -1.48959290976919   -3.88133845294133
  -1.40876318119121   -1.50018041660051   -3.89085124239291
  -1.41070972247070   -1.50225327252590   -3.89261152044128
  -1.41905876680592   -1.51114410171298   -3.90008607496596
  -1.42660423071510   -1.51917920466134   -3.90749388568657
  -1.42927691123786   -1.52202532034182   -3.90995450541723
  -1.43940847380433   -1.53281433864859   -3.91957114642071
  -1.44253828384336   -1.53614724782093   -3.92246903459774
  -1.44974441214015   -1.54382099504450   -3.93055661675392
  -1.45599293319565   -1.55047499413061   -3.93728104769228
  -1.45992594848726   -1.55466323002252   -3.94184694980801
  -1.46871134180847   -1.56401872368432   -3.95216176754122
  -1.47009050614619   -1.56548738453402   -3.95381355616288
  -1.47995058412563   -1.57598730111930   -3.96458853316348
  -1.48199637267967   -1.57816584465752   -3.96708887340517
  -1.49062649582136   -1.58735599237211   -3.97684014335619
  -1.49490942691946   -1.59191685075114   -3.98179315193465
  -1.50056168223959   -1.59793589132098   -3.98830268692698
  -1.50781583424308   -1.60566077859797   -3.99638076427948
  -1.51098605412208   -1.60903671987916   -4.00023653906422
  -1.52025568594811   -1.61890787517352   -4.01167253032862
  -1.52093687483907   -1.61963326766521   -4.01251810867158
  -1.53094288555774   -1.63028858683373   -4.02307756050390
  -1.53361997559723   -1.63313939817260   -4.02655193924844
  -1.54130872723634   -1.64132708705537   -4.03568749017573
  -1.54639590944367   -1.64674438587821   -4.04127069352293
  -1.55138384414632   -1.65205599684312   -4.04709979868000
  -1.55961378474147   -1.66081999342926   -4.05637034562958
  -1.56168659548313   -1.66302731267459   -4.05882565470448
  -1.57178859118805   -1.67378484547176   -4.07030875335598
  -1.57296098744050   -1.67503332067462   -4.07141644198544
  -1.58181772486415   -1.68446478808896   -4.08171554718596
  -1.58566529567277   -1.68856203484813   -4.08631059084393
  -1.59201746544935   -1.69532640861157   -4.09370661421265
  -1.59845469609270   -1.70218136299796   -4.10100132874784
  -1.60236082465623   -1.70634096743252   -4.10547940847496
  -1.61137199373735   -1.71593688785880   -4.11556260894003
  -1.61251390361661   -1.71715289837160   -4.11673692382579
  -1.62254078331168   -1.72783044074280   -4.12817430725584
  -1.62455609984575   -1.72997653487561   -4.13076336301827
  -1.63307178931169   -1.73904482310263   -4.14061821035628
  -1.63735859359670   -1.74360980600680   -4.14556840923816
  -1.64300669901288   -1.74962442737779   -4.15220334253763
  -1.65054681960421   -1.75765384027056   -4.16074838257258
  -1.65322177361035   -1.76050237696494   -4.16425917431226
  -1.66313268808659   -1.77105642892085   -4.17486069963975
  -1.66381390871742   -1.77178185521208   -4.17569766550219
  -1.67342423205021   -1.78201581011205   -4.18683277498581
  -1.67661620209946   -1.78541491297206   -4.19053469970913
  -1.68374531626487   -1.79300664847554   -4.19870500536038
  -1.68942225429837   -1.79905197346545   -4.20530694692953
  -1.69383745049756   -1.80375367987140   -4.20997528164502
  -1.70226128943192   -1.81272415721681   -4.22005466758343
  -1.70407975670303   -1.81466062817571   -4.22206922713479
  -1.71415812694383   -1.82539300240892   -4.23329167346538
  -1.71550735528089   -1.82682978465578   -4.23500422133514
  -1.72431335300756   -1.83620721978083   -4.24549487987513
  -1.72816209255018   -1.84030571111530   -4.25009179638155
  -1.73451893239098   -1.84707505799203   -4.25749021481894
  -1.74147909081323   -1.85448687390325   -4.26501153674795
  -1.74469871198706   -1.85791542222020   -4.26866047726410
  -1.75434922959652   -1.86819217967742   -4.27966420795017
  -1.75501997824688   -1.86890645444210   -4.28053057368635
  -1.76505034423969   -1.87958770934331   -4.29197259862739
  -1.76758358968620   -1.88228534174884   -4.29478780154783
  -1.77526880309437   -1.89046926279836   -4.30389154354366
  -1.77993583388915   -1.89543914581026   -4.30902655541135
  -1.78566395676989   -1.90153897712634   -4.31572787209789
  -1.79322159070664   -1.90958703983774   -4.32431783717681
  -1.79570158163200   -1.91222796193824   -4.32718403152931
  -1.80575837722362   -1.92293736150357   -4.33858260123748
  -1.80642597429403   -1.92364828017648   -4.33945675576270
  -1.81597557651170   -1.93381757365642   -4.35054391567597
  -1.81920814761032   -1.93725991224261   -4.35416734467906
  -1.82627136561981   -1.94478147546735   -4.36253347114907
  -1.83195007341954   -1.95082868506687   -4.36913819956731
  -1.83640195888089   -1.95556946156873   -4.37469798507967
  -1.84517303568756   -1.96490970969101   -4.38419445161718
  -1.84653234432680   -1.96635722636942   -4.38588057132618
  -1.85681560884576   -1.97730779084756   -4.39792711966934
  -1.85798866047833   -1.97855696395936   -4.39903578834128
  -1.86691045079486   -1.98805770566853   -4.40909654316465
  -1.87139307425128   -1.99283121481052   -4.41369394815387
  -1.87728861314881   -1.99910932607681   -4.42108164050806
  -1.88402675792656   -2.00628472146956   -4.42886756927047
  -1.88724740681869   -2.00971436419535   -4.43251810001879
  -1.89689945183629   -2.01999274817704   -4.44352703805847
  -1.89757042809608   -2.02070726532114   -4.44439376853220
  -1.90760446098395   -2.03139242506898   -4.45584062953541
  -1.91013851108382   -2.03409091434331   -4.45865707007196
  -1.91791903105764   -2.04237632657692   -4.46775624323887
  -1.92293299160375   -2.04771565225018   -4.47348418458124
  -1.92818870552375   -2.05331241911866   -4.47976957621665
  -1.93466117242190   -2.06020489630528   -4.48814875784879
  -1.93845528678331   -2.06424521773000   -4.49392107031347
  -1.94410788913475   -2.07026462785065   -4.50332876526773
  -1.94855881910395   -2.07500438685671   -4.51082523531327
  -1.95247662653343   -2.07917642802032   -4.51815825081773
  -1.95872059083347   -2.08582557465472   -4.52954486908691
  -1.96061781656682   -2.08784591485741   -4.53328293857166
  -1.96823216168425   -2.09595436884238   -4.54817377902663
  -1.96882486607151   -2.09658553490810   -4.54915486875361
  -1.97666477078007   -2.10493418546118   -4.56284104847829
  -1.97922765711162   -2.10766338220332   -4.56757909379321
  -1.98433815034052   -2.11310550474281   -4.57780407502958
  -1.98937302782002   -2.11846710468776   -4.58716357545103
  -1.99245604390548   -2.12175018336076   -4.59286111315627
  -1.99938841321100   -2.12913240686833   -4.60503310175526
  -2.00072439417825   -2.13055508209919   -4.60775679452872
  -2.00856236659088   -2.13890167496608   -4.62242776484125
  -2.00974792745397   -2.14016416905539   -4.62439025495379
  -2.01726769454863   -2.14817190767564   -4.63755104088973
  -2.01981597605691   -2.15088555186066   -4.64220657726712
  -2.02506869014155   -2.15647912422895   -4.65226699415951
  -2.03014316295946   -2.16188288892670   -4.66164924868476
  -2.03322659822863   -2.16516641398500   -4.66734767277070
  -2.04013313854414   -2.17252113241186   -4.68049506426610
  -2.04130511496116   -2.17376916053540   -4.68246920641697
  -2.04909124698330   -2.18206054899347   -4.69714594413619
  -2.05032452981329   -2.18337386181594   -4.69911047709915
  -2.05682380664427   -2.19029488868127   -4.71182972341974
  -2.06067459225344   -2.19439555885530   -4.71850708498883
  -2.06508402625610   -2.19909112914519   -4.72694385354655
  -2.07078830848019   -2.20516557274054   -4.73718748200435
  -2.07333705458944   -2.20787971167534   -4.74184399601307
  -2.08085076579247   -2.21588100142599   -4.75502854922385
  -2.08160996632911   -2.21668946788263   -4.75674583797328
  -2.08941953992359   -2.22500581907981   -4.77141935229676
  -2.09125820181700   -2.22696379512722   -4.77437194375266
  -2.09760885752587   -2.23372655657231   -4.78633622405758
  -2.10160820949706   -2.23798543385302   -4.79377691465222
  -2.10543216052049   -2.24205752809567   -4.80122770202531
  -2.11155196147431   -2.24857445419580   -4.81265972296054
  -2.11349212300517   -2.25064051637893   -4.81635308432229
  -2.12161236974476   -2.25928770087334   -4.83050762747401
  -2.12221062134031   -2.25992477411590   -4.83148461948488
  -2.12958696255639   -2.26777977968835   -4.84593330433075
  -2.13215696308394   -2.27051655227977   -4.85060823819051
  -2.13782236526316   -2.27654959283259   -4.86093585027968
  -2.14219049183106   -2.28120117517225   -4.86851802316089
  -2.14601499834324   -2.28527386095034   -4.87597000274250
  -2.15249556440763   -2.29217496287299   -4.88793512029799
  -2.15428044478717   -2.29407566742512   -4.89087557210359
  -2.16197798585792   -2.30227271610193   -4.90578281424122
  -2.16255105887977   -2.30288297688681   -4.90678007628720
  -2.17020825633909   -2.31103706398100   -4.92068751271791
  -2.17275788520505   -2.31375214295620   -4.92534588583586
  -2.17801344562096   -2.31934874635945   -4.93541238797324
  -2.18299221467319   -2.32465059689803   -4.94493995964523
  -2.18599003419741   -2.32784295044813   -4.95071994557832
  -2.19292763237010   -2.33523074213368   -4.96289219756649
  -2.19425394321083   -2.33664311972571   -4.96563124518883
  -2.20210794357647   -2.34500678062899   -4.98031585237378
  -2.20327728906988   -2.34625200710345   -4.98225852705367
  -2.21039474100441   -2.35383132359243   -4.99522496852093
  -2.21363387254443   -2.35728064833914   -5.00169123469566
  -2.21804571982714   -2.36197878851125   -5.01013315877977
  -2.22360138717822   -2.36789497334098   -5.01963516843486
  -2.22630778683812   -2.37077699625546   -5.02504431217278
  -2.23398415584582   -2.37895149897508   -5.03898242889695
  -2.23458678578654   -2.37959323468169   -5.03995596289312
  -2.24229058689286   -2.38779694961930   -5.05486409624863
  -2.24405210049975   -2.38967277108589   -5.05777001607370
  -2.25018760076603   -2.39620641525576   -5.06956276925369
  -2.25438621352938   -2.40067748372814   -5.07723043364864
  -2.25864492918194   -2.40521255527681   -5.08490991876751
  -2.26438660955518   -2.41132682385603   -5.09514983726101
  -2.26692304317992   -2.41402785132654   -5.09982611348424
  -2.27460944210434   -2.42221303482264   -5.11376330911356
  -2.27520800593136   -2.42285044055794   -5.11474093073450
  -2.28241884315214   -2.43052920227626   -5.12942542886977
  -2.28481317219634   -2.43307890373849   -5.13333607128145
  -2.29066952142063   -2.43931528224152   -5.14438492659303
  -2.29506983351703   -2.44400113868786   -5.15191201912397
  -2.29899244926266   -2.44817830018811   -5.15925521749250
  -2.30535282098863   -2.45495140814053   -5.17047266377422
  -2.30729436211537   -2.45701893944405   -5.17416895271769
  -2.31498820259187   -2.46521204738824   -5.18908189898130
  -2.31556158759500   -2.46582264039943   -5.19007980316899
  -2.32329438631063   -2.47405723465459   -5.20399921514018
  -2.32562712487317   -2.47654134891545   -5.20791161047827
  -2.33148437557367   -2.48277868739314   -5.21896235728055
  -2.33595899563179   -2.48754367378159   -5.22736088185294
  -2.33963239764734   -2.49145544961419   -5.23405471517308
  -2.34629945145930   -2.49855514081754   -5.24678018965215
  -2.34748222464586   -2.49981466633286   -5.24874899484305
  -2.35557834149776   -2.50843615510677   -5.26388919494230
  -2.35616552380405   -2.50906144075352   -5.26487064109456
  -2.36343707545685   -2.51680485677509   -5.27858375520943
  -2.36652420818570   -2.52009231922804   -5.28428996895698
  -2.37152526344691   -2.52541790216872   -5.29372573557227
  -2.37665589611644   -2.53088147103421   -5.30301157836905
  -2.37980625728848   -2.53423626494038   -5.30865207854551
  -2.38704630465189   -2.54194613230124   -5.32237195972852
  -2.38764926089179   -2.54258821548119   -5.32334614582032
  -2.39547458673244   -2.55092134111678   -5.33804021590197
  -2.39729931464314   -2.55286447897970   -5.34099161628263
  -2.40366104404469   -2.55963903270977   -5.35318121287605
  -2.40736823947265   -2.56358679487149   -5.35978639602877
  -2.41189427390544   -2.56840653200799   -5.36810866897919
  -2.41752879513116   -2.57440668768540   -5.37851033625326
  -2.42001173054044   -2.57705074534279   -5.38324729603851
  -2.42769340910616   -2.58523090216743   -5.39720132653374
  -2.42829230305574   -2.58586865944755   -5.39817960919637
  -2.43617689231953   -2.59426489421888   -5.41287018311584
  -2.43809171853361   -2.59630397702989   -5.41657250030902
  -2.44430977071094   -2.60292553005624   -5.42799344019772
  -2.44808216328068   -2.60694272012226   -5.43547988892697
  -2.45234398032757   -2.61148109432045   -5.44316579915466
  -2.45838932485293   -2.61791873237746   -5.45400958471091
  -2.46037531094390   -2.62003359276073   -5.45765256124485
  -2.46805757418353   -2.62821437219984   -5.47256990839063
  -2.46865130226241   -2.62884662838641   -5.47355306939036
  -2.47652163710247   -2.63722768373821   -5.48727350928436
  -2.47908517562449   -2.63995757499267   -5.49195209360285
  -2.48475891003023   -2.64599948846551   -5.50242780489632
  -2.48908275842418   -2.65060391933904   -5.50989825715452
  -2.49354912643544   -2.65536011819011   -5.51736298301029
  -2.49904822178704   -2.66121605995920   -5.52698998386986
  -2.50211463792480   -2.66448146148334   -5.53272096090212
  -2.50892682436953   -2.67173570324311   -5.54719963883247
  -2.50950062964678   -2.67234674380078   -5.54819839983782
  -2.51700198961707   -2.68033488082449   -5.56235438035787
  -2.51950399099340   -2.68299924167462   -5.56707535629978
  -2.52466214823011   -2.68849212122711   -5.57728209192451
  -2.52989950698468   -2.69406934182970   -5.58644917134768
  -2.53312700688504   -2.69750628013824   -5.59200239108596
  -2.54008220271996   -2.70491281143071   -5.60516436784260
  -2.54125627239311   -2.70616306864562   -5.60714275645058
  -2.54908887676839   -2.71450394513335   -5.62186145460940
  -2.55045356822847   -2.71595719393375   -5.62458105235786
  -2.55722576604828   -2.72316885213313   -5.63698956879320
  -2.56045853618985   -2.72661140267853   -5.64347964863603
  -2.56487636790511   -2.73131591562404   -5.65193420881338
  -2.57063146165658   -2.73744446800029   -5.66219085294735
  -2.57317091896509   -2.74014871536697   -5.66687342479630
  -2.58074158732058   -2.74821065832454   -5.68003108256829
  -2.58147560886765   -2.74899231188063   -5.68179628395083
  -2.58931581660113   -2.75734128512247   -5.69651955128547
  -2.59124573205661   -2.75939643634353   -5.70025595671007
  -2.59694050441565   -2.76546075296117   -5.71147806322381
  -2.60135641867343   -2.77016322402186   -5.71903157852148
  -2.60528380633901   -2.77434546710073   -5.72638474763913
  -2.61146410662124   -2.78092681844204   -5.73782312032104
  -2.61383203758976   -2.78344840880886   -5.74176550873940
  -2.62153898889426   -2.79165547836681   -5.75572014695313
  -2.62213306881953   -2.79228810923172   -5.75670400878638
  -2.62999354554729   -2.80065866676018   -5.77141833629106
  -2.63198500734372   -2.80277935817752   -5.77506481412867
  -2.63794091798737   -2.80912175882364   -5.78610857465382
  -2.64228362608465   -2.81374627324135   -5.79457878589593
  -2.64596148354593   -2.81766279364175   -5.80128182926994
  -2.65243756939357   -2.82455912461813   -5.81332067178519
  -2.65425834663335   -2.82649805544383   -5.81623690973211
  -2.66210225613052   -2.83485097066361   -5.83095225497759
  -2.66271812808738   -2.83550680768515   -5.83191914865515
  -2.67042052773872   -2.84370903022479   -5.84588083217447
  -2.67297510951684   -2.84642938351575   -5.85054947939160
  -2.67824112563497   -2.85203712111097   -5.86063801373042
  -2.68319505683657   -2.85731252202508   -5.87016953713796
  -2.68619884736417   -2.86051123404796   -5.87596213281092
  -2.69313162719103   -2.86789389471636   -5.88823414375666
  -2.69493597084148   -2.86981532554687   -5.89114990078315
  -2.70234575441803   -2.87770594361610   -5.90565012909073
  -2.70356444877249   -2.87900372129001   -5.90759099705373
  -2.71023775158903   -2.88611006700736   -5.92035178114568
  -2.71391665702222   -2.89002770338449   -5.92705698029810
  -2.71877052534617   -2.89519654815669   -5.93574234895816
  -2.72391885075401   -2.90067895787483   -5.94504757236553
  -2.72663083863874   -2.90356693164434   -5.95046863655658
  -2.73400682206031   -2.91142155620434   -5.96385639670763
  -2.73518363126049   -2.91267473071923   -5.96586774084194
  -2.74259648527631   -2.92056861847420   -5.98036113002634
  -2.74439392252112   -2.92248269472969   -5.98330179580772
  -2.75072078885053   -2.92922012305870   -5.99545147981318
  -2.75464304658663   -2.93339690331753   -6.00288868688518
  -2.75901816094251   -2.93805592689559   -6.01047640899714
  -2.76464637369759   -2.94404936473409   -6.02085456213071
  -2.76714103349914   -2.94670590760114   -6.02566213166257
  -2.77483548916406   -2.95489967065446   -6.03960261758913
  -2.77543852128340   -2.95554183463780   -6.04059905394596
  -2.78285479913601   -2.96343936840862   -6.05508464019257
  -2.78525371973128   -2.96599395937611   -6.05900439885262
  -2.79113530027369   -2.97225720650395   -6.07006855942419
  -2.79535098485460   -2.97674645461554   -6.07870015394304
  -2.79839074960162   -2.97998347529114   -6.08533857349664
  -2.80284380184850   -2.98472549429339   -6.10014351056509
  -2.80477766000342   -2.98678484406291   -6.11496752100051
  -2.80513321603911   -2.98716347278409   -6.12976604269324
  -2.80547358199606   -2.98752592571437   -6.14465443878381
  -2.80521002410488   -2.98724526506660   -6.15957340298979
  -2.80521752926699   -2.98725325725249   -6.17450459552545
  -2.80493926235470   -2.98695693308816   -6.18938030213821
  -2.80462720709916   -2.98662462799280   -6.20433973711149
  -2.80465063174795   -2.98664957271016   -6.21925894248275
  -2.80435556557149   -2.98633535914650   -6.23417567142142
  -2.80375668758714   -2.98569761886761   -6.24910510604829
  -2.80376562065836   -2.98570713162226   -6.26401384049870
  -2.80348651121145   -2.98540991024969   -6.27891658799602
  -2.80287312560204   -2.98475672091926   -6.29383485420197
  -2.80109783520084   -2.98286622865681   -6.30846204704197
  -2.79761672853167   -2.97915922656952   -6.32299986061884
  -2.79525237116267   -2.97664144169966   -6.32824882694806
  -2.78967354188029   -2.97070059191828   -6.33762051679429
  -2.78534407541764   -2.96609017840925   -6.34414396953972
  -2.78016805809982   -2.96057827980212   -6.35219727153678
  -2.77504821478547   -2.95512620043293   -6.35883694041372
  -2.76933936042732   -2.94904688800934   -6.36738434111143
  -2.76501100446246   -2.94443765706033   -6.37390758333644
  -2.75929236927259   -2.93834792910884   -6.38227885647279
  -2.75484455769311   -2.93361149085055   -6.38878993415167
  -2.74910847457817   -2.92750318274603   -6.39696952032907
  -2.74455601438542   -2.92265530503336   -6.40349443084927
  -2.73940997402089   -2.91717532863919   -6.41177410031618
  -2.73439208110281   -2.91183181541511   -6.41838102018495
  -2.72867489734699   -2.90574363308390   -6.42675489280896
  -2.72421869574809   -2.90099826036239   -6.43337145621308
  -2.71862704857866   -2.89504376091769   -6.44181128509941
  -2.71415056840554   -2.89027679370796   -6.44816584507628
  -2.70834729402818   -2.88409693417634   -6.45652965360409
  -2.70389046007724   -2.87935088806830   -6.46314622439519
  -2.69828361782687   -2.87338020750589   -6.47139336430374
  -2.69373698080873   -2.86853853084436   -6.47793122013180
  -2.68801993571571   -2.86245049617404   -6.48630596241696
  -2.68357335744451   -2.85771537125566   -6.49281973955717
  -2.67785634519148   -2.85162737155638   -6.50119470173544
  -2.67340979216886   -2.84689227352502   -6.50770865028539
  -2.66769281202707   -2.84080430802072   -6.51608383335181
  -2.66324628368658   -2.83606923627316   -6.52259795408618
  -2.65752933492797   -2.82998130418857   -6.53097335903770
  -2.65317435582988   -2.82534372248223   -6.53656069165539
  -2.64672887271898   -2.81847998011048   -6.54586114374955
  -2.64285668788064   -2.81435652207190   -6.55228623427178
  -2.63656550873459   -2.80765709673325   -6.56075146634020
  -2.63278933008384   -2.80363587490045   -6.56622461271713
  -2.62463333939440   -2.79495062696551   -6.57540796519815
  -2.62273065703167   -2.79292447604270   -6.57727707347911
  -2.61269038792851   -2.78223267540008   -6.58566510646812
  -2.60757704944360   -2.77678752297069   -6.59022510441110
  -2.60250463968651   -2.77138595520958   -6.59402186069602
  -2.59233941492701   -2.76056109030812   -6.60238781996375
  -2.58914789207796   -2.75716246366795   -6.60514435330252
  -2.58218377695684   -2.74974643430040   -6.61075896114330
  -2.57211276848278   -2.73902189955253   -6.61850552786809
  -2.57016266829104   -2.73694525377052   -6.62025359312545
  -2.56190091846258   -2.72814738379139   -6.62662735459182
  -2.55172340521290   -2.71730943297702   -6.63405482799959
  -2.55104142113543   -2.71658319369768   -6.63484850689562
  -2.54143684366212   -2.70635535751658   -6.64312087188734
  -2.53373564458665   -2.69815441346040   -6.64966415691122
  -2.53121779295473   -2.69547317380243   -6.65158416379296
  -2.52119674468885   -2.68480184127259   -6.65913654870900
  -2.51470886136531   -2.67789294726037   -6.66461812754315
  -2.51087053146848   -2.67380554107276   -6.66827907582579
  -2.50077498628757   -2.66305487738597   -6.67565085083555
  -2.49620341183736   -2.65818664505651   -6.67939401279904
  -2.49051575728094   -2.65212990812880   -6.68412362602260
  -2.48042608882600   -2.64138550251955   -6.69237820716894
  -2.47788204063225   -2.63867636635663   -6.69423592886128
  -2.47032088125929   -2.63062454943697   -6.70020691669536
  -2.46014366199785   -2.61978691168826   -6.70837225519367
  -2.45946794452329   -2.61906734566324   -6.70918437019686
  -2.44991998004341   -2.60889979619690   -6.71668489380406
  -2.44097341203243   -2.59937266892310   -6.72410000127504
  -2.43971055273044   -2.59802786035694   -6.72505231627059
  -2.42961721909951   -2.58727955173168   -6.73252621657988
  -2.42190117600832   -2.57906280040427   -6.73889638038181
  -2.41936599808455   -2.57636311011948   -6.74077817341338
  -2.40935134707830   -2.56569858997922   -6.74634605012577
  -2.39928409313123   -2.55497805339651   -6.75091004139865
  -2.39402602016635   -2.54937877440038   -6.75359026594759
  -2.38898861840178   -2.54401448636486   -6.75564566549277
  -2.37890546116035   -2.53327701449374   -6.76040470776734
  -2.36881083050129   -2.52252732467381   -6.76429194624422
  -2.35976866642866   -2.51289839793399   -6.76851966418698
  -2.35848154724331   -2.51152775521599   -6.76937727674662
  -2.34836838082659   -2.50075832681898   -6.77338195185857
  -2.33826719788141   -2.49000165952303   -6.77725610495995
  -2.32799822075716   -2.47906630957493   -6.78170026341386
  -2.32477973016493   -2.47563896520510   -6.78337847284730
  -2.31781892913482   -2.46822646498601   -6.78628328165525
  -2.30763742481367   -2.45738426411219   -6.79096584847146
  -2.29754431663393   -2.44663619556808   -6.79485460836395
  -2.29039876966782   -2.43902696090920   -6.79820096490933
  -2.28727494671456   -2.43570042733565   -6.79938100715173
  -2.27718432689402   -2.42495500862495   -6.80412122577647
  -2.26700271469111   -2.41411269286872   -6.80782170013188
  -2.25673358616393   -2.40317718169288   -6.81226626406779
  -2.25542838083978   -2.40178727919324   -6.81303877923497
  -2.24657263570100   -2.39235686845496   -6.81693608282366
  -2.23646308555740   -2.38159129099768   -6.82102632269777
  -2.22628246355894   -2.37075002970210   -6.82542415140305
  -2.22104666491630   -2.36517447044996   -6.82785136966972
  -2.21601266453333   -2.35981380451795   -6.82995077240767
  -2.20583379967373   -2.34897441438518   -6.83450321914746
  -2.19574279285283   -2.33822858356095   -6.83839421834605
  -2.18608186513030   -2.32794074045926   -6.84270811543920
  -2.18541782678238   -2.32723361144089   -6.84350321940600
  -2.17871771147312   -2.32009871331883   -6.84652088643397
      
      
