# shadow point cont 2D ind 210  size 1159
# norm -0.0784591 -0.9969173  0.0000000
# angle  1.6493361
   3.48670038  -6.84225806
   3.50138718  -6.83999460
   3.51634691  -6.83674677
   3.53116177  -6.83214733
   3.54031006  -6.82895512
   3.54588746  -6.82710159
   3.56077721  -6.82245831
   3.57565138  -6.81782683
   3.58581286  -6.81412890
   3.59047199  -6.81230473
   3.60539743  -6.80763120
   3.62027205  -6.80300014
   3.63130206  -6.79922367
   3.63507399  -6.79749891
   3.65017760  -6.79321247
   3.66502646  -6.78860038
   3.67608176  -6.78468600
   3.67973332  -6.78357407
   3.69477428  -6.77840645
   3.70964980  -6.77377623
   3.72245842  -6.76956658
   3.72435765  -6.76875050
   3.73939853  -6.76358316
   3.75414493  -6.75946073
   3.76812229  -6.75498100
   3.76914318  -6.75433055
   3.78385267  -6.74930568
   3.79877110  -6.74463907
   3.80779103  -6.73986265
   3.81333664  -6.73702077
   3.82823297  -6.72956430
   3.83657995  -6.72510084
   3.84302119  -6.72128251
   3.85801824  -6.71300957
   3.86268677  -6.71020656
   3.87318532  -6.70426166
   3.88758181  -6.69632765
   3.88856597  -6.69547176
   3.90271018  -6.68721061
   3.91474750  -6.68071021
   3.91756059  -6.67889329
   3.93244518  -6.67049159
   3.94077117  -6.66574778
   3.94732051  -6.66211591
   3.96204683  -6.65359270
   3.96666436  -6.65069785
   3.97704585  -6.64448162
   3.99170083  -6.63673775
   3.99356032  -6.63574437
   4.00678211  -6.62776443
   4.01879944  -6.62114098
   4.02165241  -6.61940133
   4.03651891  -6.61104796
   4.04489422  -6.60644820
   4.05138218  -6.60270426
   4.06612367  -6.59415170
   4.07082796  -6.59131534
   4.08114390  -6.58593127
   4.09577955  -6.57729923
   4.09749356  -6.57636996
   4.11060387  -6.56628618
   4.11601453  -6.56162327
   4.12523651  -6.55318455
   4.13172495  -6.54672166
   4.14007959  -6.53834857
   4.14657767  -6.53183624
   4.15493236  -6.52346337
   4.16166409  -6.51718453
   4.16978784  -6.50951112
   4.17721432  -6.50206883
   4.18464080  -6.49462664
   4.19214982  -6.48720652
   4.19971942  -6.47991966
   4.20700248  -6.47232268
   4.21457212  -6.46503602
   4.22270456  -6.45741934
   4.22920285  -6.45090789
   4.23764603  -6.44256068
   4.24427990  -6.43619742
   4.25264483  -6.42788663
   4.25914322  -6.42137551
   4.26819573  -6.41277311
   4.27376581  -6.40719228
   4.28235191  -6.39812202
   4.28885039  -6.39161121
   4.29799744  -6.38303700
   4.30369422  -6.37759590
   4.31299043  -6.36836115
   4.31856063  -6.36278072
   4.32744413  -6.35322066
   4.33300007  -6.34669769
   4.33829619  -6.33872600
   4.34165983  -6.32417680
   4.34208845  -6.30925654
   4.34205166  -6.29433361
   4.34152034  -6.27944276
   4.34104745  -6.26448666
   4.34051614  -6.24959516
   4.34004359  -6.23464127
   4.33997973  -6.21978104
   4.33904009  -6.20479744
   4.33900389  -6.18987722
   4.33894001  -6.17501598
   4.33793523  -6.16027647
   4.33423883  -6.14560696
   4.33248034  -6.14274221
   4.32524840  -6.13048029
   4.31789685  -6.11928708
   4.31499498  -6.11560887
   4.30378089  -6.10064530
   4.30292208  -6.09965466
   4.29261440  -6.08577328
   4.28787329  -6.08008270
   4.28072792  -6.07052932
   4.27305378  -6.06043865
   4.26922314  -6.05578206
   4.25829208  -6.04162454
   4.25738733  -6.04062252
   4.24684871  -6.02597616
   4.24303193  -6.02124674
   4.23495795  -6.01075759
   4.22827306  -6.00245295
   4.22283872  -5.99577979
   4.21312511  -5.98204941
   4.21226654  -5.98105908
   4.20108959  -5.96618836
   4.19838062  -5.96323660
   4.18892241  -5.95113676
   4.18344191  -5.94362142
   4.17709502  -5.93599235
   4.16850389  -5.92400722
   4.16651655  -5.92125765
   4.15489864  -5.90594384
   4.15379335  -5.90421291
   4.14346868  -5.89118255
   4.13884910  -5.88554152
   4.13134062  -5.87623297
   4.12366268  -5.86614515
   4.11984731  -5.86147885
   4.10957852  -5.84658895
   4.10869832  -5.84561207
   4.09805437  -5.83181511
   4.09362027  -5.82610086
   4.08624426  -5.81668754
   4.07892751  -5.80723825
   4.07440552  -5.80152840
   4.06406301  -5.78757216
   4.06319351  -5.78660037
   4.05171935  -5.77193980
   4.04885394  -5.76817509
   4.04051579  -5.75692193
   4.03403960  -5.74851998
   4.02838633  -5.74198745
   4.01893695  -5.72903194
   4.01719045  -5.72703884
   4.00622008  -5.71195873
   4.00428388  -5.70919987
   3.99440634  -5.69675369
   3.98947257  -5.69044095
   3.98266743  -5.68223624
   3.97435297  -5.67099874
   3.97146795  -5.66731251
   3.96027013  -5.65238408
   3.95918693  -5.65062979
   3.94907394  -5.63745125
   3.94455913  -5.63173924
   3.93723518  -5.62230008
   3.92978395  -5.61295127
   3.92511267  -5.60736458
   3.91478279  -5.59341880
   3.91392495  -5.59242946
   3.90334610  -5.57778813
   3.89952557  -5.57314760
   3.89124335  -5.56278149
   3.88483480  -5.55430067
   3.87941211  -5.54763726
   3.86993404  -5.53468662
   3.86821858  -5.53270823
   3.85694800  -5.51783471
   3.85496839  -5.51512665
   3.84554986  -5.50305220
   3.84004505  -5.49553332
   3.83372062  -5.48791850
   3.82512236  -5.47594091
   3.82254792  -5.47298536
   3.81150728  -5.45789310
   3.81037854  -5.45619660
   3.79983793  -5.44336611
   3.79509997  -5.43689234
   3.78865721  -5.42842816
   3.78033071  -5.41719198
   3.77683210  -5.41328879
   3.76625427  -5.39860725
   3.76537489  -5.39763147
   3.75416625  -5.38364601
   3.75054802  -5.37890346
   3.74295708  -5.36874302
   3.73554038  -5.35938822
   3.73085232  -5.35380486
   3.72077153  -5.34058829
   3.71964947  -5.33889642
   3.70841505  -5.32403386
   3.70560779  -5.32028479
   3.69659845  -5.30884342
   3.69094998  -5.30144935
   3.68545302  -5.29390864
   3.67601515  -5.28183456
   3.67337189  -5.27897899
   3.66299507  -5.26412203
   3.66124517  -5.26216575
   3.65101219  -5.24913882
   3.64648234  -5.24334859
   3.63947118  -5.23445853
   3.63127808  -5.22406182
   3.62767061  -5.21930782
   3.61710758  -5.20461678
   3.61625043  -5.20362837
   3.60529014  -5.18947545
   3.60156086  -5.18478835
   3.59317578  -5.17455732
   3.58650157  -5.16534690
   3.58197971  -5.15964385
   3.57137478  -5.14593653
   3.57053194  -5.14493613
   3.55949023  -5.12985670
   3.55664148  -5.12621563
   3.54753365  -5.11489100
   3.54173891  -5.10663514
   3.53628556  -5.09999016
   3.52657933  -5.08725551
   3.52487140  -5.08527828
   3.51387389  -5.07020594
   3.51189622  -5.06750068
   3.50181873  -5.05524654
   3.49697053  -5.04887015
   3.49039206  -5.04054187
   3.48204678  -5.02930774
   3.47856993  -5.02541360
   3.46760225  -5.01126802
   3.46674542  -5.01028006
   3.45604827  -4.99563695
   3.45230029  -4.99105662
   3.44408722  -4.98068218
   3.43741573  -4.97147574
   3.43293305  -4.96576983
   3.42258434  -4.95185144
   3.42172760  -4.95086362
   3.41039287  -4.93599718
   3.40764814  -4.93231940
   3.39929576  -4.92106066
   3.39266811  -4.91278862
   3.38726143  -4.90613795
   3.37802104  -4.89396988
   3.37608313  -4.89123085
   3.36483729  -4.87638200
   3.36291339  -4.87363167
   3.35366706  -4.86142742
   3.34816001  -4.85485540
   3.34163869  -4.84650954
   3.33325728  -4.83529162
   3.33040633  -4.83161059
   3.31897019  -4.81692376
   3.31811367  -4.81593622
   3.30779387  -4.80201952
   3.30318963  -4.79636796
   3.29573385  -4.78710395
   3.28849383  -4.77755562
   3.28391047  -4.77198550
   3.27356227  -4.75807174
   3.27270585  -4.75708434
   3.26160208  -4.74218081
   3.25878882  -4.73840609
   3.25027257  -4.72729140
   3.24365476  -4.71902451
   3.23825274  -4.71237743
   3.22901585  -4.70021441
   3.22707870  -4.69747650
   3.21580697  -4.68262503
   3.21405900  -4.68067135
   3.20448455  -4.66789007
   3.19916130  -4.66111483
   3.19264937  -4.65277447
   3.18426415  -4.64155911
   3.18151292  -4.63787568
   3.17041779  -4.62278999
   3.16952259  -4.62182791
   3.15799045  -4.60811426
   3.15417300  -4.60272556
   3.14698691  -4.59318188
   3.13951200  -4.58384577
   3.13489382  -4.57828284
   3.12470803  -4.56598027
   3.12261310  -4.56341928
   3.10981995  -4.55107861
   3.10695628  -4.54830523
   3.09470005  -4.53640932
   3.09113314  -4.53340500
   3.07988542  -4.52319191
   3.07437140  -4.51850765
   3.06504337  -4.51013433
   3.05841962  -4.50381003
   3.05017186  -4.49615943
   3.04260464  -4.48890939
   3.03529804  -4.48218626
   3.02592698  -4.47383126
   3.02019887  -4.46846387
   3.01004734  -4.45910854
   3.00555427  -4.45517152
   2.99353728  -4.44397652
   2.99061256  -4.44122397
   2.97749196  -4.42930989
   2.97563144  -4.42744777
   2.96149347  -4.41442120
   2.96051613  -4.41354384
   2.94583090  -4.40044471
   2.94488412  -4.39953149
   2.93122089  -4.38717650
   2.92835270  -4.38440400
   2.91633974  -4.37321102
   2.91171958  -4.36929744
   2.90131144  -4.36022040
   2.89564752  -4.35482218
   2.88644970  -4.34624859
   2.87901005  -4.33973135
   2.87136511  -4.33253135
   2.86309877  -4.32503109
   2.85682204  -4.31921321
   2.84662922  -4.30970144
   2.84185568  -4.30527237
   2.83050757  -4.29511072
   2.82683186  -4.29151906
   2.81472022  -4.28033248
   2.81211701  -4.27827171
   2.79813293  -4.26522794
   2.79717415  -4.26433006
   2.78237745  -4.25126152
   2.78143205  -4.25034736
   2.76729501  -4.23751278
   2.76539953  -4.23569000
   2.75268014  -4.22426908
   2.74887041  -4.22056886
   2.73761723  -4.21036416
   2.73283696  -4.20591448
   2.72269533  -4.19658114
   2.71629719  -4.19079689
   2.70792988  -4.18335155
   2.70038256  -4.17610726
   2.69318778  -4.16935091
   2.68398387  -4.16072239
   2.67820157  -4.15542723
   2.66809217  -4.14608165
   2.66356861  -4.14205180
   2.65204062  -4.13144069
   2.64817171  -4.12779249
   2.63530861  -4.11655221
   2.63344923  -4.11469143
   2.61962250  -4.10143770
   2.61866401  -4.10054016
   2.60416912  -4.08800116
   2.60221182  -4.08625326
   2.58876248  -4.07455174
   2.58604359  -4.07189079
   2.57395265  -4.06056673
   2.56944326  -4.05679398
   2.55935994  -4.04743057
   2.55362992  -4.04191240
   2.54430220  -4.03355157
   2.53686677  -4.02703913
   2.52922991  -4.01984422
   2.52098181  -4.01234987
   2.51461482  -4.00654612
   2.50453615  -3.99718306
   2.49975871  -3.99258413
   2.48818482  -3.98192300
   2.48515369  -3.97918718
   2.47077108  -3.96749453
   2.46978579  -3.96663863
   2.45491862  -3.95547428
   2.45120187  -3.95268324
   2.44022962  -3.94422975
   2.43190939  -3.93750497
   2.42520997  -3.93220506
   2.41308962  -3.92300000
   2.41017346  -3.92036710
   2.39557730  -3.90885799
   2.39393169  -3.90766276
   2.38099895  -3.89733712
   2.37518723  -3.89287719
   2.36578674  -3.88567712
   2.35655045  -3.87820723
   2.35082852  -3.87362777
   2.33773303  -3.86353356
   2.33598707  -3.86245453
   2.32112264  -3.85129305
   2.31753755  -3.84843599
   2.30658745  -3.83969411
   2.29882529  -3.83362238
   2.29137786  -3.82728818
   2.28060568  -3.81834906
   2.27673354  -3.81557169
   2.26181564  -3.80466234
   2.26081736  -3.80381875
   2.24668027  -3.79276846
   2.24204614  -3.78917918
   2.23218738  -3.78140998
   2.22281706  -3.77382291
   2.21713714  -3.76941913
   2.20423835  -3.75900286
   2.20221166  -3.75736759
   2.18762893  -3.74680096
   2.18459997  -3.74432549
   2.17269234  -3.73493226
   2.16604112  -3.72943516
   2.15762977  -3.72295850
   2.14648556  -3.71458814
   2.14299341  -3.71167265
   2.12848704  -3.69971423
   2.12744367  -3.69895059
   2.11314979  -3.68848985
   2.10836523  -3.68485899
   2.09846345  -3.67724348
   2.09004473  -3.66983319
   2.08373074  -3.66481401
   2.07124034  -3.65517897
   2.06860070  -3.65313981
   2.05403437  -3.64146760
   2.05132295  -3.63950681
   2.03929941  -3.63035687
   2.03265275  -3.62489565
   2.02420939  -3.61835973
   2.01315462  -3.61001770
   2.00951566  -3.60713465
   1.99520652  -3.59545026
   1.99419132  -3.59463578
   1.97969264  -3.58393332
   1.97495884  -3.58033586
   1.96511369  -3.57268145
   1.95638910  -3.56546025
   1.94955017  -3.56028478
   1.93660840  -3.55074933
   1.93483505  -3.54968644
   1.92043948  -3.54072069
   1.91256171  -3.53566753
   1.90522702  -3.53102994
   1.89045215  -3.52131723
   1.88937868  -3.52064461
   1.87571941  -3.51233671
   1.86622355  -3.50584875
   1.86056861  -3.50226556
   1.84578942  -3.49278540
   1.84293732  -3.49103770
   1.83089164  -3.48365315
   1.82029816  -3.47676139
   1.81581851  -3.47385776
   1.80153707  -3.46444188
   1.79657304  -3.46124634
   1.78641035  -3.45478997
   1.77322898  -3.44661762
   1.77145689  -3.44555346
   1.75703237  -3.43605337
   1.74994075  -3.43169606
   1.74151720  -3.42648133
   1.72725436  -3.41710604
   1.72619264  -3.41638957
   1.71240431  -3.40780976
   1.70285809  -3.40172545
   1.69720329  -3.39814451
   1.68242508  -3.38866567
   1.67957284  -3.38691946
   1.66753261  -3.37953629
   1.65672777  -3.37200733
   1.65265346  -3.36933027
   1.63818380  -3.36032537
   1.63250556  -3.35678551
   1.62327996  -3.35111961
   1.60987744  -3.34251178
   1.60810653  -3.34144644
   1.59336572  -3.33209020
   1.58684661  -3.32755466
   1.57868885  -3.32232721
   1.56391402  -3.31300142
   1.56285157  -3.31228661
   1.54886112  -3.30380433
   1.53499723  -3.29785383
   1.53306427  -3.29733231
   1.51802875  -3.29439349
   1.50316462  -3.29363450
   1.48834544  -3.29345040
   1.47345359  -3.29333555
   1.45864119  -3.29361234
   1.44380024  -3.29360509
   1.42895938  -3.29359793
   1.41411861  -3.29359084
   1.39927793  -3.29358382
   1.38446071  -3.29340003
   1.36959716  -3.29310606
   1.35472634  -3.29327952
   1.33994005  -3.29337956
   1.32507620  -3.29308589
   1.31023472  -3.29261530
   1.29539467  -3.29260880
   1.28055602  -3.29306639
   1.26571613  -3.29306004
   1.25087632  -3.29305376
   1.23603530  -3.29258355
   1.22119566  -3.29257742
   1.20635610  -3.29257136
   1.19151662  -3.29256538
   1.17667722  -3.29255947
   1.16183790  -3.29255364
   1.14699866  -3.29254788
   1.13218598  -3.29236489
   1.11728739  -3.29225371
   1.10248137  -3.29253105
   1.08766946  -3.29234822
   1.07280381  -3.29205626
   1.05796501  -3.29205095
   1.04312627  -3.29204571
   1.02828761  -3.29204054
   1.01341449  -3.29221680
   0.99861023  -3.29249437
   0.98380008  -3.29231193
   0.96893362  -3.29202062
   0.95409412  -3.29155183
   0.93925703  -3.29201110
   0.92441882  -3.29200645
   0.90957953  -3.29153789
   0.89474145  -3.29153339
   0.87990344  -3.29152896
   0.86506549  -3.29152461
   0.85022760  -3.29152034
   0.83538976  -3.29151613
   0.82058228  -3.29133430
   0.80567747  -3.29122593
   0.79087660  -3.29150397
   0.77603898  -3.29150006
   0.76120142  -3.29149622
   0.74636392  -3.29149247
   0.73152646  -3.29148878
   0.71672062  -3.29130739
   0.70185191  -3.29101770
   0.68701460  -3.29101423
   0.67217734  -3.29101084
   0.65737137  -3.29036571
   0.64246317  -3.29025870
   0.62766482  -3.29053715
   0.61282775  -3.29053406
   0.59799174  -3.29099501
   0.58315374  -3.29052810
   0.56835016  -3.29034733
   0.55344007  -3.29024098
   0.53864305  -3.29051971
   0.52380623  -3.29051706
   0.50896945  -3.29051448
   0.49413270  -3.29051198
   0.47929600  -3.29050955
   0.46445932  -3.29050720
   0.44962269  -3.29050492
   0.43478609  -3.29050272
   0.41994952  -3.29050058
   0.40514830  -3.29032060
   0.39027662  -3.29003261
   0.37544014  -3.29003070
   0.36056139  -3.29021168
   0.34580316  -3.29031311
   0.33093088  -3.29002542
   0.31609451  -3.29002380
   0.30125817  -3.29002226
   0.28642098  -3.28955685
   0.27158470  -3.28955546
   0.25674930  -3.29001809
   0.24191305  -3.29001684
   0.22707598  -3.28955173
   0.21227742  -3.28937268
   0.19740372  -3.28908567
   0.18256756  -3.28908473
   0.16768681  -3.28926696
   0.15293352  -3.28936906
   0.13805918  -3.28908233
   0.12317795  -3.28926483
   0.10842578  -3.28936713
   0.09355093  -3.28908059
   0.07871488  -3.28908016
   0.06387883  -3.28907981
   0.04904280  -3.28907952
   0.03420678  -3.28907932
   0.01937076  -3.28907918
   0.00453475  -3.28907912
  -0.01030125  -3.28907913
  -0.02509750  -3.28843742
  -0.03997312  -3.28850189
  -0.05485711  -3.28833508
  -0.06957528  -3.28890394
  -0.08455874  -3.28878335
  -0.09924688  -3.28890480
  -0.11415375  -3.28815342
  -0.12898972  -3.28815402
  -0.14382569  -3.28815470
  -0.15866167  -3.28815545
  -0.17349764  -3.28815628
  -0.18833362  -3.28815718
  -0.20316961  -3.28815816
  -0.21800625  -3.28769527
  -0.23284160  -3.28816033
  -0.24767760  -3.28816152
  -0.26251361  -3.28816279
  -0.27727724  -3.28798832
  -0.29223633  -3.28742117
  -0.30702232  -3.28770311
  -0.32185836  -3.28770468
  -0.33665023  -3.28752874
  -0.35153046  -3.28724408
  -0.36636596  -3.28755925
  -0.38120266  -3.28724773
  -0.39603878  -3.28724966
  -0.41087492  -3.28725167
  -0.42571107  -3.28725376
  -0.44054725  -3.28725591
  -0.45538344  -3.28725814
  -0.47021966  -3.28726045
  -0.48505643  -3.28679889
  -0.49989215  -3.28726528
  -0.51472844  -3.28726781
  -0.52951875  -3.28662915
  -0.54448718  -3.28692913
  -0.55919107  -3.28663463
  -0.57407431  -3.28635076
  -0.58891072  -3.28635365
  -0.60374715  -3.28635662
  -0.61858362  -3.28635966
  -0.63342012  -3.28636278
  -0.64825664  -3.28636597
  -0.66309320  -3.28636923
  -0.67792980  -3.28637257
  -0.69276643  -3.28637598
  -0.70760352  -3.28591554
  -0.72243979  -3.28638303
  -0.73727652  -3.28638666
  -0.75206049  -3.28573798
  -0.76704838  -3.28599748
  -0.78178696  -3.28639801
  -0.79662424  -3.28593801
  -0.81146116  -3.28594201
  -0.82623916  -3.28574470
  -0.84120282  -3.28563040
  -0.85579222  -3.28550482
  -0.87080941  -3.28482027
  -0.88564656  -3.28482282
  -0.90048375  -3.28482545
  -0.91532100  -3.28482815
  -0.93015829  -3.28483091
  -0.94499563  -3.28483375
  -0.95983302  -3.28483666
  -0.97467047  -3.28483964
  -0.98950796  -3.28484269
  -1.00434551  -3.28484581
  -1.01918337  -3.28461390
  -1.03402102  -3.28461901
  -1.04885848  -3.28485560
  -1.06369648  -3.28462945
  -1.07853407  -3.28486248
  -1.09337218  -3.28464018
  -1.10820990  -3.28486964
  -1.12304810  -3.28465121
  -1.13779897  -3.28441091
  -1.15282216  -3.28425031
  -1.16747471  -3.28441927
  -1.18249917  -3.28425841
  -1.19715070  -3.28442792
  -1.21207753  -3.28396894
  -1.22691597  -3.28397312
  -1.24175448  -3.28397737
  -1.25659306  -3.28398169
  -1.27143171  -3.28398608
  -1.28627042  -3.28399054
  -1.30129021  -3.28472760
  -1.31602967  -3.28750591
  -1.33059123  -3.29193351
  -1.34537682  -3.29930873
  -1.34717450  -3.30032729
  -1.36002661  -3.30800440
  -1.37126472  -3.31528614
  -1.37512315  -3.31780689
  -1.38991053  -3.32623184
  -1.39552104  -3.32984034
  -1.40500060  -3.33602352
  -1.41954374  -3.34387476
  -1.42053142  -3.34472024
  -1.43427063  -3.35345610
  -1.44464800  -3.35965534
  -1.44932276  -3.36237495
  -1.46401644  -3.37090926
  -1.46954285  -3.37464758
  -1.47900371  -3.38094567
  -1.49305662  -3.38905166
  -1.49405554  -3.38987293
  -1.50867358  -3.39860604
  -1.51803971  -3.40403670
  -1.52364979  -3.40765244
  -1.53828300  -3.41634421
  -1.54289499  -3.41917187
  -1.55320933  -3.42552029
  -1.56774125  -3.43343346
  -1.56874849  -3.43423246
  -1.58282219  -3.44325998
  -1.59202701  -3.44891421
  -1.59773482  -3.45245292
  -1.61270227  -3.46151668
  -1.61624943  -3.46359143
  -1.62741937  -3.47102755
  -1.64042010  -3.47840954
  -1.64221520  -3.47943227
  -1.65713464  -3.48862926
  -1.66545723  -3.49328104
  -1.67207426  -3.49773937
  -1.68677950  -3.50633993
  -1.69036319  -3.50835676
  -1.70163410  -3.51561187
  -1.71463778  -3.52299423
  -1.71643300  -3.52401707
  -1.73129513  -3.53329933
  -1.73947387  -3.53812126
  -1.74616523  -3.54255042
  -1.76108766  -3.55169328
  -1.76285772  -3.55274276
  -1.77568342  -3.56134102
  -1.78499663  -3.56780550
  -1.79067159  -3.57226630
  -1.80517381  -3.58206551
  -1.80616847  -3.58289768
  -1.82032718  -3.59367099
  -1.82578865  -3.59755237
  -1.83536366  -3.60456037
  -1.84650565  -3.61199740
  -1.85017215  -3.61484056
  -1.86479272  -3.62539615
  -1.86673935  -3.62708617
  -1.87963926  -3.63654314
  -1.88717370  -3.64193353
  -1.89467516  -3.64740593
  -1.90760226  -3.65678468
  -1.90958361  -3.65846672
  -1.92429249  -3.66887424
  -1.92800447  -3.67166121
  -1.93902758  -3.67927759
  -1.94930309  -3.68660254
  -1.95406492  -3.69014133
  -1.96878469  -3.70053772
  -1.96977294  -3.70138383
  -1.98349269  -3.71095136
  -1.99091147  -3.71649966
  -1.99847160  -3.72195163
  -2.01153925  -3.73111167
  -2.01352085  -3.73279398
  -2.02823276  -3.74320310
  -2.03194515  -3.74599053
  -2.04312534  -3.75429685
  -2.05243581  -3.76075116
  -2.05793217  -3.76457485
  -2.07271914  -3.77486826
  -2.07368869  -3.77574671
  -2.08747347  -3.78617936
  -2.09322664  -3.79056357
  -2.10255605  -3.79699806
  -2.11455441  -3.80545720
  -2.11751610  -3.80800302
  -2.13208442  -3.81858901
  -2.13405604  -3.82031396
  -2.14688559  -3.82891774
  -2.15541344  -3.83517212
  -2.16195943  -3.83974822
  -2.17597871  -3.84984915
  -2.17696270  -3.85070406
  -2.19164886  -3.86114591
  -2.19713880  -3.86496793
  -2.20658003  -3.87216579
  -2.21775161  -3.87960359
  -2.22141964  -3.88244845
  -2.23602730  -3.89301295
  -2.23799371  -3.89470153
  -2.25109451  -3.90477410
  -2.25766863  -3.90933515
  -2.26595030  -3.91595597
  -2.27600735  -3.92449110
  -2.28063924  -3.92823525
  -2.29368342  -3.93933025
  -2.29537640  -3.94045134
  -2.31036384  -3.95331314
  -2.31131209  -3.95421402
  -2.32538314  -3.96705984
  -2.32803022  -3.96908000
  -2.34007544  -3.97933769
  -2.34564736  -3.98397591
  -2.35489383  -3.99239440
  -2.36241538  -3.99878560
  -2.36994210  -4.00518373
  -2.38000575  -4.01372073
  -2.38485823  -4.01811472
  -2.39767878  -4.02856259
  -2.39960157  -4.03034509
  -2.41416997  -4.04277467
  -2.41513666  -4.04365853
  -2.42938312  -4.05629757
  -2.43130833  -4.05808688
  -2.44420723  -4.06935802
  -2.44875384  -4.07318438
  -2.45912569  -4.08229208
  -2.46637323  -4.08809180
  -2.47379232  -4.09460918
  -2.48332290  -4.10273500
  -2.48879968  -4.10745706
  -2.50096426  -4.11759730
  -2.50380031  -4.12033278
  -2.51767243  -4.13245343
  -2.51863927  -4.13333747
  -2.53324584  -4.14573782
  -2.53511898  -4.14757563
  -2.54811375  -4.15873428
  -2.55277222  -4.16244329
  -2.56306634  -4.17166165
  -2.56949832  -4.17730585
  -2.57798187  -4.18460707
  -2.58642376  -4.19199905
  -2.59288813  -4.19755751
  -2.60405685  -4.20685139
  -2.60766502  -4.20976543
  -2.62150892  -4.22195593
  -2.62247309  -4.22284418
  -2.63705102  -4.23524367
  -2.63897471  -4.23705665
  -2.65204541  -4.24813568
  -2.65587650  -4.25172388
  -2.66711439  -4.26185732
  -2.67260188  -4.26659410
  -2.68203163  -4.27480149
  -2.69023739  -4.28151451
  -2.69664564  -4.28718915
  -2.70696090  -4.29639619
  -2.71162424  -4.30005663
  -2.72483333  -4.31103181
  -2.72672722  -4.31285331
  -2.74130526  -4.32524304
  -2.74227340  -4.32614360
  -2.75634472  -4.33900036
  -2.75827512  -4.34079066
  -2.77103601  -4.35128966
  -2.77591626  -4.35566414
  -2.78608656  -4.36410250
  -2.79360311  -4.37058397
  -2.80093411  -4.37715691
  -2.81102613  -4.38570192
  -2.81585028  -4.39009978
  -2.82795748  -4.40032800
  -2.83061121  -4.40234022
  -2.84518485  -4.41478088
  -2.84615220  -4.41566550
  -2.86041253  -4.42831524
  -2.86233674  -4.43009938
  -2.87525212  -4.44138682
  -2.87979617  -4.44521676
  -2.88994189  -4.45367738
  -2.89671390  -4.45987033
  -2.90501900  -4.46739549
  -2.91418016  -4.47502597
  -2.91975714  -4.48060821
  -2.92905225  -4.48991211
  -2.93448324  -4.49658538
  -2.94083069  -4.50507635
  -2.94942355  -4.51700015
  -2.95135485  -4.51974389
  -2.96190974  -4.53444083
  -2.96453318  -4.53826604
  -2.97182232  -4.54948508
  -2.97914730  -4.55888714
  -2.98297831  -4.56438762
  -2.99321121  -4.57926432
  -2.99406677  -4.58025062
  -3.00378907  -4.59403323
  -3.00875822  -4.60085651
  -3.01495575  -4.60947617
  -3.02377274  -4.62216042
  -3.02547921  -4.62413369
  -3.03599586  -4.63881993
  -3.03870769  -4.64259568
  -3.04622836  -4.65371113
  -3.05351600  -4.66404474
  -3.05709609  -4.66879675
  -3.06762578  -4.68347784
  -3.06867476  -4.68525682
  -3.07785959  -4.69837055
  -3.08327293  -4.70592385
  -3.08809453  -4.71324730
  -3.09789910  -4.72657154
  -3.09897300  -4.72833357
  -3.10970809  -4.74271434
  -3.11314612  -4.74775901
  -3.11943008  -4.75811958
  -3.12780322  -4.76928695
  -3.13059878  -4.77300537
  -3.14112928  -4.78769478
  -3.14301017  -4.79047289
  -3.15136233  -4.80256493
  -3.15766513  -4.81111073
  -3.16222557  -4.81768396
  -3.17253233  -4.83158328
  -3.17338205  -4.83258440
  -3.18297259  -4.84717302
  -3.18765925  -4.85377922
  -3.19323727  -4.86212838
  -3.20246798  -4.87428508
  -3.20441065  -4.87704877
  -3.21464709  -4.89193395
  -3.21736018  -4.89571165
  -3.22488718  -4.90683389
  -3.23231779  -4.91703052
  -3.23604882  -4.92170801
  -3.24629193  -4.93661502
  -3.24712382  -4.93761411
  -3.25648355  -4.95142220
  -3.26207342  -4.95900355
  -3.26675808  -4.96637379
  -3.27709325  -4.98029676
  -3.27793315  -4.98128449
  -3.28835759  -4.99587564
  -3.29195207  -5.00084916
  -3.29839556  -5.01104452
  -3.30685765  -5.02221717
  -3.30958908  -5.02598812
  -3.31983078  -5.04088682
  -3.32171259  -5.04366640
  -3.33006085  -5.05576210
  -3.33637741  -5.06431637
  -3.34093835  -5.07087163
  -3.35127329  -5.08480298
  -3.35209919  -5.08580053
  -3.36167848  -5.10041049
  -3.36649368  -5.10689422
  -3.37226167  -5.11514193
  -3.38106811  -5.12670910
  -3.38375823  -5.13049288
  -3.39354113  -5.14485755
  -3.39641422  -5.14874502
  -3.40394321  -5.15986604
  -3.41095649  -5.16946309
  -3.41479197  -5.17497056
  -3.42529995  -5.18962045
  -3.42642068  -5.19144460
  -3.43560481  -5.20457301
  -3.44084075  -5.21229095
  -3.44615091  -5.21988550
  -3.45563815  -5.23281868
  -3.45669502  -5.23457727
  -3.46736810  -5.24940583
  -3.47073686  -5.25416096
  -3.47719364  -5.26439642
  -3.48564023  -5.27553650
  -3.48837184  -5.27930680
  -3.49889989  -5.29396949
  -3.50079440  -5.29685710
  -3.50887349  -5.30913051
  -3.51543423  -5.31747357
  -3.52004334  -5.32402888
  -3.52999384  -5.33831514
  -3.53096588  -5.33948771
  -3.54055628  -5.35386911
  -3.54498859  -5.35958902
  -3.55139101  -5.36892129
  -3.56010891  -5.38087685
  -3.56197240  -5.38367209
  -3.57255422  -5.39835858
  -3.57524489  -5.40213658
  -3.58279222  -5.41325407
  -3.58992191  -5.42281094
  -3.59364924  -5.42840197
  -3.60414256  -5.44302207
  -3.60503910  -5.44408610
  -3.61507096  -5.45821537
  -3.61973759  -5.46474911
  -3.62532913  -5.47313650
  -3.63505617  -5.48674824
  -3.63587291  -5.48776673
  -3.64629341  -5.50224885
  -3.65002289  -5.50736216
  -3.65702852  -5.51789705
  -3.66441904  -5.52818321
  -3.66786169  -5.53297633
  -3.67782381  -5.54740747
  -3.67977329  -5.55021270
  -3.68813461  -5.56234928
  -3.69432804  -5.57096301
  -3.69893967  -5.57752219
  -3.70926898  -5.59143371
  -3.71011259  -5.59242932
  -3.72000221  -5.60748310
  -3.72398496  -5.61300391
  -3.73061013  -5.62225317
  -3.73918695  -5.63419192
  -3.74120061  -5.63687260
  -3.75207960  -5.65212202
  -3.75397834  -5.65482353
  -3.76267389  -5.66671502
  -3.76918232  -5.67611957
  -3.77350701  -5.68194788
  -3.78327501  -5.69659143
  -3.78403222  -5.69761765
  -3.79402042  -5.71178940
  -3.79869237  -5.71832833
  -3.80428713  -5.72672076
  -3.81373880  -5.73960690
  -3.81490389  -5.74129724
  -3.82529356  -5.75577122
  -3.82909228  -5.76091251
  -3.83600990  -5.77151144
  -3.84388898  -5.78230279
  -3.84664282  -5.78606527
  -3.85746953  -5.80137535
  -3.85825553  -5.80232495
  -3.86768038  -5.81624744
  -3.87318322  -5.82370515
  -3.87831576  -5.83080549
  -3.88829328  -5.84507036
  -3.88911250  -5.84608437
  -3.89962868  -5.86068390
  -3.90366238  -5.86624615
  -3.91013025  -5.87561692
  -3.91846415  -5.88776899
  -3.92038121  -5.89053154
  -3.93151875  -5.90542802
  -3.93346376  -5.90835152
  -3.94140518  -5.92076470
  -3.94790918  -5.93006908
  -3.95164259  -5.93566579
  -3.96241704  -5.95025218
  -3.96310743  -5.95119544
  -3.97338838  -5.96440794
  -3.97854126  -5.97161272
  -3.98393461  -5.98013884
  -3.99304248  -5.99328384
  -3.99457067  -5.99537596
  -4.00440335  -6.00944560
  -4.00835690  -6.01445193
  -4.01559387  -6.02487399
  -4.02269760  -6.03533921
  -4.02625775  -6.04013091
  -4.03662742  -6.05513623
  -4.03765937  -6.05699116
  -4.04506537  -6.07009069
  -4.04904407  -6.08464992
  -4.04951698  -6.10093279
  -4.04788224  -6.11575129
  -4.04567761  -6.13049176
  -4.04430965  -6.14551130
  -4.04291560  -6.16036581
  -4.04108807  -6.17527885
  -4.03929815  -6.19014266
  -4.03836365  -6.20510853
  -4.03778498  -6.20701331
  -4.03559272  -6.22049838
  -4.03106435  -6.23529063
  -4.02462332  -6.24977850
  -4.02197553  -6.25268433
  -4.01161323  -6.26466142
  -4.00713573  -6.26945805
  -3.99860859  -6.27954828
  -3.99205841  -6.28694821
  -3.98560651  -6.29443736
  -3.97720836  -6.30370620
  -3.97262539  -6.30934091
  -3.96234318  -6.32138112
  -3.95964782  -6.32424495
  -3.94775316  -6.33840253
  -3.94682451  -6.33933312
  -3.93359312  -6.35399437
  -3.93266448  -6.35492499
  -3.92065054  -6.36892313
  -3.91800280  -6.37182955
  -3.90759810  -6.38378437
  -3.90295490  -6.38843775
  -3.89370640  -6.39870042
  -3.88807851  -6.40516617
  -3.88070235  -6.41359229
  -3.87299764  -6.42265110
  -3.86772469  -6.42849844
  -3.85859468  -6.43887044
  -3.85469980  -6.44338047
  -3.84352485  -6.45545192
  -3.84081944  -6.45829734
  -3.82903700  -6.47242570
  -3.82821638  -6.47342799
  -3.81498889  -6.48829064
  -3.81406026  -6.48922150
  -3.80175751  -6.50295597
  -3.79897160  -6.50574862
  -3.78457085  -6.51737942
  -3.78371811  -6.51823418
  -3.76882510  -6.52754675
  -3.76154523  -6.53236369
  -3.75419685  -6.53623712
  -3.73911955  -6.54611514
  -3.73728901  -6.54702956
  -3.72421280  -6.55450453
  -3.71402394  -6.56192135
  -3.70937012  -6.56471446
  -3.69450737  -6.57400666
  -3.68985081  -6.57680201
  -3.67962669  -6.58331162
  -3.66581972  -6.59183996
  -3.66476188  -6.59260549
  -3.64987239  -6.60192031
  -3.64258648  -6.60673755
  -3.63502340  -6.61120064
  -3.62036296  -6.61990109
  -3.61842259  -6.62160504
  -3.60526234  -6.62888338
  -3.59426236  -6.63650514
  -3.59041619  -6.63909505
  -3.57555297  -6.64838893
  -3.57091966  -6.65116823
  -3.56045384  -6.65737729
  -3.54668700  -6.66613378
  -3.54580955  -6.66699153
  -3.53114955  -6.67569326
  -3.52350644  -6.68094054
  -3.51607210  -6.68559033
  -3.50141224  -6.69429250
  -3.49854769  -6.69603297
  -3.48654286  -6.70359055
  -3.47531142  -6.71089969
  -3.47167609  -6.71289541
  -3.45660890  -6.72091053
  -3.44906425  -6.72536250
  -3.44163097  -6.72883820
  -3.42690839  -6.73388137
  -3.41204610  -6.73944310
  -3.41014045  -6.74023217
  -3.39700588  -6.74460605
  -3.38230198  -6.74964181
  -3.36818344  -6.75465266
  -3.36700570  -6.75542338
  -3.35242039  -6.76035122
  -3.33747700  -6.76503280
  -3.32461503  -6.77007839
  -3.32280341  -6.77097913
  -3.30779663  -6.77612157
  -3.29302551  -6.78026335
  -3.28185264  -6.78492071
  -3.27818031  -6.78675040
  -3.26330538  -6.79138553
  -3.24822568  -6.79658391
  -3.24003599  -6.79975384
  -3.23357580  -6.80251598
  -3.21851410  -6.80675789
  -3.20361310  -6.81235072
  -3.19813212  -6.81443141
  -3.18893687  -6.81829714
  -3.17401514  -6.82297087
  -3.16113117  -6.82971824
  -3.15911894  -6.83149190
  -3.15044075  -6.84433202
         
