# shadow point cont 3D ind 105  size 1172
# norm  0.6788007 -0.7343225  0.0000000
# angle  0.8246681
   2.43044477331689    2.24668003895452   -6.83827601774191
   2.43706901837399    2.25280342809972   -6.83774126049774
   2.44799569780079    2.26290394666725   -6.83590680483647
   2.45883553477407    2.27292418889648   -6.83388882120202
   2.46974218519254    2.28300619283915   -6.82977805757868
   2.47179777090824    2.28490635672953   -6.82888357413004
   2.48066730057382    2.29310526561787   -6.82516387575596
   2.49158878285123    2.30320097998992   -6.82119449149754
   2.50253290706149    2.31331762434941   -6.81686159967456
   2.50998485832162    2.32020613723857   -6.81386496464985
   2.51344089453681    2.32340086425472   -6.81219470404573
   2.52444225529166    2.33357041753181   -6.80773237706548
   2.53536779271100    2.34366988043851   -6.80403212684019
   2.54602008420606    2.35351675741091   -6.79970961112354
   2.54677306995875    2.35421281028105   -6.79901995282572
   2.55713687372906    2.36379301194374   -6.79432550964123
   2.56806271417548    2.37389275496578   -6.79062567831880
   2.57891220135228    2.38392191775138   -6.78621204901213
   2.58423331905164    2.38884070835767   -6.78387874617912
   2.58991269483473    2.39409066933011   -6.78135965733407
   2.60074429141712    2.40410329422035   -6.77750199333600
   2.61173089153910    2.41425920290875   -6.77296768110160
   2.62062088879159    2.42247703183982   -6.76921206214303
   2.62268940560129    2.42438914911055   -6.76839508097395
   2.63352108820463    2.43440185351774   -6.76453753589330
   2.64454139505638    2.44458892038665   -6.76006385734245
   2.65537606153606    2.45460438306075   -6.75546829803397
   2.65741678699917    2.45649081027494   -6.75451182432248
   2.66639275325854    2.46478810813854   -6.75079983181674
   2.67732083645014    2.47488992433291   -6.74643478742554
   2.68824556626682    2.48498864069938   -6.74246971920117
   2.69569746756034    2.49187710739988   -6.73936405861277
   2.69917160628500    2.49508856820366   -6.73783820763462
   2.71009975888166    2.50519044855541   -6.73347330723667
   2.72095463083626    2.51522458897840   -6.72799588727297
   2.72496591460728    2.51893258155568   -6.72521424280596
   2.73179612473057    2.52524636284968   -6.72044683497358
   2.74285479337552    2.53546889099546   -6.71245573463314
   2.74489937785195    2.53735888544487   -6.71072513025900
   2.75377631186742    2.54556463884385   -6.70409098554014
   2.76448310858069    2.55546189992172   -6.69625353385125
   2.76522742907572    2.55614994271006   -6.69546763665430
   2.77561952887596    2.56575630095377   -6.68736207645801
   2.78382100107300    2.57333766387031   -6.68099407299046
   2.78664134046321    2.57594475878587   -6.67840910427275
   2.79734597688554    2.58584002291134   -6.67045966479226
   2.80353799844129    2.59156386876161   -6.66580072160434
   2.80829765429189    2.59596364937347   -6.66213632154685
   2.81922933110240    2.60606878747499   -6.65378663090876
   2.82254661105434    2.60913524952072   -6.65099791834790
   2.83022752434357    2.61623541273254   -6.64460997075851
   2.84098274679147    2.62617743809905   -6.63697137106828
   2.84230570244662    2.62740036572756   -6.63595194517744
   2.85207166458303    2.63642792826834   -6.62788387451295
   2.86034634779957    2.64407696675520   -6.62171210213741
   2.86298786980504    2.64651876458057   -6.61966581828420
   2.87386240090784    2.65657107773323   -6.61107356271895
   2.87992236166313    2.66217284783525   -6.60641030515613
   2.88483840346954    2.66671719013769   -6.60279620234874
   2.89576851595278    2.67682088218995   -6.59457098441070
   2.89971879761601    2.68047248499880   -6.59154515832758
   2.90668325765394    2.68691036563741   -6.58607206161734
   2.91755241456719    2.69695771094035   -6.57770951064571
   2.91888757708932    2.69819192248063   -6.57671222779748
   2.92858473532615    2.70715588335086   -6.56863543479698
   2.93605694084229    2.71406311908169   -6.56221764327352
   2.93946847309396    2.71721670705713   -6.55849639599077
   2.94845288171437    2.72552180895900   -6.54755442918894
   2.95037192953241    2.72729575851503   -6.54550484771544
   2.95952525475862    2.73575700532120   -6.53289457318842
   2.96157124209188    2.73764829655812   -6.53010201412617
   2.97094877662672    2.74631680031733   -6.51777021292191
   2.97231277221010    2.74757766486526   -6.51590855888952
   2.98186073348774    2.75640370948503   -6.50287713319169
   2.98322473227747    2.75766457699689   -6.50101553180996
   2.99260093320412    2.76633184798137   -6.48775121327085
   2.99396493541593    2.76759271865656   -6.48588966442044
   3.00368472718465    2.77657760174847   -6.47309223335838
   3.00504873282285    2.77783847559099   -6.47123073663306
   3.01459676634473    2.78666458699265   -6.45820040981365
   3.01596077562522    2.78792546420206   -6.45633896509383
   3.02499719623097    2.79627864548865   -6.44353985138998
   3.02699810264416    2.79812826435170   -6.44069139624510
   3.03627779465914    2.80670632341586   -6.42818437873254
   3.03767036750891    2.80799360451713   -6.42636530292937
   3.04731918936867    2.81691288370000   -6.41353026707817
   3.04865206140899    2.81814497794067   -6.41163027351457
   3.05756180322077    2.82638105855460   -6.39863481978370
   3.05960784039052    2.82827239585989   -6.39584296315228
   3.06848859989305    2.83648168550274   -6.38374377764473
   3.07057747427218    2.83841262111708   -6.38101539664491
   3.07938622736013    2.84655534871494   -6.36885568983784
   3.08143227785567    2.84844669833847   -6.36606398565861
   3.09029849389988    2.85664254414673   -6.35396673317697
   3.09234455138680    2.85853390023303   -6.35117510473789
   3.09955115804213    2.86519561890233   -6.33953518347014
   3.10355337098234    2.86889522648985   -6.32916691044578
   3.10504972335065    2.87027844039129   -6.32460026265201
   3.10646002149313    2.87158210658460   -6.30956914170382
   3.10712301001084    2.87219496686645   -6.29462419468791
   3.10743737362752    2.87248556160464   -6.27973033540060
   3.10741577727848    2.87246559814492   -6.26475575402646
   3.10738963576714    2.87244143318040   -6.24983585248994
   3.10838236876106    2.87335910612074   -6.23500405972913
   3.10836273264253    2.87334095467947   -6.21999830111324
   3.10867846284559    2.87363281267712   -6.20508347981928
   3.10898851465143    2.87391942161836   -6.19024328048563
   3.10930323628694    2.87421034730574   -6.17535236875992
   3.10894248808324    2.87387687509635   -6.16027686271101
   3.10924332566437    2.87415496649589   -6.14519879086988
   3.10763055604579    2.87266413759523   -6.12979922104472
   3.10414380942023    2.86944102216775   -6.12134489024445
   3.10081765055798    2.86636635254174   -6.11450724855093
   3.09316820266311    2.85929527564129   -6.10051959088576
   3.09252499812060    2.85870070347800   -6.09954004464844
   3.08360717568368    2.85045715321101   -6.08459576567277
   3.08232791801376    2.84927461958456   -6.08262751213444
   3.07415297889132    2.84171778358989   -6.06943794168273
   3.07132665243292    2.83910515428543   -6.06486998192431
   3.06446352067021    2.83276094054098   -6.05442262261872
   3.06041645189693    2.82901986864787   -6.04803870831129
   3.05487363640376    2.82389614270897   -6.03948485545279
   3.04932991140765    2.81877157603419   -6.03048448643405
   3.04542383526611    2.81516083638926   -6.02452572920809
   3.03844794563420    2.80871239034266   -6.01351817806175
   3.03590957653535    2.80636594608337   -6.00958692325828
   3.02741435372571    2.79851304289363   -5.99593802573759
   3.02677131710890    2.79791862595926   -5.99495877435365
   3.01744226873488    2.78929494234609   -5.97971891316996
   3.01656416641599    2.78848323291180   -5.97806599043195
   3.00838888974575    2.78092608489116   -5.96488609187630
   3.00582327088972    2.77855445121542   -5.96094928835902
   2.99870875885273    2.77197786393565   -5.94987556391685
   2.99465719211329    2.76823263416539   -5.94349023518326
   2.98912146553394    2.76311546115102   -5.93494210484761
   2.98358766161646    2.75800006542700   -5.92592366464072
   2.97966847637197    2.75437720785195   -5.91998784318357
   2.97254059499802    2.74778826208420   -5.90822793966395
   2.97059144218116    2.74598648375350   -5.90533389113842
   2.96164301515742    2.73771464289746   -5.89136051722654
   2.96098666260963    2.73710791684311   -5.89039409227404
   2.95191733495986    2.72872431659793   -5.87570035473135
   2.95062550626784    2.72753016243818   -5.87374790879416
   2.94250744070887    2.72002589982481   -5.86058869185420
   2.93993848984521    2.71765118607290   -5.85667064699304
   2.93297869023003    2.71121761348478   -5.84534881117450
   2.92880931553810    2.70736348316340   -5.83899665352317
   2.92345547440729    2.70241444332824   -5.83071031461640
   2.91810347291006    2.69746710403285   -5.82193239813734
   2.91393080437066    2.69360992891018   -5.81547963064153
   2.90698979965615    2.68719373014954   -5.80443791703010
   2.90441542185877    2.68481399979170   -5.80054922219486
   2.89592526974172    2.67696578390198   -5.78684065979061
   2.89526907905482    2.67635920747029   -5.78587451722258
   2.88587721776137    2.66767746019165   -5.77069845186788
   2.88522944279319    2.66707866317033   -5.76972168410684
   2.87675499540639    2.65924496458392   -5.75604694741189
   2.87412197174388    2.65681102254598   -5.75219126525248
   2.86729404035577    2.65049934769311   -5.74111984125341
   2.86310174263261    2.64662402753962   -5.73449200202828
   2.85764472578140    2.64157961304955   -5.72616723191228
   2.85200470121588    2.63636602796846   -5.71696547950620
   2.84810848487988    2.63276440263402   -5.71125529696496
   2.84128585248896    2.62645762612378   -5.69994282732732
   2.83861271894567    2.62398660689343   -5.69606921777163
   2.83022408764750    2.61623223588338   -5.68235054156012
   2.82956805519904    2.61562580572580   -5.68138467593352
   2.82002283193185    2.60680229209685   -5.66646944433193
   2.81937723488413    2.60620550832449   -5.66549378095289
   2.81105889579742    2.59851611476636   -5.65156550961292
   2.80842650138434    2.59608275440061   -5.64771092761511
   2.80159641595192    2.58976908836967   -5.63664162178864
   2.79741054739812    2.58589971127921   -5.63001677634229
   2.79195224395265    2.58085410747362   -5.62169398974765
   2.78648636748715    2.57580150324034   -5.61321838745433
   2.78234288619230    2.57197130852901   -5.60676295639783
   2.77557436472208    2.56571455163936   -5.59641683292269
   2.77280710574222    2.56315652375042   -5.59185226327741
   2.76453909658035    2.55551365469625   -5.57788958769868
   2.76388321875755    2.55490736747316   -5.57692399356403
   2.75425217799659    2.54600452496896   -5.56199211593627
   2.75358041878482    2.54538355714091   -5.56104389858264
   2.74505577569332    2.53750345812235   -5.54755826138815
   2.74253815077111    2.53517618958269   -5.54360434998590
   2.73545348841134    2.52862719506071   -5.53196416336005
   2.73190624143836    2.52534815368733   -5.52628932809415
   2.72627573676732    2.52014336870619   -5.51724958728860
   2.72098383211363    2.51525158236155   -5.50949971281080
   2.71618028469927    2.51081122880549   -5.50209100532286
   2.70956309569139    2.50469436220510   -5.49052055478480
   2.70761325836209    2.50289195111761   -5.48764527782281
   2.69886992521777    2.49480969709360   -5.47345722271159
   2.69821419841755    2.49420354947436   -5.47249189461372
   2.68867063828836    2.48538157323436   -5.45758430388773
   2.68802534410265    2.48478506942477   -5.45660917846198
   2.67922650329841    2.47665150464771   -5.44245752511883
   2.67708339285485    2.47467043373112   -5.43883658584743
   2.67008029607252    2.46819683765336   -5.42772947521818
   2.66616946090895    2.46458169881372   -5.42204591634561
   2.66013327974285    2.45900191033786   -5.41260339385911
   2.65515573004433    2.45440071072479   -5.40436301193711
   2.65101265107845    2.45057088792254   -5.39791093372433
   2.64424727879264    2.44431704210900   -5.38757043659414
   2.64142282430867    2.44170614323990   -5.38299310427819
   2.63319424799895    2.43409972553931   -5.37003140372892
   2.63188531664470    2.43288976184121   -5.36808811694124
   2.62284335065187    2.42453145445154   -5.35342431328742
   2.62221421472666    2.42394988718431   -5.35243632389833
   2.61357761533447    2.41596629682592   -5.33806142554889
   2.61160467060889    2.41414252548102   -5.33517286550128
   2.60443747913187    2.40751724182778   -5.32333733664758
   2.60035388706862    2.40374240815269   -5.31691830776255
   2.59486612695124    2.39866957487968   -5.30842592137242
   2.58945403287629    2.39366668657684   -5.30012264644226
   2.58488093517050    2.38943935854018   -5.29329491762925
   2.57860663475863    2.38363945489764   -5.28318882320087
   2.57578360316160    2.38102987133170   -5.27861274587847
   2.56738624721423    2.37326743533888   -5.26491401771623
   2.56673052307214    2.37266129017678   -5.26394200138556
   2.55715076329875    2.36380585132989   -5.24903000512455
   2.55649323638687    2.36319803970454   -5.24806736633790
   2.54760410815125    2.35498101408441   -5.23412939083149
   2.54550145294539    2.35303733960487   -5.23045991257360
   2.53833651018485    2.34641413464375   -5.21904230881511
   2.53479537542777    2.34314074334462   -5.21333269551201
   2.52867701760527    2.33748499154895   -5.20408941256933
   2.52370526730202    2.33288915284172   -5.19583319702790
   2.51955754147818    2.32905503452815   -5.18940148494896
   2.51262418162593    2.32264590260550   -5.17832098301902
   2.51004441679866    2.32026119252845   -5.17451934887920
   2.50190112967014    2.31273361533600   -5.16120896787314
   2.50062251153376    2.31155167288827   -5.15936169953631
   2.49152939025293    2.30314607803678   -5.14468402707841
   2.49087200322044    2.30253839571460   -5.14372163691968
   2.48200936681079    2.29434585888651   -5.12979900667597
   2.48012285991536    2.29260198984992   -5.12683667608375
   2.47268422016678    2.28572578199546   -5.11440038520111
   2.46918063984694    2.28248710566104   -5.10899582260817
   2.46305970931744    2.27682897567947   -5.09975446706825
   2.45809252824777    2.27223736072832   -5.09150072830230
   2.45345811519814    2.26795335337083   -5.08483968447590
   2.44718328059357    2.26215295592563   -5.07471814679818
   2.44392457070006    2.25914063548500   -5.06994840206742
   2.43648806453942    2.25226639989895   -5.05771964682582
   2.43501280113739    2.25090268043742   -5.05503819583128
   2.42592230370876    2.24249951104996   -5.04036424061797
   2.42526505298840    2.24189195473342   -5.03940209362468
   2.41589914571544    2.23323419910454   -5.02524199846276
   2.41444214865509    2.23188736487557   -5.02254839435462
   2.40710262095659    2.22510277525782   -5.01038783346904
   2.40358006106842    2.22184655439090   -5.00468493187819
   2.39745653380993    2.21618602401774   -4.99544547944003
   2.39277460505882    2.21185809359760   -4.98786758502415
   2.38795513873637    2.20740302475426   -4.98028837679278
   2.38158630193383    2.20151573257106   -4.97041568569094
   2.37879999342193    2.19894009547584   -4.96587461127022
   2.37053387055447    2.19129897009428   -4.95281881093768
   2.36922299672933    2.19008721079455   -4.95097094892106
   2.36032913721928    2.18186581162933   -4.93607006843024
   2.35967201925355    2.18125837802990   -4.93510815913799
   2.35078335653455    2.17304178272890   -4.92117985417766
   2.34884961924975    2.17125425436947   -4.91825833127937
   2.34132935496054    2.16430259356577   -4.90603308307117
   2.33790039371403    2.16113289439323   -4.90055977957557
   2.33176620101810    2.15546250499111   -4.89113659082617
   2.32700037967144    2.15105702505332   -4.88378307663673
   2.32227321530369    2.14668727925926   -4.87625493422951
   2.31600299473823    2.14089114698795   -4.86613844681145
   2.31321443296613    2.13831342700043   -4.86159810279368
   2.30514043569920    2.13084990069720   -4.84840825252795
   2.30383493338728    2.12964310677322   -4.84646770838987
   2.29474952531654    2.12124464193980   -4.83180093301152
   2.29409253655768    2.12063732777798   -4.83083925595469
   2.28520394062836    2.11242079421672   -4.81691404057076
   2.28327058681779    2.11063362033722   -4.81399321467733
   2.27575748577084    2.10368858116655   -4.80177100578442
   2.27232502529994    2.10051564734426   -4.79629901539477
   2.26619624513915    2.09485026123816   -4.78687803584040
   2.26142642427615    2.09044108418549   -4.77952619916689
   2.25670096514217    2.08607291469332   -4.77199990658646
   2.25043299387486    2.08027886165183   -4.76188585335955
   2.24716773118163    2.07726048386544   -4.75711854119355
   2.23973911831405    2.07039354476445   -4.74489899670196
   2.23823299327525    2.06900129709933   -4.74220989785520
   2.22898936550841    2.06045657548323   -4.72778660065595
   2.22833461524230    2.05985133056283   -4.72682301584656
   2.21895555170787    2.05118141341094   -4.71267131011904
   2.21766689817315    2.04999019433641   -4.71072454572433
   2.20975693441675    2.04267829905063   -4.69767448310520
   2.20693171496761    2.04006669305500   -4.69279548996970
   2.20012759944460    2.03377703336139   -4.68241047217532
   2.19594182186455    2.02990774036619   -4.67607732877084
   2.19095158024576    2.02529480846271   -4.66800115022968
   2.18469444277275    2.01951077007765   -4.65787397480817
   2.18187654490624    2.01690593208339   -4.65334668199384
   2.17398700190019    2.00961291354507   -4.64088257807859
   2.17203376523820    2.00780736014676   -4.63799631898392
   2.16310133236013    1.99955030412691   -4.62404046500037
   2.16246413845844    1.99896128814284   -4.62310479715185
   2.15340214134329    1.99058446417416   -4.60845374651485
   2.15211372942598    1.98939346844846   -4.60650742475395
   2.14448222030456    1.98233897397962   -4.59355103515545
   2.14103382154900    1.97915130695853   -4.58805617108331
   2.13498239008246    1.97355742124994   -4.57869163328032
   2.13039603041938    1.96931783398606   -4.57186824461846
   2.12492321028453    1.96425881109085   -4.56356432109528
   2.11932029346067    1.95907952805333   -4.55439061619418
   2.11583702660852    1.95585962929529   -4.54890374266271
   2.10830166596798    1.94889401356796   -4.53772973537584
   2.10557150296389    1.94637027684630   -4.53400799841303
   2.09770418180580    1.93909779997294   -4.52500279610037
   2.09216651215835    1.93397883080490   -4.51865474479097
   2.08666358457902    1.92889197687428   -4.51222288977983
   2.07908995890031    1.92189098930950   -4.50379736917269
   2.07571379577115    1.91877009621461   -4.50014924486163
   2.06542475048980    1.90925900058829   -4.48910210452100
   2.06471825446659    1.90860592238204   -4.48820996347262
   2.05386734417747    1.89857544408495   -4.47596336191921
   2.05240360188278    1.89722237462549   -4.47422251037001
   2.04286425624459    1.88840429422092   -4.46406300189424
   2.03827645171648    1.88416337133754   -4.45909414568989
   2.03223327348261    1.87857711483876   -4.45239929962832
   2.02524578824684    1.87211794992621   -4.44421929394014
   2.02107036904205    1.86825823211461   -4.43971537285915
   2.01152667460018    1.85943613171726   -4.42954779124067
   2.01011698519901    1.85813302823863   -4.42775801549118
   1.99923880031156    1.84807733756216   -4.41552324783309
   1.99795646270423    1.84689195687085   -4.41444356568887
   1.98826989206436    1.83793778307459   -4.40359478034770
   1.98492209222545    1.83484310873552   -4.39977463111769
   1.97747136151752    1.82795572411321   -4.39127619757744
   1.97193028801545    1.82283360845431   -4.38489138287624
   1.96653949498562    1.81785041063504   -4.37919549911496
   1.95777667589536    1.80975014398789   -4.36972462017190
   1.95563607136639    1.80777138951490   -4.36709153030548
   1.94520101382051    1.79812532153959   -4.35534860776384
   1.94449291117967    1.79747075819128   -4.35446014437367
   1.93399385862901    1.78776553384202   -4.34354405687536
   1.93113370886159    1.78512163859230   -4.34000946162517
   1.92288152499324    1.77749339828898   -4.33082045219779
   1.91751061123739    1.77252857668156   -4.32512239521203
   1.91195474965996    1.76739279106641   -4.31873899496382
   1.90497871045313    1.76094420675419   -4.31070469315446
   1.90089798778062    1.75717202551663   -4.30597595487941
   1.89143799980764    1.74842730258320   -4.29558702161730
   1.89017384043073    1.74725872567524   -4.29448643478165
   1.87922742373802    1.73713996216678   -4.28245121952454
   1.87780336091300    1.73582357203180   -4.28070394642827
   1.86812920761575    1.72688087670898   -4.26973766995700
   1.86417612849065    1.72322668795297   -4.26582149658297
   1.85743109500012    1.71699164312841   -4.25824416074607
   1.85075122677318    1.71081683645389   -4.25071284048003
   1.84665558688915    1.70703086588784   -4.24589530429819
   1.83770177457965    1.69875404692484   -4.23576709673384
   1.83553287308272    1.69674913500374   -4.23320029887593
   1.82462143074571    1.68666270145713   -4.22203905577632
   1.82392818336275    1.68602187016795   -4.22118033228301
   1.81380257410644    1.67666185324918   -4.20986762474518
   1.81039763142365    1.67351435660856   -4.20607740860586
   1.80285749905806    1.66654432994397   -4.19780521181328
   1.79731947882731    1.66142503670005   -4.19142301491168
   1.79197931961632    1.65648864430147   -4.18568953349558
   1.78391253904741    1.64903178904527   -4.17631680500197
   1.78114012070829    1.64646899189370   -4.17338551814274
   1.77069391771582    1.63681262117352   -4.16167154280871
   1.76996589285602    1.63613964191543   -4.16082962437565
   1.75890909550983    1.62591884358042   -4.14903092855924
   1.75696340987626    1.62412027028100   -4.14701962137072
   1.74828758264476    1.61610041808093   -4.13737758697641
   1.74345847299250    1.61163643503521   -4.13191184017917
   1.73741603129446    1.60605085938314   -4.12525754902101
   1.73055011438481    1.59970407107534   -4.11704162107329
   1.72642516422319    1.59589100636738   -4.11231548226529
   1.71685474343619    1.58704420039071   -4.10216047405279
   1.71542443392843    1.58572203588160   -4.10041453795651
   1.70464821055014    1.57576059745472   -4.08903078835161
   1.70322357093759    1.57444367414285   -4.08728467579077
   1.69380033486202    1.56573292431394   -4.07689406587601
   1.68968839360370    1.56193188491249   -4.07218874730352
   1.68285716663103    1.55561716365259   -4.06483547585638
   1.67661136675884    1.54984360563794   -4.05753754230452
   1.67180624380813    1.54540179567106   -4.05206486102251
   1.66313936039423    1.53739021105094   -4.04236665338122
   1.66097120493674    1.53538598876159   -4.03980101624058
   1.65006323587805    1.52530276588044   -4.02864498500120
   1.64936525528044    1.52465755925265   -4.02778850575891
   1.63907294406306    1.51514344462612   -4.01582003758670
   1.63639546458245    1.51266840805263   -4.01291673669881
   1.62836709420171    1.50524705880916   -4.00437196889379
   1.62291612150941    1.50020823148212   -3.99781584875921
   1.61736817356850    1.49507976115732   -3.99143568516039
   1.60972004677750    1.48800990547273   -3.98320223581903
   1.60631523537597    1.48486253018726   -3.97961180991432
   1.59617595689182    1.47548987756424   -3.96830125350527
   1.59545873902167    1.47482688818462   -3.96743343091198
   1.58451617364174    1.46471168479307   -3.95542631107158
   1.58254605053692    1.46289052172758   -3.95343010739024
   1.57385585743100    1.45485738984979   -3.94470702668864
   1.56758164719991    1.44905756956951   -3.93836446392886
   1.56275649098133    1.44459724104028   -3.93389405642029
   1.55241324985621    1.43503604729129   -3.92390626046352
   1.55168250561141    1.43436055425957   -3.92307352522171
   1.54106093324161    1.42454207375447   -3.91409607823450
   1.53551322876503    1.41941382848579   -3.90881312075131
   1.52999270851229    1.41431071205515   -3.90328584956510
   1.51969686947960    1.40479333634968   -3.89416090149886
   1.51896658171253    1.40411826528163   -3.89332861856597
   1.50839965017384    1.39435029424127   -3.88430531814892
   1.50286667527345    1.38923566485276   -3.87885932096164
   1.49727850978713    1.38407001781139   -3.87354205625905
   1.48707979384751    1.37464242176968   -3.86420449524901
   1.48634284416648    1.37396119249171   -3.86339260264846
   1.47568573027955    1.36410985774611   -3.85456338946876
   1.47015335692930    1.35899578442484   -3.84911762099603
   1.46461178007847    1.35387320347514   -3.84373529936195
   1.45436747213387    1.34440346261754   -3.83446374963683
   1.45363056157668    1.34372226950527   -3.83365191481380
   1.44281311683778    1.33372272644459   -3.82420657860282
   1.43801810765407    1.32929026554775   -3.81959283389869
   1.43190007454570    1.32363481391472   -3.81399631471535
   1.42176764172156    1.31426848935473   -3.80450990773714
   1.42103370114988    1.31359004166882   -3.80368796046372
   1.41023532523744    1.30360812565001   -3.79418049992159
   1.40543459624722    1.29917037741843   -3.78963460442165
   1.39929841335321    1.29349814829612   -3.78399059639877
   1.38963461780393    1.28456502757704   -3.77498834907216
   1.38832422257384    1.28335371068603   -3.77395179738581
   1.37752633092776    1.27337224231844   -3.76444503566278
   1.37329158952609    1.26945768763210   -3.76011963619314
   1.36643704528881    1.26312141211451   -3.75366084414320
   1.35691057604878    1.25431523452995   -3.74525791756662
   1.35557790798019    1.25308332883881   -3.74426024142072
   1.34457581920514    1.24291310258678   -3.73429573434073
   1.34058380620928    1.23922292373083   -3.73038684073446
   1.33373044756405    1.23288774416325   -3.72392805127272
   1.32479472341980    1.22462764572823   -3.71576257587367
   1.32275231376127    1.22273966165981   -3.71387875589578
   1.31185037421447    1.21266201240211   -3.70366664810388
   1.30853920955964    1.20960120327888   -3.70065941038762
   1.30110022211630    1.20272467401869   -3.69409275077169
   1.29242709607621    1.19470731877428   -3.68556972859309
   1.29022906357282    1.19267547842778   -3.68369827239017
   1.27930857490126    1.18258068253554   -3.67456933155637
   1.27583514141285    1.17936987364545   -3.67093036616440
   1.26823286083472    1.17234239776410   -3.66373809770496
   1.26023141533936    1.16494593762867   -3.65607500754686
   1.25757372051893    1.16248918980693   -3.65391695811386
   1.24657980854935    1.15232652211613   -3.64394485405843
   1.24324576656136    1.14924456540364   -3.64098820255889
   1.23584006201213    1.14239880253430   -3.63434809971153
   1.22750491714299    1.13469387387068   -3.62616377829161
   1.22471860216517    1.13211823079841   -3.62359651188884
   1.21371628796218    1.12194779616293   -3.61359913796824
   1.21169545581226    1.12007975813831   -3.61169755773010
   1.20294520828073    1.11199111252051   -3.60404719485123
   1.19482209664813    1.10448218536465   -3.59662678118703
   1.19201805377463    1.10189015479419   -3.59387277349497
   1.18117650124284    1.09186832671899   -3.58449749610608
   1.17842002689618    1.08932026804244   -3.58175536378148
   1.17027644495489    1.08179241832787   -3.57428106289480
   1.16280065786937    1.07488187182835   -3.56690621210972
   1.15942652380918    1.07176285438553   -3.56386942108734
   1.14841939483243    1.06158796901897   -3.55486289148651
   1.14561797895459    1.05899836681832   -3.55224360321207
   1.13748257206285    1.05147807404182   -3.54564529044080
   1.12680440576751    1.04160727865006   -3.53777997709233
   1.12602021055810    1.04088237605488   -3.53698237419692
   1.11578724314460    1.03142311827639   -3.52956138310575
   1.10558311862695    1.02199052259658   -3.52212119078850
   1.10483592327748    1.02129982232012   -3.52136120527146
   1.09407059369938    1.01134845401856   -3.51366658708061
   1.08598574658184    1.00387489821659   -3.50702144698486
   1.08317722010028    1.00127872304147   -3.50509002430079
   1.07228842477724    0.99121322417923   -3.49786076710416
   1.06551127667762    0.98494849291539   -3.49217994292982
   1.06143216462926    0.98117780052347   -3.48924966236160
   1.05043526202114    0.97101236831484   -3.48120873457304
   1.04565734525556    0.96659570748681   -3.47752990263503
   1.03950014353257    0.96090404875885   -3.47290318656637
   1.02871675191964    0.95093598408403   -3.46533383956192
   1.02526511379909    0.94774532262475   -3.46250120240361
   1.01774646823649    0.94079515815653   -3.45705550397112
   1.00680746571116    0.93068324823390   -3.44875625790775
   1.00607074604124    0.93000223157600   -3.44801098053263
   0.99604642123517    0.92073584103997   -3.44095526106242
   0.98570621540364    0.91117745308752   -3.43296069657679
   0.98495913065326    0.91048685504781   -3.43220087239792
   0.97413736731863    0.90048331991830   -3.42457868554096
   0.96593192818308    0.89289829000152   -3.41830727819597
   0.96321886227790    0.89039035767553   -3.41625345508796
   0.95241227646479    0.88040085250260   -3.40870779892117
   0.94563705828838    0.87413790524141   -3.40302766122435
   0.94151264589026    0.87032533763692   -3.40014420162994
   0.93048146692768    0.86012822069212   -3.39229463319091
   0.92578633042554    0.85578808115251   -3.38838052189265
   0.91963206573068    0.85009913738543   -3.38375335168964
   0.90878122754283    0.84006872573806   -3.37625937172192
   0.90534965980749    0.83689661715204   -3.37352698557265
   0.89787891124079    0.82999072821140   -3.36791066520688
   0.88694309929361    0.81988176762887   -3.35961196270923
   0.88558107204868    0.81862272259428   -3.35868341803638
   0.87608620793171    0.80984576048496   -3.35212637105634
   0.86576385567912    0.80030387621113   -3.34401361124904
   0.86501475435262    0.79961141406762   -3.34327094522321
   0.85431809553439    0.78972352436354   -3.33631231490425
   0.84485748965705    0.78097823024520   -3.32860175836248
   0.84349551170513    0.77971923077660   -3.32767329023579
   0.83248705759563    0.76954312046992   -3.31965287667762
   0.82502604179198    0.76264622840292   -3.31409147443860
   0.82153221590847    0.75941656897669   -3.31139838491656
   0.81069562358313    0.74939932606917   -3.30479811031232
   0.80183616974052    0.74120973117578   -3.29903556103814
   0.79977975595081    0.73930880182165   -3.29812913118800
   0.78881511459198    0.72917319160510   -3.29474828127540
   0.77794058201360    0.71912087708842   -3.29428083577955
   0.76697250735027    0.70898209315785   -3.29381317672527
   0.75607680845470    0.69891021269881   -3.29380875341511
   0.74518115029748    0.68883836989792   -3.29380440285870
   0.73428553222248    0.67876656414865   -3.29380012506856
   0.72338995357356    0.66869479484447   -3.29379592005720
   0.71249452354092    0.65862316291978   -3.29341190555991
   0.70159902707994    0.64855146958934   -3.29340710251784
   0.69070344762192    0.63847969953725   -3.29378374182044
   0.67980814585821    0.62840818618313   -3.29339771850809
   0.66891275978524    0.61833659489433   -3.29339313754057
   0.65801727288417    0.60826491040099   -3.29377221904023
   0.64712209343449    0.59819351011280   -3.29338419768070
   0.63622681184448    0.58812201540705   -3.29337983878850
   0.62540310867453    0.57811668711222   -3.29328648958893
   0.61435123650720    0.56790044156572   -3.29298424768479
   0.60361258361889    0.55797373294254   -3.29327817493562
   0.59264608460760    0.54783640552973   -3.29282320585525
   0.58175096199506    0.53776505778125   -3.29281994952741
   0.57085586962219    0.52769373798603   -3.29281676613167
   0.55996099049039    0.51762261530883   -3.29242348967512
   0.54906577297097    0.50755117982933   -3.29281061818483
   0.53817076738037    0.49747994025482   -3.29280765365781
   0.52727578940495    0.48740872620751   -3.29280476211108
   0.51638104292019    0.47733772614797   -3.29240887072875
   0.50548591367512    0.46726637226844   -3.29279919800637
   0.49459122954517    0.45719542984909   -3.29240200530143
   0.48369636066379    0.44712431664729   -3.29239868359954
   0.47280151611169    0.43705322593523   -3.29239543590561
   0.46197729526541    0.42704741910532   -3.29230344109324
   0.45101194173608    0.41691115056514   -3.29185864845216
   0.44003345602489    0.40676274276091   -3.29200947190049
   0.42922236807384    0.39676907585448   -3.29238318521120
   0.41832763532647    0.38669808849365   -3.29238030755836
   0.40743292297172    0.37662711998357   -3.29237750391399
   0.39660845611748    0.36662108574624   -3.29228601087030
   0.38556034183745    0.35640831395503   -3.29199871752190
   0.37481900313686    0.34647912259253   -3.29228078961870
   0.36385457000225    0.33634370485646   -3.29143913480182
   0.35295967087464    0.32627256369533   -3.29184052510517
   0.34206535237574    0.31620195926185   -3.29143434280391
   0.33117047525706    0.30613083844556   -3.29183730217061
   0.32027619794671    0.29606027208638   -3.29142984676827
   0.30945137173009    0.28605390565788   -3.29133903564070
   0.29848742624755    0.27591893870277   -3.29049775631204
   0.28751016378416    0.26577166165718   -3.29105605356755
   0.27669805768579    0.25577705358504   -3.29142174258656
   0.26580355391770    0.24570627789048   -3.29141990151863
   0.25490906135626    0.23563551255525   -3.29141813444188
   0.24401457934537    0.22556475697284   -3.29141644135638
   0.23312010722894    0.21549401053677   -3.29141482226224
   0.22229487969865    0.20548727313773   -3.29132463126291
   0.21124940868618    0.19527694475792   -3.29104875150608
   0.20050585602173    0.18534570682828   -3.29132176601151
   0.18954230278682    0.17521110246314   -3.29089559950455
   0.17864823192854    0.16514072694629   -3.29047995071258
   0.16775380858401    0.15507002559451   -3.29047877586012
   0.15685901696811    0.14499898381618   -3.29089417387000
   0.14596497714276    0.13492863698588   -3.29047664807562
   0.13507056773384    0.12485794851604   -3.29047569514375
   0.12417616165792    0.11478726312720   -3.29047481618560
   0.11328175825893    0.10471658021287   -3.29047401120123
   0.10238735688075    0.09464589916658   -3.29047328019076
   0.09156145467470    0.08463853810368   -3.29038400571635
   0.08059853730220    0.07450452152372   -3.28996552921495
   0.06970413623157    0.06443384076171   -3.28996571494145
   0.05880973456190    0.05436315944596   -3.28996597408075
   0.04791533163710    0.04429247696998   -3.28996630664358
   0.03702092680107    0.03422179272729   -3.28996671264067
   0.02612651939772    0.02415110611138   -3.28996719208268
   0.01523210877096    0.01408041651578   -3.28996774498028
   0.00433813783503    0.00401013336620   -3.28954214730614
  -0.00655627624454   -0.00606055942113   -3.28954215603486
  -0.01745069552072   -0.01613125701217   -3.28954223871992
  -0.02834512064960   -0.02620196001339   -3.28954239536140
  -0.03923955228727   -0.03627266903128   -3.28954262595940
  -0.05013399108982   -0.04634338467231   -3.28954293051400
  -0.06096079668197   -0.05635158081673   -3.28945464456790
  -0.07192293813685   -0.06648488014582   -3.28904693482780
  -0.08281740412530   -0.07655562091724   -3.28904814957655
  -0.09379192231286   -0.08670036118036   -3.28918220301369
  -0.10460631553878   -0.09669708345145   -3.28954556263915
  -0.11543347487095   -0.10670560658977   -3.28945759773631
  -0.12639486972052   -0.11683821576402   -3.28861925015938
  -0.13728938629122   -0.12690900329319   -3.28862014614335
  -0.14818391593195   -0.13697980290417   -3.28862111606621
  -0.15907845929880   -0.14705061520344   -3.28862215992804
  -0.16997301704784   -0.15712144079748   -3.28862327772894
  -0.18086758983516   -0.16719228029276   -3.28862446946899
  -0.19176271042437   -0.17726362617090   -3.28906434352904
  -0.20265678314896   -0.18733400341294   -3.28862707476691
  -0.21355140498760   -0.19740488825079   -3.28862848832495
  -0.22444604448884   -0.20747578941578   -3.28862997582251
  -0.23534070230876   -0.21754670751439   -3.28863153725967
  -0.24623537910344   -0.22761764315308   -3.28863317263651
  -0.25713007552896   -0.23768859693832   -3.28863488195314
  -0.26802422940913   -0.24775904919982   -3.28817271139687
  -0.27891896219210   -0.25783003659355   -3.28817456795814
  -0.28976858319436   -0.26785932308614   -3.28808582174648
  -0.30070915189538   -0.27797268076669   -3.28816002542641
  -0.31160337258173   -0.28804319478318   -3.28771664911175
  -0.32249819740681   -0.29811426725976   -3.28771880152754
  -0.33339304645560   -0.30818536212852   -3.28772102786522
  -0.34422186949290   -0.31819542318005   -3.28763436802855
  -0.35526146572698   -0.32840032097058   -3.28736306559803
  -0.36607774550504   -0.33839878715253   -3.28772815041050
  -0.37690683040767   -0.34840909026988   -3.28764165227679
  -0.38794614113127   -0.35861372413724   -3.28737066248048
  -0.39871754526841   -0.36857070770342   -3.28718114508804
  -0.40965782080059   -0.37868379438149   -3.28726307809696
  -0.42055225557489   -0.38875450629884   -3.28681360586959
  -0.43144734900133   -0.39882582706797   -3.28681649678179
  -0.44234247321252   -0.40889717629423   -3.28681946159828
  -0.45323762886453   -0.41896855458409   -3.28682250031913
  -0.46413281661343   -0.42903996254400   -3.28682561294444
  -0.47502803711528   -0.43911140078042   -3.28682879947430
  -0.48592329102614   -0.44918286989983   -3.28683205990880
  -0.49681857900210   -0.45925437050868   -3.28683539424803
  -0.50771390169921   -0.46932590321344   -3.28683880249209
  -0.51860925977354   -0.47939746862056   -3.28684228464105
  -0.52950465388116   -0.48946906733651   -3.28684584069502
  -0.54039940013867   -0.49954006718598   -3.28638549907112
  -0.55129555282051   -0.50961236712073   -3.28685317451833
  -0.56219105896438   -0.51968406940193   -3.28685695228785
  -0.57268389954011   -0.52938355146062   -3.28653737212950
  -0.58398172943546   -0.53982715799225   -3.28547214963135
  -0.59487735190623   -0.54989896780493   -3.28547682894757
  -0.60577301516651   -0.55997081532305   -3.28548096399116
  -0.61666871972617   -0.57004270101791   -3.28548511012560
  -0.62756446622441   -0.58011462548041   -3.28548933013795
  -0.63846025531732   -0.59018658931700   -3.28549362402830
  -0.64935608766093   -0.60025859313414   -3.28549799179675
  -0.66025196391132   -0.61033063753828   -3.28550243344337
  -0.67114714178091   -0.62040203636586   -3.28504296683685
  -0.68204310293819   -0.63047415925712   -3.28504755526559
  -0.69293910997019   -0.64054632455454   -3.28505221756368
  -0.70383516353297   -0.65061853286458   -3.28505695373119
  -0.71473202672693   -0.66069148958997   -3.28552574985227
  -0.72562741287511   -0.67076308094830   -3.28506664767488
  -0.73652360996657   -0.68083542193488   -3.28507160545124
  -0.74741985621304   -0.69090780835988   -3.28507663709739
  -0.75831615227056   -0.70098024082974   -3.28508174261344
  -0.76921249879519   -0.71105271995092   -3.28508692199946
  -0.78010889644298   -0.72112524632987   -3.28509217525556
  -0.79116442470783   -0.73134487153815   -3.28581048927620
  -0.80240526857301   -0.74173580072534   -3.28885815785597
  -0.81378947741584   -0.75225925513470   -3.29486028724546
  -0.81651451866798   -0.75477825735756   -3.29671845270862
  -0.82502431161624   -0.76264462904491   -3.30282378897925
  -0.83536855006760   -0.77220674471279   -3.31032811882973
  -0.83809366704779   -0.77472581693793   -3.31218631084044
  -0.84653005531268   -0.78252433403393   -3.31832678559998
  -0.85715807723540   -0.79234877644444   -3.32586683118666
  -0.85854599278841   -0.79363175238486   -3.32671734134345
  -0.86842355705712   -0.80276247887560   -3.33371449095593
  -0.87896355180460   -0.81250554980230   -3.34126416146320
  -0.87974360811945   -0.81322662644271   -3.34195857692330
  -0.89009513028509   -0.82279547510681   -3.34967766415116
  -0.90021280492919   -0.83214815734551   -3.35662798869119
  -0.90100114028995   -0.83287688705723   -3.35728727028056
  -0.91189791954540   -0.84294976619067   -3.36547387180660
  -0.92012143416481   -0.85055150491287   -3.37114995911566
  -0.92280387067541   -0.85303112371774   -3.37311534144507
  -0.93347982044015   -0.86289987016969   -3.38094269684298
  -0.94165601486777   -0.87045786655652   -3.38651838698587
  -0.94460274402498   -0.87318179497094   -3.38870523757064
  -0.95527380891116   -0.88304602588759   -3.39648303598752
  -0.96162554799618   -0.88891751310328   -3.40044863454154
  -0.96665100981395   -0.89356300222382   -3.40416635512701
  -0.97708820378214   -0.90321104508760   -3.41253759817860
  -0.98253924080431   -0.90824993188058   -3.41625504402204
  -0.98835308569219   -0.91362419481491   -3.42041385920267
  -0.99889316936815   -0.92336734794625   -3.42833607273560
  -1.00298153997943   -0.92714659886569   -3.43112427977808
  -1.01019239476188   -0.93381224446332   -3.43587826959009
  -1.02069803050699   -0.94352355425492   -3.44320678751516
  -1.02421413831858   -0.94677381088360   -3.44569899161090
  -1.03173571288100   -0.95372668289140   -3.45137319878761
  -1.04250404225843   -0.96368082417893   -3.45900662642706
  -1.04522974987194   -0.96620044237991   -3.46086559593891
  -1.05382425981594   -0.97414512565260   -3.46682094206665
  -1.06430714592269   -0.98383540589482   -3.47493916867289
  -1.06622975432093   -0.98561264681733   -3.47617860013495
  -1.07521439421925   -0.99391796251031   -3.48317194480351
  -1.08592596002667   -1.00381963209346   -3.49009615983739
  -1.08670211674603   -1.00453710398488   -3.49075037507133
  -1.09724101688293   -1.01427916306396   -3.49866132410042
  -1.10712314215633   -1.02341410570407   -3.50553723338026
  -1.10791628326950   -1.02414727780763   -3.50611333640290
  -1.11904762991191   -1.03443698880322   -3.51353575747161
  -1.12782518327833   -1.04255087567517   -3.52017641940325
  -1.12972597788536   -1.04430795213650   -3.52146381076421
  -1.14063749216196   -1.05439445218338   -3.52965034409004
  -1.14830133933210   -1.06147883963698   -3.53501333153280
  -1.15176102013739   -1.06467693567756   -3.53767498315539
  -1.16266512354202   -1.07475658518486   -3.54700112211573
  -1.16611734355584   -1.07794778454074   -3.54968259088173
  -1.17360260943926   -1.08486709315091   -3.55625522603224
  -1.18391874034408   -1.09440322647003   -3.56475818665163
  -1.18468598112151   -1.09511245654950   -3.56551320890540
  -1.19536098278305   -1.10498032658386   -3.57515627728851
  -1.20081376378165   -1.11002082549206   -3.57980434435249
  -1.20630563437628   -1.11509745845116   -3.58440398760526
  -1.21716345634337   -1.12513432583765   -3.59382189519743
  -1.21845733754235   -1.12633037731532   -3.59489808180923
  -1.22807827949217   -1.13522388457453   -3.60304553107948
  -1.23566467161109   -1.14223667331525   -3.60962774627855
  -1.23892908902094   -1.14525426972973   -3.61269021938859
  -1.24968414101038   -1.15519613752605   -3.62192335754295
  -1.25258146058579   -1.15787439219285   -3.62430043654805
  -1.26094091827689   -1.16560179539793   -3.63169413154151
  -1.27016410218667   -1.17412761890695   -3.63962354079013
  -1.27171532128836   -1.17556155109502   -3.64105783983050
  -1.28261105163342   -1.18563346062567   -3.65046078196393
  -1.28729280888743   -1.18996123251552   -3.65437550410725
  -1.29348566338497   -1.19568584832927   -3.65980019182618
  -1.30419863520332   -1.20558881761556   -3.66870787479563
  -1.30493312585521   -1.20626777379038   -3.66953016895706
  -1.31512817194481   -1.21569197745762   -3.67863693479808
  -1.32147739276836   -1.22156113681635   -3.68370001329869
  -1.32626143298709   -1.22598345810625   -3.68742424698945
  -1.33692296665814   -1.23583887845827   -3.69659860708622
  -1.33970291310223   -1.23840863451850   -3.69928028990561
  -1.34785210463998   -1.24594166969070   -3.70653240109089
  -1.35637733073654   -1.25382230763359   -3.71352142380136
  -1.35918946956119   -1.25642182202433   -3.71613774694951
  -1.36965795391051   -1.26609878941891   -3.72531450125264
  -1.37378736811821   -1.26991598064862   -3.72895005395046
  -1.38083984355781   -1.27643522188765   -3.73500540784577
  -1.39091333429337   -1.28574706094140   -3.74368248134960
  -1.39168228574275   -1.28645787234976   -3.74442646453783
  -1.40259721902322   -1.29654753289130   -3.75367986724938
  -1.40805159967987   -1.30158951050820   -3.75833008008992
  -1.41379422250293   -1.30689793644301   -3.76332852500954
  -1.42440468742056   -1.31670614932495   -3.77235447145383
  -1.42569969147442   -1.31790323875900   -3.77342954607281
  -1.43532417254232   -1.32680001754530   -3.78158205173012
  -1.44290442167326   -1.33380712776635   -3.78817144343105
  -1.44617152275477   -1.33682720494138   -3.79123201987305
  -1.45694395577425   -1.34678513959661   -3.80046108059577
  -1.46039460768176   -1.34997488940994   -3.80315163487597
  -1.46819180212215   -1.35718254181224   -3.81024810102687
  -1.47688350520395   -1.36521706949738   -3.81785804403112
  -1.47897646439746   -1.36715178107528   -3.81961131591227
  -1.48987345663210   -1.37722485708466   -3.82901937863790
  -1.49455757167211   -1.38155480848947   -3.83293386818213
  -1.50100815341393   -1.38751766491728   -3.83898871958987
  -1.51134778334736   -1.39707552051501   -3.84737063764589
  -1.51209195375322   -1.39776342456235   -3.84815611604541
  -1.52256195008225   -1.40744178961661   -3.85717661431553
  -1.52865428983002   -1.41307349055140   -3.86284720187018
  -1.53376464586437   -1.41779745507854   -3.86687088076254
  -1.54423051478785   -1.42747200479835   -3.87590263059778
  -1.54575769396473   -1.42888371470852   -3.87739392209656
  -1.55533853196227   -1.43774015025556   -3.88576638134346
  -1.56340414462512   -1.44519592591049   -3.89253516590612
  -1.56624989900381   -1.44782651419975   -3.89507022049941
  -1.57697143346977   -1.45773739871607   -3.90463477854510
  -1.58041770975082   -1.46092310374190   -3.90733825176867
  -1.58811167206685   -1.46803532935001   -3.91382827657422
  -1.59745971776178   -1.47667657390599   -3.92234437921105
  -1.59900022978079   -1.47810060856865   -3.92380599624084
  -1.60982881204620   -1.48811044705294   -3.93453818712187
  -1.61205963639607   -1.49017259987051   -3.93698723169814
  -1.62096237879390   -1.49840221029275   -3.94626412589916
  -1.62641910656885   -1.50344635756348   -3.95184616226066
  -1.63169407040722   -1.50832248397951   -3.95779299779569
  -1.64056035362704   -1.51651839188426   -3.96723858776551
  -1.64267969091381   -1.51847748712077   -3.96991388064779
  -1.65348285341178   -1.52846382781373   -3.98108825781020
  -1.65476494836394   -1.52964898419691   -3.98216742744812
  -1.66439816388378   -1.53855383702754   -3.99225127600978
  -1.66858586535542   -1.54242490844983   -3.99673176543557
  -1.67548210454642   -1.54879972638620   -4.00400336739180
  -1.68252720067218   -1.55531214625766   -4.01128091309244
  -1.68660532288802   -1.55908192365780   -4.01588289408367
  -1.69657911501181   -1.56830160226281   -4.02655790605143
  -1.69731197857545   -1.56897905437272   -4.02740233073583
  -1.70807073752525   -1.57892434884796   -4.03872164744997
  -1.71081067978300   -1.58145712541872   -4.04149266262305
  -1.71919520544893   -1.58920770122137   -4.05047002323286
  -1.72465293037025   -1.59425277024472   -4.05605348173829
  -1.72993880066251   -1.59913897848303   -4.06198287247322
  -1.73880390032647   -1.60733379232000   -4.07143174856572
  -1.74092365499294   -1.60929327337833   -4.07410769014909
  -1.75159532470278   -1.61915806338822   -4.08451409156572
  -1.75305874563048   -1.62051083577908   -4.08618152283970
  -1.76264955231478   -1.62937648628537   -4.09644974718399
  -1.76682843749636   -1.63323940801296   -4.10094880528303
  -1.77388602138220   -1.63976337145111   -4.10805341443103
  -1.78123192265223   -1.64655385273778   -4.11585978994855
  -1.78459247081405   -1.64966031150534   -4.11961048262321
  -1.79520983018748   -1.65947489755665   -4.13035703025748
  -1.79592571594637   -1.66013665554528   -4.13123076655880
  -1.80633087973068   -1.66975509001165   -4.14293189863039
  -1.80907133381735   -1.67228833971219   -4.14570365126131
  -1.81724143598781   -1.67984070447444   -4.15414297192050
  -1.82342435199042   -1.68555613323797   -4.16058302480891
  -1.82835498525000   -1.69011396374098   -4.16605019771563
  -1.83707388952289   -1.69817363594852   -4.17547259549118
  -1.83908001772037   -1.70002808177932   -4.17740850903800
  -1.84998910099540   -1.71011233463146   -4.18862624326428
  -1.85198547791575   -1.71195776647440   -4.19057767339881
  -1.86091954650222   -1.72021633452755   -4.20067543459159
  -1.86565566065981   -1.72459435342224   -4.20540377212473
  -1.87191437957636   -1.73037985367866   -4.21177126342378
  -1.87949402595354   -1.73738640671985   -4.22010593087897
  -1.88286505819944   -1.74050255687504   -4.22384299149653
  -1.89315014168254   -1.75000999025273   -4.23479034996642
  -1.89390100309141   -1.75070407939964   -4.23559361885317
  -1.90462912676773   -1.76062105491936   -4.24611500779031
  -1.90816188877701   -1.76388670653004   -4.24960138174693
  -1.91579806069471   -1.77094551124342   -4.25811696795208
  -1.92174505583920   -1.77644285700892   -4.26486564447012
  -1.92662396016090   -1.78095286977362   -4.27031364078485
  -1.93535462764115   -1.78902341577819   -4.27956493853293
  -1.93740213902396   -1.79091611583202   -4.28142716749309
  -1.94843677970530   -1.80111643275672   -4.29262262057559
  -1.95041988246659   -1.80294959409324   -4.29459632764531
  -1.95920780948256   -1.81107307026818   -4.30399949746106
  -1.96466867081532   -1.81612103856045   -4.30958561128875
  -1.97020466732897   -1.82123846109952   -4.31602849832348
  -1.97832632140023   -1.82874604089953   -4.32459506827979
  -1.98098962729931   -1.83120797554902   -4.32745677033371
  -1.99182469801177   -1.84122381189206   -4.33869021988712
  -1.99255189536849   -1.84189602621417   -4.33953822809256
  -2.00279724004304   -1.85136672541508   -4.35053023126550
  -2.00634610159604   -1.85464725929089   -4.35396067233092
  -2.01415156548225   -1.86186255589029   -4.36216914768851
  -2.02075142956650   -1.86796340749600   -4.36907264891884
  -2.02488521990354   -1.87178464397807   -4.37369484961172
  -2.03437917080090   -1.88056076191586   -4.38398092158722
  -2.03565216897731   -1.88173750932603   -4.38507341625723
  -2.04644996515679   -1.89171888944520   -4.39638815213227
  -2.04863738209626   -1.89374091686535   -4.39891751856266
  -2.05747760855663   -1.90191273814942   -4.40843865961374
  -2.06285598236705   -1.90688445576035   -4.41416606632079
  -2.06836832542157   -1.91198001326671   -4.41953676382929
  -2.07734172273889   -1.92027493642471   -4.42887822234912
  -2.07947722035578   -1.92224897011672   -4.43157699995154
  -2.09014154641514   -1.93210697172594   -4.44298175675193
  -2.09143277754590   -1.93330057350574   -4.44405178206697
  -2.10108942673559   -1.94222708819797   -4.45405934561221
  -2.10532640444640   -1.94614371010722   -4.45843992464022
  -2.11224317092614   -1.95253750327410   -4.46592314376470
  -2.11907190795154   -1.95884992285042   -4.47337387289630
  -2.12320598908340   -1.96267142814045   -4.47799756691522
  -2.13209569468164   -1.97088898746910   -4.48846022651901
  -2.13414491611477   -1.97278326827719   -4.49125353556443
  -2.14193128484868   -1.97998091349937   -4.50339721048187
  -2.14506075375704   -1.98287376480220   -4.50819294572638
  -2.15086972331214   -1.98824352102526   -4.51830873985742
  -2.15603814258978   -1.99302115866241   -4.52679736641045
  -2.16007343990367   -1.99675134913039   -4.53338535218433
  -2.16687447416814   -2.00303816053790   -4.54460453332843
  -2.16896636565844   -2.00497188514112   -4.54828293072650
  -2.17735802999708   -2.01272905986494   -4.56294773586664
  -2.17800400614279   -2.01332619407188   -4.56392030917215
  -2.18576818243574   -2.02050332481264   -4.57755099557813
  -2.18899011109169   -2.02348164502700   -4.58254558741932
  -2.19504200459899   -2.02907595784168   -4.59300717766797
  -2.19977418692773   -2.03345034219116   -4.60127782298725
  -2.20333332946426   -2.03674037971038   -4.60763862303666
  -2.21066164527775   -2.04351460516824   -4.62003090509916
  -2.21207335442079   -2.04481957567705   -4.62277950168590
  -2.22090640191729   -2.05298476079518   -4.63766382251441
  -2.22154801120414   -2.05357785831930   -4.63864047074387
  -2.22976675496789   -2.06117518690789   -4.65255811620140
  -2.23253737029919   -2.06373631737619   -4.65715989489514
  -2.23833368997236   -2.06909438016868   -4.66728156421598
  -2.24344426785354   -2.07381854976892   -4.67590808876694
  -2.24738105152077   -2.07745767515862   -4.68259415483581
  -2.25433281818650   -2.08388382216465   -4.69455042011379
  -2.25577573289854   -2.08521763880473   -4.69726321918095
  -2.26465107640668   -2.09342192195386   -4.71216159477669
  -2.26546023068819   -2.09416989647797   -4.71388766011426
  -2.27303251872454   -2.10116964753887   -4.72682897027935
  -2.27645402497684   -2.10433245538565   -4.73239770240914
  -2.28207750305366   -2.10953074504991   -4.74178302489131
  -2.28726432490214   -2.11432539384857   -4.75027381731719
  -2.29082448225890   -2.11761636945797   -4.75663661802906
  -2.29808182438525   -2.12432498751427   -4.76905718345501
  -2.29952495158295   -2.12565900057408   -4.77177040835543
  -2.30845440389006   -2.13391330138248   -4.78668599044112
  -2.30923669989980   -2.13463644837555   -4.78844111550504
  -2.31726624930343   -2.14205888749656   -4.80157056487503
  -2.32001888628760   -2.14460339895172   -4.80625068366994
  -2.32571982675680   -2.14987329411496   -4.81659599366050
  -2.33098127042174   -2.15473692261123   -4.82576265139454
  -2.33437386734258   -2.15787300694687   -4.83138048760136
  -2.34183702842028   -2.16477188208482   -4.84357595327305
  -2.34328037138471   -2.16610609459734   -4.84628960983038
  -2.35196165510097   -2.17413099072004   -4.86142131468680
  -2.35274071904088   -2.17485115001848   -4.86309250567820
  -2.36054431335483   -2.18206471840305   -4.87586530836750
  -2.36394409266386   -2.18520744207006   -4.88152897380247
  -2.36947164792212   -2.19031706159291   -4.89111870950664
  -2.37457373406934   -2.19503338151502   -4.89954467154238
  -2.37813493721103   -2.19832532383806   -4.90590952929341
  -2.38576541123354   -2.20537886147132   -4.91886040549255
  -2.38704208813992   -2.20655900946449   -4.92082098704698
  -2.39525461574585   -2.21415059189589   -4.93572888510177
  -2.39650643940877   -2.21530776578713   -4.93762695254599
  -2.40422071485347   -2.22243876865825   -4.95066494495703
  -2.40750727680940   -2.22547683528055   -4.95627021590351
  -2.41297835960551   -2.23053425219635   -4.96558824233848
  -2.41841479915785   -2.23555964522701   -4.97498113528233
  -2.42172481139629   -2.23861938906749   -4.98068376075507
  -2.42933828908874   -2.24565721545485   -4.99362381586338
  -2.43060661922454   -2.24682964777267   -4.99559161642197
  -2.43902377682830   -2.25461038822837   -5.01027500718620
  -2.44027857948142   -2.25577031586982   -5.01217378580738
  -2.44798840614542   -2.26289720633036   -5.02521262674473
  -2.45131350928139   -2.26597090005303   -5.03073590056021
  -2.45699441594229   -2.27122227615436   -5.04020101447334
  -2.46218670609031   -2.27602197979712   -5.04953366398891
  -2.46549721205203   -2.27908218003071   -5.05523724461979
  -2.47311229509766   -2.28612149039128   -5.06817961055341
  -2.47391264829901   -2.28686132928058   -5.06992202995226
  -2.48279944488972   -2.29507619955033   -5.08483366223960
  -2.48423646048317   -2.29640456310128   -5.08752040990048
  -2.49167832244548   -2.30328374953947   -5.09974399367132
  -2.49505679684778   -2.30640677915327   -5.10538217364355
  -2.50052951492192   -2.31146570770453   -5.11470334777894
  -2.50613017174677   -2.31664290162046   -5.12486268674651
  -2.50881197785972   -2.31912193769175   -5.12957910331736
  -2.51689288258067   -2.32659184917979   -5.14274806343057
  -2.51769337191508   -2.32733181390919   -5.14449076674252
  -2.52658171608904   -2.33554811475019   -5.15940501279243
  -2.52801992271973   -2.33687757928463   -5.16209241775173
  -2.53498795049742   -2.34331875790794   -5.17409013376812
  -2.53900918609849   -2.34703594986228   -5.18070713154158
  -2.54384047874749   -2.35150195084944   -5.18905205333725
  -2.54975028658792   -2.35696492102467   -5.19867672876544
  -2.55306180197186   -2.36002605435856   -5.20438225683697
  -2.56068014783714   -2.36706838083859   -5.21732933673115
  -2.56194903029989   -2.36824132372218   -5.21929816526876
  -2.56982796231668   -2.37552453356292   -5.23374816205265
  -2.57181043996854   -2.37735711705423   -5.23673458080097
  -2.57906338099884   -2.38406166677920   -5.24913513807376
  -2.58265282223171   -2.38737971212523   -5.25540966742691
  -2.58759932063964   -2.39195220822052   -5.26361765636908
  -2.59370724408709   -2.39759831457912   -5.27403169631219
  -2.59638988727534   -2.40007812443484   -5.27874973638681
  -2.60458978212403   -2.40765802926558   -5.29268838673621
  -2.60524023571474   -2.40825930238009   -5.29365926716881
  -2.61349915326283   -2.41589376723294   -5.30858909345769
  -2.61540551251776   -2.41765598760188   -5.31149121182490
  -2.62244142261908   -2.42415991599970   -5.32326461400989
  -2.62649272638515   -2.42790490267987   -5.33009270602473
  -2.63109543123510   -2.43215959927907   -5.33866170958404
  -2.63732568718344   -2.43791878863832   -5.34875527388967
  -2.64012846923396   -2.44050965371601   -5.35334196972363
  -2.64823844351353   -2.44800643682764   -5.36751155913907
  -2.64886794828277   -2.44858834505077   -5.36850025934644
  -2.65773219680494   -2.45678237210036   -5.38341836475084
  -2.65920971395192   -2.45814817490229   -5.38610238891278
  -2.66619882940748   -2.46460884677452   -5.39812323802190
  -2.67025932166531   -2.46836232720910   -5.40462563717492
  -2.67520737645283   -2.47293626200690   -5.41283657164852
  -2.68131170415541   -2.47857904449312   -5.42325311345222
  -2.68399520840637   -2.48105965030703   -5.42797281759202
  -2.69204588166554   -2.48850161611926   -5.44213225153889
  -2.69267548362462   -2.48908361418376   -5.44312113205486
  -2.70105765604376   -2.49683201466745   -5.45781145797231
  -2.70302090805513   -2.49864682615949   -5.46072692497046
  -2.71000915461409   -2.50510669483196   -5.47274943624740
  -2.71395224320738   -2.50875164843536   -5.47944763826989
  -2.71869027298567   -2.51313143811161   -5.48789937910934
  -2.72494962793831   -2.51891752631374   -5.49800461206252
  -2.72775330066698   -2.52150921472585   -5.50259298249260
  -2.73584888896174   -2.52899269956990   -5.51581068316771
  -2.73715038674248   -2.53019579174333   -5.51775352001018
  -2.74606572226034   -2.53843704312598   -5.53268458800487
  -2.74670298538091   -2.53902612309533   -5.53367530285152
  -2.75382658428391   -2.54561111018764   -5.54738916534865
  -2.75793557924311   -2.54940942605820   -5.55485314117307
  -2.76250913361674   -2.55363717623427   -5.56254185556905
  -2.76865855796034   -2.55932164562666   -5.57280421121691
  -2.77139761520326   -2.56185360409813   -5.57746995949499
  -2.77964770280520   -2.56947990663270   -5.59142561413077
  -2.78029494905427   -2.57007821491110   -5.59240052997885
  -2.78870189701437   -2.57784951766929   -5.60710034135921
  -2.79081164603387   -2.57979974960270   -5.61082316710148
  -2.79700709072817   -2.58552675976971   -5.62205558972687
  -2.80163053603950   -2.58980062865420   -5.62961458282518
  -2.80632059065449   -2.59413607054565   -5.63719556829507
  -2.81248686520619   -2.59983611611020   -5.64746268223508
  -2.81522637783484   -2.60236849553590   -5.65212929567780
  -2.82327860433507   -2.60981189714939   -5.66631054927188
  -2.82392149879194   -2.61040618267246   -5.66728957272892
  -2.83236932754404   -2.61821527524606   -5.68199966776613
  -2.83443856280490   -2.62012805664620   -5.68569718969166
  -2.84070328381327   -2.62591910517923   -5.69669772372729
  -2.84546467283447   -2.63032048791752   -5.70428367763958
  -2.84967808908484   -2.63421532983676   -5.71163700937449
  -2.85649057816841   -2.64051272997014   -5.72288588057294
  -2.85858757754117   -2.64245117625133   -5.72657420149034
  -2.86713504770043   -2.65035237639428   -5.74096857280011
  -2.86775877666221   -2.65092894551591   -5.74196271170177
  -2.87570126362402   -2.65827090494353   -5.75644381883300
  -2.87827760097235   -2.66065244669163   -5.76037663403411
  -2.88454812374836   -2.66644885832350   -5.77137984327061
  -2.88947488473678   -2.67100310933587   -5.77971428753866
  -2.89352035591967   -2.67474270443161   -5.78632153327072
  -2.90019428300759   -2.68091201917371   -5.79774076261904
  -2.90223514378630   -2.68279857147235   -5.80148978261662
  -2.91096100477145   -2.69086467439855   -5.81567647437862
  -2.91160672178601   -2.69146156906711   -5.81665956410717
  -2.91959350450930   -2.69884447507546   -5.83114845213026
  -2.92233051155042   -2.70137453835987   -5.83575229112786
  -2.92851866748513   -2.70709481086682   -5.84609666928468
  -2.93306270777198   -2.71129527850170   -5.85377887930215
  -2.93717462289460   -2.71509629374355   -5.86124851529375
  -2.94398990970608   -2.72139628007000   -5.87248681324826
  -2.94607614345764   -2.72332477471332   -5.87618959640407
  -2.95450664786852   -2.73111785283063   -5.89090336550217
  -2.95514985668879   -2.73171242894823   -5.89188296218550
  -2.96340327229122   -2.73934180785482   -5.90584440223563
  -2.96610548182272   -2.74183970465221   -5.91059600203867
  -2.97208955980571   -2.74737132944102   -5.92101895859175
  -2.97697503364879   -2.75188741500882   -5.92935072437200
  -2.98102188192699   -2.75562828307836   -5.93596053759778
  -2.98769411638958   -2.76179603317370   -5.94735910397133
  -2.98972844695743   -2.76367654900751   -5.95113479195836
  -2.99816143188353   -2.77147192008949   -5.96584867967709
  -2.99880410292248   -2.77206599908716   -5.96682442432915
  -3.00706820100943   -2.77970525278087   -5.98079451472082
  -3.00985940029243   -2.78228541085839   -5.98539985565190
  -3.01601728371103   -2.78797769973928   -5.99575232782832
  -3.02083940821623   -2.79243522578149   -6.00407709687542
  -3.02488695890435   -2.79617674315209   -6.01068821482175
  -3.03168117038966   -2.80245724764742   -6.02290092678096
  -3.03360883854796   -2.80423916576403   -6.02587142929153
  -3.04203718725300   -2.81203025116735   -6.04058242426636
  -3.04267248771210   -2.81261751687109   -6.04155816404601
  -3.05109098902232   -2.82039949943626   -6.05530260141131
  -3.05383433272875   -2.82293542027384   -6.06005473206776
  -3.05932001100479   -2.82800632911251   -6.07024998087647
  -3.06448325951921   -2.83277918694531   -6.07997916680449
  -3.06712977434538   -2.83522560008665   -6.08556412234010
  -3.07048274222377   -2.83832505171227   -6.10082668795758
  -3.07127658546829   -2.83905887285937   -6.11536281916184
  -3.07130363803880   -2.83908387999833   -6.13026035024674
  -3.07032064412876   -2.83817520977453   -6.14506839887844
  -3.07032939080162   -2.83818329511575   -6.16009482501336
  -3.06967601568133   -2.83757932136707   -6.17496149401535
  -3.06936107376871   -2.83728819205762   -6.18985161788650
  -3.06903919521912   -2.83699065058691   -6.20484708639587
  -3.06872888614810   -2.83670380383218   -6.21968709220694
  -3.06807115752402   -2.83609580574600   -6.23460427127007
  -3.06809118301505   -2.83611431711949   -6.24960576912588
  -3.06610534104913   -2.83427862368826   -6.26428115128501
  -3.06405390757447   -2.83238229809002   -6.27140602967082
  -3.06108137609567   -2.82963451825486   -6.27910926969212
  -3.05346611080319   -2.82259503942704   -6.29063650016767
  -3.05193316981239   -2.82117800335087   -6.29319551765365
  -3.04255982840131   -2.81251337567539   -6.30551673421028
  -3.04051490633467   -2.81062306916081   -6.30830680936781
  -3.03175381616663   -2.80252440071292   -6.32058429625331
  -3.02974552463453   -2.80066795511616   -6.32342097629067
  -3.02082830518195   -2.79242496224217   -6.33533160060567
  -3.01874923815796   -2.79050309245367   -6.33807192608907
  -3.00967173232741   -2.78211193237595   -6.35085866134041
  -3.00830847629943   -2.78085175146599   -6.35271884587779
  -2.99903491248442   -2.77227935725160   -6.36522837968406
  -2.99702666062663   -2.77042294832941   -6.36806525853322
  -2.98811098863642   -2.76218138591491   -6.37997644774832
  -2.98655571691376   -2.76074370752254   -6.38248648344558
  -2.97695389566936   -2.75186787526161   -6.39550478416776
  -2.97559066410683   -2.75060771696728   -6.39736510431682
  -2.96597799814198   -2.74172185994989   -6.41130633933289
  -2.96530859280847   -2.74110306802453   -6.41225203393131
  -2.95514413664478   -2.73170714139394   -6.42620312695041
  -2.95446252837494   -2.73107706919026   -6.42713333335223
  -2.94440814121039   -2.72178288929590   -6.44038741202245
  -2.94304493274063   -2.72052275234831   -6.44224787002098
  -2.93350250932708   -2.71170182687745   -6.45527128093625
  -2.93213930820596   -2.71044169672287   -6.45713178532298
  -2.92253318592676   -2.70156188862626   -6.47107319529472
  -2.92186473046386   -2.70094397475226   -6.47202008291231
  -2.91152170159266   -2.69138297720878   -6.48573944197941
  -2.91032823171552   -2.69027974500227   -6.48690073440641
  -2.90072169865551   -2.68139955718379   -6.50084296233986
  -2.90005325050993   -2.68078165007385   -6.50178989636499
  -2.88988235174933   -2.67137976796794   -6.51574305927371
  -2.88920076484224   -2.67074971551179   -6.51667340596779
  -2.87888799288015   -2.66121668716739   -6.52949975524830
  -2.87750203957232   -2.65993552510775   -6.53132724570805
  -2.86817069956530   -2.65130972313083   -6.54173704651759
  -2.86405866145837   -2.64750859420345   -6.54635163794188
  -2.85725539165610   -2.64121971628605   -6.55255584024386
  -2.84766993868732   -2.63235901470347   -6.56095188007277
  -2.84635783426771   -2.63114611785392   -6.56198785998827
  -2.83566057657222   -2.62125767455339   -6.57065040077123
  -2.82935469189755   -2.61542857471863   -6.57603024570041
  -2.82453717546737   -2.61097530833716   -6.58045432877329
  -2.81368491775602   -2.60094358449577   -6.58887875012520
  -2.81099194609836   -2.59845422710112   -6.59082404514490
  -2.80281806126588   -2.59089836568207   -6.59729384466502
  -2.79245697697254   -2.58132067787804   -6.60543231159161
  -2.79172487146856   -2.58064392651126   -6.60624201317673
  -2.78103963446564   -2.57076659502466   -6.61314956207754
  -2.77196802199971   -2.56238088271714   -6.62027504350666
  -2.76988970998944   -2.56045971085614   -6.62205894362492
  -2.75920780330274   -2.55058545788218   -6.62986935882100
  -2.75220238350826   -2.54410971443409   -6.63544735412203
  -2.74819980847533   -2.54040977213150   -6.63904947088437
  -2.73741658197365   -2.53044186008395   -6.64681880655684
  -2.73323278603523   -2.52657439889944   -6.65031517822851
  -2.72632010180285   -2.52018437932319   -6.65571977890979
  -2.71540999987220   -2.51009918483547   -6.66387030987921
  -2.71404532752238   -2.50883769469107   -6.66479881208665
  -2.70457322842561   -2.50008177634997   -6.67160221584869
  -2.69423368332380   -2.49052399916979   -6.67989621504189
  -2.69349339557130   -2.48983968421029   -6.68069660533173
  -2.68279902050730   -2.47995390558690   -6.68839451403918
  -2.67505914109450   -2.47279923465112   -6.69471584117796
  -2.67176288635798   -2.46975220811460   -6.69754593444798
  -2.66096866141095   -2.45977412920875   -6.70511768575966
  -2.65527408994535   -2.45451012149188   -6.70957951389722
  -2.64988209840637   -2.44952581578214   -6.71421949713279
  -2.63917740351408   -2.43963049760761   -6.72206956669909
  -2.63634013746763   -2.43700775585197   -6.72459364996296
  -2.62808848097429   -2.42938000304910   -6.73076310520209
  -2.61722550530840   -2.41933837163243   -6.73857895979969
  -2.61648359439812   -2.41865255624131   -6.73937239654100
  -2.60647859823486   -2.40940403291892   -6.74590511092563
  -2.59555859483567   -2.39930968560783   -6.75146935392509
  -2.59016084216952   -2.39432005436692   -6.75420718184466
  -2.58464456015145   -2.38922085572011   -6.75673234277861
  -2.57382284694035   -2.37921736692432   -6.76066450820297
  -2.56279648944700   -2.36902470689984   -6.76511384135384
  -2.55326439165914   -2.36021332633918   -6.76919851260140
  -2.55187344863390   -2.35892755183222   -6.77003345820759
  -2.54105895939920   -2.34893074081151   -6.77456061237689
  -2.53013599153071   -2.33883365317320   -6.77825987942064
  -2.51910974710084   -2.32864109766353   -6.78270938020506
  -2.51771085789263   -2.32734797778058   -6.78348759382367
  -2.50825726005993   -2.31860916183207   -6.78745574565773
  -2.49736339603557   -2.30853897751053   -6.79146700536131
  -2.48638084763875   -2.29838681419833   -6.79639710124690
  -2.48159354374235   -2.29396147599583   -6.79819870788543
  -2.47532546005325   -2.28816731903270   -6.80108223451033
  -2.46460979801474   -2.27826186293248   -6.80512365420132
  -2.45368758473010   -2.26816547282430   -6.80882388102426
  -2.44457681724819   -2.25974356599231   -6.81316779643606
  -2.44254556284852   -2.25786589373912   -6.81415012340643
  -2.43193903556704   -2.24806132077060   -6.81829627290218
  -2.42082112731088   -2.23778403209148   -6.82254076158947
  -2.40990107449327   -2.22768963909847   -6.82717452205005
  -2.40850368235050   -2.22639790308858   -6.82795907054628
  -2.39905008170314   -2.21765908453823   -6.83192294874497
  -2.38815680028483   -2.20758943877218   -6.83593492278477
  -2.37724594818864   -2.19750355083857   -6.84032789286567
  -2.37102586624631   -2.19175376623375   -6.84279669573834
  -2.36624085782497   -2.18733054994656   -6.84461158327402
  -2.35906345099491   -2.18069582331810   -6.84629905659640
      
      
