# shadow point cont 2D ind 290  size 1164
# norm -0.6494480 -0.7604060  0.0000000
# angle  2.2776547
   3.45351930  -6.84531103
   3.45377780  -6.84509620
   3.45978470  -6.84342431
   3.47461131  -6.83948458
   3.48939987  -6.83551604
   3.50424102  -6.83169122
   3.50895206  -6.83003580
   3.51923401  -6.82652140
   3.53412909  -6.82205955
   3.54900539  -6.81836092
   3.55929306  -6.81564066
   3.56399186  -6.81384481
   3.57875307  -6.80909780
   3.59360908  -6.80522988
   3.60841144  -6.80133393
   3.61214646  -6.80043224
   3.62336073  -6.79690085
   3.63825569  -6.79243945
   3.65302666  -6.78923519
   3.66335235  -6.78573507
   3.66802386  -6.78402742
   3.68288295  -6.77948057
   3.69774130  -6.77561410
   3.71252977  -6.77164643
   3.71444275  -6.77093758
   3.72751165  -6.76652291
   3.74239007  -6.76282602
   3.75723940  -6.75890591
   3.76572348  -6.75603296
   3.77212315  -6.75339766
   3.78699945  -6.74876817
   3.80172478  -6.74369452
   3.80644802  -6.74104082
   3.81659108  -6.73533362
   3.83146021  -6.72790583
   3.83517752  -6.72604890
   3.84645378  -6.71977776
   3.86101227  -6.71267695
   3.86382539  -6.71093358
   3.87612521  -6.70389317
   3.89020341  -6.69669463
   3.89121742  -6.69592942
   3.90573098  -6.68878142
   3.91878630  -6.68143443
   3.92061636  -6.68045579
   3.93542963  -6.67286034
   3.94678196  -6.66679047
   3.95047372  -6.66488539
   3.96539466  -6.65661290
   3.97456854  -6.65175766
   3.98032877  -6.64841389
   3.99497363  -6.64147043
   4.00253533  -6.63703666
   4.01001071  -6.63248873
   4.02456785  -6.62538897
   4.03106017  -6.62175210
   4.03967904  -6.61660627
   4.05449378  -6.60997930
   4.05922944  -6.60732827
   4.06949051  -6.60092200
   4.08423090  -6.59326368
   4.08605972  -6.59228479
   4.09909968  -6.58490615
   4.11312844  -6.57759296
   4.11411268  -6.57673730
   4.12849461  -6.56681616
   4.13409249  -6.56223644
   4.14352437  -6.55313258
   4.14979144  -6.54731946
   4.15814616  -6.53894641
   4.16464430  -6.53243412
   4.17311435  -6.52415051
   4.18054495  -6.51760440
   4.18808833  -6.51034246
   4.19551485  -6.50290020
   4.20271042  -6.49615730
   4.21106532  -6.48778495
   4.21774287  -6.48142290
   4.22708314  -6.47313676
   4.23255871  -6.46747610
   4.24240024  -6.45778891
   4.24713119  -6.45318944
   4.25771698  -6.44337579
   4.26227559  -6.43864729
   4.27234086  -6.42825634
   4.27706457  -6.42366964
   4.28816340  -6.41337288
   4.29199241  -6.40978460
   4.30344649  -6.39896092
   4.30715995  -6.39524047
   4.31901606  -6.38386213
   4.32184772  -6.38112177
   4.33408262  -6.36918687
   4.33681789  -6.36635010
   4.34921306  -6.35381816
   4.35108735  -6.35103912
   4.35911214  -6.33901583
   4.36307101  -6.32434153
   4.36349946  -6.30942122
   4.36346249  -6.29449818
   4.36342559  -6.27957553
   4.36338878  -6.26465326
   4.36335205  -6.24973138
   4.36284991  -6.23480682
   4.36281334  -6.21988572
   4.36277686  -6.20496499
   4.36274045  -6.19004466
   4.36270413  -6.17512470
   4.36202496  -6.16024686
   4.35844366  -6.14567486
   4.35170624  -6.13084430
   4.35003410  -6.12911866
   4.33971855  -6.11608368
   4.33505087  -6.11052228
   4.32751129  -6.10123640
   4.32009833  -6.09267048
   4.31464518  -6.08601697
   4.30525278  -6.07493006
   4.30244149  -6.07129959
   4.29022825  -6.05725487
   4.28930798  -6.05630872
   4.27731333  -6.04117432
   4.27552917  -6.03936148
   4.26425742  -6.02623278
   4.26044538  -6.02166411
   4.25194950  -6.01146746
   4.24544304  -6.00392463
   4.23904567  -5.99632655
   4.23047829  -5.98627732
   4.22663526  -5.98147931
   4.21547720  -5.96755872
   4.21456560  -5.96660677
   4.20152071  -5.95168263
   4.20056467  -5.95067426
   4.18936530  -5.93672686
   4.18574501  -5.93291231
   4.17649957  -5.92158015
   4.17098938  -5.91499159
   4.16350720  -5.90668963
   4.15586478  -5.89741902
   4.15126719  -5.89164761
   4.14116957  -5.87945682
   4.13853971  -5.87656639
   4.12682875  -5.86202928
   4.12587657  -5.86102068
   4.11378408  -5.84710487
   4.11105412  -5.84418395
   4.10091714  -5.83191865
   4.09619068  -5.82641627
   4.08855458  -5.81720466
   4.08119435  -5.80869484
   4.07571044  -5.80201819
   4.06630554  -5.79093814
   4.06271757  -5.78713903
   4.05164604  -5.77387924
   4.05053619  -5.77215501
   4.03815527  -5.75745235
   4.03636798  -5.75547975
   4.02534798  -5.74227645
   4.02153120  -5.73770944
   4.01230262  -5.72735105
   4.00653753  -5.71999240
   4.00015576  -5.71239352
   3.99165793  -5.70223770
   3.98737810  -5.69724426
   3.97701824  -5.68519362
   3.97491593  -5.68240793
   3.96285493  -5.66759728
   3.96195409  -5.66669428
   3.94979756  -5.65265989
   3.94688353  -5.64902490
   3.93741764  -5.63796307
   3.93189336  -5.63131164
   3.92461216  -5.62278617
   3.91702467  -5.61355840
   3.91247993  -5.60784386
   3.90234373  -5.59561052
   3.89969233  -5.59271844
   3.88797396  -5.57822141
   3.88706422  -5.57719450
   3.87494072  -5.56330021
   3.87231986  -5.56024743
   3.86213399  -5.54812963
   3.85738460  -5.54260702
   3.84907116  -5.53318377
   3.84240523  -5.52490010
   3.83695288  -5.51826144
   3.82775402  -5.50788804
   3.82389218  -5.50331676
   3.81287889  -5.49011068
   3.81179645  -5.48842790
   3.79965056  -5.47346416
   3.79787805  -5.47152138
   3.78660419  -5.45854391
   3.78277557  -5.45396532
   3.77354627  -5.44360133
   3.76802875  -5.43700816
   3.76143729  -5.42869778
   3.75275633  -5.41870243
   3.74837488  -5.41374488
   3.73801369  -5.40077057
   3.73627427  -5.39885828
   3.72413455  -5.38389079
   3.72325943  -5.38291239
   3.71177005  -5.36922133
   3.70817809  -5.36534511
   3.69897471  -5.35406250
   3.69353821  -5.34832567
   3.68591854  -5.33911140
   3.67850220  -5.32975246
   3.67381009  -5.32422053
   3.66327569  -5.31235729
   3.66053455  -5.30954055
   3.64926837  -5.29455798
   3.64841111  -5.29356939
   3.63627331  -5.27968013
   3.63359016  -5.27674695
   3.62347801  -5.26452070
   3.61873158  -5.25900202
   3.61042937  -5.24957231
   3.60415389  -5.24192182
   3.59765118  -5.23444273
   3.58889023  -5.22357578
   3.58527052  -5.21975463
   3.57379078  -5.20602707
   3.57289221  -5.20506562
   3.56075760  -5.19012780
   3.55900808  -5.18817193
   3.54799675  -5.17499792
   3.54417049  -5.17042251
   3.53495410  -5.16006724
   3.52921041  -5.15273363
   3.52283999  -5.14515862
   3.51433932  -5.13500178
   3.50979884  -5.13023158
   3.49944409  -5.11726609
   3.49768255  -5.11535215
   3.48557511  -5.10039821
   3.48470051  -5.09942049
   3.47253108  -5.08549367
   3.46962073  -5.08186370
   3.46015845  -5.07081605
   3.45489250  -5.06492836
   3.44714075  -5.05592297
   3.43995683  -5.04723969
   3.43434768  -5.04072815
   3.42510561  -5.02855696
   3.42245313  -5.02563177
   3.41054580  -5.01140367
   3.40960213  -5.01031303
   3.39708153  -4.99600736
   3.39508053  -4.99332621
   3.38468910  -4.98131028
   3.38035554  -4.97639958
   3.37193436  -4.96618433
   3.36550687  -4.95865249
   3.35915838  -4.95104962
   3.35063436  -4.94092159
   3.34679130  -4.93635940
   3.33556227  -4.92242506
   3.33466411  -4.92148480
   3.32185890  -4.90634286
   3.32069379  -4.90471212
   3.30953205  -4.89164412
   3.30593998  -4.88780120
   3.29650422  -4.87672473
   3.29099328  -4.87014044
   3.28348406  -4.86180103
   3.27623578  -4.85233726
   3.27161743  -4.84669036
   3.26127634  -4.83466474
   3.25877738  -4.83176675
   3.24712583  -4.81713086
   3.24619500  -4.81619901
   3.23411215  -4.80219900
   3.23143466  -4.79930538
   3.22108948  -4.78728308
   3.21649102  -4.78164862
   3.20828726  -4.77216722
   3.20145341  -4.76407305
   3.19596459  -4.75746592
   3.18695244  -4.74606577
   3.18340222  -4.74215300
   3.17194316  -4.72840198
   3.17101249  -4.72747033
   3.15870835  -4.71277107
   3.15693854  -4.71083183
   3.14569060  -4.69785905
   3.14199905  -4.69317755
   3.13357523  -4.68296711
   3.12715130  -4.67544008
   3.12080207  -4.66784129
   3.11228279  -4.65771971
   3.10843347  -4.65317204
   3.09719864  -4.64019145
   3.09552559  -4.63822549
   3.08350740  -4.62316154
   3.08257689  -4.62223011
   3.07120221  -4.60847315
   3.06761202  -4.60463271
   3.05818870  -4.59356449
   3.05268078  -4.58698432
   3.04534706  -4.57846413
   3.03766983  -4.57031531
   3.03042192  -4.56357993
   3.02305725  -4.55697566
   3.01343422  -4.54894180
   3.00777802  -4.54438062
   2.99408946  -4.53380347
   2.99311370  -4.53292881
   2.97818670  -4.52087600
   2.97551793  -4.51884290
   2.96337180  -4.50960174
   2.95671355  -4.50421321
   2.94845796  -4.49755594
   2.93821583  -4.48914650
   2.93342246  -4.48563498
   2.91968637  -4.47419039
   2.91871073  -4.47331586
   2.90401386  -4.46191213
   2.90111562  -4.45923250
   2.88919567  -4.45062592
   2.88157778  -4.44437561
   2.87406142  -4.43794861
   2.86293345  -4.42950394
   2.85921412  -4.42670987
   2.84493605  -4.41500073
   2.84400595  -4.41406978
   2.82945869  -4.40342837
   2.82483805  -4.39968527
   2.81456427  -4.39136146
   2.80637984  -4.38458229
   2.79970313  -4.37921857
   2.78841054  -4.37010060
   2.78479018  -4.36719241
   2.77017361  -4.35564324
   2.76918775  -4.35478663
   2.75546534  -4.34342650
   2.75068937  -4.33962990
   2.74022781  -4.33255591
   2.73187207  -4.32519112
   2.72530155  -4.31968137
   2.71321422  -4.31033524
   2.71023577  -4.30780635
   2.69549052  -4.29651842
   2.69456066  -4.29558774
   2.68068050  -4.28430053
   2.67603918  -4.28053714
   2.66582911  -4.27306891
   2.65730794  -4.26584339
   2.65093767  -4.26101869
   2.63872856  -4.25094059
   2.63605471  -4.24894161
   2.62132525  -4.23757299
   2.61924416  -4.23599988
   2.60631634  -4.22565629
   2.60073069  -4.22097184
   2.59124689  -4.21378909
   2.58219761  -4.20604534
   2.57657510  -4.20144853
   2.56363037  -4.19114285
   2.56169477  -4.18937317
   2.54696559  -4.17800646
   2.54488551  -4.17643349
   2.53195913  -4.16609145
   2.52623674  -4.16160872
   2.51687350  -4.15425349
   2.50765215  -4.14671642
   2.50200050  -4.14216006
   2.48916055  -4.13165375
   2.48737408  -4.13061550
   2.47263309  -4.11847147
   2.46998323  -4.11635355
   2.45784656  -4.10712228
   2.45113160  -4.10182866
   2.44275078  -4.09533755
   2.43255171  -4.08693790
   2.42788026  -4.08324824
   2.41453936  -4.07250841
   2.41279311  -4.07142896
   2.39832625  -4.05981942
   2.39541615  -4.05710194
   2.38328077  -4.04787205
   2.37679011  -4.04228238
   2.36841018  -4.03579222
   2.35808317  -4.02759110
   2.35352371  -4.02377140
   2.33949160  -4.01260250
   2.33848006  -4.01180886
   2.32399310  -4.00027895
   2.32104322  -3.99756801
   2.30895229  -3.98921420
   2.30133474  -3.98298281
   2.29386202  -3.97745634
   2.28100838  -3.96790891
   2.27922238  -3.96687112
   2.26435826  -3.95665449
   2.25878308  -3.95286023
   2.24928805  -3.94668943
   2.23641945  -3.93813830
   2.23441781  -3.93649252
   2.21955242  -3.92627048
   2.21505395  -3.92325470
   2.20490817  -3.91663556
   2.19365445  -3.90839703
   2.18983410  -3.90577351
   2.17497313  -3.89647078
   2.17125368  -3.89370246
   2.16010772  -3.88626108
   2.14986709  -3.87884055
   2.14524949  -3.87600808
   2.13054055  -3.86561021
   2.12778441  -3.86362517
   2.11573700  -3.85614200
   2.10545107  -3.84884314
   2.10066351  -3.84533760
   2.08599145  -3.83557425
   2.08402581  -3.83406931
   2.07115960  -3.82550193
   2.06260398  -3.81928274
   2.05608085  -3.81466422
   2.04141436  -3.80525140
   2.04048541  -3.80432177
   2.02657678  -3.79569249
   2.01725217  -3.78930530
   2.01150452  -3.78490565
   1.99683015  -3.77512967
   1.99580806  -3.77438567
   1.98179075  -3.76534028
   1.97439755  -3.75975666
   1.96714991  -3.75485896
   1.95305335  -3.74487114
   1.95206868  -3.74401581
   1.93742581  -3.73525240
   1.92993049  -3.72981459
   1.92257377  -3.72505838
   1.90931542  -3.71518829
   1.90749965  -3.71419004
   1.89286169  -3.70462076
   1.88703969  -3.70030413
   1.87778691  -3.69467355
   1.86493115  -3.68518875
   1.86293048  -3.68354400
   1.84829228  -3.67394190
   1.84270643  -3.67015415
   1.83321606  -3.66398800
   1.82114870  -3.65565471
   1.81836331  -3.65379549
   1.80372614  -3.64419404
   1.79900877  -3.64056724
   1.78886779  -3.63395298
   1.77761325  -3.62572195
   1.77379478  -3.62310035
   1.75971545  -3.61373707
   1.75471756  -3.61023019
   1.74407894  -3.60354925
   1.73384670  -3.59618681
   1.72923121  -3.59335645
   1.71480134  -3.58354387
   1.71100189  -3.58073375
   1.69973243  -3.57350452
   1.68934562  -3.56629027
   1.68446200  -3.56300633
   1.66981701  -3.55432034
   1.66518750  -3.55143875
   1.65475733  -3.54534221
   1.64033301  -3.53728813
   1.63933294  -3.53646604
   1.62524070  -3.52916283
   1.61222409  -3.52184483
   1.61040884  -3.52084710
   1.59553901  -3.51336186
   1.58440043  -3.50685639
   1.58068794  -3.50499742
   1.56585128  -3.49666368
   1.55752994  -3.49194359
   1.55099731  -3.48829125
   1.53613692  -3.48083368
   1.52967930  -3.47707987
   1.52129636  -3.47248861
   1.50643753  -3.46503493
   1.50183117  -3.46221522
   1.49159645  -3.45668764
   1.47673789  -3.44830850
   1.47492266  -3.44736506
   1.46210501  -3.44055001
   1.44807428  -3.43242282
   1.44706385  -3.43163033
   1.43219083  -3.42414865
   1.42020279  -3.41757824
   1.41736122  -3.41582003
   1.40249403  -3.40835244
   1.39332177  -3.40268869
   1.38787947  -3.39969244
   1.37279700  -3.39162860
   1.36620789  -3.38809782
   1.35794970  -3.38419528
   1.34332979  -3.37642112
   1.33767308  -3.37282123
   1.32826434  -3.36748796
   1.31347608  -3.35932571
   1.31155020  -3.35818236
   1.29855942  -3.35167881
   1.28391875  -3.34383557
   1.28287753  -3.34313221
   1.26886579  -3.33588578
   1.25607064  -3.32818472
   1.25425844  -3.32717968
   1.23938182  -3.31967621
   1.22902765  -3.31353817
   1.22434419  -3.31083034
   1.20945525  -3.30427439
   1.19720260  -3.29907649
   1.19441941  -3.29814724
   1.17949434  -3.29627176
   1.16465377  -3.29580191
   1.14981451  -3.29579613
   1.13497533  -3.29579042
   1.12013623  -3.29578480
   1.10529599  -3.29531524
   1.09045704  -3.29530976
   1.07561816  -3.29530435
   1.06077936  -3.29529902
   1.04594062  -3.29529376
   1.03106255  -3.29528290
   1.01627434  -3.29482208
   1.00138573  -3.29527272
   0.98658659  -3.29480953
   0.97174819  -3.29480465
   0.95690986  -3.29479983
   0.94207045  -3.29433111
   0.92723338  -3.29479043
   0.91239523  -3.29478584
   0.89755604  -3.29431733
   0.88271802  -3.29431289
   0.86788007  -3.29430852
   0.85304217  -3.29430423
   0.83820433  -3.29430001
   0.82332934  -3.29428993
   0.80853763  -3.29383094
   0.79369115  -3.29428779
   0.77885353  -3.29428387
   0.76397939  -3.29427404
   0.74917866  -3.29381231
   0.73434119  -3.29380861
   0.71950378  -3.29380498
   0.70467395  -3.29380472
   0.68979313  -3.29425585
   0.67499185  -3.29379454
   0.66015363  -3.29332724
   0.64531647  -3.29332398
   0.63047935  -3.29332080
   0.61564228  -3.29331769
   0.60080525  -3.29331466
   0.58593355  -3.29330557
   0.57113149  -3.29284488
   0.55628908  -3.29283774
   0.54145693  -3.29191143
   0.52662580  -3.29191246
   0.51178410  -3.29283407
   0.49695274  -3.29283526
   0.48207686  -3.29328689
   0.46727396  -3.29282674
   0.45243732  -3.29282445
   0.43759980  -3.29235827
   0.42276324  -3.29235613
   0.40792670  -3.29235405
   0.39309019  -3.29235206
   0.37825372  -3.29235013
   0.36341727  -3.29234828
   0.34858085  -3.29234651
   0.33374446  -3.29234481
   0.31890810  -3.29234318
   0.30407176  -3.29234163
   0.28923545  -3.29234015
   0.27436768  -3.29233254
   0.25956301  -3.29187347
   0.24472955  -3.29187629
   0.22985941  -3.29232877
   0.21505682  -3.29187403
   0.20015764  -3.29186085
   0.18538119  -3.29140398
   0.17054583  -3.29186704
   0.15570892  -3.29140228
   0.14087282  -3.29140154
   0.12603672  -3.29140087
   0.11120064  -3.29140028
   0.09636458  -3.29139976
   0.08152852  -3.29139932
   0.06669248  -3.29139895
   0.05185645  -3.29139866
   0.03699141  -3.29139228
   0.02218500  -3.29093866
   0.00729009  -3.29092630
  -0.00748751  -3.29093427
  -0.02232350  -3.29093435
  -0.03715949  -3.29093450
  -0.05199616  -3.29047078
  -0.06683214  -3.29047107
  -0.08166811  -3.29047144
  -0.09650408  -3.29047189
  -0.11134005  -3.29047241
  -0.12617601  -3.29047300
  -0.14101198  -3.29047367
  -0.15584796  -3.29047441
  -0.17071080  -3.29046920
  -0.18551986  -3.29001216
  -0.20035765  -3.29001759
  -0.21521829  -3.29047213
  -0.23002783  -3.29001527
  -0.24486384  -3.29001645
  -0.25969985  -3.29001771
  -0.27453646  -3.28955511
  -0.28937248  -3.28955651
  -0.30420852  -3.28955799
  -0.31904456  -3.28955955
  -0.33388006  -3.29002511
  -0.34871670  -3.28956288
  -0.36355278  -3.28956465
  -0.37841361  -3.28956069
  -0.39322499  -3.28910447
  -0.40806508  -3.28911098
  -0.42292156  -3.28956674
  -0.43770934  -3.28864947
  -0.45259362  -3.28957115
  -0.46740637  -3.28865126
  -0.48224260  -3.28865363
  -0.49707885  -3.28865607
  -0.51191513  -3.28865858
  -0.52675143  -3.28866117
  -0.54161079  -3.28865823
  -0.55642962  -3.28820713
  -0.57131257  -3.28819807
  -0.58609690  -3.28820830
  -0.60093931  -3.28821576
  -0.61576978  -3.28867826
  -0.63065772  -3.28821016
  -0.64544283  -3.28822057
  -0.66027980  -3.28775990
  -0.67511639  -3.28776322
  -0.68995301  -3.28776662
  -0.70478967  -3.28777010
  -0.71962636  -3.28777365
  -0.73446309  -3.28777727
  -0.74929985  -3.28778097
  -0.76413666  -3.28778474
  -0.77897386  -3.28732465
  -0.79381038  -3.28779250
  -0.80869683  -3.28732562
  -0.82348467  -3.28687265
  -0.83832168  -3.28687679
  -0.85315873  -3.28688100
  -0.86797570  -3.28688783
  -0.88283290  -3.28735363
  -0.89761058  -3.28735805
  -0.91236371  -3.29013030
  -0.92711668  -3.29473690
  -0.93963557  -3.30062051
  -0.94147188  -3.30157629
  -0.95658857  -3.30984244
  -0.96942484  -3.31547124
  -0.97127237  -3.31641232
  -0.98614867  -3.32387469
  -0.99804666  -3.33039217
  -1.00083274  -3.33224205
  -1.01587038  -3.33969745
  -1.02595468  -3.34519274
  -1.03059609  -3.34796942
  -1.04560286  -3.35534553
  -1.05474995  -3.36004332
  -1.06037167  -3.36364905
  -1.07523222  -3.37109986
  -1.08257377  -3.37490132
  -1.09004781  -3.37943931
  -1.10494828  -3.38599304
  -1.11128699  -3.38970478
  -1.11960378  -3.39439647
  -1.13450928  -3.40188822
  -1.14007311  -3.40467483
  -1.14941630  -3.41010654
  -1.16401351  -3.41674276
  -1.16879269  -3.41959070
  -1.17909088  -3.42589583
  -1.19364256  -3.43247893
  -1.19661223  -3.43445288
  -1.20869483  -3.44090059
  -1.22336302  -3.44832551
  -1.22520011  -3.44928094
  -1.23848328  -3.45658244
  -1.25310154  -3.46325267
  -1.25405122  -3.46414197
  -1.26811842  -3.47233938
  -1.28184994  -3.47895139
  -1.28280290  -3.47983889
  -1.29799008  -3.48781384
  -1.31055696  -3.49381752
  -1.31239200  -3.49477631
  -1.32751348  -3.50303028
  -1.33849336  -3.50860390
  -1.34217247  -3.51051321
  -1.35707733  -3.51800889
  -1.36721780  -3.52354102
  -1.37186079  -3.52631803
  -1.38687012  -3.53368926
  -1.39593469  -3.53841193
  -1.40145793  -3.54126715
  -1.41637919  -3.54963860
  -1.42282897  -3.55337528
  -1.43123201  -3.55884984
  -1.44600629  -3.56731137
  -1.44695716  -3.56819907
  -1.46087549  -3.57739010
  -1.46917742  -3.58293835
  -1.47568259  -3.58756494
  -1.49040179  -3.59688671
  -1.49221898  -3.59786345
  -1.50543273  -3.60623085
  -1.51465146  -3.61266599
  -1.52021684  -3.61638218
  -1.53505804  -3.62567341
  -1.53787150  -3.62754290
  -1.54992006  -3.63499223
  -1.56099899  -3.64239962
  -1.56472614  -3.64516268
  -1.57964945  -3.65446557
  -1.58423148  -3.65730725
  -1.59456995  -3.66452436
  -1.60736115  -3.67220683
  -1.60919497  -3.67316853
  -1.62427334  -3.68315595
  -1.63060286  -3.68699876
  -1.63909451  -3.69328822
  -1.65293986  -3.70175680
  -1.65393905  -3.70257848
  -1.66879061  -3.71190290
  -1.67608238  -3.71673161
  -1.68363227  -3.72210707
  -1.69819043  -3.73069396
  -1.69913326  -3.73160404
  -1.71333916  -3.74075660
  -1.72244520  -3.74647340
  -1.72801166  -3.75019070
  -1.74285571  -3.75948480
  -1.74566876  -3.76135475
  -1.75786212  -3.76950694
  -1.76880191  -3.77621711
  -1.77253104  -3.77897926
  -1.78745548  -3.78828374
  -1.79116571  -3.79103858
  -1.80240069  -3.79831202
  -1.81516973  -3.80603770
  -1.81707923  -3.80781518
  -1.83210516  -3.81695130
  -1.83841949  -3.82082923
  -1.84693697  -3.82708459
  -1.86064373  -3.83570548
  -1.86159819  -3.83659746
  -1.87664596  -3.84576017
  -1.88395453  -3.85044233
  -1.89147894  -3.85587286
  -1.90618425  -3.86456590
  -1.90714877  -3.86543416
  -1.92117968  -3.87451690
  -1.93028083  -3.88032275
  -1.93584848  -3.88404123
  -1.95069565  -3.89333838
  -1.95350822  -3.89520888
  -1.96572550  -3.90332967
  -1.97571161  -3.90997918
  -1.98035178  -3.91369703
  -1.99521213  -3.92395771
  -1.99618501  -3.92482729
  -2.01027200  -3.93487738
  -2.01581441  -3.93948854
  -2.02512863  -3.94688221
  -2.03511411  -3.95459002
  -2.03975525  -3.95830744
  -2.05385985  -3.96923368
  -2.05483341  -3.97010632
  -2.06936586  -3.98073015
  -2.07407541  -3.98448680
  -2.08452728  -3.99250085
  -2.09357461  -3.99921066
  -2.09916514  -4.00383245
  -2.11306105  -4.01419885
  -2.11401843  -4.01508750
  -2.12909608  -4.02706121
  -2.13181804  -4.02877648
  -2.14394181  -4.03799791
  -2.15130527  -4.04360538
  -2.15880850  -4.05002034
  -2.17069642  -4.05867190
  -2.17342570  -4.06060566
  -2.18828862  -4.07184059
  -2.19102348  -4.07367582
  -2.20313341  -4.08291785
  -2.20984079  -4.08820606
  -2.21821375  -4.09469138
  -2.22915629  -4.10330933
  -2.23284501  -4.10613068
  -2.24753436  -4.11729927
  -2.24929636  -4.11832445
  -2.26276223  -4.12828279
  -2.26832043  -4.13283975
  -2.27763759  -4.14023674
  -2.28762749  -4.14794788
  -2.29227010  -4.15166697
  -2.30637918  -4.16259822
  -2.30735307  -4.16347124
  -2.32240591  -4.17440418
  -2.32605959  -4.17724999
  -2.33706641  -4.18578893
  -2.34536593  -4.19236069
  -2.35170050  -4.19721278
  -2.36559437  -4.20747344
  -2.36656111  -4.20835750
  -2.38146138  -4.21954053
  -2.38435749  -4.22216935
  -2.39648520  -4.23139512
  -2.40385888  -4.23700420
  -2.41136465  -4.24342207
  -2.42324854  -4.25207880
  -2.42620190  -4.25464550
  -2.44104405  -4.26587673
  -2.44282971  -4.26691453
  -2.45591939  -4.27696839
  -2.46221990  -4.28185797
  -2.47056236  -4.28838926
  -2.48173047  -4.29673706
  -2.48542042  -4.29955976
  -2.50027506  -4.31075194
  -2.50125963  -4.31160763
  -2.51513516  -4.32191483
  -2.52071856  -4.32651275
  -2.53023366  -4.33460036
  -2.53947623  -4.34116963
  -2.54486777  -4.34511775
  -2.55898173  -4.35605433
  -2.55995598  -4.35692775
  -2.57500294  -4.36786842
  -2.57866891  -4.37071337
  -2.58967955  -4.37925647
  -2.59798368  -4.38583122
  -2.60432044  -4.39068567
  -2.61803000  -4.40115794
  -2.61897445  -4.40207010
  -2.63408520  -4.41307668
  -2.63698240  -4.41565561
  -2.64911440  -4.42488600
  -2.65649861  -4.43049675
  -2.66400716  -4.43691771
  -2.67578351  -4.44562606
  -2.67865727  -4.44831810
  -2.69337694  -4.45871956
  -2.69519768  -4.46054222
  -2.70855027  -4.47053551
  -2.71412470  -4.47514711
  -2.72344771  -4.48255049
  -2.73259544  -4.49008730
  -2.73817130  -4.49566900
  -2.74649343  -4.50498279
  -2.75285196  -4.51162981
  -2.75947870  -4.51987142
  -2.76775584  -4.52925031
  -2.77242240  -4.53476269
  -2.78278649  -4.54868797
  -2.78371588  -4.54961837
  -2.79572824  -4.56452029
  -2.79774075  -4.56717940
  -2.80779215  -4.57940737
  -2.81241526  -4.58500966
  -2.82014648  -4.59406829
  -2.82731746  -4.60265097
  -2.83261103  -4.60940470
  -2.84206630  -4.62137027
  -2.84414105  -4.62403803
  -2.85614692  -4.63894495
  -2.85703089  -4.63991357
  -2.86826252  -4.65382481
  -2.87186574  -4.65764966
  -2.88057877  -4.66849786
  -2.88684080  -4.67613165
  -2.89269158  -4.68337080
  -2.90186538  -4.69371423
  -2.90567967  -4.69827598
  -2.91661653  -4.71240017
  -2.91747207  -4.71338661
  -2.92956163  -4.72827495
  -2.93127276  -4.73024791
  -2.94168662  -4.74315856
  -2.94631108  -4.74876278
  -2.95379490  -4.75804363
  -2.96138770  -4.76721839
  -2.96612915  -4.77272002
  -2.97598831  -4.78509736
  -2.97848632  -4.78805164
  -2.99005458  -4.80271649
  -2.99116786  -4.80442487
  -3.00213018  -4.81761091
  -3.00585069  -4.82226439
  -3.01424250  -4.83249763
  -3.02092002  -4.84073309
  -3.02658693  -4.84717597
  -3.03559170  -4.85856853
  -3.03910851  -4.86246957
  -3.05034307  -4.87645562
  -3.05127298  -4.87738669
  -3.06262235  -4.89206493
  -3.06554463  -4.89567304
  -3.07469843  -4.90696398
  -3.08023392  -4.91351872
  -3.08706090  -4.92163574
  -3.09537692  -4.93192136
  -3.09977964  -4.93676332
  -3.11008925  -4.95067049
  -3.11103742  -4.95162508
  -3.12308285  -4.96654174
  -3.12486665  -4.96846982
  -3.13543866  -4.98121864
  -3.13980659  -4.98610166
  -3.14753235  -4.99611810
  -3.15470861  -5.00470826
  -3.15963091  -5.01101088
  -3.16974307  -5.02321545
  -3.17168031  -5.02596367
  -3.18382202  -5.04080952
  -3.18469570  -5.04178625
  -3.19566576  -5.05592320
  -3.19927155  -5.05975153
  -3.20801819  -5.07060195
  -3.21444009  -5.07812870
  -3.22078149  -5.08572713
  -3.22929779  -5.09584872
  -3.23313141  -5.10043145
  -3.24385012  -5.11480858
  -3.24478042  -5.11574018
  -3.25707182  -5.13043128
  -3.25908656  -5.13309365
  -3.26850731  -5.14510960
  -3.27401524  -5.15169192
  -3.28126919  -5.16023574
  -3.28886787  -5.16941882
  -3.29363514  -5.17491784
  -3.30375060  -5.18712704
  -3.30571416  -5.18988820
  -3.31756160  -5.20494975
  -3.31844648  -5.20591962
  -3.32967625  -5.21984612
  -3.33351476  -5.22440138
  -3.34178316  -5.23474689
  -3.34861459  -5.24284176
  -3.35413744  -5.24943046
  -3.36355183  -5.26051853
  -3.36646564  -5.26408126
  -3.37786898  -5.27875351
  -3.37879957  -5.27968549
  -3.39017950  -5.29437884
  -3.39287294  -5.29726118
  -3.40228886  -5.30928118
  -3.40796660  -5.31571999
  -3.41531065  -5.32419928
  -3.42291190  -5.33338596
  -3.42740459  -5.33911502
  -3.43775186  -5.35207490
  -3.43954207  -5.35399444
  -3.45161726  -5.36893111
  -3.45250244  -5.36990136
  -3.46306876  -5.38361867
  -3.46744012  -5.38850638
  -3.47582931  -5.39875050
  -3.48251448  -5.40699678
  -3.48820321  -5.41342896
  -3.49762082  -5.42452150
  -3.50125415  -5.42838420
  -3.51149217  -5.44326610
  -3.51236655  -5.44424379
  -3.52425729  -5.45839507
  -3.52718297  -5.46200798
  -3.53570232  -5.47308568
  -3.54189989  -5.47987930
  -3.54847004  -5.48822439
  -3.55699344  -5.49835584
  -3.56085778  -5.50293623
  -3.57158850  -5.51632277
  -3.57269872  -5.51803212
  -3.58479284  -5.53297209
  -3.58657862  -5.53490283
  -3.59690598  -5.54788113
  -3.60166562  -5.55338284
  -3.60928987  -5.56259272
  -3.61670142  -5.57194821
  -3.62139561  -5.57750394
  -3.63151970  -5.58972518
  -3.63410669  -5.59270728
  -3.64561891  -5.60734398
  -3.64649360  -5.60832208
  -3.65745397  -5.62247365
  -3.66129578  -5.62703347
  -3.66983065  -5.63716983
  -3.67626481  -5.64471247
  -3.68195237  -5.65210200
  -3.69136286  -5.66318739
  -3.69425639  -5.66675141
  -3.70566888  -5.68141347
  -3.70660114  -5.68237095
  -3.71828504  -5.69686051
  -3.72109928  -5.70061247
  -3.73038889  -5.71177363
  -3.73605026  -5.71822847
  -3.74278638  -5.72647825
  -3.75086793  -5.73608014
  -3.75551609  -5.74159843
  -3.76568030  -5.75482452
  -3.76739746  -5.75675484
  -3.77886869  -5.77149247
  -3.78062836  -5.77342257
  -3.79098083  -5.78641432
  -3.79558400  -5.79205716
  -3.80308801  -5.80133192
  -3.81043528  -5.80981445
  -3.81608854  -5.81622597
  -3.82555128  -5.82735673
  -3.82913444  -5.83115526
  -3.83948025  -5.84615825
  -3.84032332  -5.84710174
  -3.85221359  -5.86128516
  -3.85504277  -5.86499190
  -3.86366694  -5.87596592
  -3.87024454  -5.88335675
  -3.87673339  -5.89091286
  -3.88506681  -5.90122292
  -3.88878949  -5.90579840
  -3.89985980  -5.91904778
  -3.90160576  -5.92096341
  -3.91309707  -5.93571020
  -3.91508374  -5.93838138
  -3.92521282  -5.95063826
  -3.92981778  -5.95628358
  -3.93732219  -5.96556173
  -3.94490197  -5.97478566
  -3.94964648  -5.98019776
  -3.95965480  -5.99271091
  -3.96159499  -5.99545443
  -3.97369923  -6.01037331
  -3.97457470  -6.01135246
  -3.98522868  -6.02501960
  -3.98962264  -6.02986894
  -3.99796417  -6.04026064
  -4.00436782  -6.04778015
  -4.01008812  -6.05519726
  -4.01932377  -6.06836903
  -4.02037607  -6.07015349
  -4.02577298  -6.08545056
  -4.02667443  -6.10053830
  -4.02578386  -6.11545172
  -4.02493445  -6.13027925
  -4.02493354  -6.14528212
  -4.02404329  -6.16019676
  -4.02319443  -6.17502211
  -4.02309391  -6.18993406
  -4.02234073  -6.20505442
  -4.02065535  -6.21995380
  -4.01973316  -6.22368155
  -4.01626360  -6.23516113
  -4.00777883  -6.25029138
  -4.00484633  -6.25388862
  -3.99553459  -6.26499543
  -3.98992286  -6.27154596
  -3.98238300  -6.27986772
  -3.97472180  -6.28801145
  -3.96763281  -6.29477305
  -3.96009739  -6.30313304
  -3.95429346  -6.30941602
  -3.94523917  -6.31802188
  -3.93943526  -6.32430503
  -3.93014890  -6.33361088
  -3.92457708  -6.33919446
  -3.91529074  -6.34850057
  -3.90978422  -6.35410150
  -3.90066648  -6.36362381
  -3.89509469  -6.36920771
  -3.88580839  -6.37851433
  -3.88023661  -6.38409837
  -3.87071819  -6.39410510
  -3.86613437  -6.39877370
  -3.85609401  -6.40922961
  -3.85145088  -6.41388325
  -3.84123599  -6.42412140
  -3.83659287  -6.42877517
  -3.82614583  -6.43971354
  -3.82248599  -6.44345003
  -3.81182924  -6.45421448
  -3.80718731  -6.45886969
  -3.79643159  -6.47043239
  -3.79364573  -6.47322489
  -3.78157364  -6.48532593
  -3.77883868  -6.48813046
  -3.76694960  -6.50045302
  -3.76409148  -6.50322807
  -3.75185779  -6.51511429
  -3.74907193  -6.51790704
  -3.73713110  -6.52845295
  -3.73144498  -6.53295607
  -3.72214881  -6.53952966
  -3.70910288  -6.54803519
  -3.70724377  -6.54896395
  -3.69236661  -6.55715315
  -3.68310525  -6.56282035
  -3.67750103  -6.56569069
  -3.66260941  -6.57386617
  -3.65698132  -6.57750194
  -3.64785553  -6.58250349
  -3.63305320  -6.59103366
  -3.63098270  -6.59250049
  -3.61796442  -6.59985892
  -3.60500609  -6.60751532
  -3.60314705  -6.60844424
  -3.58827475  -6.61663577
  -3.57901262  -6.62230373
  -3.57340543  -6.62517380
  -3.55864670  -6.63345390
  -3.55293410  -6.63713343
  -3.54347863  -6.64246372
  -3.52865285  -6.65084339
  -3.52682782  -6.65183053
  -3.51373759  -6.65919494
  -3.49989163  -6.66671477
  -3.49888037  -6.66750862
  -3.48418659  -6.67612854
  -3.47492364  -6.68179727
  -3.46931347  -6.68466702
  -3.45443080  -6.69284725
  -3.44800426  -6.69669200
  -3.43957314  -6.70140029
  -3.42476708  -6.70975690
  -3.42192858  -6.71153032
  -3.40983308  -6.71813440
  -3.39567485  -6.72609637
  -3.39465056  -6.72682309
  -3.37990694  -6.73279596
  -3.36510839  -6.73845906
  -3.35847180  -6.74106757
  -3.35007942  -6.74380624
  -3.33533840  -6.74794191
  -3.32035425  -6.75311817
  -3.31193130  -6.75579934
  -3.30538635  -6.75757159
  -3.29057767  -6.76141107
  -3.27575905  -6.76613673
  -3.26177226  -6.77087442
  -3.26076127  -6.77147603
  -3.24595348  -6.77531623
  -3.23121596  -6.77946126
  -3.21623797  -6.78480646
  -3.21432499  -6.78553238
  -3.20133030  -6.78922273
  -3.18649567  -6.79322602
  -3.17157195  -6.79832168
  -3.16510042  -6.80039115
  -3.15670810  -6.80313056
  -3.14176375  -6.80841644
  -3.12748036  -6.81414368
  -3.12627386  -6.81547803
  -3.11925598  -6.82933617
         
