# shadow point cont 2D ind 295  size 1154
# norm -0.6788007 -0.7343225  0.0000000
# angle  2.3169246
   3.40902555  -6.84534970
   3.41360175  -6.84424740
   3.42388329  -6.84153748
   3.43887001  -6.83734328
   3.45374865  -6.83364295
   3.46839233  -6.83017154
   3.46941106  -6.82954024
   3.48353080  -6.82456552
   3.49838287  -6.82067587
   3.51311559  -6.81666596
   3.51932966  -6.81450143
   3.52790118  -6.81168113
   3.54290885  -6.80727031
   3.55778847  -6.80357097
   3.56988586  -6.80013470
   3.57267544  -6.79920773
   3.58765490  -6.79474555
   3.60242772  -6.79081011
   3.61737753  -6.78632604
   3.62183533  -6.78512184
   3.63218515  -6.78154563
   3.64717188  -6.77715036
   3.66194447  -6.77394566
   3.67311908  -6.77041704
   3.67694327  -6.76892935
   3.69183566  -6.76437759
   3.70669250  -6.76049085
   3.72142364  -6.75648163
   3.72409555  -6.75547363
   3.73636455  -6.75025214
   3.75124279  -6.74468758
   3.75786470  -6.74146486
   3.76625266  -6.73675949
   3.78102396  -6.72913407
   3.78651074  -6.72630257
   3.79583536  -6.72067882
   3.81065300  -6.71307415
   3.81437181  -6.71121643
   3.82558367  -6.70488347
   3.84040210  -6.69727927
   3.84142449  -6.69653508
   3.85533238  -6.68908888
   3.86926694  -6.68168887
   3.87027465  -6.68088374
   3.88515712  -6.67332680
   3.89716529  -6.66681974
   3.89999487  -6.66502864
   3.91477581  -6.65732871
   3.92425857  -6.65212573
   3.92992816  -6.64860875
   3.94471158  -6.64097699
   3.95201486  -6.63708980
   3.95949237  -6.63251055
   3.97434854  -6.62491836
   3.97911594  -6.62238605
   3.98920411  -6.61662250
   4.00411110  -6.60914474
   4.00777102  -6.60737690
   4.01895508  -6.60083207
   4.03377877  -6.59323090
   4.03473123  -6.59251298
   4.04883920  -6.58431011
   4.06009934  -6.57803089
   4.06383711  -6.57529803
   4.07851203  -6.56390372
   4.07948256  -6.56302367
   4.09360858  -6.54929837
   4.09527378  -6.54815864
   4.10827800  -6.53514732
   4.11013555  -6.53328564
   4.12313842  -6.52025412
   4.12499598  -6.51839250
   4.13794687  -6.50621727
   4.14078711  -6.50348305
   4.15302823  -6.49156339
   4.15586465  -6.48882479
   4.16795583  -6.47674356
   4.17074218  -6.47395135
   4.18258436  -6.46255196
   4.18629951  -6.45882912
   4.19760192  -6.44781017
   4.20137942  -6.44415393
   4.21253967  -6.43300333
   4.21625484  -6.42928070
   4.22746320  -6.41911052
   4.23225232  -6.41462257
   4.24219354  -6.40410081
   4.24667170  -6.39930346
   4.25718629  -6.38933071
   4.26269873  -6.38461629
   4.27198682  -6.37531062
   4.27755966  -6.36972728
   4.28684778  -6.36042186
   4.29242064  -6.35483867
   4.30188153  -6.34101536
   4.30271097  -6.34001702
   4.30622427  -6.32529377
   4.30718256  -6.31017247
   4.30668067  -6.29524681
   4.30664427  -6.28032567
   4.30707334  -6.26540901
   4.30703709  -6.25048870
   4.30653553  -6.23556476
   4.30649944  -6.22064530
   4.30646344  -6.20572626
   4.30642751  -6.19080763
   4.30639166  -6.17588942
   4.30548491  -6.16093848
   4.30311492  -6.14595639
   4.30200391  -6.14210733
   4.29684414  -6.13041332
   4.28759423  -6.11807201
   4.28559250  -6.11542812
   4.27382632  -6.10016511
   4.27262131  -6.09851875
   4.26150223  -6.08517737
   4.25767576  -6.08074495
   4.24863968  -6.07029403
   4.24300138  -6.06365512
   4.23616237  -6.05567893
   4.22779418  -6.04526793
   4.22342312  -6.04041241
   4.21246937  -6.02687557
   4.21157376  -6.02597833
   4.19944183  -6.01103490
   4.19776324  -6.00910563
   4.18685564  -5.99556297
   4.18304445  -5.99111019
   4.17398257  -5.98068135
   4.16804871  -5.97338907
   4.16147822  -5.96600099
   4.15309267  -5.95579005
   4.14877342  -5.95080726
   4.13809079  -5.93795241
   4.13630282  -5.93613236
   4.12419508  -5.92121121
   4.12331526  -5.92023479
   4.11197966  -5.90621708
   4.10842126  -5.90242992
   4.09904660  -5.89136921
   4.09331830  -5.88394473
   4.08687140  -5.87639248
   4.07831971  -5.86624378
   4.07384524  -5.86148036
   4.06347992  -5.84847921
   4.06172921  -5.84655492
   4.04959464  -5.83161319
   4.04871501  -5.83063701
   4.03669140  -5.81638995
   4.03382657  -5.81283714
   4.02433915  -5.80169277
   4.01882429  -5.79525416
   4.01162027  -5.78657276
   4.00396474  -5.77738636
   3.99925526  -5.77189680
   3.98912362  -5.75964013
   3.98711578  -5.75695173
   3.97501053  -5.74203699
   3.97413109  -5.74106105
   3.96211761  -5.72681886
   3.95950004  -5.72398031
   3.94986750  -5.71220764
   3.94437893  -5.70552992
   3.93704435  -5.69700952
   3.92962837  -5.68854786
   3.92403427  -5.68210621
   3.91455338  -5.67008148
   3.91184189  -5.66713816
   3.90016840  -5.65272989
   3.89931094  -5.65174104
   3.88755980  -5.63726911
   3.88468572  -5.63371637
   3.87466891  -5.62243409
   3.86994738  -5.61673301
   3.86222693  -5.60770341
   3.85472620  -5.59843505
   3.85009276  -5.59276410
   3.83997003  -5.58148280
   3.83708874  -5.57788301
   3.82513167  -5.56359060
   3.82427725  -5.56269663
   3.81255325  -5.54820449
   3.80999721  -5.54530791
   3.79997548  -5.53281960
   3.79525842  -5.52739426
   3.78768334  -5.51818050
   3.78005492  -5.50897469
   3.77529413  -5.50347269
   3.76520122  -5.49123208
   3.76252891  -5.48834347
   3.75066493  -5.47422022
   3.74974283  -5.47318445
   3.73738147  -5.45851508
   3.73539568  -5.45581925
   3.72527106  -5.44360011
   3.72072909  -5.43788994
   3.71315160  -5.42867403
   3.70576309  -5.42019791
   3.70010629  -5.41375113
   3.69090914  -5.40247007
   3.68734973  -5.39861774
   3.67614040  -5.38472677
   3.67522352  -5.38369264
   3.66283480  -5.36899217
   3.66087697  -5.36633082
   3.65075438  -5.35411442
   3.64606253  -5.34856345
   3.63798581  -5.33896587
   3.63148603  -5.33144100
   3.62492840  -5.32403865
   3.61615122  -5.31320211
   3.61255870  -5.30935817
   3.60134185  -5.29544874
   3.60046745  -5.29447124
   3.58832043  -5.27950675
   3.58637302  -5.27686235
   3.57625241  -5.26464864
   3.57147358  -5.25914237
   3.56320899  -5.24972486
   3.55675134  -5.24219249
   3.55016496  -5.23480080
   3.54154921  -5.22386062
   3.53808274  -5.21993250
   3.52707648  -5.20674482
   3.52597465  -5.20501844
   3.51360595  -5.19029050
   3.51183234  -5.18838632
   3.50083531  -5.17520073
   3.49721932  -5.17043141
   3.48872578  -5.16028235
   3.48227147  -5.15275198
   3.47568632  -5.14536192
   3.46729276  -5.13517800
   3.46294466  -5.13025400
   3.45237015  -5.11656204
   3.45149608  -5.11558497
   3.43913777  -5.10086144
   3.43738911  -5.09894537
   3.42657232  -5.08549334
   3.42274859  -5.08100588
   3.41361550  -5.07064729
   3.40803773  -5.06405061
   3.40122168  -5.05594210
   3.39270303  -5.04583078
   3.38886477  -5.04127681
   3.37794530  -5.02798067
   3.37608447  -5.02611756
   3.36398617  -5.01121770
   3.36289542  -5.00954572
   3.35190247  -4.99636568
   3.34805275  -4.99180211
   3.33887136  -4.98145029
   3.33342672  -4.97482652
   3.32677498  -4.96656082
   3.31825283  -4.95643167
   3.31374518  -4.95164666
   3.30364881  -4.93944228
   3.30099087  -4.93653001
   3.28931342  -4.92205811
   3.28840099  -4.92112612
   3.27745654  -4.90699371
   3.27390518  -4.90311848
   3.26471352  -4.89185557
   3.25891489  -4.88454363
   3.25233325  -4.87715825
   3.24381602  -4.86705087
   3.23930913  -4.86226687
   3.22898310  -4.84932504
   3.22721402  -4.84738662
   3.21488600  -4.83268469
   3.21396350  -4.83175108
   3.20302103  -4.81762146
   3.19941049  -4.81377445
   3.19000169  -4.80269630
   3.18431575  -4.79627351
   3.17697821  -4.78780755
   3.16938367  -4.77862537
   3.16463011  -4.77313307
   3.15453835  -4.76091110
   3.15186293  -4.75801992
   3.14039482  -4.74338053
   3.13953899  -4.74239388
   3.12796626  -4.72804277
   3.12499350  -4.72442202
   3.11558631  -4.71334606
   3.10990047  -4.70692439
   3.10256416  -4.69846010
   3.09497312  -4.68928009
   3.09022036  -4.68378887
   3.08012857  -4.67156899
   3.07745357  -4.66867838
   3.06583772  -4.65422293
   3.06490794  -4.65329219
   3.05235437  -4.63886877
   3.05039580  -4.63619212
   3.04053667  -4.62381708
   3.03572732  -4.61832832
   3.02816263  -4.60912995
   3.02080653  -4.60067374
   3.01515045  -4.59422989
   3.00562813  -4.58234565
   3.00283915  -4.57955389
   2.99090394  -4.56545654
   2.99003078  -4.56448070
   2.97634288  -4.55117464
   2.97448366  -4.54931360
   2.96131260  -4.53823877
   2.95661016  -4.53458974
   2.94671504  -4.52675753
   2.93820563  -4.51948938
   2.93183285  -4.51466094
   2.91961553  -4.50459339
   2.91692864  -4.50257192
   2.90183735  -4.49076979
   2.90085225  -4.48991361
   2.88681621  -4.47887885
   2.88152853  -4.47482661
   2.87219879  -4.46743512
   2.86311217  -4.45969351
   2.85741402  -4.45512397
   2.84488749  -4.44553779
   2.84223843  -4.44348463
   2.82772448  -4.43184195
   2.82575453  -4.43012985
   2.81270851  -4.41998734
   2.80719085  -4.41526939
   2.79799214  -4.40764886
   2.78858973  -4.40035337
   2.78290367  -4.39584971
   2.76980475  -4.38575299
   2.76788567  -4.38395646
   2.75320208  -4.37256401
   2.75125317  -4.37081688
   2.73855024  -4.36111938
   2.73192187  -4.35569823
   2.72368045  -4.34902656
   2.71334055  -4.34081063
   2.70880443  -4.33693643
   2.69547659  -4.32620933
   2.69356325  -4.32441309
   2.67888129  -4.31302238
   2.67693262  -4.31127551
   2.66406528  -4.30182278
   2.65761350  -4.29618435
   2.64917965  -4.28974617
   2.63903175  -4.28129147
   2.63449013  -4.27739994
   2.62046017  -4.26644163
   2.61945602  -4.26553278
   2.60435733  -4.25374922
   2.60168503  -4.25175159
   2.58970760  -4.24232724
   2.58311505  -4.23686029
   2.57486897  -4.23021705
   2.56472218  -4.22176357
   2.55996118  -4.21816911
   2.54591660  -4.20714767
   2.54498898  -4.20622583
   2.53028052  -4.19488040
   2.52737985  -4.19222803
   2.51563147  -4.18345092
   2.50806554  -4.17711160
   2.50034213  -4.17095971
   2.49022423  -4.16247602
   2.48566296  -4.15865015
   2.47161286  -4.14763043
   2.47069124  -4.14670875
   2.45621147  -4.13602004
   2.45234434  -4.13248404
   2.44115394  -4.12418094
   2.43303305  -4.11737761
   2.42647107  -4.11185208
   2.41519879  -4.10271840
   2.41139925  -4.10004002
   2.39685279  -4.08858550
   2.39585502  -4.08760363
   2.38170323  -4.07677744
   2.37712580  -4.07298215
   2.36682991  -4.06470691
   2.35855573  -4.05809779
   2.35219248  -4.05327464
   2.33998570  -4.04321861
   2.33708987  -4.04056619
   2.32223443  -4.02940956
   2.32125021  -4.02855435
   2.30719711  -4.01753478
   2.30264083  -4.01371790
   2.29277699  -4.00586061
   2.28353376  -3.99837355
   2.27791383  -3.99377918
   2.26570826  -3.98372453
   2.26298156  -3.98173382
   2.24799071  -3.97173766
   2.24435316  -3.96885772
   2.23330515  -3.96126301
   2.22222584  -3.95372466
   2.21845018  -3.95103797
   2.20356036  -3.94083571
   2.20073467  -3.93904459
   2.18877138  -3.93150175
   2.17937692  -3.92421486
   2.17367645  -3.92067596
   2.15884376  -3.91041977
   2.15709870  -3.90934140
   2.14420574  -3.90083092
   2.13498364  -3.89424179
   2.12933848  -3.89061489
   2.11447924  -3.88039547
   2.11347960  -3.87957336
   2.09943105  -3.87046132
   2.09119784  -3.86471904
   2.08476219  -3.85995825
   2.07004512  -3.85060625
   2.06911678  -3.84967721
   2.05487201  -3.83980429
   2.04757787  -3.83497015
   2.04001890  -3.82958765
   2.02615551  -3.82021928
   2.02513459  -3.81947576
   2.01034322  -3.81002729
   2.00394634  -3.80525259
   1.99566589  -3.79954852
   1.98241261  -3.79067289
   1.98068604  -3.78953778
   1.96557016  -3.77965023
   1.96015165  -3.77574056
   1.95093513  -3.76916027
   1.93822299  -3.76041482
   1.93645161  -3.75925500
   1.92124235  -3.74963833
   1.91578562  -3.74577315
   1.90659095  -3.73913767
   1.89445601  -3.73088242
   1.89173083  -3.72892710
   1.87669121  -3.71899372
   1.87217684  -3.71603053
   1.86185534  -3.70874800
   1.85099574  -3.70095664
   1.84719061  -3.69826667
   1.83235612  -3.68896530
   1.82857313  -3.68628542
   1.81731418  -3.67901744
   1.80645506  -3.67122660
   1.80265244  -3.66853651
   1.78762716  -3.65856611
   1.78493394  -3.65659502
   1.77299407  -3.64900093
   1.76360393  -3.64171878
   1.75811617  -3.63788040
   1.74307975  -3.62793317
   1.74133540  -3.62685555
   1.72823435  -3.61864326
   1.71982815  -3.61221601
   1.71337332  -3.60755986
   1.69854403  -3.59820817
   1.69756055  -3.59735379
   1.68369595  -3.58800153
   1.67546622  -3.58226303
   1.66884660  -3.57780379
   1.65421456  -3.56820441
   1.65243044  -3.56716830
   1.63915669  -3.55830883
   1.63002216  -3.55252153
   1.62448550  -3.54876056
   1.60946975  -3.54158799
   1.60311855  -3.53765842
   1.59481047  -3.53294837
   1.57999760  -3.52547478
   1.57543055  -3.52258136
   1.56513617  -3.51713921
   1.55031207  -3.50875539
   1.54852810  -3.50771944
   1.53562827  -3.50099373
   1.52138248  -3.49314894
   1.52048555  -3.49225139
   1.50576985  -3.48462716
   1.49379673  -3.47797564
   1.49091871  -3.47628694
   1.47608860  -3.46883435
   1.46677918  -3.46331992
   1.46104640  -3.45990523
   1.44640270  -3.45212412
   1.43988796  -3.44844873
   1.43137011  -3.44415125
   1.41652299  -3.43660801
   1.41201043  -3.43364678
   1.40187512  -3.42799191
   1.38684081  -3.41995020
   1.38502667  -3.41895329
   1.37220097  -3.41218834
   1.35754093  -3.40440353
   1.35652073  -3.40366076
   1.34252466  -3.39639267
   1.33042640  -3.38903292
   1.32767321  -3.38714903
   1.31263949  -3.38001162
   1.30259645  -3.37418164
   1.29799821  -3.37134617
   1.28316185  -3.36390596
   1.27479717  -3.35929593
   1.26831827  -3.35557715
   1.25306490  -3.34780843
   1.24771414  -3.34470182
   1.23864611  -3.33976088
   1.22380487  -3.33142004
   1.22009527  -3.32956299
   1.20878116  -3.32343516
   1.19392037  -3.31587963
   1.19293733  -3.31502576
   1.17912008  -3.30768566
   1.16445229  -3.30170845
   1.15902251  -3.29947717
   1.14971459  -3.29717872
   1.13484790  -3.29577939
   1.11999503  -3.29578461
   1.10515724  -3.29531511
   1.09031926  -3.29530963
   1.07548134  -3.29530423
   1.06064320  -3.29576284
   1.04580539  -3.29575758
   1.03096763  -3.29575239
   1.01613023  -3.29528335
   1.00129259  -3.29527831
   0.98645500  -3.29527335
   0.97161747  -3.29526846
   0.95677999  -3.29526365
   0.94194256  -3.29525891
   0.92710518  -3.29525425
   0.91230858  -3.29524085
   0.89743096  -3.29431722
   0.88259337  -3.29477672
   0.86775618  -3.29477235
   0.85291904  -3.29476805
   0.83808194  -3.29476383
   0.82324527  -3.29429575
   0.80840826  -3.29429168
   0.79357130  -3.29428769
   0.77873397  -3.29474770
   0.76389749  -3.29427991
   0.74906064  -3.29427614
   0.73422384  -3.29427244
   0.71942542  -3.29426018
   0.70455036  -3.29380128
   0.68971366  -3.29379781
   0.67487700  -3.29379440
   0.66004037  -3.29379107
   0.64520378  -3.29378782
   0.63036721  -3.29378464
   0.61553068  -3.29378153
   0.60069418  -3.29377849
   0.58585771  -3.29377553
   0.57102176  -3.29330871
   0.55618535  -3.29330590
   0.54138513  -3.29329465
   0.52651312  -3.29237260
   0.51167680  -3.29237001
   0.49677678  -3.29284610
   0.48203913  -3.29328445
   0.46716742  -3.29282663
   0.45233117  -3.29282433
   0.43749495  -3.29282211
   0.42265875  -3.29281997
   0.40782257  -3.29281790
   0.39298641  -3.29281590
   0.37815026  -3.29281398
   0.36331413  -3.29281213
   0.34847801  -3.29281035
   0.33364251  -3.29234472
   0.31880582  -3.29280703
   0.30400362  -3.29233306
   0.28907359  -3.29189043
   0.27429763  -3.29280259
   0.25949494  -3.29232884
   0.24462614  -3.29187212
   0.22979012  -3.29187093
   0.21495411  -3.29186983
   0.20011810  -3.29186879
   0.18528210  -3.29186783
   0.17044610  -3.29186694
   0.15561079  -3.29140219
   0.14077412  -3.29186539
   0.12596990  -3.29139229
   0.11101156  -3.29136685
   0.09626615  -3.29186362
   0.08143016  -3.29186318
   0.06662525  -3.29139033
   0.05170103  -3.29094867
   0.03695291  -3.29138980
   0.02208683  -3.29093427
   0.00725083  -3.29093419
  -0.00758518  -3.29093420
  -0.02242120  -3.29093427
  -0.03725722  -3.29093442
  -0.05209325  -3.29093465
  -0.06692930  -3.29093494
  -0.08170789  -3.29092847
  -0.09668816  -3.29045957
  -0.11143749  -3.29093628
  -0.12627277  -3.29047293
  -0.14110887  -3.29047359
  -0.15594498  -3.29047433
  -0.17075364  -3.29046644
  -0.18567228  -3.29002596
  -0.20042631  -3.29046826
  -0.21528973  -3.29001410
  -0.23018029  -3.29002906
  -0.24493545  -3.29047154
  -0.25979840  -3.29001766
  -0.27463467  -3.29001899
  -0.28947096  -3.29002040
  -0.30430728  -3.29002188
  -0.31914362  -3.29002343
  -0.33397998  -3.29002506
  -0.34876216  -3.29001964
  -0.36365203  -3.28910065
  -0.37848848  -3.28910250
  -0.39332495  -3.28910443
  -0.40816145  -3.28910643
  -0.42299799  -3.28910850
  -0.43783456  -3.28911064
  -0.45267116  -3.28911286
  -0.46750779  -3.28911516
  -0.48234446  -3.28911753
  -0.49712876  -3.28911265
  -0.51201808  -3.28865855
  -0.52685486  -3.28866114
  -0.54169168  -3.28866381
  -0.55652754  -3.28820258
  -0.57136544  -3.28866936
  -0.58620137  -3.28820828
  -0.60103834  -3.28821124
  -0.61587536  -3.28821427
  -0.63071242  -3.28821737
  -0.64554953  -3.28822056
  -0.66038668  -3.28822381
  -0.67517364  -3.28821952
  -0.69006132  -3.28776661
  -0.70489862  -3.28777009
  -0.71973596  -3.28777364
  -0.73457336  -3.28777726
  -0.74940972  -3.28731698
  -0.76424721  -3.28732076
  -0.77908475  -3.28732460
  -0.79392235  -3.28732852
  -0.80876000  -3.28733251
  -0.82359771  -3.28733658
  -0.83835945  -3.28779850
  -0.85350413  -3.28719939
  -0.86853904  -3.28919327
  -0.88385644  -3.29347797
  -0.89222264  -3.29715387
  -0.89907623  -3.30041240
  -0.91330518  -3.30813900
  -0.92180036  -3.31249233
  -0.92854277  -3.31597395
  -0.94295169  -3.32383538
  -0.95050826  -3.32724351
  -0.95844517  -3.33107326
  -0.97303550  -3.33841422
  -0.97946297  -3.34224071
  -0.98775743  -3.34736405
  -1.00268386  -3.35407077
  -1.00818702  -3.35697600
  -1.01750291  -3.36236258
  -1.03234609  -3.36979635
  -1.03605691  -3.37165482
  -1.04756362  -3.37770090
  -1.06171758  -3.38519319
  -1.06547059  -3.38696082
  -1.07687737  -3.39302702
  -1.09175175  -3.40055731
  -1.09433631  -3.40184976
  -1.10656596  -3.40882442
  -1.12113620  -3.41600208
  -1.12219814  -3.41669060
  -1.13620056  -3.42448991
  -1.15038672  -3.43092125
  -1.15146304  -3.43158401
  -1.16594426  -3.43949267
  -1.17816002  -3.44569080
  -1.18116358  -3.44742625
  -1.19563483  -3.45529202
  -1.20676864  -3.46086875
  -1.21047994  -3.46272767
  -1.22503319  -3.47074636
  -1.23538301  -3.47603709
  -1.24017153  -3.47852801
  -1.25469590  -3.48644756
  -1.26414148  -3.49071501
  -1.27025157  -3.49413379
  -1.28438996  -3.50224761
  -1.29194566  -3.50566385
  -1.29963898  -3.50927256
  -1.31408377  -3.51711980
  -1.32163940  -3.52053677
  -1.32943746  -3.52475983
  -1.34411517  -3.53251265
  -1.34885988  -3.53510516
  -1.35930408  -3.54128734
  -1.37353186  -3.54885990
  -1.37640445  -3.55055709
  -1.38904259  -3.55834430
  -1.39905081  -3.56514081
  -1.40349024  -3.56776364
  -1.41838315  -3.57730118
  -1.42227547  -3.57979796
  -1.43357413  -3.58700227
  -1.44564805  -3.59454602
  -1.44843221  -3.59640520
  -1.46292813  -3.60608617
  -1.46862826  -3.60958594
  -1.47813216  -3.61597937
  -1.49155927  -3.62485283
  -1.49262156  -3.62554847
  -1.50782905  -3.63545043
  -1.51409297  -3.63951751
  -1.52233249  -3.64518114
  -1.53692038  -3.65396683
  -1.53792731  -3.65477096
  -1.55202298  -3.66457542
  -1.55960829  -3.66894071
  -1.56746923  -3.67414022
  -1.58173288  -3.68324903
  -1.58352531  -3.68428505
  -1.59658738  -3.69352688
  -1.60578879  -3.69923438
  -1.61153361  -3.70271407
  -1.62604537  -3.71168178
  -1.62980274  -3.71440794
  -1.64114283  -3.72235124
  -1.65139432  -3.72879541
  -1.65627642  -3.73210390
  -1.67084666  -3.74092985
  -1.67473704  -3.74343245
  -1.68603873  -3.75080195
  -1.69778354  -3.75870981
  -1.70055203  -3.76042621
  -1.71516312  -3.77015104
  -1.72079771  -3.77376630
  -1.73025997  -3.78000608
  -1.74336405  -3.78829326
  -1.74545039  -3.78980983
  -1.75996771  -3.79948478
  -1.76640311  -3.80330989
  -1.77482171  -3.80883661
  -1.78897618  -3.81797055
  -1.79000540  -3.81875983
  -1.80452843  -3.82823789
  -1.81211322  -3.83260954
  -1.81960317  -3.83741885
  -1.83423534  -3.84705326
  -1.83601354  -3.84810101
  -1.84909646  -3.85720182
  -1.85831126  -3.86289421
  -1.86404254  -3.86639582
  -1.87880604  -3.87582913
  -1.88162072  -3.87764382
  -1.89366404  -3.88603799
  -1.90391749  -3.89248618
  -1.90881141  -3.89540084
  -1.92337596  -3.90559582
  -1.92696812  -3.90764736
  -1.93823380  -3.91591137
  -1.94754917  -3.92238026
  -1.95331226  -3.92683845
  -1.96723122  -3.93723452
  -1.96821869  -3.93809426
  -1.98281537  -3.94944626
  -1.98655064  -3.95220873
  -1.99795272  -3.96127972
  -2.00524283  -3.96703489
  -2.01253693  -3.97272731
  -2.02466773  -3.98195362
  -2.02769376  -3.98442563
  -2.04254066  -3.99565234
  -2.04354837  -3.99648140
  -2.05712040  -4.00716589
  -2.06278056  -4.01170411
  -2.07198482  -4.01830194
  -2.08240298  -4.02640748
  -2.08723371  -4.02991595
  -2.10168840  -4.04076343
  -2.10265037  -4.04165522
  -2.11657404  -4.05271854
  -2.12127483  -4.05636510
  -2.13171692  -4.06444047
  -2.14083908  -4.07117499
  -2.14676333  -4.07542838
  -2.15976415  -4.08597089
  -2.16132334  -4.08719924
  -2.17581720  -4.09854337
  -2.17880177  -4.10105354
  -2.19089808  -4.11037286
  -2.19835999  -4.11591496
  -2.20602881  -4.12213432
  -2.21717590  -4.13051023
  -2.22089164  -4.13330224
  -2.23548511  -4.14392813
  -2.23744399  -4.14566011
  -2.25060900  -4.15661170
  -2.25601534  -4.16055169
  -2.26522470  -4.16808123
  -2.27538908  -4.17559989
  -2.28021194  -4.17913158
  -2.29474240  -4.18974198
  -2.29573472  -4.19058453
  -2.30982418  -4.20158119
  -2.31379368  -4.20496796
  -2.32529794  -4.21380391
  -2.33339067  -4.21974664
  -2.34006001  -4.22520365
  -2.35199522  -4.23469073
  -2.35464365  -4.23672563
  -2.36928237  -4.24724844
  -2.37220711  -4.24987005
  -2.38415602  -4.25932801
  -2.39077481  -4.26476821
  -2.39904756  -4.27128944
  -2.41037465  -4.27941226
  -2.41396846  -4.28248433
  -2.42877371  -4.29371747
  -2.43052015  -4.29479729
  -2.44345009  -4.30505872
  -2.44926896  -4.30933725
  -2.45872251  -4.31679095
  -2.46873195  -4.32450019
  -2.47333008  -4.32821523
  -2.48799738  -4.33878213
  -2.48896520  -4.33966714
  -2.50288345  -4.35085001
  -2.50753092  -4.35457355
  -2.51781299  -4.36274949
  -2.52572084  -4.36851470
  -2.53333370  -4.37417354
  -2.54527491  -4.38366094
  -2.54795334  -4.38566012
  -2.56260659  -4.39708634
  -2.56531968  -4.39904514
  -2.57771652  -4.40882646
  -2.58419346  -4.41352255
  -2.59258569  -4.42002800
  -2.60386682  -4.42853467
  -2.60753770  -4.43205640
  -2.62206594  -4.44281132
  -2.62302867  -4.44370399
  -2.63700164  -4.45469382
  -2.64176744  -4.45824954
  -2.65208177  -4.46565496
  -2.66152816  -4.47290598
  -2.66709216  -4.47772684
  -2.67986090  -4.48836180
  -2.68172082  -4.49022371
  -2.69404417  -4.50302444
  -2.69689802  -4.50593598
  -2.70695993  -4.51817240
  -2.71162008  -4.52374081
  -2.71909736  -4.53302055
  -2.72648632  -4.54234815
  -2.73115847  -4.54791585
  -2.74132272  -4.56010602
  -2.74329735  -4.56280774
  -2.75535936  -4.57770357
  -2.75624371  -4.57867270
  -2.76762461  -4.59260561
  -2.77121309  -4.59723799
  -2.77892232  -4.60726301
  -2.78620756  -4.61578049
  -2.79167619  -4.62238828
  -2.80088685  -4.63362343
  -2.80375449  -4.63728530
  -2.81558399  -4.65145110
  -2.81647590  -4.65241511
  -2.82801189  -4.66707833
  -2.83081893  -4.67070015
  -2.83965282  -4.68147672
  -2.84599350  -4.68919841
  -2.85220444  -4.69687398
  -2.86045588  -4.70715713
  -2.86422397  -4.71177495
  -2.87538842  -4.72571789
  -2.87628581  -4.72667804
  -2.88851962  -4.74136573
  -2.89076282  -4.74407961
  -2.90052879  -4.75653028
  -2.90515433  -4.76208863
  -2.91198579  -4.77114489
  -2.92003076  -4.78070613
  -2.92470488  -4.78627666
  -2.93461543  -4.79868007
  -2.93657410  -4.80139870
  -2.94891476  -4.81607913
  -2.95002947  -4.81778912
  -2.96009305  -4.83103578
  -2.96453985  -4.83578666
  -2.97241580  -4.84565798
  -2.97967771  -4.85429297
  -2.98500003  -4.86100524
  -2.99421149  -4.87223530
  -2.99706114  -4.87591577
  -3.00916820  -4.88986487
  -3.01006047  -4.89082939
  -3.02070298  -4.90529367
  -3.02438243  -4.90922289
  -3.03276183  -4.92040091
  -3.03912203  -4.92794696
  -3.04546769  -4.93553633
  -3.05381134  -4.94580761
  -3.05756068  -4.95044517
  -3.06884364  -4.96435598
  -3.06969993  -4.96534356
  -3.08117099  -4.98002689
  -3.08376562  -4.98292385
  -3.09407734  -4.99497599
  -3.09893401  -5.00140169
  -3.10537764  -5.00984286
  -3.11353411  -5.02025958
  -3.11781602  -5.02519812
  -3.12824376  -5.03716823
  -3.13020336  -5.03988826
  -3.14165151  -5.05457359
  -3.14339976  -5.05652835
  -3.15370013  -5.06952917
  -3.15836827  -5.07510512
  -3.16585322  -5.08439593
  -3.17317772  -5.09289480
  -3.17797892  -5.09930496
  -3.18809794  -5.11151310
  -3.19072059  -5.11444564
  -3.20215793  -5.12913388
  -3.20304315  -5.13010421
  -3.21439013  -5.14403861
  -3.21802259  -5.14869062
  -3.22638712  -5.15895792
  -3.23264603  -5.16661741
  -3.23846515  -5.17387734
  -3.24759306  -5.18525212
  -3.25036006  -5.18900042
  -3.26245118  -5.20297230
  -3.26334396  -5.20393752
  -3.27486374  -5.21861111
  -3.27770478  -5.22224530
  -3.28712555  -5.23334097
  -3.29263505  -5.23999764
  -3.29908179  -5.24844335
  -3.30749689  -5.25866581
  -3.31117823  -5.26336180
  -3.32218885  -5.27654117
  -3.32392248  -5.27850634
  -3.33596316  -5.29346720
  -3.33712783  -5.29515631
  -3.34743317  -5.30816427
  -3.35210497  -5.31374371
  -3.35959352  -5.32303966
  -3.36677528  -5.33164870
  -3.37168541  -5.33796396
  -3.38168249  -5.35031205
  -3.38419562  -5.35330657
  -3.39583195  -5.36783302
  -3.39676336  -5.36876589
  -3.40794621  -5.38275447
  -3.41155875  -5.38662331
  -3.42015665  -5.39764325
  -3.42657212  -5.40519398
  -3.43292375  -5.41279176
  -3.44127956  -5.42307547
  -3.44503249  -5.42771816
  -3.45581334  -5.44218779
  -3.45670654  -5.44315357
  -3.46852318  -5.45736973
  -3.47144591  -5.46105847
  -3.48046706  -5.47247482
  -3.48631178  -5.47971510
  -3.49281694  -5.48719385
  -3.50104412  -5.49760528
  -3.50469783  -5.50232508
  -3.51573159  -5.51549763
  -3.51744602  -5.51747536
  -3.52893013  -5.53217751
  -3.53069440  -5.53412969
  -3.54192526  -5.54715954
  -3.54570713  -5.55176991
  -3.55342891  -5.56181835
  -3.56062851  -5.57042289
  -3.56529069  -5.57695279
  -3.57543092  -5.58917142
  -3.57739287  -5.59189491
  -3.58977421  -5.60660830
  -3.59066025  -5.60757976
  -3.60182625  -5.62157107
  -3.60564984  -5.62618616
  -3.61402267  -5.63646522
  -3.62066867  -5.64477071
  -3.62614834  -5.65139416
  -3.63522963  -5.66278291
  -3.63862536  -5.66675789
  -3.65013280  -5.68053272
  -3.65102643  -5.68149909
  -3.66164495  -5.69616991
  -3.66509265  -5.70009577
  -3.67369643  -5.71112413
  -3.67988537  -5.71792935
  -3.68647005  -5.72628385
  -3.69483425  -5.73657629
  -3.69858973  -5.74122256
  -3.70958211  -5.75446482
  -3.71136966  -5.75639792
  -3.72284494  -5.77107634
  -3.72485587  -5.77376662
  -3.73518424  -5.78584190
  -3.73977923  -5.79150228
  -3.74645897  -5.80072419
  -3.75466246  -5.81020278
  -3.75921295  -5.81589074
  -3.76929642  -5.82819852
  -3.77132765  -5.83085489
  -3.78347544  -5.84573958
  -3.78434841  -5.84675576
  -3.79510953  -5.86029577
  -3.79954358  -5.86520179
  -3.80708235  -5.87541517
  -3.81425864  -5.88405040
  -3.81983390  -5.89060500
  -3.82910760  -5.90184425
  -3.83196349  -5.90553370
  -3.84385799  -5.91974162
  -3.84474463  -5.92071387
  -3.85562004  -5.93516301
  -3.85908700  -5.93909835
  -3.86769549  -5.95013340
  -3.87411523  -5.95769369
  -3.88047445  -5.96530204
  -3.88907544  -5.97634773
  -3.89260279  -5.98025057
  -3.90383759  -5.99423807
  -3.90473182  -5.99520524
  -3.91623047  -6.00989526
  -3.91880486  -6.01286562
  -3.92806259  -6.02506314
  -3.93371322  -6.03158949
  -3.94045870  -6.03981234
  -3.94843941  -6.04946344
  -3.95295592  -6.05518001
  -3.96330196  -6.06911321
  -3.96414662  -6.07011051
  -3.96970151  -6.08485741
  -3.97162381  -6.09960396
  -3.97260765  -6.11447959
  -3.97176686  -6.12931435
  -3.97176873  -6.14426931
  -3.97090206  -6.15914451
  -3.97000455  -6.17405913
  -3.96957400  -6.18894791
  -3.96910926  -6.20393351
  -3.96870974  -6.21878108
  -3.96781247  -6.23369721
  -3.96691526  -6.24861372
  -3.96486908  -6.26334039
  -3.96302472  -6.27062624
  -3.96035260  -6.27807620
  -3.95117914  -6.29249492
  -3.94849007  -6.29533573
  -3.93739725  -6.30720928
  -3.93355175  -6.31110412
  -3.92263794  -6.32218144
  -3.91892637  -6.32590283
  -3.90783142  -6.33718787
  -3.90426933  -6.34077123
  -3.89294566  -6.35195320
  -3.88923415  -6.35567478
  -3.87895959  -6.36686200
  -3.87450678  -6.37067978
  -3.86332660  -6.38171297
  -3.85946087  -6.38629680
  -3.84926784  -6.39663651
  -3.84469913  -6.40126810
  -3.83449270  -6.41150338
  -3.82995700  -6.41532938
  -3.81878942  -6.42637510
  -3.81492528  -6.43096157
  -3.80473084  -6.44130118
  -3.80016223  -6.44593248
  -3.78995596  -6.45616856
  -3.78531676  -6.46082139
  -3.77511054  -6.47105774
  -3.77047136  -6.47571069
  -3.76026520  -6.48594732
  -3.75562604  -6.49060040
  -3.74541993  -6.50083730
  -3.74078079  -6.50549050
  -3.73056975  -6.51562717
  -3.72585611  -6.52030163
  -3.71478861  -6.53051766
  -3.71105490  -6.53421607
  -3.69652423  -6.54347838
  -3.69372752  -6.54532052
  -3.68182623  -6.55186796
  -3.66863831  -6.56025084
  -3.66681267  -6.56122835
  -3.65220861  -6.56866895
  -3.64171268  -6.57504138
  -3.63707499  -6.57783993
  -3.62244894  -6.58557882
  -3.61491089  -6.59014628
  -3.60751654  -6.59461248
  -3.59272175  -6.60229992
  -3.58887602  -6.60485514
  -3.57788747  -6.61068486
  -3.56292779  -6.61876902
  -3.56195872  -6.61961702
  -3.54797171  -6.62804582
  -3.53593510  -6.63461895
  -3.53312251  -6.63643170
  -3.51840558  -6.64410594
  -3.50991530  -6.64941120
  -3.50334950  -6.65313439
  -3.48867982  -6.66082968
  -3.48292486  -6.66442523
  -3.47376100  -6.66988578
  -3.45895444  -6.67755419
  -3.45610616  -6.67930277
  -3.44405509  -6.68588861
  -3.43093619  -6.69408846
  -3.42909740  -6.69504946
  -3.41440896  -6.70245567
  -3.40390956  -6.70894227
  -3.39929640  -6.71177710
  -3.38464263  -6.71936885
  -3.37719847  -6.72374795
  -3.36978691  -6.72738545
  -3.35497152  -6.73295606
  -3.34019576  -6.73762433
  -3.33740404  -6.73853974
  -3.32547099  -6.74238053
  -3.31056276  -6.74631407
  -3.29569225  -6.75094736
  -3.28817695  -6.75354620
  -3.28070478  -6.75621433
  -3.26595162  -6.76021436
  -3.25108150  -6.76484808
  -3.24083402  -6.76821010
  -3.23615500  -6.76993236
  -3.22126500  -6.77402332
  -3.20656647  -6.77796099
  -3.19240875  -6.78298913
  -3.19144815  -6.78381433
  -3.17657722  -6.78784527
  -3.16195863  -6.79186455
  -3.14699176  -6.79635515
  -3.14228825  -6.79802555
  -3.13191716  -6.80170687
  -3.11714843  -6.80736320
  -3.10316500  -6.81280790
  -3.10219590  -6.81362823
  -3.09509581  -6.82895977
         
