# shadow point cont 3D ind 339  size 1096
# norm -0.8874134 -0.4609744  0.0000000
# angle  2.6624998
   1.40997189804114   -2.71431144856655   -6.82906234686671
   1.41380701829360   -2.72169436933422   -6.81866290499590
   1.41609833435270   -2.72610534051750   -6.81409767677779
   1.42039546705832   -2.73437767311866   -6.81052123404215
   1.42727927210179   -2.74762956194363   -6.80589462666043
   1.43398609060136   -2.76054073716786   -6.80234573119382
   1.43912697424703   -2.77043735947258   -6.79844958842891
   1.44088659146160   -2.77382476680832   -6.79690962143740
   1.44784376633361   -2.78721789856577   -6.79270430448411
   1.45460036155479   -2.80022489805822   -6.78950382921775
   1.46151255345949   -2.81353143391732   -6.78507379043547
   1.46322682482652   -2.81683154678052   -6.78414815873408
   1.46843523404266   -2.82685816134201   -6.78014966154767
   1.47523111743243   -2.83994079377859   -6.77602170473438
   1.48201611386577   -2.85300246793188   -6.77254035419780
   1.48717554504675   -2.86293479576202   -6.76888396950508
   1.48888986874569   -2.86623500936843   -6.76795847113623
   1.49579717373024   -2.87953213750577   -6.76376286301475
   1.50265456407192   -2.89273317586517   -6.76006108911741
   1.50943493018218   -2.90578593626707   -6.75608889267471
   1.51163159586204   -2.91001469771388   -6.75444384131805
   1.51637319293451   -2.91914266064433   -6.75101032366350
   1.52323013710978   -2.93234284009682   -6.74637559829267
   1.53004134562380   -2.94545497465345   -6.74079943691561
   1.53091288221205   -2.94713275400680   -6.73991735999731
   1.53692840170869   -2.95871312199958   -6.73358406641151
   1.54378346008544   -2.97190967113540   -6.72614951120829
   1.54460687004179   -2.97349480277842   -6.72523961719412
   1.55069189793871   -2.98520898013785   -6.71797530530421
   1.55744085579527   -2.99820127707754   -6.71112699282575
   1.55828200418301   -2.99982055665463   -6.71015685548567
   1.56434826494845   -3.01149860574802   -6.70291365638034
   1.57111738713334   -3.02452972067217   -6.69604007028917
   1.57154481665588   -3.02535255753019   -6.69528497105140
   1.57811258523676   -3.03799605026603   -6.68730682791555
   1.58440594002611   -3.05011127396542   -6.68041418351305
   1.58487211185993   -3.05100869294753   -6.67962026648055
   1.59182284403272   -3.06438942198103   -6.67150709486164
   1.59774445934121   -3.07578901671633   -6.66575171513181
   1.59858233373626   -3.07740199358920   -6.66475391807554
   1.60547878770310   -3.09067823262824   -6.65644719080744
   1.61060094808831   -3.10053881112223   -6.65087983541982
   1.61237666748221   -3.10395721647273   -6.64832067102212
   1.61924437743339   -3.11717812092608   -6.64084322695071
   1.62350245602772   -3.12537527116259   -6.63623759877716
   1.62601019364406   -3.13020287157894   -6.63320145641985
   1.63287663929192   -3.14342134214480   -6.62558693132479
   1.63674774890905   -3.15087354538873   -6.62113952172143
   1.63977057345691   -3.15669273035877   -6.61751843650890
   1.64657840231451   -3.16979835879984   -6.60989275858988
   1.64983745369602   -3.17607229978304   -6.60612685826419
   1.65338012841716   -3.18289223893751   -6.60218241082113
   1.66019457380388   -3.19601060473933   -6.59465369199355
   1.66314869707257   -3.20169753411703   -6.59099414484721
   1.66709092379197   -3.20928664361074   -6.58638670235274
   1.67403219675830   -3.22264916289664   -6.57839624151098
   1.67568872568426   -3.22583811682888   -6.57657147719062
   1.68085546645480   -3.23578451621792   -6.56911075314284
   1.68526656294864   -3.24427623845055   -6.56213616986993
   1.68784207743180   -3.24923431488972   -6.55751157739798
   1.69331459744511   -3.25976936437922   -6.54708814526376
   1.69463389710693   -3.26230912434261   -6.54434744757014
   1.70035483447840   -3.27332239760394   -6.53262322487019
   1.70157302481283   -3.27566751382637   -6.53059839509934
   1.70797805017366   -3.28799771252707   -6.51753501838925
   1.70840611230766   -3.28882176721401   -6.51660408520357
   1.71514180379402   -3.30178852530390   -6.50329144891703
   1.71558060642298   -3.30263325632377   -6.50238630455495
   1.72198262069134   -3.31495765842473   -6.48931190928619
   1.72285829320429   -3.31664339977205   -6.48749656522759
   1.72882493936346   -3.32812968258512   -6.47533609770132
   1.73013602590802   -3.33065363162474   -6.47260687624142
   1.73577033873098   -3.34150014553146   -6.46160310705941
   1.73751336418882   -3.34485561237582   -6.45795132620147
   1.74254799557367   -3.35454769037126   -6.44750040472820
   1.74468831850102   -3.35866798740229   -6.44284639542760
   1.74946473792085   -3.36786298620506   -6.43274007755266
   1.75196942363881   -3.37268471146692   -6.42793889443236
   1.75637400575187   -3.38116389298270   -6.41891284951363
   1.75935192966113   -3.38689664054390   -6.41329945253053
   1.76326513919171   -3.39442988957124   -6.40505452278992
   1.76630881435415   -3.40028921368302   -6.39864090028354
   1.77011181588839   -3.40761030328605   -6.39108819939843
   1.77390778877158   -3.41491786215981   -6.38352113090694
   1.77695802254751   -3.42078981214004   -6.37712094766834
   1.78118574375148   -3.42892852191235   -6.36863261292360
   1.78380364036793   -3.43396818743126   -6.36315241406931
   1.78846371678504   -3.44293921641967   -6.35374452106355
   1.79060407235040   -3.44705957628153   -6.34909136239822
   1.79499179423725   -3.45550630048020   -6.33908535627782
   1.79759247412461   -3.46051282238473   -6.33166923768187
   1.79956283440521   -3.46430592739261   -6.32462972759412
   1.80077362432959   -3.46663679721924   -6.30937714484380
   1.80079869715594   -3.46668506446465   -6.29427039979463
   1.80036653089996   -3.46585310900657   -6.27924990674263
   1.80033944670185   -3.46580096970572   -6.26443042075097
   1.79990743302190   -3.46496930796902   -6.24941228055922
   1.79945008882046   -3.46408888290265   -6.23360326057667
   1.79902019924744   -3.46326131024585   -6.21956752418767
   1.79837130455968   -3.46201213479608   -6.20461689652534
   1.79813377844975   -3.46155487756961   -6.18980031667369
   1.79790537165645   -3.46111517577495   -6.17491524743647
   1.79764718149985   -3.46061813856524   -6.17209176357935
   1.79724626858993   -3.45984634835950   -6.15996543786448
   1.79637184788266   -3.45816301684070   -6.14498350108290
   1.79388933540496   -3.45338397688337   -6.12918037043276
   1.79125205015081   -3.44830698664803   -6.11976901878327
   1.78947473079265   -3.44488550123521   -6.11410465418080
   1.78459485569098   -3.43549134176692   -6.09937449213979
   1.78418939705628   -3.43471080066845   -6.09839794256016
   1.77866570431701   -3.42407723948797   -6.08421305644476
   1.77731906351979   -3.42148484559838   -6.08058693189424
   1.77272106982835   -3.41263333094447   -6.06930806721026
   1.77058146211295   -3.40851441075505   -6.06357163005889
   1.76682515864876   -3.40128321876370   -6.05399535828808
   1.76365831296817   -3.39518678131086   -6.04584746656781
   1.76109437309669   -3.39025098694767   -6.03940666307997
   1.75682576075305   -3.38203355838053   -6.02810893920102
   1.75548646016977   -3.37945529500429   -6.02444954443117
   1.75009917259163   -3.36908432493715   -6.01001733709947
   1.74970385249141   -3.36832330134842   -6.00902789557365
   1.74428849409241   -3.35789829265078   -5.99460560074924
   1.74304882856449   -3.35551183492101   -5.99171276470652
   1.73834274930918   -3.34645224669923   -5.97970257189358
   1.73619875061292   -3.34232487351182   -5.97398073030137
   1.73270861332668   -3.33560607322490   -5.96471416773941
   1.72917770996575   -3.32880879490350   -5.95552314138517
   1.72675228593087   -3.32413965487691   -5.94985289198220
   1.72245941845139   -3.31587553318561   -5.93827253934544
   1.72111378182230   -3.31328507240193   -5.93485654053492
   1.71584309620210   -3.30313857065919   -5.92017265651097
   1.71543780497248   -3.30235835182922   -5.91919659358701
   1.70993753258456   -3.29176987674437   -5.90506626751435
   1.70872747840740   -3.28944042329142   -5.90213012199977
   1.70398270327932   -3.28030634234349   -5.88976492611752
   1.70182989991585   -3.27616201945016   -5.88439980819896
   1.69834097578485   -3.26944555458650   -5.87513576403423
   1.69481143434080   -3.26265089806669   -5.86594729021356
   1.69235200547073   -3.25791629594573   -5.86023387352441
   1.68797869878296   -3.24949732218660   -5.84820498693032
   1.68674834073622   -3.24712878212086   -5.84528521686713
   1.68147810829995   -3.23698315279430   -5.83060436800349
   1.68107289837193   -3.23620309047659   -5.82962854246404
   1.67555592813808   -3.22558247066995   -5.81545606492941
   1.67431675697076   -3.22319696462485   -5.81256465435262
   1.66960788285605   -3.21413199606968   -5.80055690176169
   1.66746820786921   -3.21001294637723   -5.79484037141631
   1.66368584220810   -3.20273158252106   -5.78532768673847
   1.66055922672304   -3.19671259149141   -5.77711909118941
   1.65799157137116   -3.19176964452398   -5.77067975631086
   1.65361985773215   -3.18335373751427   -5.75865413278158
   1.65241415148276   -3.18103265417858   -5.75576408979656
   1.64722458086960   -3.17104230547164   -5.74080294402611
   1.64681044713164   -3.17024506408849   -5.73984120914252
   1.64119784445926   -3.15944034400077   -5.72590714768885
   1.63996136176891   -3.15706001349416   -5.72302256251038
   1.63525105932443   -3.14799229528712   -5.71101601485632
   1.63311353520968   -3.14387738619971   -5.70530206558334
   1.62962699525979   -3.13716551108006   -5.69604292629478
   1.62620703409867   -3.13058180558481   -5.68758552508654
   1.62334286637045   -3.12506804799423   -5.68091333553438
   1.61916352103687   -3.11702246573673   -5.66918631013381
   1.61793342399305   -3.11465442812299   -5.66646723687416
   1.61257486346430   -3.10433875998007   -5.65204853764800
   1.61216981143465   -3.10355900162966   -5.65107317432804
   1.60683552002710   -3.09329005353387   -5.63635115568563
   1.60561287455004   -3.09093636079679   -5.63350130782898
   1.60081131140012   -3.08169295825312   -5.62139969418979
   1.59865181133901   -3.07753574366806   -5.61597845326071
   1.59486042365405   -3.07023701167664   -5.60653586692440
   1.59170997876882   -3.06417214709890   -5.59750178681994
   1.58929150788718   -3.05951639246209   -5.59163430101879
   1.58492292669787   -3.05110651567475   -5.57961503307789
   1.58369404736191   -3.04874082224844   -5.57669778667265
   1.57827731906444   -3.03831317638397   -5.56220267223172
   1.57790755960679   -3.03760135912683   -5.56128716063741
   1.57220328850000   -3.02662016979079   -5.54665841349074
   1.57127115638979   -3.02482573909197   -5.54400053615590
   1.56655793993353   -3.01575241117347   -5.53199635472191
   1.56442469253444   -3.01164573511416   -5.52628742778574
   1.56094047976008   -3.00493833999813   -5.51703302082523
   1.55741624275102   -2.99815389495036   -5.50785430135165
   1.55523045115787   -2.99394606701158   -5.50233851274765
   1.55046346773699   -2.98476923328007   -5.49033001909017
   1.54924784927950   -2.98242906813151   -5.48746857522503
   1.54408752356752   -2.97249501825588   -5.47254046283265
   1.54368262292456   -2.97171555133726   -5.47156554712831
   1.53786801409190   -2.96052195283692   -5.45717718514190
   1.53693606867293   -2.95872788153405   -5.45451989309409
   1.53222136829767   -2.94965169694987   -5.44251686762120
   1.53004080996127   -2.94545394345918   -5.43681792571759
   1.52618637296346   -2.93803383637373   -5.42756596773007
   1.52314074671762   -2.93217075626653   -5.41928437312628
   1.52061826130849   -2.92731476514049   -5.41267017991858
   1.51635849987092   -2.91911437529285   -5.40139729935457
   1.51502482171718   -2.91654693555420   -5.39774140489024
   1.50961430771382   -2.90613125271517   -5.38325115994011
   1.50923661671970   -2.90540416660033   -5.38233495299825
   1.50382211453366   -2.89498080618283   -5.36787728307836
   1.50260747309368   -2.89264252187304   -5.36505902403498
   1.49789127202281   -2.88356344832682   -5.35305713288228
   1.49565652485021   -2.87926137688577   -5.34661288608400
   1.49228032034172   -2.87276190653263   -5.33810321121452
   1.48886539982112   -2.86618790468345   -5.32965462798105
   1.48629134948792   -2.86123264685292   -5.32321772958398
   1.48192732993548   -2.85283155159037   -5.31120757944928
   1.48071789370220   -2.85050328773004   -5.30831770265836
   1.47523756983511   -2.83995321518252   -5.29414606159758
   1.47483281440228   -2.83917402780529   -5.29317157634434
   1.46950213216178   -2.82891202765184   -5.27843596991902
   1.46828523165595   -2.82656939445516   -5.27561757419092
   1.46349715028645   -2.81735194544360   -5.26352990666446
   1.46132773968737   -2.81317565226081   -5.25810952085728
   1.45784025588400   -2.80646196014586   -5.24890457370970
   1.45449228805991   -2.80001684772413   -5.24039589634153
   1.45194592004706   -2.79511488062880   -5.23375146213747
   1.44759473842055   -2.78673849942572   -5.22271561622539
   1.44626822227102   -2.78418484713210   -5.21911913913166
   1.44097846169056   -2.77400162452768   -5.20438110571089
   1.44059120780457   -2.77325612906234   -5.20346079502666
   1.43518836594982   -2.76285521573810   -5.18901371202014
   1.43396920667361   -2.76050823422333   -5.18619518862715
   1.42924995733931   -2.75142329252022   -5.17419549061291
   1.42708058016066   -2.74724706367449   -5.16850582162225
   1.42322333076996   -2.73982154250226   -5.15925777707977
   1.42017737327484   -2.73395782471303   -5.15098023855779
   1.41765626172146   -2.72910447837191   -5.14437026760170
   1.41340084737897   -2.72091245703853   -5.13310576334175
   1.41206867543384   -2.71834791687490   -5.12945258834384
   1.40666976000425   -2.70795456224084   -5.11497439944083
   1.40627773645612   -2.70719988478503   -5.11405209077559
   1.40088067787021   -2.69681010472723   -5.09961015720292
   1.39955294732757   -2.69425411462735   -5.09606058117361
   1.39487777865527   -2.68525403181091   -5.08471039522834
   1.39270339307164   -2.68106816137518   -5.07929046110303
   1.38921550631886   -2.67435369354959   -5.07008613286512
   1.38576371008109   -2.66770870292297   -5.06083435308470
   1.38332652853647   -2.66301692872662   -5.05494328106104
   1.37897562610764   -2.65464108500194   -5.04391151057510
   1.37763622835463   -2.65206263456601   -5.04028594786387
   1.37215312344380   -2.64150720828139   -5.02605061939835
   1.37178192515203   -2.64079262115064   -5.02520036578206
   1.36657893021273   -2.63077642951576   -5.01022495319012
   1.36535525688167   -2.62842075807549   -5.00740619005501
   1.36063290248000   -2.61932983886324   -4.99540856699551
   1.35836394540316   -2.61496191055309   -4.98900688495814
   1.35490526121829   -2.60830366006383   -4.98068540316375
   1.35151793126060   -2.60178277230926   -4.97130713838882
   1.34902571562069   -2.59698505296954   -4.96556664466507
   1.34456884077855   -2.58840520366497   -4.95380362728056
   1.34333576236842   -2.58603142667677   -4.95091201407555
   1.33807011045370   -2.57589461522957   -4.93621586729466
   1.33766857836754   -2.57512163305883   -4.93528964314086
   1.33196174136732   -2.56413550416765   -4.92062444674261
   1.33116330691170   -2.56259845241022   -4.91876953412372
   1.32628207459658   -2.55320168019479   -4.90596404879503
   1.32410270922978   -2.54900622326835   -4.90054454696122
   1.32061559822025   -2.54229324881211   -4.89134286177091
   1.31716353358487   -2.53564774149807   -4.88209476600278
   1.31504622491358   -2.53157174879595   -4.87646502387798
   1.31037995658596   -2.52258879987239   -4.86517998068368
   1.30904101508467   -2.52001122775839   -4.86155585456024
   1.30356498847836   -2.50946942779003   -4.84732772028788
   1.30316175842529   -2.50869317689384   -4.84643173661035
   1.29777877616563   -2.49833049491762   -4.83197208461311
   1.29658299462303   -2.49602851745582   -4.82907047034421
   1.29203901888716   -2.48728099179306   -4.81669350000079
   1.28988433103908   -2.48313304111245   -4.81101554210647
   1.28631985452405   -2.47627113171812   -4.80197970872423
   1.28297662213032   -2.46983513538789   -4.79349982429968
   1.28044117181155   -2.46495418574835   -4.78686650658498
   1.27609057177920   -2.45657892416168   -4.77584054311651
   1.27475185031095   -2.45400177562932   -4.77221711389751
   1.26949321793504   -2.44387847736958   -4.75752815986417
   1.26907354243440   -2.44307056763914   -4.75659643793442
   1.26349404545546   -2.43232957872423   -4.74263980064008
   1.26229366762730   -2.43001875303607   -4.73973665148853
   1.25775042746486   -2.42127264341245   -4.72736201830797
   1.25549250215792   -2.41692595216339   -4.72096933071510
   1.25203545187540   -2.41027084707006   -4.71265280747757
   1.24864370697196   -2.40374146018311   -4.70421354117819
   1.24603723059581   -2.39872377956265   -4.69776989258979
   1.24180663897953   -2.39057954401141   -4.68651818326636
   1.24017707863762   -2.38744250681348   -4.68269423012390
   1.23521296373211   -2.37788617881946   -4.66820998441216
   1.23479091972148   -2.37707370951321   -4.66727776091698
   1.22889355756395   -2.36572080408099   -4.65309134147095
   1.22800974567275   -2.36401939376353   -4.65041977263501
   1.22343049596764   -2.35520396281935   -4.63797554699003
   1.22124366521667   -2.35099413441661   -4.63255659998943
   1.21775822349666   -2.34428437347947   -4.62336016921379
   1.21436485898637   -2.33775186871662   -4.61490494788736
   1.21146606772623   -2.33217145798977   -4.60826808165926
   1.20752802260318   -2.32459039841169   -4.59721254579220
   1.20618972507556   -2.32201406599978   -4.59359046760845
   1.20072349418039   -2.31149112357810   -4.57949883477595
   1.20031375722877   -2.31070234636897   -4.57847515862329
   1.19461950539571   -2.29974044495593   -4.56379264706774
   1.19379540818613   -2.29815399029410   -4.56190292876504
   1.18830118272693   -2.28757715604256   -4.54867731848418
   1.18702825604917   -2.28512666787366   -4.54661963409230
   1.18016418445326   -2.27191276755235   -4.53471903500410
   1.17971384604723   -2.27104582921627   -4.53375799325039
   1.17335846821034   -2.25881120606767   -4.52240715873194
   1.17119360914028   -2.25464367495122   -4.51862778970558
   1.16653221746070   -2.24567011397478   -4.51123068768293
   1.16267058674388   -2.23823615839074   -4.50375230976023
   1.15961594315532   -2.23235571915982   -4.49824039040998
   1.15404135037729   -2.22162417123358   -4.48912666494766
   1.15279649883470   -2.21922773000059   -4.48705390459575
   1.14588724560914   -2.20592685133965   -4.47500353433687
   1.14544474437594   -2.20507500020350   -4.47419605659477
   1.13911147426578   -2.19288293624055   -4.46378575313092
   1.13653542220192   -2.18792382491446   -4.45908606647247
   1.13224615290799   -2.17966663002522   -4.45169864141094
   1.12797855475549   -2.17145115385913   -4.44420344233742
   1.12538870667838   -2.16646548407697   -4.43960879591658
   1.11946418560308   -2.15506029550243   -4.42935210543483
   1.11849478689911   -2.15319412355669   -4.42754852690123
   1.11158383764789   -2.13988997990737   -4.41663431435387
   1.11068574039852   -2.13816106910476   -4.41488747848719
   1.10475903369759   -2.12675167302177   -4.40450830705536
   1.10219925100877   -2.12182388157589   -4.39976907926098
   1.09797689737014   -2.11369550480672   -4.39310292504136
   1.09323963616480   -2.10457588877581   -4.38493266203228
   1.09111998081460   -2.10049537852446   -4.38101616872266
   1.08465424202510   -2.08804830149820   -4.37001173901341
   1.08420523165626   -2.08718391974254   -4.36913841992843
   1.07743934425085   -2.07415903203397   -4.35774988469612
   1.07609469858752   -2.07157047894061   -4.35513335040826
   1.07058197900208   -2.06095804198049   -4.34566416016270
   1.06716321855710   -2.05437664796220   -4.34001352672269
   1.06365115991277   -2.04761564726453   -4.33382998897464
   1.05858850833505   -2.03786962810161   -4.32513050049028
   1.05687394150166   -2.03456894644144   -4.32241954456882
   1.05010720944523   -2.02154243271044   -4.31122234441906
   1.04963204419379   -2.02062770066243   -4.31025826208008
   1.04306242354813   -2.00798064255011   -4.29855794885833
   1.04133587151621   -2.00465688840063   -4.29581169506444
   1.03634523392429   -1.99504950206178   -4.28706767213351
   1.03286189805297   -1.98834379505595   -4.28073475124442
   1.02949179144563   -1.98185606366222   -4.27498208550457
   1.02399475178783   -1.97127381184774   -4.26565534679484
   1.02260934856807   -1.96860679711823   -4.26292211518351
   1.01575490896954   -1.95541143918122   -4.25193884190682
   1.01532682573291   -1.95458734386999   -4.25100921148835
   1.00886463260668   -1.94214709253609   -4.23990017980314
   1.00675475755837   -1.93808541016736   -4.23610449173340
   1.00210983404022   -1.92914355175122   -4.22848094773870
   0.99819102099744   -1.92159951550370   -4.22122022943192
   0.99525600312525   -1.91594936557994   -4.21639757067696
   0.98932406515059   -1.90452989886631   -4.20614550655409
   0.98837102817925   -1.90269522459671   -4.20434199692733
   0.98151306110664   -1.88949307598300   -4.19336048211177
   0.98065698442892   -1.88784505822434   -4.19150146160241
   0.97473641485427   -1.87644747661236   -4.18198245840912
   0.97172723600388   -1.87065456072819   -4.17635559667133
   0.96777090485866   -1.86303829905894   -4.16924841235668
   0.96352637079291   -1.85486722314990   -4.16171984119256
   0.96093288748033   -1.84987455524157   -4.15714871601602
   0.95508457922379   -1.83861608258866   -4.14664488464648
   0.95423584636308   -1.83698220227955   -4.14545512113390
   0.94732460997088   -1.82367750586031   -4.13458311575170
   0.94597814080056   -1.82108544236655   -4.13196459785475
   0.94047097999480   -1.81048370651285   -4.12250359695031
   0.93741791409791   -1.80460630446770   -4.11708710182812
   0.93353911226341   -1.79713929307497   -4.11067611021353
   0.92848816268792   -1.78741580122528   -4.10197868972177
   0.92676944238855   -1.78410712380274   -4.09927105328613
   0.92016083274291   -1.77138500867038   -4.08774918314247
   0.91970002133502   -1.77049790894748   -4.08692688998847
   0.91299597570490   -1.75759207172418   -4.07535986112013
   0.91131946345485   -1.75436464825545   -4.07248002071263
   0.90614580185926   -1.74440492571103   -4.06421241108660
   0.90267500046114   -1.73772334859330   -4.05783314088887
   0.89930961753133   -1.73124471066591   -4.05211264801191
   0.89388974751740   -1.72081101673982   -4.04253588916837
   0.89262063137525   -1.71836786416423   -4.04041706755583
   0.88565279543884   -1.70495420898414   -4.02882657851251
   0.88522487552158   -1.70413042807610   -4.02789739026815
   0.87887734001551   -1.69191090205700   -4.01745651606032
   0.87666244920818   -1.68764705574630   -4.01300165273516
   0.87191619607338   -1.67851012951430   -4.00473142422891
   0.86844570907904   -1.67182915764959   -3.99835298242162
   0.86506620267598   -1.66532333087881   -3.99265909607705
   0.85954607451638   -1.65469663180632   -3.98325267192360
   0.85827663713161   -1.65225286081238   -3.98127603269692
   0.85138367218820   -1.63898333842936   -3.97126770580833
   0.85004754614110   -1.63641118629540   -3.96861731262045
   0.84460597299478   -1.62593571206093   -3.96080503029386
   0.83986173998489   -1.61680267473493   -3.95349100294568
   0.83766010175012   -1.61256434071243   -3.94996995047792
   0.83079737741689   -1.59935303398219   -3.93980540208450
   0.82996074095276   -1.59774244022779   -3.93880747737985
   0.82406549116081   -1.58639360127243   -3.93014471773794
   0.81975489830258   -1.57809535677447   -3.92374665556289
   0.81721017168570   -1.57319654950088   -3.91993744842500
   0.81045866506443   -1.56019934598027   -3.91056584617842
   0.80917588593059   -1.55772989102602   -3.90845232859921
   0.80354869909655   -1.54689709523194   -3.90038797495106
   0.79927610541419   -1.53867200226150   -3.89379050521649
   0.79669442586667   -1.53370205756822   -3.89017806090635
   0.78984522033336   -1.52051677563566   -3.87996342976177
   0.78938456537427   -1.51962997708950   -3.87914153119869
   0.78301667371709   -1.50737126381138   -3.87065206790613
   0.77912074331315   -1.49987127851881   -3.86428645625733
   0.77613199719421   -1.49411769731710   -3.85956215478321
   0.76923200175620   -1.48083464065587   -3.85050131996531
   0.76877859614682   -1.47996179770197   -3.84964666555359
   0.76238377839364   -1.46765124948249   -3.84029339570885
   0.75894349566867   -1.46102842331150   -3.83477433131416
   0.75561740661427   -1.45462542931436   -3.82980295916937
   0.74907272302883   -1.44202637708653   -3.81996936422850
   0.74865339784688   -1.44121914174826   -3.81907011553736
   0.74194885570890   -1.42831234870664   -3.81026626511459
   0.73848706557322   -1.42164811900756   -3.80481690872285
   0.73510278565674   -1.41513310283226   -3.80005058748403
   0.72860226476093   -1.40261906740102   -3.79009357229921
   0.72812438544962   -1.40169911056533   -3.78933980518049
   0.72143716248900   -1.38882565835941   -3.78051644680329
   0.71803031785619   -1.38226720325604   -3.77487140797186
   0.71458422186614   -1.37563318607340   -3.76938053340425
   0.70833117949035   -1.36359556707364   -3.75981472196569
   0.70779508221688   -1.36256353588993   -3.75886883153218
   0.70088397437938   -1.34925908694902   -3.74989148966563
   0.69785746236634   -1.34343280330634   -3.74535404654677
   0.69393633131738   -1.33588430470696   -3.73909314572925
   0.68790841712610   -1.32428007591127   -3.73078436970088
   0.68713323471995   -1.32278778625452   -3.72966960350501
   0.68016901256722   -1.30938108790416   -3.71887966753551
   0.67810771072063   -1.30541291292924   -3.71587018245994
   0.67342639815016   -1.29640100260537   -3.70930267439254
   0.66792138676613   -1.28580340456464   -3.70078244793392
   0.66665112699799   -1.28335805041529   -3.69884212662134
   0.65964191642217   -1.26986474566377   -3.68915641756150
   0.65758069204679   -1.26589671982727   -3.68614713139371
   0.65298826253723   -1.25705591667946   -3.67929793135369
   0.64739632594237   -1.24629098048450   -3.67104605045737
   0.64612603629001   -1.24384556880561   -3.66911974305579
   0.63913010120181   -1.23037782045565   -3.65935375131488
   0.63746481386976   -1.22717200587394   -3.65645319114848
   0.63237092344781   -1.21736584937589   -3.64894212701760
   0.62729738515653   -1.20759887239720   -3.64133684021331
   0.62561335998238   -1.20435698593392   -3.63844745141099
   0.61877966407899   -1.19120156130994   -3.62914589178174
   0.61739822665027   -1.18854218105317   -3.62668155917659
   0.61175056428610   -1.17766996818567   -3.61855711003468
   0.60719792155995   -1.16890575785638   -3.61163043458215
   0.60508928561630   -1.16484646086568   -3.60872931656323
   0.59815685456338   -1.15150096298769   -3.59882157716155
   0.59687411945942   -1.14903159279455   -3.59696430535038
   0.59141883657499   -1.13852972619072   -3.58920603044526
   0.58667704035868   -1.12940137989207   -3.58189818145842
   0.58447703030665   -1.12516618025477   -3.57837997361387
   0.57774648232885   -1.11220932384036   -3.56876177550802
   0.57647418907769   -1.10976005506958   -3.56681271524158
   0.57079543788052   -1.09882799365087   -3.55887681339704
   0.56615382358212   -1.08989250575392   -3.55218384751864
   0.56402382656768   -1.08579208695144   -3.54934856831351
   0.55720923511098   -1.07267343995293   -3.54185513779506
   0.55381312727512   -1.06613565406354   -3.53709579902272
   0.55034285980321   -1.05945510479750   -3.53263268139648
   0.54351273930339   -1.04630656311839   -3.52517308278028
   0.54136193378223   -1.04216608623526   -3.52243733283453
   0.53666207223165   -1.03311846760461   -3.51684536866324
   0.52983596762595   -1.01997765685079   -3.50937554726067
   0.52853454023267   -1.01747230246892   -3.50758682694951
   0.52299010450400   -1.00679880933399   -3.50103262466889
   0.51652622508078   -0.99435531174021   -3.49288759791839
   0.51605598856061   -0.99345006790379   -3.49214485146705
   0.50931480137609   -0.98047273014457   -3.48523266417454
   0.50336734415078   -0.96902338760168   -3.47766830745588
   0.50253264234277   -0.96741651821884   -3.47655570137071
   0.49554110882066   -0.95395724324432   -3.46885057634814
   0.49054307825109   -0.94433562481765   -3.46281355589085
   0.48886697800068   -0.94110899448200   -3.46076004517038
   0.48194712385456   -0.92778770818025   -3.45275589515694
   0.47809152822146   -0.92036537062693   -3.44814613199526
   0.47510191744708   -0.91461012489265   -3.44441886021130
   0.46826862416296   -0.90145547534376   -3.43696795942131
   0.46526615127542   -0.89567546898763   -3.43329374655319
   0.46142253776785   -0.88827619800786   -3.42863513761309
   0.45459097856848   -0.87512488671423   -3.42117856918396
   0.45244044225132   -0.87098492807083   -3.41844351429003
   0.44774339872114   -0.86194273436039   -3.41285204644230
   0.44093396705313   -0.84883402037794   -3.40533952977670
   0.43967714831343   -0.84641454130983   -3.40340888166770
   0.43397983120259   -0.83544673898586   -3.39646887428810
   0.42731060408845   -0.82260793025914   -3.38927147229177
   0.42684043884160   -0.82170282362969   -3.38852890352488
   0.42039621725343   -0.80929716897928   -3.38124882036954
   0.41482039363104   -0.79856325157677   -3.37389121898917
   0.41361998571527   -0.79625236796750   -3.37257154267808
   0.40662366920550   -0.78278388534976   -3.36487100886481
   0.40199499145289   -0.77387330136358   -3.35904276244250
   0.39986358196524   -0.76977016343443   -3.35625196687281
   0.39294574345093   -0.75645275738908   -3.34907719778363
   0.38953495498190   -0.74988671007780   -3.34440644733290
   0.38619035237133   -0.74344807596787   -3.34044429660805
   0.37935603935578   -0.73029146335242   -3.33299608512107
   0.37673099122049   -0.72523803057369   -3.32951992664774
   0.37251246523087   -0.71711702234253   -3.32466461330806
   0.36567938175557   -0.70396277669281   -3.31721083872199
   0.36390397101906   -0.70054496553310   -3.31467647144945
   0.35874941847627   -0.69062202948127   -3.30832885052878
   0.35199170446785   -0.67761287623171   -3.30149078783263
   0.34986560752530   -0.67351996538721   -3.29957818298621
   0.34518306020734   -0.66450567807322   -3.29561453997768
   0.33835016323480   -0.65135179145661   -3.29424656325066
   0.33149209359781   -0.63814944539808   -3.29380469032164
   0.32465273988030   -0.62498312901827   -3.29380113961921
   0.31781340267589   -0.61181684442756   -3.29379766295049
   0.31097430242376   -0.59865101598938   -3.29333032566775
   0.30413500007094   -0.58548479849082   -3.29332699708437
   0.29731385720198   -0.57235353948683   -3.29329809586388
   0.29045643904382   -0.55915244757843   -3.29285659428342
   0.28361718023422   -0.54598631390414   -3.29285348855843
   0.27677793546618   -0.53282020726100   -3.29285045684918
   0.26993870432782   -0.51965412685611   -3.29284749915578
   0.26313048732548   -0.50654775120461   -3.29282082040522
   0.25621764513770   -0.49323996349730   -3.29241159096015
   0.24945190340122   -0.48021535621336   -3.29281527915208
   0.24258215016727   -0.46699051827322   -3.29190851211538
   0.23574272844531   -0.45382407097929   -3.29236985967859
   0.22890382699852   -0.44065862525768   -3.29190341217588
   0.22206468173951   -0.42749271017758   -3.29190097320301
   0.21522554681492   -0.41432681499208   -3.29189860822819
   0.20838642181288   -0.40116093890831   -3.29189631725150
   0.20157747026076   -0.38805314918829   -3.29187035304168
   0.19470818335156   -0.37482920896153   -3.29142800061229
   0.18786908458887   -0.36166338339065   -3.29142593228775
   0.18106015810812   -0.34855564193507   -3.29093629255977
   0.17422124747199   -0.33539017852325   -3.29000652272983
   0.16729632144643   -0.32205912843795   -3.29002884722673
   0.16051303450786   -0.30900074520217   -3.29049051027834
   0.15363272591666   -0.29575558733433   -3.29052212106285
   0.14686436721039   -0.28272594216911   -3.29092741246286
   0.13995480961531   -0.26942447757190   -3.29051890667069
   0.13318609453163   -0.25639414635095   -3.29092437543226
   0.12631779500653   -0.24317210691947   -3.29048276021871
   0.11947906903957   -0.23000699901092   -3.29001749572696
   0.11264004370400   -0.21684131479328   -3.29001624135559
   0.10584289832816   -0.20375625293010   -3.29045705844165
   0.09896197241732   -0.19050990667136   -3.28955000706281
   0.09212295601731   -0.17734423965539   -3.28954897510844
   0.08528394212542   -0.16417857746777   -3.28954801710764
   0.07844493032980   -0.15101291931562   -3.28954713306051
   0.07160592021858   -0.13784726440610   -3.28954632296713
   0.06476691137992   -0.12468161194633   -3.28954558682760
   0.05792790340194   -0.11151596114347   -3.28954492464200
   0.05111735762856   -0.09840510241688   -3.28905665167608
   0.04425018865689   -0.08518523939342   -3.28861593993691
   0.03741083777638   -0.07201892847509   -3.28906000576593
   0.03057217612517   -0.05885394437962   -3.28861513344085
   0.02373281735872   -0.04568761828021   -3.28906262186128
   0.01689415879797   -0.03252264013413   -3.28861462268824
   0.01005514730643   -0.01935698256737   -3.28861447821595
   0.00325693435176   -0.00626986552747   -3.28859239650618
  -0.00362293179179    0.00697444059239   -3.28814082750036
  -0.01046158721687    0.02013941270204   -3.28768660743638
  -0.01730060892518    0.03330508993693   -3.28768675866838
  -0.02413963471561    0.04647077503022   -3.28768698381835
  -0.03097866500000    0.05963646877475   -3.28768728288638
  -0.03781770019020    0.07280217196338   -3.28768765587256
  -0.04461658701734    0.08589058626302   -3.28766602932900
  -0.05149584181897    0.09913371549958   -3.28722468699854
  -0.05833450919412    0.11229871061408   -3.28676133756253
  -0.06517356613627    0.12546445567699   -3.28676200605185
  -0.07201263004373    0.13863021414870   -3.28676274844124
  -0.07885170132836    0.15179598682206   -3.28676356473081
  -0.08569078040201    0.16496177448992   -3.28676445492064
  -0.09252986767653    0.17812757794512   -3.28676541901081
  -0.09936896356376    0.19129339798050   -3.28676645700143
  -0.10620806847555    0.20445923538891   -3.28676756889258
  -0.11304718282376    0.21762509096318   -3.28676875468434
  -0.11981523268384    0.23065414157419   -3.28625828537028
  -0.12672515814352    0.24395631434090   -3.28537953289568
  -0.13356430235439    0.25712222740325   -3.28538094025975
  -0.14040391460214    0.27028904147494   -3.28561552858924
  -0.14724262444099    0.28345411833555   -3.28538397660754
  -0.15408180314040    0.29662009779117   -3.28538560559144
  -0.16092099415968    0.30978610096355   -3.28538730844879
  -0.16776019791068    0.32295212864553   -3.28538908517968
  -0.17459897681979    0.33611733847204   -3.28492698259412
  -0.18138701723699    0.34918487254370   -3.28537226625423
  -0.18827752185768    0.36244965860386   -3.28446697362308
  -0.19511677866924    0.37561578843175   -3.28446904532694
  -0.20195605027194    0.38878194673382   -3.28447119088626
  -0.20886437034679    0.40208102900318   -3.28478098959144
  -0.21593170310142    0.41568622371192   -3.28615918717134
  -0.22307163783386    0.42943118317757   -3.29070755174924
  -0.22909502243360    0.44102669213837   -3.29648351212370
  -0.22995010018004    0.44267278687244   -3.29741231652409
  -0.23679076135327    0.45584162021166   -3.30484282622218
  -0.24280998386909    0.46742911681982   -3.31143782707488
  -0.24365155676545    0.46904921361079   -3.31242025938924
  -0.25047254017380    0.48218016564005   -3.32063262471029
  -0.25600455303872    0.49282974374421   -3.32657784979601
  -0.25733673130854    0.49539429608339   -3.32824272103434
  -0.26415455142713    0.50851915852062   -3.33642301606838
  -0.26843013141265    0.51675000036938   -3.34106751008011
  -0.27099549446523    0.52168853447280   -3.34385423639547
  -0.27769799919635    0.53459140533926   -3.35188542241243
  -0.28161469526599    0.54213136624000   -3.35623333915393
  -0.28467785908935    0.54802820762112   -3.35964551702956
  -0.29135498742501    0.56088222684677   -3.36750840363564
  -0.29483908628048    0.56758940265962   -3.37091046452229
  -0.29855105702262    0.57473525052801   -3.37519206018809
  -0.30506321895383    0.58727169590637   -3.38253932520123
  -0.30812471343055    0.59316532365841   -3.38595936220807
  -0.31214772018035    0.60090994133044   -3.39041025617258
  -0.31874635418473    0.61361285253589   -3.39833137608605
  -0.32095263554672    0.61786012495877   -3.40082291757794
  -0.32572610390576    0.62704944272768   -3.40609456146631
  -0.33256758533294    0.64021985512296   -3.41352711231350
  -0.33427796368709    0.64351247361733   -3.41538527303329
  -0.33950148597168    0.65356818207408   -3.42167768807859
  -0.34612209527696    0.66631339753459   -3.42907752007555
  -0.34746102175151    0.66889094072089   -3.43070816155476
  -0.35295514032875    0.67946756921590   -3.43734996356110
  -0.35978562170129    0.69261680560456   -3.44469313100558
  -0.36028328212354    0.69357484269982   -3.44529779016620
  -0.36679868401441    0.70611752526603   -3.45275057254033
  -0.37336803436895    0.71876406304579   -3.46013697651596
  -0.37384275732524    0.71967794363940   -3.46086258973953
  -0.38046073691979    0.73241809669125   -3.46834466899873
  -0.38682563632485    0.74467104963885   -3.47525825402115
  -0.38731932980458    0.74562145004468   -3.47592550779005
  -0.39400770103550    0.75849711276504   -3.48380597277741
  -0.39963481258021    0.76932976362098   -3.49001721065874
  -0.40098727001147    0.77193335500777   -3.49157497148735
  -0.40782946609054    0.78510514316650   -3.49900920853101
  -0.41296115369943    0.79498406234682   -3.50458497590069
  -0.41470304810807    0.79833735182878   -3.50684022065574
  -0.42135623650257    0.81114528470587   -3.51522978625512
  -0.42608369188347    0.82024602372114   -3.51976127707584
  -0.42835681670933    0.82462197528969   -3.52224140956323
  -0.43506270425879    0.83753135835867   -3.53026763876717
  -0.43897923154834    0.84507099434391   -3.53462216070732
  -0.44222404013176    0.85131751677363   -3.53872939354376
  -0.44876403501799    0.86390754287127   -3.54725538369220
  -0.45056242866005    0.86736959800758   -3.54972720003032
  -0.45575757220224    0.87737067505962   -3.55702161287337
  -0.46133949740882    0.88811633851171   -3.56464876934467
  -0.46259984120487    0.89054260360216   -3.56657611045263
  -0.46943504620083    0.90370093335300   -3.57634131463406
  -0.47160131603728    0.90787118031035   -3.57902253101699
  -0.47655816994761    0.91741353029362   -3.58600797059194
  -0.48200819307466    0.92790527143347   -3.59379996072408
  -0.48329130555087    0.93037536809910   -3.59565865863221
  -0.48997421428671    0.94324051506877   -3.60534536490592
  -0.49224951229589    0.94762065019330   -3.60858973094587
  -0.49708796868071    0.95693507523749   -3.61574815908558
  -0.50253838433156    0.96742757201782   -3.62354004986679
  -0.50382154658827    0.96989776451498   -3.62539887015843
  -0.51050552531545    0.98276497130566   -3.63508513331987
  -0.51311034067625    0.98777945433546   -3.63866990866038
  -0.51745496801663    0.99614321800065   -3.64509169214140
  -0.52339024059635    1.00756910410226   -3.65362888183626
  -0.52419352116542    1.00911548502521   -3.65472770404041
  -0.53103764771001    1.02229098948827   -3.66482686408310
  -0.53364247713566    1.02730549959407   -3.66841219676377
  -0.53808533079054    1.03585835696413   -3.67442111983357
  -0.54409391281893    1.04742536976201   -3.68293757724602
  -0.54488326735063    1.04894494192182   -3.68407154384457
  -0.55156830715752    1.06181419137790   -3.69382657592937
  -0.55459205783315    1.06763515921980   -3.69838177355874
  -0.55864141573826    1.07543050502525   -3.70435437398019
  -0.56477128169311    1.08723099932058   -3.71329842433089
  -0.56525837109972    1.08816868634447   -3.71401429101413
  -0.57210141617990    1.10134210889990   -3.72357212902730
  -0.57512521420260    1.10716316788879   -3.72812788798768
  -0.57899274338849    1.11460847850918   -3.73351885568202
  -0.58566068092881    1.12744480470062   -3.74246549207261
  -0.58612622432513    1.12834101388904   -3.74326693518695
  -0.59263402299204    1.14086905962605   -3.75293990238052
  -0.59613017843522    1.14759944535826   -3.75730500278523
  -0.59979910257979    1.15466242499873   -3.76276931285678
  -0.60619834637379    1.16698149370952   -3.77220569876975
  -0.60666165237892    1.16787339573654   -3.77301488404282
  -0.61332856678842    1.18070775231730   -3.78235008993974
  -0.61675104567779    1.18729630464576   -3.78699912291311
  -0.62033285103740    1.19419157348597   -3.79252166190163
  -0.62672977577251    1.20650617781832   -3.80184619369697
  -0.62720675795073    1.20742440759928   -3.80259391187896
  -0.63370556040197    1.21993513488392   -3.81189207183928
  -0.63752748995925    1.22729266248240   -3.81756084710934
  -0.64053312833707    1.23307876266675   -3.82198629966549
  -0.64740152789610    1.24630099467174   -3.83120445047997
  -0.64822290147997    1.24788220613087   -3.83225489719676
  -0.65439961747006    1.25977289058333   -3.84115014126743
  -0.65822014898721    1.26712772684001   -3.84682425054043
  -0.66124527187620    1.27295133630508   -3.85106585334611
  -0.66781408060486    1.28559683141063   -3.86047041709794
  -0.66911259995374    1.28809658756870   -3.86227790635519
  -0.67493675650671    1.29930856621306   -3.87090732040852
  -0.67907736852541    1.30727958366528   -3.87692147522608
  -0.68178374186335    1.31248957412358   -3.88082377405487
  -0.68835542703548    1.32514060661853   -3.89021924102043
  -0.68965400390203    1.32764047350283   -3.89202686883988
  -0.69531778233250    1.33854371111866   -3.90023066324083
  -0.69961597807369    1.34681809015040   -3.90668011427619
  -0.70217169636277    1.35173805729372   -3.91019941598763
  -0.70890024196234    1.36469105896593   -3.92017628853812
  -0.70981203964701    1.36644634422922   -3.92186989047476
  -0.71585806975883    1.37808544765652   -3.93184909395292
  -0.71856216694799    1.38329105634190   -3.93606971617261
  -0.72296899046682    1.39177455274745   -3.94344761845778
  -0.72754329139688    1.40058045689412   -3.95124713546118
  -0.72968304264046    1.40469965338706   -3.95496698546701
  -0.73628940667596    1.41741744553587   -3.96581819662282
  -0.73674060353818    1.41828603647046   -3.96668360047196
  -0.74324458275152    1.43080672944636   -3.97841787866979
  -0.74497704959455    1.43414187009194   -3.98114567373367
  -0.75009241767537    1.44398937284338   -3.98964815295349
  -0.75366341656554    1.45086383834434   -3.99573420216522
  -0.75714428770836    1.45756480054583   -4.00137553670328
  -0.76252499130239    1.46792309590399   -4.01090709871123
  -0.76394359264864    1.47065401974753   -4.01328989261109
  -0.77053798333749    1.48334876222285   -4.02430981782594
  -0.77144993306558    1.48510434018217   -4.02600382034137
  -0.77748967527936    1.49673133889046   -4.03601119173287
  -0.78019293996750    1.50193534494315   -4.04023684749652
  -0.78459538284903    1.51041040826293   -4.04761876180654
  -0.78917156711056    1.51921993797702   -4.05541693600107
  -0.79131166732679    1.52333980627088   -4.05913764339493
  -0.79770396996360    1.53564551268526   -4.07033198563345
  -0.79816760228874    1.53653804290504   -4.07116319916629
  -0.80501323782097    1.54971645229295   -4.08235060235456
  -0.80670246144669    1.55296834620151   -4.08520442591279
  -0.81187324853779    1.56292253508924   -4.09433328850392
  -0.81529752946002    1.56951455647861   -4.09991523712696
  -0.81864268660391    1.57595425811062   -4.10579435629428
  -0.82416813789454    1.58659120464657   -4.11507275980295
  -0.82543789360071    1.58903558843532   -4.11697704871561
  -0.83228132751774    1.60220975953355   -4.12923795509326
  -0.83273046906820    1.60307439382459   -4.13011133881200
  -0.83903548817773    1.61521207229619   -4.14057025694730
  -0.84166586964438    1.62027577217485   -4.14503973390772
  -0.84598719272795    1.62859467323593   -4.15239379944240
  -0.85032099629291    1.63693760024642   -4.15968453184444
  -0.85299136969274    1.64207828787372   -4.16421909753575
  -0.85923444338476    1.65409671634030   -4.17479247701019
  -0.85968844168603    1.65497070027466   -4.17564830358219
  -0.86653704645925    1.66815482569480   -4.18684951628643
  -0.86824172448370    1.67143647058738   -4.18966274077980
  -0.87351710894439    1.68159201798314   -4.19853791992854
  -0.87694196818768    1.68818515268794   -4.20412124447411
  -0.88044702754270    1.69493267918011   -4.21049010411315
  -0.88584850698800    1.70533096975451   -4.21939356990355
  -0.88718609723122    1.70790594058599   -4.22204710431399
  -0.89394557799815    1.72091849499047   -4.23327941701940
  -0.89440171500864    1.72179659611532   -4.23412683696789
  -0.90079902926706    1.73411195031199   -4.24436051438772
  -0.90348506019582    1.73928277996558   -4.24864551520972
  -0.90786018235826    1.74770524866222   -4.25622266068134
  -0.91203696767613    1.75574590267969   -4.26392901048800
  -0.91463932597447    1.76075565566291   -4.26844074708882
  -0.92089611870933    1.77280049441119   -4.27898910564929
  -0.92135020080550    1.77367463965759   -4.27984514754170
  -0.92810643696232    1.78668094792171   -4.29120490597848
  -0.92984257205923    1.79002315025664   -4.29392409227025
  -0.93505433029721    1.80005621195962   -4.30310693680361
  -0.93848030115357    1.80665148661068   -4.30869021015705
  -0.94196075613081    1.81335164765934   -4.31418015196607
  -0.94751268779526    1.82403957108490   -4.32360200256575
  -0.94885052944339    1.82661502589145   -4.32625619526503
  -0.95560357410924    1.83961519027390   -4.33763516818489
  -0.95639710081277    1.84114279420640   -4.33873595163739
  -0.96236346361777    1.85262853153946   -4.34897265359374
  -0.96499477196368    1.85769401573666   -4.35344445149906
  -0.96930642124268    1.86599429393117   -4.36092394444419
  -0.97357638985257    1.87421433342199   -4.36840382069167
  -0.97619901592740    1.87926310353585   -4.37284914821123
  -0.98256860089372    1.89152507657285   -4.38321281421048
  -0.98302277014566    1.89239938960125   -4.38406907735880
  -0.98977283103008    1.90539380995995   -4.39553481995826
  -0.99148608275753    1.90869195993341   -4.39832711152948
  -0.99672936571961    1.91878570931368   -4.40733700488526
  -1.00015594850024    1.92538216196911   -4.41292178048278
  -1.00365811863219    1.93212412647009   -4.41930814212112
  -1.00873529729470    1.94189811146171   -4.42785525711918
  -1.01042770639308    1.94515613766619   -4.43070433718938
  -1.01719564807662    1.95818498002851   -4.44198392342635
  -1.01765437312374    1.95906806333596   -4.44282112858322
  -1.02414672810170    1.97156637870615   -4.45384301199543
  -1.02667569129528    1.97643484009809   -4.45768784938757
  -1.03099801177073    1.98475566122026   -4.46504803914928
  -1.03533343600188    1.99310170814599   -4.47234657191737
  -1.03788944423339    1.99802223345224   -4.47718703387907
  -1.04379793482888    2.00939656203948   -4.48764072106585
  -1.04469010422589    2.01111406124051   -4.48941089344249
  -1.05071747077352    2.02271723577730   -4.50269354016226
  -1.05153229337015    2.02428583604917   -4.50463094522455
  -1.05632005695499    2.03350267329920   -4.51736926405588
  -1.05856262682285    2.03781980406967   -4.52289223305593
  -1.06207321394714    2.04457797197067   -4.53204513005242
  -1.06543550374327    2.05105065536224   -4.54068363799035
  -1.06790417927388    2.05580305806249   -4.54736504817315
  -1.07216963995859    2.06401441942792   -4.55854863090243
  -1.07346602416637    2.06651006526443   -4.56225375614203
  -1.07892946864235    2.07702764360082   -4.57638869914007
  -1.07932833296305    2.07779549010442   -4.57736946217912
  -1.08459487008238    2.08793400564303   -4.59203443930257
  -1.08579976073179    2.09025351888192   -4.59492673676916
  -1.09022795790074    2.09877816131550   -4.60676397359375
  -1.09271631465998    2.10356845199371   -4.61253987897418
  -1.09616191164246    2.11020150854589   -4.62181899362179
  -1.09962366044012    2.11686565866591   -4.63108138281690
  -1.10174087217276    2.12094146475318   -4.63671145558118
  -1.10638904213650    2.12988957284314   -4.64891578214294
  -1.10730505411037    2.13165297095849   -4.65160457184258
  -1.11297326884382    2.14256474882109   -4.66627142118329
  -1.11338669276451    2.14336062374782   -4.66723117824355
  -1.11848078468608    2.15316716814914   -4.68118107610899
  -1.12030563754008    2.15668015943673   -4.68581990227464
  -1.12413798924238    2.16405775051847   -4.69610507292737
  -1.12705863657553    2.16968023597695   -4.70373515166165
  -1.12963133375891    2.17463288888317   -4.71118204837223
  -1.13384362689427    2.18274189835912   -4.72147659911912
  -1.13558750645802    2.18609900942735   -4.72607862667313
  -1.14078002145785    2.19609502631993   -4.73999627008548
  -1.14118252854036    2.19686988543855   -4.74097267630327
  -1.14679786836466    2.20767987476804   -4.75587257960348
  -1.14766066061238    2.20934082054928   -4.75854025275762
  -1.15239581554098    2.21845638182485   -4.77077562545318
  -1.15445255714251    2.22241577795432   -4.77638062532055
  -1.15789911275777    2.22905067995316   -4.78566289829790
  -1.16140377786721    2.23579744749028   -4.79479353664318
  -1.16387796444197    2.24056045940213   -4.80056494248757
  -1.16808117679077    2.24865198761979   -4.81195794616524
  -1.16936776897977    2.25112878301769   -4.81568221375642
  -1.17477178960814    2.26153196557776   -4.83013184618111
  -1.17517081791954    2.26230012777690   -4.83111313368857
  -1.18044136398799    2.27244636087111   -4.84480120316825
  -1.18207557655973    2.27559235399268   -4.84872369976638
  -1.18628813151205    2.28370186748774   -4.86002727035664
  -1.18883574474539    2.28860623173455   -4.86661966123305
  -1.19180363458239    2.29431966288439   -4.87505616192384
  -1.19563535446722    2.30169603766570   -4.88522269320588
  -1.19742217804908    2.30513581948800   -4.88973691740070
  -1.20254138571642    2.31499071375813   -4.90291372520275
  -1.20335220874688    2.31655161453735   -4.90485939840773
  -1.20891183364184    2.32725434806210   -4.91976374342047
  -1.20942944679083    2.32825079579145   -4.92146214524893
  -1.21411436361736    2.33726964460360   -4.93445416146056
  -1.21624045900181    2.34136255244863   -4.93924707715928
  -1.21986022124105    2.34833089139262   -4.94913968943379
  -1.22321393906299    2.35478707303143   -4.95777904616827
  -1.22568438083021    2.35954287588189   -4.96446627802825
  -1.22995472750529    2.36776364317918   -4.97566113268457
  -1.23154565081756    2.37082630092881   -4.97959464567819
  -1.23672020294957    2.38078773782880   -4.99351752954901
  -1.23711934234771    2.38155611387904   -4.99449916875279
  -1.24280668529103    2.39250471511317   -5.00918178261706
  -1.24372722527280    2.39427683001479   -5.01185392612675
  -1.24817401274989    2.40283726031496   -5.02387271182903
  -1.25062575573883    2.40755706648491   -5.03044931062378
  -1.25366923440568    2.41341601232658   -5.03876232360339
  -1.25743146979632    2.42065862376246   -5.04826031945985
  -1.25955022284586    2.42473739701110   -5.05389541522236
  -1.26425480489918    2.43379410299636   -5.06606128459091
  -1.26543852921373    2.43607286930609   -5.06902378894180
  -1.27068288556196    2.44616868504267   -5.08371334677872
  -1.27109411677714    2.44696033883159   -5.08467799521145
  -1.27630162791156    2.45698522451218   -5.09861382522302
  -1.27802588578180    2.46030456221244   -5.10314055314932
  -1.28234031184948    2.46861018595272   -5.11334157762340
  -1.28492198800843    2.47358012412274   -5.12086552843557
  -1.28786044044163    2.47923688585789   -5.12843379256824
  -1.29167939453547    2.48658868544544   -5.13880587352128
  -1.29333485668924    2.48977558575379   -5.14355873895680
  -1.29851294355485    2.49974382730564   -5.15652368037942
  -1.29902093818117    2.50072175859063   -5.15825088612891
  -1.30470212465502    2.51165850811652   -5.17293710336698
  -1.30552471740282    2.51324206656612   -5.17486680112258
  -1.31022953148051    2.52229921921732   -5.18806997303200
  -1.31223880752391    2.52616724025768   -5.19282570762442
  -1.31593242982271    2.53327776586903   -5.20255157941240
  -1.31930943250743    2.53977877277683   -5.21120036153214
  -1.32178103383704    2.54453680787993   -5.21789135850149
  -1.32603847699790    2.55273273485493   -5.23006195344943
  -1.32722255107808    2.55501217449217   -5.23302556328424
  -1.33278803569105    2.56572618845428   -5.24699685851016
  -1.33320186487538    2.56652284354672   -5.24795786945766
  -1.33854454443637    2.57680793952527   -5.26242983889839
  -1.33994344688873    2.57950094138379   -5.26610043949813
  -1.34419751691239    2.58769037479324   -5.27756839984911
  -1.34660878443279    2.59233226236936   -5.28414162149607
  -1.34965372982452    2.59819403177661   -5.29245939312624
  -1.35347659097110    2.60555335276086   -5.30276966791171
  -1.35552572588271    2.60949810538889   -5.30760762085191
  -1.36034914883161    2.61878358983695   -5.32051945863384
  -1.36113078563023    2.62028830472813   -5.32250462590942
  -1.36680705886090    2.63121559585826   -5.33721087168735
  -1.36721847670770    2.63200760892834   -5.33817609379214
  -1.37242230283356    2.64202540066547   -5.35211603116029
  -1.37414227116424    2.64533648065055   -5.35671301032015
  -1.37807085956917    2.65289933527129   -5.36684587115452
  -1.38105045382301    2.65863529838270   -5.37438338802084
  -1.38369105133605    2.66371866498784   -5.38172776910472
  -1.38781452222419    2.67165668435906   -5.39226891776430
  -1.38956055080906    2.67501793246904   -5.39687785500424
  -1.39465908110709    2.68483302110878   -5.41100321709200
  -1.39504504515734    2.68557603353463   -5.41200120340766
  -1.40072621989051    2.69651276045873   -5.42671277258149
  -1.40164719970130    2.69828572206726   -5.42942338051894
  -1.40658420770399    2.70778986705199   -5.44189476241230
  -1.40844394360661    2.71137001106676   -5.44725252961443
  -1.41159553728863    2.71743708717248   -5.45632040260170
  -1.41535950712875    2.72468303756574   -5.46582686421497
  -1.41747995003393    2.72876506392496   -5.47146737822264
  -1.42213862837639    2.73773340150508   -5.48369656552754
  -1.42335613182179    2.74007719540986   -5.48661901427837
  -1.42882505284445    2.75060531654740   -5.50081275056494
  -1.42923659642910    2.75139757167316   -5.50177835630976
  -1.43465337705156    2.76182531826751   -5.51623230726711
  -1.43597874195796    2.76437675432376   -5.51987237882625
  -1.44033606689657    2.77276496190608   -5.53115655314547
  -1.44276758454493    2.77744583263796   -5.53775621392846
  -1.44581407702891    2.78331058032459   -5.54607895606404
  -1.44953428047391    2.79047227682065   -5.55565852342469
  -1.45138739216750    2.79403966869022   -5.56100727593763
  -1.45636866375506    2.80362902470314   -5.57344503617575
  -1.45728023735671    2.80538387858826   -5.57615214941605
  -1.46294563435245    2.81629023207485   -5.59088669312633
  -1.46337492674613    2.81711665511248   -5.59181979145278
  -1.46829909053586    2.82659607393469   -5.60554494751799
  -1.47042494121135    2.83068851069492   -5.61110591545977
  -1.47394254592466    2.83746018802985   -5.62028125496934
  -1.47728265937854    2.84389018014528   -5.62892271307242
  -1.47975630871846    2.84865215783605   -5.63562028016775
  -1.48391369293841    2.85665546315013   -5.64703803295556
  -1.48520240222325    2.85913633413102   -5.65076929764875
  -1.49081075949170    2.86993288146828   -5.66472032039266
  -1.49121039851236    2.87070221933280   -5.66570351513882
  -1.49649341159018    2.88087245244169   -5.68040799010853
  -1.49771456365133    2.88322327023076   -5.68331549376668
  -1.50216615305310    2.89179294462947   -5.69532367213165
  -1.50465172394250    2.89657787227995   -5.70185202179548
  -1.50776526287855    2.90257168988114   -5.71004797293256
  -1.51143532180113    2.90963685406230   -5.71975581225204
  -1.51354512461645    2.91369839737660   -5.72541892310224
  -1.51825160168597    2.92275875142333   -5.73757750109737
  -1.51913666285365    2.92446256670040   -5.74033603178947
  -1.52483021652677    2.93542312409836   -5.75506604864191
  -1.52524196346117    2.93621577068905   -5.75603227091149
  -1.53043995102759    2.94622232272079   -5.76997939699308
  -1.53217253745706    2.94955769358007   -5.77458839087645
  -1.53610444027623    2.95712692871984   -5.78473163647076
  -1.53903144924441    2.96276166084708   -5.79237750292326
  -1.54160969188144    2.96772498920602   -5.79984270749248
  -1.54578631229000    2.97576532575955   -5.81030310710094
  -1.54748421386772    2.97903392543685   -5.81500396908098
  -1.55258914916583    2.98886134422663   -5.82814247843625
  -1.55336172893630    2.99034862359640   -5.83014049188610
  -1.55877604007144    3.00077161622527   -5.84465798216577
  -1.55970057740810    3.00255142636264   -5.84733670000603
  -1.56439984881080    3.01159790891027   -5.85956642609912
  -1.56656056685836    3.01575746821905   -5.86507488099139
  -1.57015137143792    3.02267006129512   -5.87410068464541
  -1.57344419573023    3.02900901789925   -5.88286490681031
  -1.57584917502878    3.03363880013299   -5.88965676103135
  -1.58024373836556    3.04209869468341   -5.90163956962761
  -1.58142937970063    3.04438115141473   -5.90460804437025
  -1.58691198552637    3.05493561691966   -5.91877935348524
  -1.58730721292249    3.05569646204541   -5.91976888654407
  -1.59269617615099    3.06607065787680   -5.93431100173480
  -1.59393962318442    3.06846439531454   -5.93720556775128
  -1.59829021577273    3.07683964257082   -5.94925101968385
  -1.60085194063689    3.08177117286340   -5.95581517084712
  -1.60390115167369    3.08764115398698   -5.96414655545148
  -1.60766341063586    3.09488381079999   -5.97459830723174
  -1.60936192338476    3.09815358703190   -5.97930111531941
  -1.61456928007930    3.10817817540306   -5.99229181969916
  -1.61537617996938    3.10973152381555   -5.99425046689533
  -1.62068219076881    3.11994602942315   -6.00894604000304
  -1.62147882721488    3.12147961986487   -6.01091073733770
  -1.62655985916172    3.13126102274460   -6.02409425365513
  -1.62827867144709    3.13456987724772   -6.02878923927494
  -1.63213921867619    3.14200174702912   -6.03907569341190
  -1.63520142765643    3.14789675025900   -6.04738589738805
  -1.63772797025295    3.15276055180324   -6.05401407752856
  -1.64202854626763    3.16103951305649   -6.06520723211510
  -1.64331845500795    3.16352269308748   -6.06894237428362
  -1.64891716772213    3.17430067386741   -6.08295860687736
  -1.64933167282519    3.17509863015881   -6.08392165589367
  -1.65365568230021    3.18342270274355   -6.09874900051163
  -1.65544643104514    3.18687004082641   -6.10648615999211
  -1.65673972498694    3.18935973764764   -6.11395061641077
  -1.65740367860383    3.19063790277004   -6.12859196247925
  -1.65784610523772    3.19148961029641   -6.14350922659664
  -1.65807329985419    3.19192697855132   -6.15839564845547
  -1.65831314288490    3.19238869604017   -6.17325081872866
  -1.65856463082577    3.19287283093537   -6.18816899140322
  -1.65875870331082    3.19324643637300   -6.20317854333511
  -1.65898603280965    3.19368406428753   -6.21806650442153
  -1.65922586343780    3.19414575790044   -6.23292023757471
  -1.65944260229303    3.19456299795814   -6.24790427497297
  -1.65946803402031    3.19461195611724   -6.26275488534939
  -1.65870627611741    3.19314550972937   -6.27732984302249
  -1.65573971288643    3.18743463240484   -6.29156870983723
  -1.65534078663633    3.18666666668206   -6.29253411549428
  -1.64991031794357    3.17621256943069   -6.30610664954533
  -1.64863704740864    3.17376141930855   -6.30891749826528
  -1.64271005833739    3.16235147963956   -6.32095382857601
  -1.64184831765584    3.16069255820937   -6.32279971954607
  -1.63583162031567    3.14910992277126   -6.33585672635755
  -1.63497631229900    3.14746338474811   -6.33771762040435
  -1.62861641969131    3.13522007029575   -6.35086363313335
  -1.62818864872950    3.13439657613916   -6.35179384693497
  -1.62143360745610    3.12139256812354   -6.36485621959675
  -1.62099253107516    3.12054345994476   -6.36575343355545
  -1.61449796798810    3.10804089378359   -6.37969729174990
  -1.61407019986156    3.10721740508512   -6.38062755264004
  -1.60767085373338    3.09489813937265   -6.39349548212265
  -1.60680289127901    3.09322724051994   -6.39532483385244
  -1.60079683601274    3.08166509194619   -6.40746875210315
  -1.59950326314636    3.07917485817226   -6.41023544504289
  -1.59396422767092    3.06851176096736   -6.42155964283402
  -1.59230859289629    3.06532452834970   -6.42516762672397
  -1.58712056127784    3.05533714233368   -6.43551635037979
  -1.58498226751781    3.05122075161602   -6.44016928170251
  -1.58033865717133    3.04228142116295   -6.44948930926355
  -1.57771098061413    3.03722292845665   -6.45505709620265
  -1.57343671385413    3.02899461467464   -6.46422263558470
  -1.57043972276645    3.02322516123246   -6.46994533331572
  -1.56659945130018    3.01583232395605   -6.47817727586649
  -1.56316849297509    3.00922744801896   -6.48483399491626
  -1.55976386010779    3.00267325074545   -6.49213153927422
  -1.55627835527949    2.99596336831969   -6.49962161088310
  -1.55290372951474    2.98946693717762   -6.50623798881121
  -1.54905487353038    2.98205757400040   -6.51461441368873
  -1.54608860844526    2.97634727063109   -6.52097693534884
  -1.54180780417622    2.96810637160844   -6.52917274949632
  -1.53922671123474    2.96313755617984   -6.53378465350453
  -1.53250251114442    2.95019291996905   -6.54311949057142
  -1.53205976398440    2.94934059540361   -6.54399772739049
  -1.52575301268811    2.93719958233054   -6.55173722925218
  -1.52016620253490    2.92644451495587   -6.55884114570775
  -1.51886442272394    2.92393848214109   -6.56062345027430
  -1.51206276546677    2.91084473453662   -6.56754286836030
  -1.50729717090396    2.90167057447070   -6.57383339868419
  -1.50515065655042    2.89753835843688   -6.57659861456717
  -1.49842998801324    2.88460052075528   -6.58343052259882
  -1.49446081197517    2.87695953161466   -6.58863188546967
  -1.49145519981770    2.87117348190664   -6.59231352569919
  -1.48460091200641    2.85797841617248   -6.59980666180547
  -1.48158381360503    2.85217025450366   -6.60355613916131
  -1.47780200779775    2.84488996841200   -6.60818034472905
  -1.47095156448608    2.83170230365467   -6.61561350261912
  -1.46867428865044    2.82731836105212   -6.61849156782443
  -1.46412544786875    2.81856146977748   -6.62423854934299
  -1.45732860340896    2.80547698720234   -6.63174597497396
  -1.45600160740933    2.80292241115797   -6.63341893194746
  -1.45044156047029    2.79221886516377   -6.63979598407551
  -1.44356686376149    2.77898451062944   -6.64745700354139
  -1.44309899890505    2.77808383244005   -6.64823265541757
  -1.43674071809481    2.76584362082986   -6.65585199883287
  -1.43111993754122    2.75502315765065   -6.66293621268072
  -1.42981878118629    2.75251832503983   -6.66472142167937
  -1.42300761355525    2.73940626918628   -6.67160752834917
  -1.41825030488148    2.73024806013579   -6.67793030321439
  -1.41610414494528    2.72611652638439   -6.68069715414256
  -1.40937792315600    2.71316799823740   -6.68750100073295
  -1.40539651565698    2.70550346253211   -6.69279719247092
  -1.40240368843578    2.69974202487411   -6.69652965296122
  -1.39560700020267    2.68665784304816   -6.70391989712433
  -1.39253870982544    2.68075113263073   -6.70766356580761
  -1.38875809540015    2.67347314004701   -6.71228814441230
  -1.38190812959006    2.66028639451936   -6.71972376360559
  -1.37936752013445    2.65539551311861   -6.72247534331525
  -1.37511345100965    2.64720608143954   -6.72632459274572
  -1.36839585786981    2.63427416414982   -6.73081695517624
  -1.36148312793055    2.62096659253010   -6.73539161806516
  -1.35887633561173    2.61594830369409   -6.73725035113692
  -1.35461617206151    2.60774713974666   -6.74017275058848
  -1.34789960768990    2.59481720292010   -6.74394596808374
  -1.34097261450629    2.58148217338615   -6.74779006451411
  -1.33452806606177    2.56907588951050   -6.75255834552036
  -1.33405632904108    2.56816775708759   -6.75323359929382
  -1.32732609532584    2.55521150565436   -6.75720943708709
  -1.32047219381949    2.54201718358890   -6.76091356832959
  -1.31355977480202    2.52871021051909   -6.76540445348505
  -1.31098245772513    2.52374866393926   -6.76720679660757
  -1.30670711068050    2.51551827052080   -6.77001935028104
  -1.29985418316790    2.50232582347311   -6.77467892662752
  -1.29307470551297    2.48927477342052   -6.77824462783423
  -1.28818686974925    2.47986528902540   -6.78175072735907
  -1.28604217936948    2.47573658429057   -6.78358685707157
  -1.27932157947756    2.46279887875671   -6.78771933360989
  -1.27250258616151    2.44967175781822   -6.79178929675627
  -1.26565005168991    2.43648006740665   -6.79642734102034
  -1.26477095714204    2.43478773836168   -6.79719743006398
  -1.25838877747768    2.42250151949884   -6.80604494538296
  -1.25500846782416    2.41599414640509   -6.81146915612204
      
      
