-1.165697 -2.332926 -4.578969
-1.170895 -2.343328 -4.593263
-1.171296 -2.344131 -4.594217
-1.176084 -2.353715 -4.608733
-1.177613 -2.356774 -4.612677
-1.181380 -2.364313 -4.623846
-1.184350 -2.370256 -4.632104
-1.186792 -2.375143 -4.638731
-1.190994 -2.383552 -4.649803
-1.192289 -2.386145 -4.653384
-1.197533 -2.396641 -4.667785
-1.197949 -2.397472 -4.668716
-1.202960 -2.407501 -4.683376
-1.204207 -2.409996 -4.687097
-1.208092 -2.417772 -4.698039
-1.210944 -2.423480 -4.705586
-1.213491 -2.428577 -4.712925
-1.217494 -2.436589 -4.723432
-1.219167 -2.439935 -4.728034
-1.224120 -2.449849 -4.742226
-1.224536 -2.450680 -4.743157
-1.229588 -2.460792 -4.757815
-1.230886 -2.463390 -4.761438
-1.234980 -2.471582 -4.772701
-1.237541 -2.476708 -4.780020
-1.240393 -2.482416 -4.787591
-1.244185 -2.490004 -4.797728
-1.245783 -2.493204 -4.802477
-1.250819 -2.503282 -4.816435
-1.251235 -2.504114 -4.817366
-1.256303 -2.514256 -4.832028
-1.257590 -2.516833 -4.835674
-1.261412 -2.524482 -4.846690
-1.264245 -2.530152 -4.854272
-1.267102 -2.535869 -4.861808
-1.270797 -2.543264 -4.872127
-1.272500 -2.546673 -4.876699
-1.277289 -2.556257 -4.890064
-1.277834 -2.557348 -4.891817
-1.283198 -2.568082 -4.906711
-1.284091 -2.569869 -4.909389
-1.288304 -2.578302 -4.921374
-1.290748 -2.583192 -4.927981
-1.293715 -2.589130 -4.936267
-1.297391 -2.596486 -4.945700
-1.299389 -2.600485 -4.951384
-1.303896 -2.609505 -4.964528
-1.304437 -2.610589 -4.966281
-1.309804 -2.621329 -4.981177
-1.310697 -2.623116 -4.983855
-1.315324 -2.632377 -4.995844
-1.317360 -2.636451 -5.001505
-1.320322 -2.642379 -5.010738
-1.323998 -2.649737 -5.020172
-1.325723 -2.653188 -5.025634
-1.330634 -2.663017 -5.038811
-1.331337 -2.664423 -5.040701
-1.336532 -2.674821 -5.055428
-1.337415 -2.676587 -5.058130
-1.341935 -2.685634 -5.070325
-1.343971 -2.689709 -5.075987
-1.347228 -2.696225 -5.085451
-1.350610 -2.702995 -5.094657
-1.352744 -2.707266 -5.100121
-1.357152 -2.716088 -5.112506
-1.358070 -2.717925 -5.115245
-1.363435 -2.728662 -5.130146
-1.363826 -2.729443 -5.131123
-1.368560 -2.738918 -5.144816
-1.370668 -2.743138 -5.150347
-1.373962 -2.749730 -5.159718
-1.377228 -2.756265 -5.168215
-1.379644 -2.761100 -5.174844
-1.383870 -2.769559 -5.187770
-1.384684 -2.771188 -5.189746
-1.390053 -2.781933 -5.204649
-1.390443 -2.782714 -5.205626
-1.395169 -2.792172 -5.219324
-1.397206 -2.796248 -5.224988
-1.400581 -2.803003 -5.234226
-1.403847 -2.809539 -5.242724
-1.406103 -2.814054 -5.248891
-1.410612 -2.823077 -5.261150
-1.411510 -2.824875 -5.263795
-1.416798 -2.835457 -5.278940
-1.417180 -2.836223 -5.279927
-1.421799 -2.845466 -5.293840
-1.423804 -2.849480 -5.298643
-1.427510 -2.856896 -5.308977
-1.430453 -2.862785 -5.316368
-1.433025 -2.867934 -5.323656
-1.437135 -2.876159 -5.334927
-1.438431 -2.878752 -5.338564
-1.443424 -2.888745 -5.353469
-1.443807 -2.889511 -5.354457
-1.449116 -2.900136 -5.368601
-1.450364 -2.902634 -5.372328
-1.454245 -2.910402 -5.383283
-1.457203 -2.916322 -5.391586
-1.459654 -2.921225 -5.398193
-1.463866 -2.929655 -5.410215
-1.465061 -2.932047 -5.413104
-1.470064 -2.942059 -5.428002
-1.470480 -2.942892 -5.428934
-1.475468 -2.952876 -5.442918
-1.477167 -2.956275 -5.447512
-1.480877 -2.963699 -5.457831
-1.483733 -2.969415 -5.465391
-1.486575 -2.975103 -5.472971
-1.490397 -2.982752 -5.484018
-1.491696 -2.985353 -5.487654
-1.496816 -2.995599 -5.502338
-1.497199 -2.996365 -5.503360
-1.502102 -3.006179 -5.517476
-1.503698 -3.009372 -5.521337
-1.507629 -3.017240 -5.532158
-1.510475 -3.022936 -5.539760
-1.512923 -3.027835 -5.547304
-1.517016 -3.036026 -5.557691
-1.518748 -3.039492 -5.562225
-1.523644 -3.049290 -5.576375
-1.524058 -3.050118 -5.577361
-1.528740 -3.059490 -5.592048
-1.530337 -3.062684 -5.595909
-1.534567 -3.071151 -5.606969
-1.537014 -3.076048 -5.613586
-1.539979 -3.081981 -5.621883
-1.543865 -3.089759 -5.632806
-1.545118 -3.092267 -5.636595
-1.550104 -3.102245 -5.651498
-1.550490 -3.103017 -5.652409
-1.555799 -3.113642 -5.666636
-1.556986 -3.116018 -5.669549
-1.560922 -3.123896 -5.681329
-1.563760 -3.129576 -5.688926
-1.566623 -3.135305 -5.696475
-1.570407 -3.142878 -5.706662
-1.572036 -3.146138 -5.711397
-1.577056 -3.156185 -5.725342
-1.577447 -3.156967 -5.726312
-1.582739 -3.167558 -5.741466
-1.583633 -3.169348 -5.744149
-1.588157 -3.178401 -5.756387
-1.590278 -3.182645 -5.761907
-1.593391 -3.188876 -5.770850
-1.597082 -3.196263 -5.781241
-1.598784 -3.199670 -5.785763
-1.603719 -3.209545 -5.799944
-1.604102 -3.210312 -5.800933
-1.609512 -3.221140 -5.815850
-1.610398 -3.222913 -5.818561
-1.614809 -3.231740 -5.831004
-1.616930 -3.235984 -5.836524
-1.620340 -3.242810 -5.845701
-1.623535 -3.249204 -5.854345
-1.626042 -3.254221 -5.860859
-1.630275 -3.262693 -5.873806
-1.631058 -3.264260 -5.875778
-1.636171 -3.274492 -5.890482
-1.636953 -3.276057 -5.892440
-1.641585 -3.285327 -5.905409
-1.643694 -3.289548 -5.910946
-1.646721 -3.295606 -5.920118
-1.650475 -3.303120 -5.930332
-1.652420 -3.307011 -5.935272
-1.656836 -3.315849 -5.947682
-1.657716 -3.317611 -5.950417
-1.662832 -3.327849 -5.965126
-1.663652 -3.329491 -5.966981
-1.668252 -3.338695 -5.980061
-1.670355 -3.342906 -5.985593
-1.673668 -3.349535 -5.994992
-1.676933 -3.356070 -6.003500
-1.679084 -3.360375 -6.009924
-1.683602 -3.369416 -6.023101
-1.684378 -3.370970 -6.025072
-1.689611 -3.381443 -6.039548
-1.690401 -3.383024 -6.041544
-1.694919 -3.392066 -6.054722
-1.696918 -3.396065 -6.059524
-1.700336 -3.402907 -6.069657
-1.703704 -3.409646 -6.078907
