-1.211188 -2.331636 -4.577758
-1.214972 -2.338921 -4.588061
-1.216723 -2.342291 -4.592650
-1.221822 -2.352108 -4.605695
-1.222679 -2.353758 -4.607558
-1.227762 -2.363543 -4.621922
-1.229135 -2.366186 -4.625569
-1.233204 -2.374020 -4.637096
-1.235665 -2.378756 -4.643796
-1.238923 -2.385029 -4.652454
-1.242417 -2.391755 -4.661598
-1.244285 -2.395350 -4.666896
-1.249285 -2.404975 -4.680273
-1.250073 -2.406494 -4.682246
-1.255423 -2.416793 -4.696720
-1.256284 -2.418449 -4.698671
-1.260933 -2.427399 -4.711817
-1.263110 -2.431590 -4.717392
-1.266385 -2.437895 -4.726937
-1.269871 -2.444606 -4.736137
-1.271947 -2.448603 -4.741836
-1.276837 -2.458017 -4.754557
-1.277643 -2.459567 -4.756510
-1.282895 -2.469678 -4.771228
-1.283725 -2.471276 -4.773130
-1.288492 -2.480453 -4.786082
-1.290563 -2.484440 -4.791828
-1.293954 -2.490967 -4.801209
-1.297427 -2.497653 -4.810447
-1.299527 -2.501697 -4.816110
-1.304186 -2.510665 -4.828308
-1.305097 -2.512418 -4.831011
-1.310780 -2.523359 -4.845960
-1.311123 -2.524020 -4.846984
-1.316247 -2.533883 -4.860815
-1.318019 -2.537294 -4.865391
-1.321537 -2.544066 -4.875491
-1.324779 -2.550308 -4.884200
-1.327279 -2.555120 -4.890845
-1.331643 -2.563522 -4.901875
-1.332973 -2.566082 -4.905525
-1.338234 -2.576209 -4.920470
-1.338577 -2.576870 -4.921494
-1.343706 -2.586745 -4.935332
-1.345478 -2.590155 -4.939909
-1.348996 -2.596928 -4.950010
-1.352344 -2.603373 -4.958530
-1.354866 -2.608228 -4.965142
-1.359105 -2.616389 -4.976399
-1.360435 -2.618948 -4.980049
-1.365691 -2.629067 -4.994991
-1.366034 -2.629727 -4.996016
-1.371274 -2.639815 -5.009634
-1.373039 -2.643212 -5.014313
-1.376771 -2.650397 -5.024768
-1.379801 -2.656231 -5.032183
-1.382351 -2.661139 -5.039676
-1.386677 -2.669467 -5.050729
-1.388018 -2.672048 -5.054358
-1.393247 -2.682114 -5.069282
-1.393626 -2.682845 -5.070285
-1.398945 -2.693083 -5.084625
-1.400303 -2.695698 -5.088227
-1.404223 -2.703244 -5.099312
-1.407268 -2.709107 -5.106727
-1.410107 -2.714571 -5.114444
-1.413934 -2.721939 -5.124743
-1.415672 -2.725285 -5.129365
-1.420895 -2.735340 -5.143259
-1.421275 -2.736070 -5.144262
-1.426536 -2.746198 -5.158958
-1.427778 -2.748589 -5.162754
-1.432106 -2.756920 -5.173873
-1.434643 -2.761806 -5.180478
-1.437695 -2.767681 -5.188784
-1.441504 -2.775013 -5.199160
-1.443160 -2.778201 -5.203915
-1.448390 -2.788269 -5.217696
-1.448819 -2.789095 -5.218629
-1.454026 -2.799119 -5.233522
-1.455249 -2.801473 -5.236412
-1.459893 -2.810413 -5.248667
-1.462014 -2.814497 -5.254303
-1.465172 -2.820576 -5.263356
-1.469086 -2.828111 -5.273552
-1.470769 -2.831351 -5.278269
-1.475852 -2.841136 -5.291433
-1.476642 -2.842656 -5.293410
-1.481707 -2.852407 -5.307679
-1.482961 -2.854821 -5.310669
-1.487100 -2.862790 -5.323018
-1.489600 -2.867602 -5.329632
-1.492953 -2.874057 -5.338169
-1.496475 -2.880837 -5.347328
-1.498652 -2.885029 -5.352865
-1.503355 -2.894081 -5.365933
-1.504213 -2.895734 -5.367798
-1.509508 -2.905927 -5.382516
-1.510341 -2.907531 -5.384449
-1.514997 -2.916493 -5.397615
-1.517075 -2.920495 -5.403322
-1.520443 -2.926977 -5.412758
-1.523947 -2.933723 -5.421973
-1.526026 -2.937724 -5.427680
-1.530844 -2.947000 -5.440536
-1.531703 -2.948653 -5.442402
-1.536996 -2.958843 -5.457122
-1.537828 -2.960445 -5.459054
-1.542484 -2.969408 -5.472223
-1.544565 -2.973414 -5.476992
-1.548064 -2.980150 -5.487147
-1.551520 -2.986804 -5.496471
-1.553520 -2.990652 -5.502281
-1.558315 -2.999884 -5.514291
-1.559227 -3.001639 -5.516998
-1.564781 -3.012332 -5.531944
-1.565214 -3.013165 -5.532900
-1.570094 -3.022560 -5.546621
-1.572161 -3.026540 -5.552373
-1.575557 -3.033076 -5.561771
-1.578932 -3.039574 -5.570269
-1.581140 -3.043824 -5.576698
-1.585810 -3.052813 -5.588920
-1.587019 -3.055142 -5.591855
-1.592280 -3.065269 -5.606577
-1.592710 -3.066097 -5.607532
-1.597890 -3.076070 -5.621485
-1.599553 -3.079271 -5.626250
-1.603348 -3.086576 -5.636634
-1.606339 -3.092334 -5.645076
-1.608932 -3.097326 -5.651580
-1.613313 -3.105760 -5.662619
-1.614645 -3.108323 -5.666275
-1.619856 -3.118356 -5.681190
-1.620210 -3.119038 -5.682178
-1.625391 -3.129012 -5.696133
-1.627056 -3.132217 -5.699962
-1.630981 -3.139773 -5.711063
-1.633935 -3.145458 -5.718621
-1.636566 -3.150524 -5.725996
-1.640817 -3.158707 -5.737276
-1.642451 -3.161853 -5.741163
-1.647718 -3.171992 -5.754955
-1.648148 -3.172819 -5.755888
-1.652913 -3.181993 -5.770784
-1.654562 -3.185167 -5.774625
-1.658487 -3.192724 -5.785728
-1.661442 -3.198411 -5.793288
-1.664371 -3.204051 -5.800892
-1.668219 -3.211459 -5.811204
-1.669960 -3.214809 -5.815834
-1.675165 -3.224829 -5.829734
-1.675545 -3.225561 -5.830739
-1.680836 -3.235747 -5.845474
-1.682059 -3.238101 -5.848385
-1.686293 -3.246252 -5.860624
-1.689038 -3.251537 -5.867830
-1.691881 -3.257009 -5.875561
-1.695949 -3.264841 -5.886427
-1.697597 -3.268014 -5.890294
-1.702747 -3.277927 -5.904318
-1.703176 -3.278754 -5.905252
-1.708356 -3.288725 -5.920157
-1.709588 -3.291097 -5.923056
-1.713941 -3.299476 -5.935104
-1.716472 -3.304349 -5.941726
-1.719529 -3.310233 -5.950047
-1.723360 -3.317609 -5.960390
-1.725421 -3.321576 -5.965225
-1.730159 -3.330699 -5.978320
-1.730697 -3.331734 -5.979955
-1.736166 -3.342261 -5.995086
-1.737090 -3.344041 -5.997780
-1.741326 -3.352195 -6.010024
-1.743992 -3.357328 -6.016435
-1.747050 -3.363214 -6.024758
-1.750959 -3.370739 -6.034967
-1.752645 -3.373984 -6.039692
-1.757632 -3.383585 -6.052116
-1.758527 -3.385308 -6.054862
-1.763707 -3.395281 -6.069850
-1.764526 -3.396857 -6.071730
