# shadow point cont 2D ind 61  size 1106
# norm  0.8874134 -0.4609744  0.0000000
# angle  0.4790929
   2.98458195  -6.81373943
   2.99407861  -6.80756683
   3.00618682  -6.79926707
   3.00902495  -6.79831417
   3.02375595  -6.79331998
   3.03875795  -6.78892854
   3.05356458  -6.78502653
   3.05724087  -6.78385944
   3.06850486  -6.78058814
   3.08348745  -6.77639109
   3.09825911  -6.77233192
   3.10667370  -6.76969861
   3.11313655  -6.76772246
   3.12800550  -6.76305920
   3.14287351  -6.75927303
   3.15768037  -6.75537163
   3.15865710  -6.75475640
   3.17262701  -6.75008453
   3.18749583  -6.74629906
   3.20224407  -6.74225429
   3.20977046  -6.73978215
   3.21725346  -6.73713795
   3.23212355  -6.73247591
   3.24699768  -6.72784081
   3.25355842  -6.72524394
   3.26195553  -6.72067082
   3.27680209  -6.71319065
   3.28147092  -6.71044189
   3.29169039  -6.70486094
   3.30672681  -6.69682835
   3.30858559  -6.69589904
   3.32146170  -6.68818152
   3.33460605  -6.68102252
   3.33646485  -6.68009325
   3.35117967  -6.67234641
   3.36241142  -6.66598539
   3.36606907  -6.66401269
   3.38091754  -6.65561236
   3.38925739  -6.65092223
   3.39578298  -6.64723923
   3.41065567  -6.63887915
   3.41620197  -6.63603135
   3.42553571  -6.63053160
   3.44036572  -6.62301975
   3.44396775  -6.62098033
   3.45528288  -6.61381407
   3.46926826  -6.60647311
   3.47029046  -6.60572883
   3.48500354  -6.59798293
   3.49705934  -6.59142927
   3.49989211  -6.58965073
   3.51490115  -6.58156646
   3.52401650  -6.57657765
   3.52964416  -6.57294154
   3.54448202  -6.56452305
   3.55009421  -6.56181135
   3.55938920  -6.55622144
   3.57340655  -6.54704498
   3.57441121  -6.54623196
   3.58921870  -6.53401209
   3.59118498  -6.53223342
   3.60414852  -6.52010749
   3.60627594  -6.51757087
   3.61904367  -6.50523759
   3.62182937  -6.50244477
   3.63390078  -6.49034275
   3.63671675  -6.48769552
   3.64875952  -6.47638142
   3.65247380  -6.47265788
   3.66361665  -6.46148743
   3.66741769  -6.45794206
   3.67847542  -6.44752690
   3.68311828  -6.44287274
   3.69333257  -6.43263375
   3.69797543  -6.42797973
   3.70814684  -6.41864112
   3.71306643  -6.41332024
   3.72304856  -6.40378170
   3.72876181  -6.39839951
   3.73790741  -6.38982275
   3.74440744  -6.38330767
   3.75276462  -6.37493126
   3.75926466  -6.36841636
   3.76780302  -6.36025726
   3.77435572  -6.35375858
   3.78271292  -6.34538265
   3.78921297  -6.33886812
   3.79739065  -6.33029459
   3.80313999  -6.32397585
   3.81228624  -6.30948196
   3.81392796  -6.30521397
   3.81538892  -6.29398247
   3.81542892  -6.27887751
   3.81572717  -6.26396334
   3.81477719  -6.24898451
   3.81438285  -6.23412216
   3.81378320  -6.21914947
   3.81373886  -6.20429048
   3.81336167  -6.19869307
   3.81316835  -6.18936620
   3.81312898  -6.17445060
   3.81179893  -6.15946598
   3.81136367  -6.14462060
   3.80912019  -6.12896423
   3.80349702  -6.11407111
   3.79778984  -6.10574954
   3.79222672  -6.09911462
   3.78315390  -6.08771669
   3.77958659  -6.08382026
   3.76816772  -6.06980560
   3.76733719  -6.06892790
   3.75449177  -6.05397659
   3.75368109  -6.05295198
   3.74151214  -6.03863085
   3.73871625  -6.03583064
   3.72914061  -6.02408365
   3.72345581  -6.01763287
   3.71615690  -6.00916199
   3.70892203  -6.00057817
   3.70307689  -5.99422802
   3.69363360  -5.98313543
   3.69061424  -5.97963167
   3.67867971  -5.96529776
   3.67788570  -5.96445595
   3.66563022  -5.94943858
   3.66376676  -5.94757216
   3.65239465  -5.93483288
   3.64862131  -5.93020587
   3.63938570  -5.91991907
   3.63398967  -5.91323602
   3.62658453  -5.90466041
   3.61878248  -5.89564692
   3.61417821  -5.89003948
   3.60389132  -5.87794350
   3.60145801  -5.87481523
   3.58921489  -5.86081859
   3.58836567  -5.85993961
   3.57604542  -5.84528888
   3.57434218  -5.84330282
   3.56312477  -5.83004045
   3.55913318  -5.82564159
   3.54994465  -5.81542655
   3.54428957  -5.80801553
   3.53775819  -5.80047013
   3.52935263  -5.79116256
   3.52474708  -5.78555627
   3.51470068  -5.77419207
   3.51173233  -5.77064321
   3.49977279  -5.75636747
   3.49891451  -5.75548793
   3.48604678  -5.74054605
   3.48490430  -5.73883949
   3.47353308  -5.72587004
   3.46999128  -5.72198640
   3.46075036  -5.71068258
   3.45507961  -5.70422842
   3.44769035  -5.69576278
   3.43994390  -5.68670718
   3.43536685  -5.68111624
   3.42529258  -5.66885825
   3.42257119  -5.66593309
   3.41035828  -5.65193847
   3.40951936  -5.65109507
   3.39732198  -5.63608859
   3.39546022  -5.63422333
   3.38413377  -5.62143186
   3.38036314  -5.61680864
   3.37107842  -5.60650473
   3.36545908  -5.60000731
   3.35807095  -5.59160024
   3.35057095  -5.58231982
   3.34528569  -5.57644512
   3.33589858  -5.56532431
   3.33316853  -5.56152626
   3.32098083  -5.54752105
   3.32010579  -5.54664329
   3.30719653  -5.53173120
   3.30611266  -5.52998199
   3.29501184  -5.51678719
   3.29150574  -5.51287211
   3.28195768  -5.50186584
   3.27631486  -5.49539261
   3.26896440  -5.48696616
   3.26142541  -5.47772289
   3.25595616  -5.47206306
   3.24679685  -5.46075997
   3.24380286  -5.45713229
   3.23167011  -5.44318154
   3.23104601  -5.44238701
   3.21845958  -5.42757058
   3.21674690  -5.42559489
   3.20539558  -5.41263910
   3.20162666  -5.40801828
   3.19260389  -5.39748755
   3.18673067  -5.39029036
   3.17956243  -5.38257404
   3.17183944  -5.37350906
   3.16722855  -5.36790724
   3.15695337  -5.35582748
   3.15421686  -5.35300835
   3.14234631  -5.33884784
   3.14135492  -5.33783654
   3.12925769  -5.32293087
   3.12739708  -5.32106713
   3.11605570  -5.30828335
   3.11228760  -5.30366370
   3.10304806  -5.29338965
   3.09739961  -5.28598818
   3.09003071  -5.27849083
   3.08273444  -5.26906469
   3.07723626  -5.26333226
   3.06785528  -5.25222003
   3.06488681  -5.24866752
   3.05301876  -5.23451055
   3.05203598  -5.23350046
   3.03978499  -5.21887580
   3.03807303  -5.21690111
   3.02691789  -5.20369554
   3.02296442  -5.19927099
   3.01372698  -5.18906335
   3.00830564  -5.18241886
   3.00091930  -5.17390502
   2.99319956  -5.16484459
   2.98792430  -5.15901422
   2.97831497  -5.14717117
   2.97582102  -5.14411088
   2.96369585  -5.13017070
   2.96273547  -5.12919024
   2.94984343  -5.11434330
   2.94876392  -5.11259327
   2.93743189  -5.09965025
   2.93366537  -5.09503286
   2.92442415  -5.08476271
   2.91900392  -5.07811983
   2.91166311  -5.06962487
   2.90413055  -5.06039076
   2.89863044  -5.05472166
   2.88925329  -5.04361483
   2.88628180  -5.04006327
   2.87441858  -5.02591313
   2.87345290  -5.02490533
   2.86055197  -5.01006031
   2.85947271  -5.00831067
   2.84814696  -4.99537174
   2.84438120  -4.99075543
   2.83537611  -4.98023664
   2.82973909  -4.97377149
   2.82234882  -4.96533825
   2.81463216  -4.95628218
   2.80935419  -4.95045401
   2.79997887  -4.93934979
   2.79700586  -4.93579869
   2.78514494  -4.92165186
   2.78418777  -4.92064515
   2.77186836  -4.90598566
   2.77000917  -4.90412379
   2.75887936  -4.89111781
   2.75511434  -4.88650257
   2.74652501  -4.87644717
   2.74022751  -4.86884160
   2.73284892  -4.86133733
   2.72536000  -4.85207277
   2.72076429  -4.84645097
   2.71072150  -4.83510903
   2.70773753  -4.83154675
   2.69588829  -4.81741475
   2.69493958  -4.81640913
   2.68263903  -4.80177139
   2.68094201  -4.79981890
   2.66961898  -4.78687511
   2.66586429  -4.78227368
   2.65660727  -4.77198917
   2.65076914  -4.76477997
   2.64359652  -4.75710502
   2.63611471  -4.74785156
   2.63151899  -4.74223083
   2.62125073  -4.73015902
   2.61848753  -4.72731501
   2.60664813  -4.71320125
   2.60570784  -4.71219669
   2.59340381  -4.69756181
   2.59153447  -4.69568282
   2.58039332  -4.68267940
   2.57685941  -4.67880741
   2.56737820  -4.66778643
   2.56196938  -4.66116840
   2.55462065  -4.65266973
   2.54690829  -4.64361982
   2.54204725  -4.63823780
   2.53223162  -4.62674396
   2.52926949  -4.62312230
   2.51742397  -4.60901077
   2.51649205  -4.60800727
   2.50418451  -4.59337517
   2.50232119  -4.59149701
   2.49117535  -4.57849586
   2.48741266  -4.57388554
   2.47816491  -4.56360645
   2.47255719  -4.55712813
   2.46515648  -4.54872855
   2.45767212  -4.53947820
   2.45307632  -4.53385951
   2.44304683  -4.52252658
   2.44006699  -4.51895211
   2.42844294  -4.50558734
   2.42659528  -4.50360735
   2.41335693  -4.48988883
   2.41242796  -4.48895875
   2.39853042  -4.47767044
   2.39378794  -4.47405056
   2.38367553  -4.46647272
   2.37521556  -4.45916658
   2.36881466  -4.45438608
   2.35664754  -4.44428431
   2.35372524  -4.44166402
   2.33904735  -4.43027424
   2.33812279  -4.42942177
   2.32401703  -4.41838306
   2.31931801  -4.41473656
   2.30915887  -4.40722012
   2.30074420  -4.39987250
   2.29430059  -4.39512856
   2.28160619  -4.38452655
   2.27965820  -4.38277994
   2.26498178  -4.37139183
   2.26225913  -4.36933076
   2.24974058  -4.35975030
   2.24426792  -4.35498653
   2.23487092  -4.34769473
   2.22569686  -4.34010627
   2.22001415  -4.33560492
   2.20712627  -4.32522654
   2.20515768  -4.32351546
   2.19030186  -4.31235518
   2.18763976  -4.31035089
   2.17565990  -4.30093817
   2.16981682  -4.29569940
   2.16057226  -4.28821261
   2.15124857  -4.28081777
   2.14570532  -4.27614273
   2.13268015  -4.26593879
   2.13080548  -4.26411179
   2.11602567  -4.25284346
   2.11409270  -4.25109404
   2.10138368  -4.24142834
   2.09477928  -4.23595647
   2.08632365  -4.22958579
   2.07620928  -4.22107927
   2.07147346  -4.21749193
   2.05840151  -4.20644608
   2.05663263  -4.20537726
   2.04173722  -4.19337250
   2.03907998  -4.19133038
   2.02690884  -4.18217408
   2.02034084  -4.17669401
   2.01203512  -4.17012453
   2.00177851  -4.16181477
   1.99717110  -4.15805613
   1.98337124  -4.14670217
   1.98237155  -4.14587980
   1.96749467  -4.13477353
   1.96462079  -4.13209607
   1.95263088  -4.12270889
   1.94533598  -4.11696910
   1.93800083  -4.11127861
   1.92677163  -4.10209722
   1.92291066  -4.09856614
   1.90895677  -4.08745029
   1.90799561  -4.08655122
   1.89323919  -4.07528634
   1.88966304  -4.07237701
   1.87860136  -4.06386528
   1.87108459  -4.05748823
   1.86333856  -4.05140422
   1.85252754  -4.04262578
   1.84888522  -4.03973889
   1.83455243  -4.02818070
   1.83356530  -4.02733195
   1.81896563  -4.01584029
   1.81523724  -4.01307533
   1.80413379  -4.00466552
   1.79649409  -3.99844722
   1.78924118  -3.99263738
   1.77808679  -3.98336915
   1.77442354  -3.98052159
   1.75975618  -3.96914413
   1.75878286  -3.96827164
   1.74474775  -3.95726385
   1.74023136  -3.95342688
   1.72989184  -3.94519553
   1.72166542  -3.93854471
   1.71504048  -3.93312145
   1.70217248  -3.92366538
   1.70020517  -3.92195585
   1.68540930  -3.91258210
   1.67990232  -3.90879720
   1.67076133  -3.90299678
   1.65841326  -3.89413377
   1.65566541  -3.89222014
   1.64087206  -3.88284665
   1.63523264  -3.87924783
   1.62602226  -3.87356230
   1.61385544  -3.86441905
   1.61103906  -3.86267625
   1.59652701  -3.85376973
   1.58989301  -3.84930948
   1.58148734  -3.84382973
   1.56762965  -3.83445626
   1.56662973  -3.83363105
   1.55159460  -3.82371561
   1.54600438  -3.82001633
   1.53692568  -3.81414245
   1.52387367  -3.80494423
   1.52209678  -3.80390143
   1.50727150  -3.79458125
   1.50068733  -3.79007311
   1.49239341  -3.78441431
   1.47856467  -3.77499916
   1.47756562  -3.77417388
   1.46274156  -3.76485419
   1.45629734  -3.76015036
   1.44789342  -3.75464460
   1.43389987  -3.74547743
   1.43286345  -3.74461280
   1.41821335  -3.73512918
   1.41162842  -3.73062201
   1.40333414  -3.72496418
   1.38937250  -3.71575382
   1.38839629  -3.71496175
   1.37368680  -3.70633427
   1.36630842  -3.70070741
   1.35880706  -3.69524214
   1.34484681  -3.68603221
   1.34387141  -3.68523859
   1.32916195  -3.67661324
   1.32163202  -3.67119087
   1.31429932  -3.66642760
   1.30017154  -3.65653344
   1.29917260  -3.65571197
   1.28463872  -3.64689419
   1.27633684  -3.64125269
   1.26977600  -3.63670937
   1.25507794  -3.62720837
   1.25407905  -3.62638695
   1.24011709  -3.61717710
   1.23169126  -3.61173039
   1.22506840  -3.60729594
   1.21053803  -3.59752947
   1.20955153  -3.59668151
   1.19580542  -3.58805642
   1.18729301  -3.58182169
   1.18073406  -3.57727870
   1.16603700  -3.56777893
   1.16503819  -3.56695761
   1.15111182  -3.55862547
   1.14170865  -3.55231505
   1.13618699  -3.54852625
   1.12163216  -3.54063029
   1.11590022  -3.53721134
   1.10662604  -3.53256796
   1.09195450  -3.52484384
   1.08807804  -3.52235349
   1.07694923  -3.51678167
   1.06192550  -3.50879581
   1.06007073  -3.50786720
   1.04725634  -3.50102755
   1.03252092  -3.49340641
   1.03150373  -3.49264667
   1.01759724  -3.48521103
   1.00368205  -3.47779178
   1.00266495  -3.47699565
   0.98778027  -3.46975172
   0.97573717  -3.46314772
   0.97289916  -3.46144179
   0.95824715  -3.45457077
   0.94618539  -3.44808234
   0.94335400  -3.44630546
   0.92857299  -3.43878766
   0.91836405  -3.43323028
   0.91369638  -3.43049874
   0.89892937  -3.42386809
   0.89040224  -3.41859929
   0.88398921  -3.41476110
   0.86922615  -3.40722332
   0.86347711  -3.40388145
   0.85420430  -3.39923971
   0.83936788  -3.39181304
   0.83465325  -3.38908943
   0.82484406  -3.38380568
   0.80974289  -3.37598509
   0.80599663  -3.37405473
   0.79502299  -3.36827238
   0.78047570  -3.36035512
   0.77778751  -3.35856246
   0.76540653  -3.35238958
   0.75062106  -3.34486964
   0.74878609  -3.34392092
   0.73556564  -3.33699945
   0.72166489  -3.32946833
   0.72065216  -3.32869021
   0.70603166  -3.32182549
   0.69303234  -3.31442106
   0.69119666  -3.31347259
   0.67636146  -3.30604752
   0.66246183  -3.29953968
   0.66141519  -3.29876672
   0.64679208  -3.29544553
   0.63192977  -3.29433612
   0.61712202  -3.29387088
   0.60222715  -3.29377919
   0.58739068  -3.29377622
   0.57255424  -3.29377333
   0.55771782  -3.29377051
   0.54288143  -3.29376776
   0.52804507  -3.29376509
   0.51326658  -3.29292333
   0.49837243  -3.29313181
   0.48353614  -3.29313073
   0.46869987  -3.29312973
   0.45386410  -3.29282495
   0.43902788  -3.29282272
   0.42419168  -3.29282057
   0.40935550  -3.29281849
   0.39451934  -3.29281649
   0.37968319  -3.29281456
   0.36484706  -3.29281270
   0.35001148  -3.29234698
   0.33517538  -3.29234527
   0.32033875  -3.29280758
   0.30555860  -3.29196692
   0.29066715  -3.29187664
   0.27583110  -3.29187523
   0.26099506  -3.29187389
   0.24615903  -3.29187263
   0.23132360  -3.29140750
   0.21654210  -3.29103125
   0.20165155  -3.29094139
   0.18681555  -3.29094043
   0.17194373  -3.29132031
   0.15714361  -3.29140266
   0.14236142  -3.29102676
   0.12743620  -3.29131803
   0.11268917  -3.29102548
   0.09779963  -3.29093617
   0.08296364  -3.29093572
   0.06812831  -3.29047141
   0.05329166  -3.29093504
   0.03845634  -3.29047088
   0.02362035  -3.29047072
   0.00878436  -3.29047064
  -0.00605164  -3.29047063
  -0.02083543  -3.29009551
  -0.03575757  -3.29038749
  -0.05053595  -3.28963012
  -0.06539581  -3.29000741
  -0.08023186  -3.29000777
  -0.09506719  -3.28954427
  -0.10990326  -3.28954478
  -0.12473934  -3.28954536
  -0.13957543  -3.28954602
  -0.15441154  -3.28954676
  -0.16919687  -3.28917229
  -0.18408663  -3.28899921
  -0.19889758  -3.28870837
  -0.21375546  -3.28862254
  -0.22859165  -3.28862365
  -0.24342867  -3.28908877
  -0.25826410  -3.28862607
  -0.27305057  -3.28825205
  -0.28793676  -3.28816486
  -0.30280432  -3.28854678
  -0.31758798  -3.28779070
  -0.33244575  -3.28816950
  -0.34728129  -3.28770724
  -0.36211770  -3.28770901
  -0.37695413  -3.28771085
  -0.39179060  -3.28771277
  -0.40657859  -3.28733928
  -0.42146375  -3.28725289
  -0.43629942  -3.28679107
  -0.45113690  -3.28725724
  -0.46597263  -3.28679556
  -0.48080928  -3.28679792
  -0.49564597  -3.28680035
  -0.51048270  -3.28680286
  -0.52531946  -3.28680544
  -0.54015627  -3.28680809
  -0.55494604  -3.28643516
  -0.56982920  -3.28588573
  -0.58466612  -3.28588861
  -0.59950308  -3.28589155
  -0.61434009  -3.28589458
  -0.62917713  -3.28589767
  -0.64401423  -3.28590084
  -0.65885136  -3.28590409
  -0.67368855  -3.28590741
  -0.68852578  -3.28591080
  -0.70336306  -3.28591426
  -0.71820038  -3.28591780
  -0.73297537  -3.28546001
  -0.74793629  -3.28630235
  -0.76315307  -3.29010572
  -0.77837455  -3.29648467
  -0.78112382  -3.29771196
  -0.79321295  -3.30447628
  -0.80805839  -3.31134746
  -0.81011335  -3.31235930
  -0.82312031  -3.31970401
  -0.83709207  -3.32681691
  -0.83818102  -3.32742415
  -0.85278624  -3.33549516
  -0.86646572  -3.34230090
  -0.86754660  -3.34292434
  -0.88253508  -3.35129593
  -0.89429588  -3.35716478
  -0.89723191  -3.35871769
  -0.91187422  -3.36672608
  -0.92221688  -3.37160915
  -0.92709306  -3.37385465
  -0.94159787  -3.38251464
  -0.94999087  -3.38671724
  -0.95724222  -3.39056381
  -0.97144743  -3.39773962
  -0.97878971  -3.40184630
  -0.98629145  -3.40610154
  -1.00113486  -3.41353519
  -1.00670118  -3.41632285
  -1.01635614  -3.42198360
  -1.03052434  -3.42899746
  -1.03530945  -3.43149331
  -1.04593089  -3.43773752
  -1.06021348  -3.44479338
  -1.06314291  -3.44636058
  -1.07555744  -3.45351819
  -1.08990326  -3.46058995
  -1.09175885  -3.46151923
  -1.10487717  -3.46892838
  -1.11881152  -3.47609687
  -1.11989092  -3.47672399
  -1.13454595  -3.48472886
  -1.14742915  -3.49125571
  -1.14928481  -3.49218506
  -1.16422152  -3.50052957
  -1.17619287  -3.50596633
  -1.17916479  -3.50739616
  -1.19386455  -3.51540870
  -1.20334606  -3.52060610
  -1.20952602  -3.52436165
  -1.22359354  -3.53213052
  -1.23012274  -3.53575169
  -1.23881316  -3.54087332
  -1.25360385  -3.54922756
  -1.25491127  -3.55017498
  -1.26831876  -3.56000698
  -1.27677076  -3.56511086
  -1.28373133  -3.56988799
  -1.29790440  -3.57859136
  -1.30003213  -3.58011130
  -1.31283297  -3.58881588
  -1.32233174  -3.59477967
  -1.32825712  -3.59869159
  -1.34278241  -3.60780219
  -1.34630334  -3.61012720
  -1.35734315  -3.61762730
  -1.36876262  -3.62436653
  -1.37323266  -3.62716300
  -1.38738170  -3.63663671
  -1.39193519  -3.63939722
  -1.40204212  -3.64646772
  -1.41492014  -3.65468044
  -1.41702729  -3.65613925
  -1.43189932  -3.66544358
  -1.43815116  -3.66963694
  -1.44677864  -3.67568046
  -1.46052153  -3.68423120
  -1.46157658  -3.68495838
  -1.47647755  -3.69427484
  -1.48378666  -3.69909687
  -1.49141933  -3.70454714
  -1.50579862  -3.71337490
  -1.50759064  -3.71437008
  -1.52099234  -3.72308243
  -1.53013593  -3.72889065
  -1.53566030  -3.73233643
  -1.55115105  -3.74213301
  -1.55284697  -3.74328691
  -1.56534072  -3.75243978
  -1.57551620  -3.75872492
  -1.58060631  -3.76225837
  -1.59491647  -3.77100798
  -1.59875071  -3.77374926
  -1.60980631  -3.78124078
  -1.62197815  -3.78831817
  -1.62486253  -3.79000162
  -1.63951346  -3.79983493
  -1.64508391  -3.80355364
  -1.65440591  -3.81007176
  -1.66739616  -3.81831800
  -1.66918802  -3.81935129
  -1.68405750  -3.82865218
  -1.69071139  -3.83304903
  -1.69917684  -3.83837392
  -1.71309039  -3.84787458
  -1.71412741  -3.84864700
  -1.72890320  -3.85791151
  -1.73635597  -3.86252029
  -1.74381286  -3.86723827
  -1.75837018  -3.87701217
  -1.76011590  -3.87799415
  -1.77318608  -3.88630099
  -1.78263736  -3.89256235
  -1.78826826  -3.89663694
  -1.80311585  -3.90532649
  -1.80601139  -3.90733266
  -1.81785864  -3.91609274
  -1.82720449  -3.92232713
  -1.83275233  -3.92576877
  -1.84755527  -3.93654399
  -1.84854244  -3.93739620
  -1.86246672  -3.94865687
  -1.86711499  -3.95227712
  -1.87760503  -3.96031450
  -1.88599010  -3.96678974
  -1.89226776  -3.97196130
  -1.90527365  -3.98192892
  -1.90699488  -3.98303994
  -1.92191861  -3.99516204
  -1.92458581  -3.99696825
  -1.93674663  -4.00630456
  -1.94347360  -4.01149351
  -1.95191770  -4.01800832
  -1.96285069  -4.02664420
  -1.96674144  -4.03006914
  -1.98130006  -4.04070246
  -1.98235422  -4.04171400
  -1.99617413  -4.05279904
  -2.00086293  -4.05643967
  -2.01109344  -4.06492384
  -2.01944137  -4.07132169
  -2.02618163  -4.07658658
  -2.03834467  -4.08577261
  -2.04117241  -4.08792010
  -2.05564153  -4.09931733
  -2.05759058  -4.10106429
  -2.07051482  -4.11141577
  -2.07697162  -4.11600149
  -2.08538522  -4.12258441
  -2.09566044  -4.13083919
  -2.10032012  -4.13473414
  -2.11433508  -4.14555708
  -2.11528939  -4.14631972
  -2.12975322  -4.15728134
  -2.13366121  -4.16064729
  -2.14511678  -4.16968227
  -2.15237068  -4.17548226
  -2.15996998  -4.18176755
  -2.17167749  -4.19060297
  -2.17440547  -4.19265003
  -2.18939557  -4.20443102
  -2.19114158  -4.20551047
  -2.20426104  -4.21559733
  -2.20992562  -4.22016177
  -2.21917902  -4.22772775
  -2.22849888  -4.23505376
  -2.23425997  -4.23943791
  -2.24810965  -4.24979092
  -2.24922773  -4.25077683
  -2.26374596  -4.26213601
  -2.26667023  -4.26480578
  -2.27862064  -4.27423813
  -2.28605907  -4.27974430
  -2.29352531  -4.28636517
  -2.30465210  -4.29463112
  -2.30838761  -4.29752985
  -2.32329652  -4.30874125
  -2.32422601  -4.30967173
  -2.33807941  -4.32076275
  -2.34269757  -4.32459096
  -2.35295301  -4.33286478
  -2.36144328  -4.33911255
  -2.36805746  -4.34462697
  -2.38093184  -4.35411638
  -2.38274590  -4.35564596
  -2.39757038  -4.36731260
  -2.40029615  -4.36913325
  -2.41268442  -4.37911074
  -2.41903743  -4.38395556
  -2.42754751  -4.39120455
  -2.43761051  -4.39885574
  -2.44216643  -4.40267330
  -2.45680839  -4.41320926
  -2.45781296  -4.41415932
  -2.47194488  -4.42505044
  -2.47652671  -4.42885072
  -2.48659664  -4.43742289
  -2.49424455  -4.44357083
  -2.50163169  -4.44920629
  -2.51395296  -4.45815339
  -2.51683290  -4.46024642
  -2.53120586  -4.47187154
  -2.53314251  -4.47357733
  -2.54631184  -4.48371369
  -2.55183207  -4.48843471
  -2.56122039  -4.49772043
  -2.56679945  -4.50330583
  -2.57612792  -4.51359861
  -2.57992499  -4.51818675
  -2.59098296  -4.53215957
  -2.59191286  -4.53309053
  -2.60380224  -4.54742597
  -2.60651449  -4.55042338
  -2.61569772  -4.56261226
  -2.62101447  -4.56932571
  -2.62745177  -4.57775849
  -2.63566071  -4.58806137
  -2.63945825  -4.59265022
  -2.65052060  -4.60569543
  -2.65238060  -4.60755766
  -2.66340632  -4.62192174
  -2.66638539  -4.62556904
  -2.67521267  -4.63709616
  -2.68054936  -4.64379622
  -2.68761894  -4.65245392
  -2.69519758  -4.66159818
  -2.69924939  -4.66689609
  -2.71009544  -4.68027255
  -2.71180687  -4.68224632
  -2.72341231  -4.69672023
  -2.72527851  -4.69867085
  -2.73536459  -4.71181690
  -2.74008659  -4.71739212
  -2.74719169  -4.72693677
  -2.75475456  -4.73613724
  -2.75925786  -4.74183558
  -2.76986647  -4.75455714
  -2.77161349  -4.75651043
  -2.78300770  -4.77122765
  -2.78480739  -4.77312969
  -2.79514873  -4.78608152
  -2.79964229  -4.79182757
  -2.80699696  -4.80120906
  -2.81453183  -4.81044671
  -2.81908795  -4.81610958
  -2.82919461  -4.82830762
  -2.83116989  -4.83101063
  -2.84349907  -4.84596005
  -2.84424354  -4.84698434
  -2.85535778  -4.86081468
  -2.85920128  -4.86539103
  -2.86683291  -4.87549069
  -2.87386669  -4.88419966
  -2.87928947  -4.89084506
  -2.88875752  -4.90187516
  -2.89164161  -4.90552480
  -2.90305413  -4.92046958
  -2.90379871  -4.92149404
  -2.91492597  -4.93533171
  -2.91876907  -4.93990862
  -2.92640178  -4.95000989
  -2.93366389  -4.95853003
  -2.93913496  -4.96514217
  -2.94833100  -4.97639902
  -2.95121549  -4.98004926
  -2.96261740  -4.99499120
  -2.96336208  -4.99601583
  -2.97472909  -5.00963426
  -2.97855761  -5.01431291
  -2.98665362  -5.02476829
  -2.99322813  -5.03218294
  -2.99875936  -5.03967640
  -3.00814381  -5.05072949
  -3.01105214  -5.05435816
  -3.02239543  -5.06928166
  -3.02321884  -5.07028507
  -3.03475572  -5.08462535
  -3.03770225  -5.08822666
  -3.04620630  -5.09931165
  -3.05281254  -5.10672740
  -3.05896987  -5.11444406
  -3.06727290  -5.12474287
  -3.07104327  -5.12936455
  -3.08237344  -5.14325878
  -3.08319697  -5.14426236
  -3.09460970  -5.15895776
  -3.09730404  -5.16275355
  -3.10669227  -5.17387297
  -3.11219772  -5.18047815
  -3.11881820  -5.18878375
  -3.12707979  -5.19916027
  -3.13067292  -5.20391469
  -3.14201779  -5.21769624
  -3.14294876  -5.21862867
  -3.15424407  -5.23352233
  -3.15689749  -5.23641167
  -3.16697119  -5.24866664
  -3.17157307  -5.25430347
  -3.17842398  -5.26335556
  -3.18691449  -5.27355212
  -3.19056574  -5.27826901
  -3.20159230  -5.29143324
  -3.20330562  -5.29340971
  -3.21429357  -5.30767929
  -3.21701291  -5.31066874
  -3.22599297  -5.32301844
  -3.23141614  -5.32963177
  -3.23868956  -5.33816906
  -3.24633015  -5.34732767
  -3.25105352  -5.35286504
  -3.26125482  -5.36593274
  -3.26311728  -5.36779829
  -3.27460380  -5.38251604
  -3.27641058  -5.38444889
  -3.28651008  -5.39761487
  -3.29101910  -5.40332161
  -3.29832357  -5.41275829
  -3.30592554  -5.42197254
  -3.31043478  -5.42767961
  -3.32088768  -5.44053606
  -3.32275040  -5.44240196
  -3.33423224  -5.45712151
  -3.33603750  -5.45905424
  -3.34613857  -5.47222253
  -3.35065247  -5.47699205
  -3.35824344  -5.48714704
  -3.36574115  -5.49647065
  -3.37007793  -5.50228142
  -3.38048045  -5.51429059
  -3.38245850  -5.51699778
  -3.39450814  -5.53194424
  -3.39544708  -5.53289966
  -3.40603317  -5.54662099
  -3.41051797  -5.55237321
  -3.41788368  -5.56177090
  -3.42520568  -5.57026880
  -3.42999570  -5.57669825
  -3.44012521  -5.58891967
  -3.44274980  -5.59185530
  -3.45416158  -5.60657736
  -3.45509462  -5.60753221
  -3.46633208  -5.62148476
  -3.46993985  -5.62624966
  -3.47817095  -5.63663417
  -3.48465968  -5.64507602
  -3.49028467  -5.65157961
  -3.49978935  -5.66261937
  -3.50267787  -5.66627547
  -3.51398273  -5.68119047
  -3.51475159  -5.68217838
  -3.52599083  -5.69613349
  -3.52960238  -5.69996169
  -3.53811728  -5.71106261
  -3.54452423  -5.71862148
  -3.55023234  -5.72599629
  -3.55945414  -5.73727589
  -3.56299856  -5.74116261
  -3.57442460  -5.75495463
  -3.57535653  -5.75588834
  -3.58569346  -5.77078434
  -3.58927034  -5.77462473
  -3.59778663  -5.78572770
  -3.60419510  -5.79328813
  -3.61055057  -5.80089245
  -3.61889786  -5.81120444
  -3.62267356  -5.81583377
  -3.63396462  -5.82973369
  -3.63478931  -5.83073893
  -3.64626716  -5.84547442
  -3.64892013  -5.84838541
  -3.65810534  -5.86062413
  -3.66406058  -5.86782999
  -3.67022763  -5.87556070
  -3.67905307  -5.88642671
  -3.68262839  -5.89029384
  -3.69379877  -5.90431768
  -3.69473098  -5.90525177
  -3.70596714  -5.92015745
  -3.70864054  -5.92305640
  -3.71808217  -5.93510375
  -3.72357308  -5.94172590
  -3.73020423  -5.95004689
  -3.73851608  -5.96038982
  -3.74298593  -5.96522467
  -3.75326580  -5.97832027
  -3.75443309  -5.97995484
  -3.76629550  -5.99508645
  -3.76830134  -5.99778047
  -3.77748971  -6.01002381
  -3.78327421  -6.01643510
  -3.78990648  -6.02475770
  -3.79838606  -6.03496681
  -3.80204334  -6.03969247
  -3.81286222  -6.05211633
  -3.81480361  -6.05486195
  -3.82604228  -6.06985005
  -3.82781754  -6.07173034
  -3.83817240  -6.08479631
  -3.84294328  -6.09024494
  -3.84962614  -6.09947290
  -3.85770411  -6.10909459
  -3.86238791  -6.11464449
  -3.87125993  -6.12958628
  -3.87232287  -6.13325820
  -3.87593828  -6.14449601
  -3.87688972  -6.15920580
  -3.87785227  -6.17412541
  -3.87789790  -6.18898700
  -3.87838012  -6.20393220
  -3.87842768  -6.21882206
  -3.87892533  -6.23374320
  -3.87895784  -6.24866202
  -3.87944070  -6.26361152
  -3.87995346  -6.27850289
  -3.87998619  -6.29342288
  -3.88001899  -6.30834327
  -3.87645052  -6.32303834
  -3.87283580  -6.32925381
  -3.86636328  -6.33754085
  -3.85817499  -6.34592293
  -3.85155812  -6.35222272
  -3.84332282  -6.35987303
  -3.83520094  -6.36754540
  -3.82870420  -6.37405661
  -3.82019597  -6.38221277
  -3.81371419  -6.38776379
  -3.80433771  -6.39707631
  -3.79866240  -6.40236654
  -3.78855772  -6.41195787
  -3.78384722  -6.41630340
  -3.77277780  -6.42683981
  -3.76906544  -6.43056087
  -3.75705473  -6.44173342
  -3.75437286  -6.44418205
  -3.74121819  -6.45660486
  -3.73936202  -6.45846548
  -3.72531699  -6.47125499
  -3.72437519  -6.47216961
  -3.71039116  -6.48617569
  -3.70946329  -6.48710626
  -3.69503856  -6.49962568
  -3.69324460  -6.50136046
  -3.67995597  -6.51427884
  -3.67815043  -6.51598083
  -3.66495923  -6.52801255
  -3.66139002  -6.53102231
  -3.65048449  -6.54148825
  -3.64575453  -6.54594166
  -3.63527282  -6.55592191
  -3.62974514  -6.56059488
  -3.62062457  -6.56822219
  -3.61126843  -6.57537058
  -3.60572461  -6.57909273
  -3.59114408  -6.58684221
  -3.58462549  -6.59052083
  -3.57627304  -6.59520016
  -3.56146962  -6.60265386
  -3.55596737  -6.60571547
  -3.54653369  -6.61066330
  -3.53168639  -6.61842075
  -3.52802521  -6.62030082
  -3.51687636  -6.62587246
  -3.50182837  -6.63386284
  -3.49982992  -6.63495640
  -3.48714889  -6.64166330
  -3.47242738  -6.64942415
  -3.47141229  -6.65019965
  -3.45742183  -6.65745487
  -3.44339418  -6.66469978
  -3.44237766  -6.66545290
  -3.42772316  -6.67232979
  -3.41539665  -6.67930526
  -3.41265037  -6.68031617
  -3.39793574  -6.68809405
  -3.38672623  -6.69453627
  -3.38292855  -6.69704594
  -3.36824057  -6.70390123
  -3.35879725  -6.70924001
  -3.35305245  -6.71288354
  -3.33840310  -6.71933648
  -3.32992506  -6.72405046
  -3.32347847  -6.72770905
  -3.30878751  -6.73455820
  -3.30118415  -6.73885862
  -3.29375275  -6.74257523
  -3.27917354  -6.74762666
  -3.26430240  -6.75192377
  -3.25861518  -6.75378491
  -3.24940966  -6.75687698
  -3.23466957  -6.76069805
  -3.21979745  -6.76439918
  -3.20663532  -6.76842260
  -3.20475440  -6.76925861
  -3.18992184  -6.77321181
  -3.17507756  -6.77692979
  -3.16026203  -6.78101482
  -3.15276434  -6.78351333
  -3.14536371  -6.78548759
  -3.13057504  -6.78940771
  -3.11559696  -6.79360328
  -3.10155172  -6.79810298
  -3.10058623  -6.79891257
  -3.08583205  -6.80285717
  -3.07117439  -6.80645164
  -3.05630600  -6.81108717
  -3.04883529  -6.81380691
  -3.04155495  -6.81970800
  -3.03044269  -6.82915926
         
