# shadow point cont 3D ind 225  size 1188
# norm -0.1950903 -0.9807853  0.0000000
# angle  1.7671459
   3.52049081155328   -0.70026916166440   -6.84225790310411
   3.53499130785298   -0.70315348971155   -6.83955204619061
   3.54951040015680   -0.70604151673391   -6.83596881545859
   3.56410212766247   -0.70894399179622   -6.83227082461259
   3.57487042295166   -0.71108593890483   -6.82859970916268
   3.57859090630984   -0.71182598905741   -6.82694700528349
   3.59338491826623   -0.71476870099869   -6.82251548486558
   3.60768497939836   -0.71761316001216   -6.81830248985939
   3.62141545810533   -0.72034432203702   -6.81361722531292
   3.62240104566465   -0.72054036759170   -6.81293411807565
   3.63715368500595   -0.72347485000818   -6.80862369514259
   3.65158385463001   -0.72634518920979   -6.80460659818619
   3.66602382920310   -0.72921747873703   -6.79971861084480
   3.66981274796190   -0.72997114153715   -6.79866608723277
   3.68081955832215   -0.73216053224321   -6.79522656853714
   3.69518384887031   -0.73501776728187   -6.79047866195437
   3.70997882751513   -0.73796067150944   -6.78601023227124
   3.71717778539417   -0.73939263326383   -6.78402586075105
   3.72453677493074   -0.74085642729407   -6.78145740053763
   3.73912783679783   -0.74375876995264   -6.77682797058330
   3.75359711893565   -0.74663688911695   -6.77283378683096
   3.76356995223365   -0.74862060899774   -6.76915488996022
   3.76813717270762   -0.74952908563457   -6.76732342561687
   3.78295555793128   -0.75247664572015   -6.76282007081977
   3.79750393158913   -0.75537049716595   -6.75903976227888
   3.81109362425817   -0.75807365510671   -6.75434499925251
   3.81208558888297   -0.75827096913859   -6.75368285159973
   3.82667763468329   -0.76117350751364   -6.74905423178559
   3.84113825536525   -0.76404990380727   -6.74421665405466
   3.85183575205368   -0.76617776819860   -6.73952478576510
   3.85548165064803   -0.76690298251923   -6.73766740554024
   3.87006534897103   -0.76980386047781   -6.73023798109743
   3.88002410817554   -0.77178478084734   -6.72472149231601
   3.88459679674521   -0.77269434515603   -6.72196347193972
   3.89915406932283   -0.77558996670703   -6.71365485441567
   3.90651947973412   -0.77705503792866   -6.70979891855362
   3.91393516820979   -0.77853011007911   -6.70540982915588
   3.92833793771039   -0.78139499905730   -6.69782372259655
   3.93299146169537   -0.78232064252981   -6.69502124279212
   3.94310327112930   -0.78433200648280   -6.68962430930298
   3.95751518882027   -0.78719871514919   -6.68201131143367
   3.96028412758194   -0.78774949131341   -6.68021767051700
   3.97226032418275   -0.79013170493148   -6.67303714024615
   3.98657779824632   -0.79297962759236   -6.66611149029770
   3.98752145446391   -0.79316733248459   -6.66523939407544
   4.00143829291456   -0.79593556376725   -6.65712244741714
   4.01320630752458   -0.79827636741269   -6.65054777362253
   4.01601585195429   -0.79883522054646   -6.64883464239179
   4.03040531484832   -0.80169746267604   -6.64113943465414
   4.04043345194337   -0.80369218316602   -6.63554651298104
   4.04500713301280   -0.80460194489518   -6.63279012286020
   4.05963989255793   -0.80751258173760   -6.62527326708054
   4.06692979230431   -0.80896263295411   -6.62062670234335
   4.07435944797418   -0.81044048335222   -6.61626581687187
   4.08875316664840   -0.81330357200911   -6.60865641162744
   4.09341194082473   -0.81423025980961   -6.60586775136885
   4.10353060436887   -0.81624298712989   -6.60048405689319
   4.11781499653185   -0.81908432939161   -6.59275691755416
   4.12056511355125   -0.81963136167851   -6.59092627873395
   4.13269949294471   -0.82204503981034   -6.58377016018746
   4.14598716182400   -0.82468812148408   -6.57612523506764
   4.14692617381399   -0.82487490258201   -6.57523705502464
   4.16135923104319   -0.82774581616400   -6.56507809832333
   4.16589738854693   -0.82864851181661   -6.56133851349200
   4.17584882122656   -0.83062797484973   -6.55208986388120
   4.18132210166706   -0.83171667801948   -6.54652850998471
   4.19040532500592   -0.83352344347725   -6.53813106607040
   4.19680301294986   -0.83479602273194   -6.53165330184275
   4.20496353134573   -0.83641925076511   -6.52417303397391
   4.21228382445771   -0.83787534759792   -6.51677705469955
   4.21952310581104   -0.83931533019004   -6.51021565469623
   4.22764252466722   -0.84093038301647   -6.50194288156484
   4.23396818879906   -0.84218863584418   -6.49538514776684
   4.24236317111697   -0.84385850165115   -6.48685946453055
   4.24890912984533   -0.84516057379858   -6.48056450633523
   4.25790438147681   -0.84694984059577   -6.47230486248584
   4.26336775590317   -0.84803657333680   -6.46672363482154
   4.27329748732653   -0.85001171972166   -6.45724960407597
   4.27789281211380   -0.85092578665398   -6.45264522067454
   4.28878137531341   -0.85309165653738   -6.44236489407064
   4.29246119454991   -0.85382361809324   -6.43868555107666
   4.30426626224139   -0.85617179205483   -6.42748054467281
   4.30692166104085   -0.85669998371636   -6.42553548402002
   4.31966280786966   -0.85923435539522   -6.41260914528444
   4.32148352090135   -0.85959651773467   -6.41074843133090
   4.33514182683488   -0.86231332370230   -6.39772592643689
   4.33605219166805   -0.86249440652645   -6.39679559170053
   4.34980593705663   -0.86523019658203   -6.38282807215438
   4.35073271810601   -0.86541454479460   -6.38191617635543
   4.36518992984241   -0.86829026300680   -6.36889088583129
   4.36610031166967   -0.86847134921128   -6.36796059526093
   4.37966226504854   -0.87116898946416   -6.35404240252287
   4.38056161822760   -0.87134788193412   -6.35310199842243
   4.39044216805348   -0.87331324549100   -6.33903449470100
   4.39381772079560   -0.87398468467815   -6.32685758256143
   4.39456215119058   -0.87413276109036   -6.32436709332403
   4.39470720203526   -0.87416161349727   -6.30955782267109
   4.39464557677265   -0.87414935547039   -6.29473775467787
   4.39441089723353   -0.87410267480769   -6.27971108221604
   4.39369410529692   -0.87396009602666   -6.26944878062521
   4.39322590807166   -0.87386696580818   -6.26478225933877
   4.39315849717258   -0.87385355694666   -6.24993251778516
   4.39266691265211   -0.87375577470592   -6.23503930122608
   4.39174550146126   -0.87357249462462   -6.22001414700662
   4.39170875291518   -0.87356518488433   -6.20509271052057
   4.39167208563216   -0.87355789130825   -6.19017165562692
   4.39160660066229   -0.87354486553787   -6.17534911187730
   4.39016296656928   -0.87325770886280   -6.16053744273230
   4.38688613946532   -0.87260590742606   -6.14574523322462
   4.37972792074461   -0.87118204919410   -6.13164237654964
   4.37896722959482   -0.87103073831665   -6.13070898292789
   4.36796827836926   -0.86884291088968   -6.11578520919395
   4.36537620020943   -0.86832731448647   -6.11285207690080
   4.35606719320502   -0.86647563786527   -6.10077678354690
   4.35072622347040   -0.86541325293126   -6.09415820134538
   4.34415489046425   -0.86410613352616   -6.08584140447500
   4.33601738035728   -0.86248748212621   -6.07551913400175
   4.33224596251515   -0.86173730047485   -6.07089317378184
   4.32147234974096   -0.85959429565271   -6.05672407429322
   4.32059447864219   -0.85941967623420   -6.05575634511696
   4.30933820595693   -0.85718066438650   -6.04102094357642
   4.30674658608213   -0.85666515914186   -6.03808841624999
   4.29684742286382   -0.85469609315102   -6.02580137563053
   4.29209814119822   -0.85375140229157   -6.01939790982674
   4.28492184150774   -0.85232394753111   -6.01086278518456
   4.27739054252888   -0.85082587902178   -6.00076218576610
   4.27298385652923   -0.84994933467729   -5.99593536226718
   4.26280735172848   -0.84792510201572   -5.98294039653613
   4.26170932403740   -0.84770669072824   -5.98122942954552
   4.24980619403545   -0.84533901096032   -5.96626937133160
   4.24785311881824   -0.84495052014520   -5.96356683854157
   4.23795857338742   -0.84298237268941   -5.95121422178360
   4.23356710088621   -0.84210885449791   -5.94551302347744
   4.22626359980249   -0.84065609780719   -5.93615132903436
   4.21889412706995   -0.83919021853962   -5.92684589754556
   4.21434015265839   -0.83828437670843   -5.92121897946720
   4.20416671109861   -0.83626075336338   -5.90916330600907
   4.20219386659709   -0.83586833019311   -5.90646496841273
   4.19119776029902   -0.83368106865740   -5.89153487127662
   4.18947061430308   -0.83333751795854   -5.88958064578557
   4.17860623017195   -0.83117645759089   -5.87640208585755
   4.17471892298933   -0.83040322411646   -5.87098067836810
   4.16739403970900   -0.82894621424239   -5.86164041786434
   4.16040900039807   -0.82755680353682   -5.85296893529973
   4.15507761119080   -0.82649632428818   -5.84625999943705
   4.14556488196757   -0.82460412479814   -5.83443957954599
   4.14359554622716   -0.82421239956385   -5.83174276471952
   4.13231902301733   -0.82196935963637   -5.81701863257484
   4.13063511439261   -0.82163440938538   -5.81503859994046
   4.12001101571357   -0.81952114476586   -5.80168532564734
   4.11634916049080   -0.81879275647449   -5.79701600966930
   4.10816631914398   -0.81716508813030   -5.78669801125758
   4.10155363802284   -0.81584974407377   -5.77846843190466
   4.09597869470684   -0.81474081890078   -5.77199980916991
   4.08687164404718   -0.81292931389422   -5.76074512836801
   4.08409934025025   -0.81237786838288   -5.75702725855097
   4.07311315335678   -0.81019257993942   -5.74208915205314
   4.07227134321054   -0.81002513349035   -5.74109932919945
   4.06141686587722   -0.80786604370731   -5.72698430558089
   4.05789669399969   -0.80716583798557   -5.72312539696895
   4.04931705484189   -0.80545924164943   -5.71221051215577
   4.04307287573671   -0.80421719720127   -5.70461193821071
   4.03679893554639   -0.80296923290522   -5.69704725364929
   4.02837027397636   -0.80129266787848   -5.68598852126999
   4.02552262811710   -0.80072623589916   -5.68233416418973
   4.01383811912378   -0.79840204255362   -5.66816170262074
   4.01297909400413   -0.79823117183344   -5.66718247917461
   4.00171396817318   -0.79599039898557   -5.65247746756330
   3.99889931367883   -0.79543052939675   -5.64880060718292
   3.98985964181274   -0.79363242686553   -5.63750165531394
   3.98438124846436   -0.79254270667516   -5.63002776956979
   3.97817413227055   -0.79130803449845   -5.62238837860787
   3.96978208517577   -0.78963875254367   -5.61225576017848
   3.96602982151267   -0.78889238089541   -5.60766674676598
   3.95499581866006   -0.78669758126632   -5.59371296055370
   3.95415442479976   -0.78653021762167   -5.59271437801638
   3.94314925754058   -0.78434115374874   -5.57780338321482
   3.94033509317708   -0.78378138165300   -5.57412720974263
   3.93130239941525   -0.78198466715302   -5.56283255969814
   3.92592072547606   -0.78091418564931   -5.55620419054022
   3.91871225451732   -0.77948033162572   -5.54771229099429
   3.91135573372534   -0.77801702865931   -5.53841803237570
   3.90683736586328   -0.77711826941117   -5.53277295065945
   3.89643717414255   -0.77504954265480   -5.51904758828905
   3.89558323879545   -0.77487968435332   -5.51806570695922
   3.88392249182180   -0.77256021756737   -5.50292773632932
   3.88193029437721   -0.77216394485738   -5.50027269735116
   3.87192068072996   -0.77017290891025   -5.48814559929501
   3.86746704195549   -0.76928702507817   -5.48241148894537
   3.86016090011636   -0.76783374310854   -5.47305755625970
   3.85265477706651   -0.76634068240285   -5.46387984538297
   3.84801895186939   -0.76541855943813   -5.45834214120064
   3.83832752714937   -0.76349081520379   -5.44594567940862
   3.83640720176083   -0.76310883873462   -5.44318967053364
   3.82513768504246   -0.76086719248494   -5.42849501832840
   3.82341231293179   -0.76052399463380   -5.42654314810624
   3.81338980494058   -0.75853039384218   -5.41350843533656
   3.80880975783388   -0.75761936582948   -5.40784906520995
   3.80136225536043   -0.75613796548142   -5.39863654903233
   3.79401394405485   -0.75467629548338   -5.38933248694288
   3.78948142480890   -0.75377472134998   -5.38370442243550
   3.77957647338403   -0.75180450401328   -5.37053644280708
   3.77783277367590   -0.75145766057633   -5.36856575453077
   3.76633614878010   -0.74917083970143   -5.35407066731572
   3.76465397567170   -0.74883623466610   -5.35209297232548
   3.75402973117445   -0.74672294104153   -5.33875127264911
   3.75037177042191   -0.74599532740846   -5.33408735835864
   3.74219757738321   -0.74436937931971   -5.32378131131440
   3.73570926137355   -0.74307877302193   -5.31545212390898
   3.73026163104405   -0.74199517197648   -5.30887139063171
   3.72098169615879   -0.74014927815932   -5.29689234614363
   3.71844485361043   -0.73964466880236   -5.29392880744942
   3.70719283974117   -0.73740650408583   -5.27922768928159
   3.70635188593453   -0.73723922797330   -5.27823902173857
   3.69548286563008   -0.73507724541344   -5.26413239495895
   3.69196616624215   -0.73437773041283   -5.26027806341933
   3.68280132606087   -0.73255473035571   -5.24915893182052
   3.67716501738674   -0.73143359885406   -5.24178761429910
   3.67083986171564   -0.73017544716548   -5.23425444698092
   3.66241333611700   -0.72849930700986   -5.22325150637972
   3.65962019087081   -0.72794371587651   -5.21955542944757
   3.64840246893231   -0.72571237224912   -5.20482797473805
   3.64758544636905   -0.72554985635685   -5.20382747983199
   3.63627410948335   -0.72329989155869   -5.18929468241889
   3.63335217073079   -0.72271868180408   -5.18573484415930
   3.62404527369252   -0.72086742488124   -5.17476796311706
   3.61877077462395   -0.71981826178477   -5.16805096993524
   3.61232830143533   -0.71853677419104   -5.15965614860577
   3.60412866700504   -0.71690576549486   -5.14941206146162
   3.60047302772579   -0.71617861363154   -5.14473102554276
   3.58919543999876   -0.71393536195843   -5.13101583947671
   3.58836086114716   -0.71376935390329   -5.13002420153842
   3.57734919375657   -0.71157899707383   -5.11512366812939
   3.57476281958984   -0.71106453526540   -5.11219811646348
   3.56470155069138   -0.70906322444996   -5.10001717000773
   3.56024099229342   -0.70817596421919   -5.09441292261908
   3.55293214475899   -0.70672214405330   -5.08506519859933
   3.54559048508818   -0.70526179714768   -5.07578328936540
   3.54107666210498   -0.70436394193216   -5.07014450146238
   3.53090687482249   -0.70234104546805   -5.05717517862286
   3.52920734720513   -0.70200298840626   -5.05522750901567
   3.51797702663516   -0.69976913875525   -5.04053352120699
   3.51629595082777   -0.69943475198666   -5.03855731584486
   3.50620202035889   -0.69742694438093   -5.02544169100960
   3.50174937373672   -0.69654125790021   -5.01983960719206
   3.49379726272767   -0.69495948467373   -5.01026336381052
   3.48732466759818   -0.69367200545343   -5.00196281993844
   3.48186031216495   -0.69258507757800   -4.99535761425057
   3.47215109702353   -0.69065379460883   -4.98283024843463
   3.47044852704169   -0.69031513238311   -4.98088342204249
   3.45945634987496   -0.68812865240022   -4.96598053233234
   3.45773260930260   -0.68778577908222   -4.96403084933450
   3.44709183178682   -0.68566919683580   -4.95068330113677
   3.44336172865250   -0.68492723319078   -4.94608906846746
   3.43519671161677   -0.68330311032251   -4.93592201733196
   3.42867104078800   -0.68200507368922   -4.92748748892231
   3.42321538838950   -0.68091987695503   -4.92101478118345
   3.41389738306703   -0.67906641045708   -4.90900955824862
   3.41134601458344   -0.67855891171195   -4.90610399084842
   3.40034222307693   -0.67637012149324   -4.89120029678750
   3.39948047722643   -0.67619870958604   -4.89022562313975
   3.38842109072725   -0.67399886083572   -4.87633497590995
   3.38476671004233   -0.67327195932238   -4.87167607336592
   3.37660046564929   -0.67164759231756   -4.86138111360856
   3.37033944040598   -0.67040219696419   -4.85380436635033
   3.36474498504062   -0.66928939060326   -4.84647093236718
   3.35565240587762   -0.66748076415636   -4.83520113636527
   3.35287769910065   -0.66692884066257   -4.83156272713748
   3.34124155800524   -0.66461426829012   -4.81741814059603
   3.34040139011313   -0.66444714850570   -4.81643054342736
   3.32932151147399   -0.66224322361531   -4.80157064658045
   3.32652516400572   -0.66168699552038   -4.79788967065497
   3.31750265619493   -0.65989230713204   -4.78661926942930
   3.31194403377280   -0.65878662838668   -4.78006710187654
   3.30529884686154   -0.65746481852648   -4.77194693891937
   3.29712043451168   -0.65583803116457   -4.76171559870254
   3.29352581838319   -0.65512301756063   -4.75703148969880
   3.28246122167282   -0.65292213243487   -4.74310708711565
   3.28160382776343   -0.65275158618257   -4.74213005548611
   3.27035579689260   -0.65051421373370   -4.72745543016247
   3.26777137089029   -0.65000013943926   -4.72453250411000
   3.25799634709701   -0.64805576631535   -4.71232195746046
   3.25329886854643   -0.64712137973613   -4.70581804999076
   3.24619442853739   -0.64570821875503   -4.69719647456235
   3.23866866151505   -0.64421125062027   -4.68719798342452
   3.23436904680055   -0.64335600407859   -4.68229071015178
   3.22423456284397   -0.64134012988261   -4.66934157811128
   3.22315350260084   -0.64112509363037   -4.66761539224505
   3.21133340638151   -0.63877393030873   -4.65271116395193
   3.20943342411532   -0.63839600033818   -4.64997338750398
   3.19945979671042   -0.63641212249971   -4.63761498059105
   3.19492303700227   -0.63550970488593   -4.63212355709340
   3.18763126500362   -0.63405928125528   -4.62290976805642
   3.18023442199483   -0.63258795770127   -4.61353314356995
   3.17567041520144   -0.63168012030526   -4.60801123355384
   3.16549807498450   -0.62965671603092   -4.59504925614996
   3.16375430944775   -0.62930985949985   -4.59311594964889
   3.15191808434246   -0.62695548794332   -4.57821299311644
   3.15105684455418   -0.62678417669815   -4.57723900368750
   3.13908376302253   -0.62440258270586   -4.56312267303853
   3.13626073201922   -0.62384104692580   -4.56042691456486
   3.12261952467837   -0.62112764207972   -4.54825416482883
   3.12167669562772   -0.62094010172122   -4.54735809000969
   3.10697424868155   -0.61801560319288   -4.53447064810665
   3.10604262927673   -0.61783029257157   -4.53356029371863
   3.09261809637266   -0.61515998695066   -4.52200344307220
   3.08877791665311   -0.61439612771148   -4.51847883430621
   3.07788371312079   -0.61222913589615   -4.50917693648413
   3.07167112209215   -0.61099337470708   -4.50349440537113
   3.06339314104099   -0.60934678189907   -4.49593588968879
   3.05524759428881   -0.60772653191099   -4.48859169649930
   3.04884105987689   -0.60645219298442   -4.48287113791668
   3.03778013052790   -0.60425203734219   -4.47365637660063
   3.03396231815074   -0.60349262724404   -4.47014104690304
   3.02120435594470   -0.60095491077870   -4.45903726977678
   3.01934896029597   -0.60058584963778   -4.45720795613630
   3.00503917061240   -0.59773945549512   -4.44461747896032
   3.00407913341609   -0.59754849222363   -4.44374777811496
   2.99038219262059   -0.59482400130413   -4.43169558971479
   2.98679455794532   -0.59411037639758   -4.42882529520804
   2.97590377640916   -0.59194406525961   -4.41951426777141
   2.96935649215464   -0.59064172944864   -4.41397128861771
   2.96128352121879   -0.58903591568800   -4.40663214402322
   2.95306268130379   -0.58740068895866   -4.39901605953634
   2.94666173889559   -0.58612746235078   -4.39346315592336
   2.93639480045780   -0.58408524132038   -4.38450111364575
   2.93198584385401   -0.58320824532465   -4.38061072680331
   2.91931995473582   -0.58068884333518   -4.36917793320211
   2.91741146249588   -0.58030922062561   -4.36742073131330
   2.90295989643308   -0.57743462540771   -4.35519901455467
   2.90201535326377   -0.57724674408981   -4.35430625687893
   2.88821226649295   -0.57450113942308   -4.34229943758308
   2.88535333221420   -0.57393246203751   -4.33965820840596
   2.87351157610709   -0.57157699029631   -4.32945362521558
   2.86809564497859   -0.57049969461398   -4.32473243654235
   2.85918803768573   -0.56872786135967   -4.31706791799241
   2.85090013030936   -0.56707929408281   -4.30962726813909
   2.84450089162767   -0.56580640636721   -4.30407558818447
   2.83442828210528   -0.56380283976142   -4.29483767488604
   2.82994366785569   -0.56291079452425   -4.29102508927823
   2.81795951236806   -0.56052699778516   -4.28001212140028
   2.81536543889827   -0.56001100449012   -4.27798535326276
   2.80094572409052   -0.55714274488078   -4.26555985928423
   2.79996587081000   -0.55694783994506   -4.26471511792775
   2.78603198990646   -0.55417621870775   -4.25204592841883
   2.78340894356817   -0.55365446235086   -4.25004660883870
   2.77155894454106   -0.55129735099093   -4.23983198644840
   2.76616891552452   -0.55022520755900   -4.23512409387731
   2.75686384839991   -0.54837431462862   -4.22685226924480
   2.74969044395709   -0.54694743576873   -4.22042626229718
   2.74221551863000   -0.54546058067593   -4.21385340982439
   2.73280057781525   -0.54358783250973   -4.20598224547151
   2.72746595065092   -0.54252670919138   -4.20117948793630
   2.71582254887222   -0.54021069257923   -4.19064975707114
   2.71300170221998   -0.53964959129362   -4.18795648554270
   2.69927888985315   -0.53691995419863   -4.17583033358087
   2.69832236558700   -0.53672968969239   -4.17495632906679
   2.68397257616755   -0.53387533910757   -4.16270215366248
   2.68140816527903   -0.53336524606680   -4.16065115964684
   2.66938396473869   -0.53097348387147   -4.14956943249704
   2.66480773760846   -0.53006321569933   -4.14582152045488
   2.65489795339401   -0.52809203706101   -4.13742505212108
   2.64757800152447   -0.52663600810554   -4.13089730192242
   2.64020752235257   -0.52516992864473   -4.12444180982114
   2.63115870356346   -0.52337000667740   -4.11618818828738
   2.62555647694226   -0.52225565451758   -4.11144550607988
   2.61370297118045   -0.51989784562475   -4.10130686913885
   2.61088261600357   -0.51933684209966   -4.09861416441331
   2.59725208470054   -0.51662556084954   -4.08645546499274
   2.59631014521040   -0.51643819743562   -4.08556040424868
   2.58186003371382   -0.51356389154894   -4.07336527540350
   2.57999855369805   -0.51319362015217   -4.07154659520872
   2.56757291046853   -0.51072200604117   -4.06079696885858
   2.56269342518287   -0.50975141607141   -4.05648842702979
   2.55278908442327   -0.50778132020358   -4.04809356351386
   2.54575846549321   -0.50638284314806   -4.04145033254408
   2.53836543032493   -0.50491227702062   -4.03475942396425
   2.52896253759762   -0.50304192536801   -4.02671524381209
   2.52355797141412   -0.50196689031379   -4.02206741644866
   2.51176832992430   -0.49962178481449   -4.01169026576156
   2.50888699844572   -0.49904865234888   -4.00908255369086
   2.49515177535885   -0.49631654660819   -3.99713473867521
   2.49420999472093   -0.49612921479194   -3.99623986206176
   2.47979905450216   -0.49326270055686   -3.98378874267489
   2.47786029478389   -0.49287705727152   -3.98208095129513
   2.46501108754488   -0.49032119104066   -3.97193624885922
   2.45943271085835   -0.48921158292781   -3.96743315258036
   2.45046717218786   -0.48742822640602   -3.96074920627098
   2.43966294842011   -0.48527913267868   -3.95204200500033
   2.43593719909881   -0.48453803506092   -3.94936962827672
   2.42113276366544   -0.48159324976115   -3.93854206216749
   2.41939274078323   -0.48124713769035   -3.93749059969747
   2.40694352598561   -0.47877083490294   -3.92807252293911
   2.39966221214069   -0.47732249152841   -3.92226352205771
   2.39227333159392   -0.47585275180657   -3.91674596517211
   2.38033297830143   -0.47347766786581   -3.90752428752011
   2.37761974407054   -0.47293797202169   -3.90563335705309
   2.36309049174625   -0.47004792404561   -3.89527869993468
   2.36010992746512   -0.46945505294832   -3.89286382039849
   2.34846563101986   -0.46713885837592   -3.88442948940482
   2.34038337312250   -0.46553119732379   -3.87782222172993
   2.33401460297555   -0.46426437017656   -3.87297656555453
   2.32103147864678   -0.46168186618034   -3.86297671858649
   2.31930710273786   -0.46133886648604   -3.86190179716215
   2.30496678175170   -0.45848639928970   -3.85141537727089
   2.30028816590164   -0.45755576473491   -3.84786627311869
   2.29047473951138   -0.45560375285951   -3.84029845750978
   2.28098250054913   -0.45371562913580   -3.83310509759759
   2.27557602744514   -0.45264021477151   -3.82933846819929
   2.26122302773160   -0.44978522561949   -3.81888723763137
   2.26022111059841   -0.44958593191061   -3.81808297569593
   2.24684452831583   -0.44692516426133   -3.80768651950145
   2.24099324529616   -0.44576127170368   -3.80326402263444
   2.23202913293055   -0.44397819889158   -3.79665565482785
   2.22109766573023   -0.44180379487183   -3.78828338096714
   2.21745387944203   -0.44107900071502   -3.78549266457528
   2.20274307865617   -0.43815284050466   -3.77433350371357
   2.20172405613133   -0.43795014432183   -3.77356805621284
   2.18800502623138   -0.43522125960628   -3.76357357868688
   2.18168266392137   -0.43396366355176   -3.75884952849862
   2.17378766330183   -0.43239325028806   -3.75290065653282
   2.16180390489066   -0.43000953253239   -3.74374896121529
   2.15885197833451   -0.42942235783278   -3.74125583712482
   2.14438626821210   -0.42654494918650   -3.73076163622333
   2.14167909800804   -0.42600645955231   -3.72886408777885
   2.12975992197083   -0.42363558802953   -3.71983618028104
   2.12239881822619   -0.42217137345716   -3.71424709493744
   2.11520124383502   -0.42073968689562   -3.70866971847221
   2.10270680593203   -0.41825438867326   -3.69880254929620
   2.10067537058154   -0.41785031105852   -3.69725266962984
   2.08648862551615   -0.41502839201215   -3.68731441783249
   2.08170676449420   -0.41407722071579   -3.68394178539614
   2.07187109145542   -0.41212078370687   -3.67658033131647
   2.06238139170143   -0.41023316506308   -3.66941200911256
   2.05669214613941   -0.40910150375974   -3.66509418604463
   2.04313790096515   -0.40640539676408   -3.65489775689447
   2.04218233007810   -0.40621532189674   -3.65402482024546
   2.02826101379355   -0.40344619991754   -3.64339817525499
   2.02239806734328   -0.40227998735930   -3.63938508891861
   2.01364249425624   -0.40053839558879   -3.63284280218275
   2.00341256338189   -0.39850353582044   -3.62443453730794
   1.99866948943826   -0.39756007975366   -3.62099534175911
   1.98414431914569   -0.39467084374417   -3.61064589018969
   1.98312388211173   -0.39446786619798   -3.60988337723174
   1.96969089789360   -0.39179587950618   -3.59973905301260
   1.96380956210432   -0.39062600908098   -3.59529523937829
   1.95505304961992   -0.38888423045272   -3.58862144375412
   1.94411250295698   -0.38670802041557   -3.57995843963712
   1.94038618435193   -0.38596680956022   -3.57729297989677
   1.92591030478574   -0.38308737808581   -3.56680098532072
   1.92315488648687   -0.38253929130886   -3.56497873899536
   1.91153173003497   -0.38022730174259   -3.55665900663580
   1.90247418517667   -0.37842564405218   -3.54991753428690
   1.89659305347566   -0.37725581422266   -3.54639017827470
   1.88225674710860   -0.37440414558371   -3.53780153198058
   1.87843820924071   -0.37364459117647   -3.53530352875678
   1.86763805473193   -0.37149630687507   -3.52858675566192
   1.85450091406834   -0.36888316712507   -3.52053784065785
   1.85268008883902   -0.36852098246812   -3.51960778159063
   1.83834495779990   -0.36566954761644   -3.51132013261284
   1.82964184589251   -0.36393839102337   -3.50528090931381
   1.82375398896090   -0.36276722346231   -3.50175622629200
   1.80922242531846   -0.35987671573646   -3.49323442961950
   1.80532622241756   -0.35910171279365   -3.49092526284969
   1.79456954917682   -0.35696207745421   -3.48441390679842
   1.78155362909445   -0.35437304997700   -3.47630150248527
   1.77975716537505   -0.35401571112566   -3.47532782584993
   1.76551429981504   -0.35118262901885   -3.46669018232929
   1.75635653933940   -0.34936103720274   -3.46108649865521
   1.75081435991204   -0.34825862917241   -3.45749775102512
   1.73632231728158   -0.34537598266461   -3.44888738264098
   1.73174441217744   -0.34446538072271   -3.44614386842864
   1.72207386193644   -0.34254178868041   -3.44019071766310
   1.70796083309691   -0.33973453270304   -3.43140864658574
   1.70692007815816   -0.33952751367431   -3.43071462531763
   1.69302977862229   -0.33676456131002   -3.42247530916415
   1.68343881886887   -0.33485680080002   -3.41643156241250
   1.67809346040019   -0.33379354289252   -3.41343229801833
   1.66382015380277   -0.33095440568690   -3.40462960025715
   1.65819456913912   -0.32983540732356   -3.40119682373452
   1.64925197103029   -0.32805661396320   -3.39556732458524
   1.63447623621484   -0.32511753757129   -3.38699372899337
   1.63341638715293   -0.32490672048532   -3.38636809885586
   1.62024076256053   -0.32228592580594   -3.37814308780378
   1.60988106534021   -0.32022525390651   -3.37149516155332
   1.60527071476971   -0.31930819816008   -3.36881352517240
   1.59100013890724   -0.31646960413140   -3.36001015960081
   1.58537448570752   -0.31535059213539   -3.35657860980700
   1.57643533346857   -0.31357248420117   -3.35094892477794
   1.56165431406097   -0.31063235663852   -3.34237766090307
   1.56059411347095   -0.31042146962927   -3.34175300073188
   1.54752059000779   -0.30782098412721   -3.33409921319999
   1.53633460392118   -0.30559595315325   -3.32655280667458
   1.53245314107490   -0.30482388218960   -3.32419965169923
   1.51852397312691   -0.30205319841744   -3.31573469218146
   1.51184210202201   -0.30072409161744   -3.31162941148457
   1.50340080785586   -0.29904501381110   -3.30705966328369
   1.48815161072269   -0.29601175990870   -3.29953043227428
   1.48269153933748   -0.29492568418341   -3.29767051488836
   1.47317430571365   -0.29303258871239   -3.29545685747593
   1.45848006418147   -0.29010972234237   -3.29455473558904
   1.44392407553449   -0.28721435618105   -3.29454735054294
   1.42936818056909   -0.28431900865415   -3.29454003954722
   1.41481099482243   -0.28142340437490   -3.29406877569581
   1.40025529112988   -0.27852809489454   -3.29406161409202
   1.38569967848972   -0.27563280352562   -3.29405452652932
   1.37114415602569   -0.27273753009385   -3.29404751300760
   1.35658872286155   -0.26984227442494   -3.29404057352676
   1.34203337812102   -0.26694703634457   -3.29403370808669
   1.32747812092786   -0.26405181567846   -3.29402691668731
   1.31297882898719   -0.26116772719321   -3.29376581989615
   1.29836816305060   -0.25826148504277   -3.29354961241829
   1.28376008126802   -0.25535575691253   -3.29380442957712
   1.26931439885202   -0.25248233202474   -3.29374603259719
   1.25470340790374   -0.24957602522546   -3.29353012795523
   1.24014865527066   -0.24668090492259   -3.29352378119551
   1.22559398405175   -0.24378580081400   -3.29351750846628
   1.21103939337075   -0.24089071272540   -3.29351130976743
   1.19648488235140   -0.23799564048249   -3.29350518509888
   1.18193045011744   -0.23510058391096   -3.29349913446052
   1.16737482345548   -0.23220528975294   -3.29302915210838
   1.15282181850062   -0.22931051708488   -3.29348725527399
   1.13826635808826   -0.22641525599596   -3.29301742324898
   1.12371223876276   -0.22352026166580   -3.29301166985045
   1.10915819384097   -0.22062528213545   -3.29300599047256
   1.09460422244664   -0.21773031723063   -3.29300038511522
   1.08005032370351   -0.21483536677703   -3.29299485377832
   1.06555558923708   -0.21195218482977   -3.29273457427215
   1.05088697247480   -0.20903441554340   -3.29278225402044
   1.03644852304177   -0.20616242938539   -3.29272384236959
   1.02177929705031   -0.20324453891580   -3.29277179619728
   1.00734173295888   -0.20037272886318   -3.29271340820491
   0.99272865652296   -0.19746600723461   -3.29249928399333
   0.97817523949208   -0.19457115259953   -3.29249427102424
   0.96362188810291   -0.19167631102141   -3.29248933206537
   0.94906860147920   -0.18878148232593   -3.29248446711662
   0.93451537874468   -0.18588666633880   -3.29247967617789
   0.91996221902309   -0.18299186288573   -3.29247495924908
   0.90540912143815   -0.18009707179240   -3.29247031633011
   0.89085608511360   -0.17720229288452   -3.29246574742087
   0.87630310917317   -0.17430752598779   -3.29246125252127
   0.86174905758354   -0.17141254513113   -3.29199284831741
   0.84719620630438   -0.16851780303107   -3.29198850238425
   0.83264453489396   -0.16562329562149   -3.29244821187931
   0.81809067613488   -0.16272835312121   -3.29198003251850
   0.80353799549201   -0.15983364496282   -3.29197590858572
   0.78898536997538   -0.15693894776972   -3.29197185865287
   0.77443279870872   -0.15404426136761   -3.29196788271985
   0.75988028081576   -0.15114958558218   -3.29196398078655
   0.74532781542022   -0.14825492023915   -3.29196015285289
   0.73083879069951   -0.14537287403093   -3.29170118306389
   0.71622324348963   -0.14246566093486   -3.29148878595263
   0.70161050760583   -0.13955900704632   -3.29174832120488
   0.68718240701500   -0.13668907940101   -3.29169033555637
   0.67250565728507   -0.13376969236679   -3.29174139716822
   0.65807839282715   -0.13089993103865   -3.29168347596401
   0.64355499405311   -0.12801104740611   -3.29121804228681
   0.62890922844707   -0.12509782349732   -3.29054035922784
   0.61426693368246   -0.12218528998182   -3.29106761067087
   0.59984155012223   -0.11931590278750   -3.29120482483863
   0.58525409449931   -0.11641427745550   -3.29145899660199
   0.57070218843147   -0.11351972336966   -3.29145605662093
   0.55614932529653   -0.11062497891133   -3.29098922572829
   0.54159849873917   -0.10773063955348   -3.29145039862575
   0.52704572821800   -0.10483591351718   -3.29098371721242
   0.51249496646290   -0.10194158704929   -3.29144503658584
   0.49794228504954   -0.09904687873764   -3.29097850461470
   0.48339061899091   -0.09615237239260   -3.29097600928489
   0.46883898878098   -0.09325787317831   -3.29097358793432
   0.45428739354348   -0.09036338092047   -3.29097124056289
   0.43973583240215   -0.08746889544478   -3.29096896717050
   0.42525157598305   -0.08458779771072   -3.29071138128344
   0.41063296565607   -0.08167997532278   -3.29050070879646
   0.39608149926132   -0.07878550869335   -3.29049865719350
   0.38153006345828   -0.07589104814900   -3.29049667955989
   0.36697865737066   -0.07299659351541   -3.29049477589554
   0.35242728012219   -0.07010214461828   -3.29049294620036
   0.33787593083661   -0.06720770128332   -3.29049119047425
   0.32325944812474   -0.06430030210433   -3.29075341383442
   0.30884191428661   -0.06143247631682   -3.29069644854411
   0.29422204199436   -0.05852440290837   -3.29048636710937
   0.27967079579752   -0.05562998007904   -3.29048490725858
   0.26511957318218   -0.05273556194035   -3.29048352137639
   0.25056837327206   -0.04984114831801   -3.29048220946270
   0.23601719519087   -0.04694673903772   -3.29048097151742
   0.22146603806235   -0.04405233392518   -3.29047980754045
   0.20691405918173   -0.04115776535597   -3.29001476865637
   0.19243315952162   -0.03827733532279   -3.28975835066153
   0.17774499467253   -0.03535567768020   -3.28981302331331
   0.16326077924714   -0.03247458810030   -3.29001194401322
   0.14880964369858   -0.02960007851701   -3.29022155613105
   0.13409126275390   -0.02667241051931   -3.28981069379754
   0.11967877606423   -0.02380558867204   -3.28975441251557
   0.10498885030134   -0.02088358076191   -3.28980950842184
   0.09057712613933   -0.01801691059082   -3.28975335790727
   0.07595474753869   -0.01510833864665   -3.28954435278796
   0.06140376729384   -0.01221396871845   -3.28954400254673
   0.04685279748681   -0.00931960086646   -3.28954372625418
   0.03230183724132   -0.00642523491638   -3.28954352391020
   0.01775088568110   -0.00353087069391   -3.28954339551471
   0.00319919123417   -0.00063635870209   -3.28907939926498
  -0.01135099488869    0.00225785326542   -3.28954336056883
  -0.02590192565082    0.00515221335090   -3.28954345401824
  -0.04035136237683    0.00802638501737   -3.28929014971928
  -0.05510193532609    0.01096045640291   -3.28934612206216
  -0.06955469036152    0.01383528812217   -3.28954417805480
  -0.08400342187992    0.01670931951413   -3.28928874905252
  -0.09872759390966    0.01963813943027   -3.28888160478835
  -0.11320813076337    0.02251849729677   -3.28908162879310
  -0.12765533498107    0.02539222488973   -3.28928587823192
  -0.14230987404882    0.02830719394855   -3.28861898080807
  -0.15686008857883    0.03120141156660   -3.28896288047312
  -0.17141100957746    0.03409576970999   -3.28896201875530
  -0.18596261736505    0.03699026446420   -3.28862147896999
  -0.20051353955221    0.03988462284401   -3.28862245954792
  -0.21506446707406    0.04277898228495   -3.28862351405433
  -0.22961540080686    0.04567334296132   -3.28862464248914
  -0.24416634162692    0.04856770504744   -3.28862584485225
  -0.25871729041052    0.05146206871761   -3.28862712114357
  -0.27326824803393    0.05435643414612   -3.28862847136302
  -0.28771316051007    0.05722970588334   -3.28835292386816
  -0.30237013402287    0.06014515918339   -3.28802958768861
  -0.31702267895642    0.06305973158426   -3.28843540051052
  -0.33136529744046    0.06591265578135   -3.28835306528851
  -0.34602375507454    0.06882840429148   -3.28770844501937
  -0.36067647037546    0.07174301058052   -3.28843749614248
  -0.37501755203597    0.07459562908440   -3.28835385227132
  -0.38967628991493    0.07751143333870   -3.28802977442315
  -0.39824398707855    0.07921565426451   -3.28727240091256
  -0.41877903762164    0.08330032978230   -3.28771815080739
  -0.43332958204991    0.08619461302118   -3.28803083193526
  -0.44788071700204    0.08908901372257   -3.28803132722165
  -0.46243242187953    0.09198352778917   -3.28772486118408
  -0.47698359101148    0.09487793528934   -3.28772724579308
  -0.49153478212690    0.09777234716231   -3.28772970431031
  -0.50608599610209    0.10066676358236   -3.28773223673567
  -0.52052671856670    0.10353920187447   -3.28743316577195
  -0.53529410015749    0.10647661670669   -3.28751853775935
  -0.54973978394909    0.10935004186810   -3.28774027745969
  -0.56417974295044    0.11222232829792   -3.28743674524517
  -0.57884243531500    0.11513891914831   -3.28711108279099
  -0.59339380791050    0.11803336711991   -3.28711229023469
  -0.60794520951595    0.12092782086194   -3.28711356894928
  -0.62249664100768    0.12382228054872   -3.28711491892568
  -0.63704856561160    0.12671683832162   -3.28683045648666
  -0.65159959715526    0.12961121845378   -3.28711783262729
  -0.66615112356375    0.13250569702068   -3.28711939633401
  -0.68070312348978    0.13540026977608   -3.28684049020791
  -0.69525471011575    0.13829476032098   -3.28684398255867
  -0.70980633186883    0.14118925785310   -3.28684754879778
  -0.72435798962531    0.14408376254674   -3.28685118892516
  -0.73890968426148    0.14697827457621   -3.28685490294072
  -0.75346141665363    0.14987279411580   -3.28685869084437
  -0.76801318767805    0.15276732133984   -3.28686255263600
  -0.78256499821103    0.15566185642261   -3.28686648831554
  -0.79711684912886    0.15855639953844   -3.28687049788290
  -0.81166874130784    0.16145095086161   -3.28687458133798
  -0.82604977386933    0.16431151609378   -3.28582920414173
  -0.84096924454787    0.16727918332650   -3.28604641748084
  -0.85532504131412    0.17013472884690   -3.28642334238624
  -0.86972904805307    0.17299986392709   -3.28602774884010
  -0.88442931293455    0.17592392841578   -3.28529551039382
  -0.89898147020871    0.17881853246966   -3.28529820926001
  -0.91353367489413    0.18171314595423   -3.28530097915437
  -0.92808592786713    0.18460776904380   -3.28530382006652
  -0.94263823000406    0.18750240191268   -3.28530673198600
  -0.95719058218122    0.19039704473518   -3.28530971490229
  -0.97174298527495    0.19329169768562   -3.28531276880481
  -0.98629544016158    0.19618636093830   -3.28531589368292
  -1.00084794771743    0.19908103466755   -3.28531908952594
  -1.01540050881884    0.20197571904766   -3.28532235632311
  -1.02995338131367    0.20487046536779   -3.28508884930641
  -1.04450579516362    0.20776512045777   -3.28532910273659
  -1.05905852215967    0.21065983783638   -3.28533258233109
  -1.07361153954825    0.21355461297766   -3.28510485989485
  -1.08799693310192    0.21641604566511   -3.28492989150225
  -1.10271738249867    0.21934412510351   -3.28441547969420
  -1.11738735851789    0.22226216476290   -3.28483732905526
  -1.13170077171564    0.22510927966734   -3.28475777884441
  -1.14649403714715    0.22805184311560   -3.28484538097064
  -1.16092944322407    0.23092322391245   -3.28513887499245
  -1.17535931648844    0.23379350416445   -3.28477034920036
  -1.19003604536302    0.23671288705029   -3.28443910964183
  -1.20458937800809    0.23960772489998   -3.28444329579813
  -1.21914277646652    0.24250257584077   -3.28444755273289
  -1.23381560485184    0.24542118287104   -3.28487121080912
  -1.24849901267594    0.24834189428254   -3.28673761089848
  -1.26298514792271    0.25122336573865   -3.29097800236765
  -1.27737618741068    0.25408592147226   -3.29700761027203
  -1.28201511509407    0.25500866155987   -3.29960733626718
  -1.29201789833797    0.25699833885530   -3.30520958775696
  -1.30650893326325    0.25988078491806   -3.31368584850660
  -1.30827657318909    0.26023239036039   -3.31470243514268
  -1.32103725989485    0.26277064876242   -3.32207634756548
  -1.33375833583437    0.26530102809317   -3.32953818961867
  -1.33553753740988    0.26565493329060   -3.33053497985426
  -1.35014540435759    0.26856061868753   -3.33878968906263
  -1.36013650726484    0.27054797261955   -3.34439952545067
  -1.36466929166897    0.27144959949620   -3.34721085627959
  -1.37920024089431    0.27433998500688   -3.35561167116150
  -1.38485937324150    0.27546565641938   -3.35910742303731
  -1.39389914464655    0.27726377875013   -3.36463402973946
  -1.40828953219238    0.28012620480438   -3.37236406128052
  -1.41108168676920    0.28068159888134   -3.37410863457087
  -1.42300952734926    0.28305419388885   -3.38134894188709
  -1.43654526180181    0.28574661887303   -3.38898589977757
  -1.43752496154435    0.28594149326814   -3.38980714980000
  -1.45202874144678    0.28882647446448   -3.39821962360198
  -1.46215848918078    0.29084140656721   -3.40363012605399
  -1.46663735689060    0.29173230874655   -3.40652296571457
  -1.48108707609244    0.29460653660096   -3.41504369984791
  -1.48744354859094    0.29587091759382   -3.41877283213167
  -1.49559391486005    0.29749212624342   -3.42349150828143
  -1.51037030119061    0.30043133222975   -3.43236891709571
  -1.51218408751839    0.30079211676213   -3.43333777429905
  -1.52490093857204    0.30332165571083   -3.44078448978142
  -1.53845103417105    0.30601693730465   -3.44838899373706
  -1.53944664409735    0.30621497643207   -3.44915988950570
  -1.55401431036266    0.30911266541610   -3.45750260662664
  -1.56401885682551    0.31110269343759   -3.46304597236442
  -1.56860476647130    0.31201488758182   -3.46581387159367
  -1.58306904694897    0.31489201185408   -3.47434083948380
  -1.58935356160761    0.31614207954266   -3.47821456811673
  -1.59777250345226    0.31781671119581   -3.48329409869908
  -1.61201295856329    0.32064931383451   -3.49042626914292
  -1.61578699220337    0.32140001580043   -3.49295518069524
  -1.62699517219299    0.32362946141618   -3.49987673664689
  -1.64047650596798    0.32631106543280   -3.50764704166913
  -1.64146307014806    0.32650730524943   -3.50845047764930
  -1.65591656849758    0.32938228482305   -3.51694965841346
  -1.66673742729959    0.33153468746444   -3.52270657240879
  -1.67031100519166    0.33224551630297   -3.52468007825601
  -1.68493602099592    0.33515461281956   -3.53289977804389
  -1.69236544843787    0.33663241782031   -3.53738905735244
  -1.69965434870866    0.33808227022877   -3.54194658291686
  -1.71403292924929    0.34094234772367   -3.55062083124740
  -1.71678250873622    0.34148927308871   -3.55243818813539
  -1.72871526456656    0.34386284580029   -3.56066443294396
  -1.73952566950083    0.34601316903810   -3.56734073055535
  -1.74316575419293    0.34673722690166   -3.57012706769713
  -1.75771157423720    0.34963057040215   -3.58034512924859
  -1.76045334260694    0.35017594203938   -3.58221420450287
  -1.77229039665171    0.35253047848223   -3.59052987028050
  -1.78139032202432    0.35434056618107   -3.59703707313667
  -1.78687998952616    0.35543252893999   -3.60070602636663
  -1.80149560850279    0.35833975631135   -3.61086180773311
  -1.80246980562945    0.35853353616811   -3.61169710105634
  -1.81607747718623    0.36124027033199   -3.62104418147637
  -1.82424780995613    0.36286545056553   -3.62653788504018
  -1.83068578374359    0.36414604317272   -3.63120788636894
  -1.84502363276089    0.36699801866388   -3.64081296613629
  -1.84600361885056    0.36719295001698   -3.64164685914214
  -1.85985887408261    0.36994893163584   -3.65150880238917
  -1.86714483168620    0.37139819871140   -3.65633184541828
  -1.87440519490874    0.37284237474803   -3.66182828354828
  -1.88799511910038    0.37554557874150   -3.67114444713943
  -1.88899775087853    0.37574501460210   -3.67201659010898
  -1.90327070815531    0.37858408232353   -3.68169148509550
  -1.90970623596532    0.37986418839556   -3.68630296399946
  -1.91810591479648    0.38153498839709   -3.69238854064753
  -1.93155756045365    0.38421068707991   -3.70112355875994
  -1.93251680253629    0.38440149219346   -3.70198816934345
  -1.94699761390065    0.38728190466352   -3.71228669894231
  -1.95247552190745    0.38837152831344   -3.71591864400069
  -1.96169856423165    0.39020610549659   -3.72231472376186
  -1.97356401576815    0.39256629055175   -3.73061563481448
  -1.97649845098427    0.39314998600751   -3.73312668555742
  -1.99081784269061    0.39599829011125   -3.74277133340796
  -1.99450796359895    0.39673230079705   -3.74548643765144
  -2.00548314103088    0.39891539932245   -3.75278736080725
  -2.01638857210514    0.40108462443472   -3.76037143569126
  -2.02002656189111    0.40180826559555   -3.76312001461616
  -2.03433973360336    0.40465533246555   -3.77275434884175
  -2.03805624324079    0.40539459219592   -3.77545516882458
  -2.04917494060507    0.40760623861083   -3.78345421019577
  -2.05915722480522    0.40959183839293   -3.79010152068349
  -2.06376355737241    0.41050809490881   -3.79374406087665
  -2.07797839000604    0.41333560091987   -3.80351033703248
  -2.07992440706286    0.41372268777961   -3.80517355457215
  -2.09256460523712    0.41623697952259   -3.81370124177088
  -2.10177670603863    0.41806938030156   -3.82005589435342
  -2.10717732952921    0.41914363110540   -3.82386141407236
  -2.12190439666768    0.42207302689447   -3.83372912217170
  -2.12370756786707    0.42243169994653   -3.83469150775681
  -2.13656481164733    0.42498916474484   -3.84386650077293
  -2.14480740291467    0.42662871808717   -3.84962861674174
  -2.15109091225143    0.42787858580480   -3.85422625852772
  -2.16486786439862    0.43061899197167   -3.86422993169197
  -2.16587299007470    0.43081892389942   -3.86507200149249
  -2.18026312501282    0.43368129970687   -3.87454025824425
  -2.18760122638748    0.43514093882338   -3.87937346386889
  -2.19482808483469    0.43657845034583   -3.88486290996591
  -2.20840935988805    0.43927993391873   -3.89418658100046
  -2.20942784091875    0.43948252239167   -3.89505657977800
  -2.22383425930030    0.44234813717741   -3.90548288565675
  -2.22919586675201    0.44341462720859   -3.90924036274476
  -2.23856401297585    0.44527806735193   -3.91643623935046
  -2.24852524151257    0.44725947890218   -3.92394698115618
  -2.25307285454204    0.44816405537580   -3.92772381595855
  -2.26658793283678    0.45085237159473   -3.93907224861818
  -2.26752372785182    0.45103851279655   -3.93997274053602
  -2.28208889542184    0.45393570475919   -3.95199376378062
  -2.28402826497110    0.45432146934745   -3.95368694660592
  -2.29678589971153    0.45685912067584   -3.96486954499883
  -2.30135484972386    0.45776794133923   -3.96856728640644
  -2.31153590866240    0.45979307987513   -3.97674544855255
  -2.32031375063677    0.46153910120273   -3.98368251774536
  -2.32574583249290    0.46261960946454   -3.98836845735780
  -2.33761215873521    0.46497996850949   -3.99854671323131
  -2.34024273959856    0.46550322357661   -4.00053268739998
  -2.35486024015645    0.46841082521775   -4.01254676119743
  -2.35583158784007    0.46860403828505   -4.01342950157728
  -2.36934013659279    0.47129105569731   -4.02476272117884
  -2.37386551836980    0.47219121009988   -4.02850318379127
  -2.38404731361128    0.47421649509553   -4.03664765224189
  -2.39159555915322    0.47571793448585   -4.04297710729059
  -2.39884919138483    0.47716077164513   -4.04944076448310
  -2.40956317948336    0.47929191638189   -4.05804903285618
  -2.41335583473706    0.48004632241706   -4.06158463289057
  -2.42701700334600    0.48276369780624   -4.07268352724911
  -2.42801171485086    0.48296155822653   -4.07360031274739
  -2.44222807677786    0.48578936843295   -4.08516062114647
  -2.44507906116316    0.48635646448640   -4.08779383355673
  -2.45705327496047    0.48873828370033   -4.09785153894601
  -2.46332701187761    0.48998620756283   -4.10271433057196
  -2.47170155481922    0.49165200772507   -4.10980143993756
  -2.48086240732416    0.49347421458405   -4.11735930015939
  -2.48624934351556    0.49454574281480   -4.12199934092488
  -2.49810272886342    0.49690352775581   -4.13220453091128
  -2.50073072890071    0.49742626946470   -4.13417261148951
  -2.51512727283753    0.50028992010126   -4.14555902709265
  -2.51704514068325    0.50067140773477   -4.14731250989929
  -2.52962822901012    0.50317433962281   -4.15775299336675
  -2.53438276193156    0.50412007502200   -4.16222697451595
  -2.54435438635130    0.50610355444195   -4.17054278673044
  -2.55256227721643    0.50773620544513   -4.17682341085220
  -2.55914758489125    0.50904610458465   -4.18242646052640
  -2.57080828155184    0.51136556136271   -4.19196780866855
  -2.57360343354770    0.51192155166339   -4.19468791464336
  -2.58786199213418    0.51475775530725   -4.20618177279500
  -2.58882474954366    0.51494925966278   -4.20707125534265
  -2.60243813084676    0.51765712956582   -4.21827278440082
  -2.60630105196618    0.51842551235069   -4.22169536700472
  -2.61750437592392    0.52065399204164   -4.23166710352505
  -2.62292592970308    0.52173240613873   -4.23637051319871
  -2.63202931381401    0.52354318182340   -4.24371988379891
  -2.64199598296659    0.52552567557943   -4.25123659473228
  -2.64673314700982    0.52646795609394   -4.25580820894642
  -2.66004241908575    0.52911533491066   -4.26633546048295
  -2.66102759088489    0.52931129776550   -4.26727297417216
  -2.67546886019977    0.53218384483289   -4.27948861327986
  -2.67738014627390    0.53256402327064   -4.28123544211113
  -2.69006866960826    0.53508792748563   -4.29154761728880
  -2.69486187152110    0.53604135462544   -4.29589039322600
  -2.70491823537961    0.53804168976777   -4.30418409536487
  -2.71319370386809    0.53968778279599   -4.31081503807407
  -2.71950374032419    0.54094292708572   -4.31636784556613
  -2.73040673583990    0.54311166773528   -4.32566160385504
  -2.73400109883305    0.54382663098747   -4.32853145456142
  -2.74787878627955    0.54658707465121   -4.34031865095889
  -2.74883914781325    0.54677810243742   -4.34118453858925
  -2.76311878935515    0.54961849974185   -4.35278454334734
  -2.76668916015454    0.55032869064998   -4.35566734388662
  -2.77781545912968    0.55254184911930   -4.36465746751693
  -2.78435843894464    0.55384332872401   -4.37001700972144
  -2.79242626340081    0.55544811878619   -4.37682675090881
  -2.80236558478162    0.55742517273219   -4.38520159790767
  -2.80693632132347    0.55833434875840   -4.38898049002715
  -2.82046493618889    0.56102535756865   -4.40033425301492
  -2.82139861185663    0.56121107720608   -4.40118393252668
  -2.83604701059965    0.56412482487838   -4.41322687852174
  -2.83795112526248    0.56450357683372   -4.41498637983381
  -2.85057318060960    0.56701425974402   -4.42542036717614
  -2.85600965783566    0.56809564229926   -4.43011125503128
  -2.86508481442368    0.56990080318052   -4.43753468203869
  -2.87428082439319    0.57173000329401   -4.44503293589255
  -2.87967495013806    0.57280296161586   -4.44969235448040
  -2.89153584179733    0.57516223965504   -4.45987876173467
  -2.89439906280229    0.57573176972347   -4.46252199321321
  -2.90827766291565    0.57849239492793   -4.47431353449660
  -2.90923828700534    0.57868347493977   -4.47517971584647
  -2.92333239238148    0.58148696680624   -4.48805076695035
  -2.92510635075895    0.58183982906674   -4.48996434400023
  -2.93721944104400    0.58424927253162   -4.50461781464472
  -2.93809359021989    0.58442315161364   -4.50564690021588
  -2.94882007821724    0.58655678273486   -4.51976759858991
  -2.95239563346545    0.58726800489398   -4.52447458765130
  -2.95975523550105    0.58873192075785   -4.53458342437435
  -2.96694469839383    0.59016199384204   -4.54404748639033
  -2.97070990745715    0.59091094049051   -4.54950966534565
  -2.98104507725967    0.59296673358320   -4.56420301906098
  -2.98188029148276    0.59313286802158   -4.56514116044607
  -2.99288106352607    0.59532105763172   -4.57906138748790
  -2.99639049374838    0.59601912670539   -4.58388061149145
  -3.00353519201796    0.59744029555241   -4.59411965368915
  -3.01073258205870    0.59887194544437   -4.60358610032155
  -3.01449534453130    0.59962040543568   -4.60904815165548
  -3.02523515718986    0.60175668699681   -4.62319941515514
  -3.02608218957008    0.60192517221280   -4.62416716433586
  -3.03666981274161    0.60403118140278   -4.63860366029022
  -3.04018292479833    0.60472998283885   -4.64342453938523
  -3.04731986750197    0.60614960900788   -4.65366304241979
  -3.05452521257444    0.60758284125404   -4.66313189676620
  -3.05828552843800    0.60833081458455   -4.66859382554677
  -3.06903036637103    0.61046809573492   -4.68274796466052
  -3.06987403958752    0.61063591277171   -4.68371478204648
  -3.08046334661404    0.61274225690126   -4.69815317029272
  -3.08398015305651    0.61344179319635   -4.70297571739049
  -3.09110933372789    0.61485987540117   -4.71321368666658
  -3.09832266087653    0.61629469538099   -4.72268497331223
  -3.10208053052285    0.61704218212865   -4.72814678403715
  -3.11283041873065    0.61918046784113   -4.74230382820864
  -3.11367072721340    0.61934761559076   -4.74326970984192
  -3.12426173641803    0.62145429830459   -4.75771001470474
  -3.12778224930308    0.62215457185695   -4.76253424336064
  -3.13490366257713    0.62357110903038   -4.77277168252882
  -3.14212499800108    0.62500752195520   -4.78224542755365
  -3.14588042223470    0.62575452228002   -4.78770712414721
  -3.15663538517821    0.62789381742020   -4.80186710358583
  -3.15747232386934    0.62806029487660   -4.80283204482998
  -3.16779526889853    0.63011365631069   -4.81751771385060
  -3.17115339814276    0.63078162974862   -4.82146507979680
  -3.17938667303916    0.63241932994955   -4.83257058193594
  -3.18593229508481    0.63372133512663   -4.84181335708718
  -3.18968527512564    0.63446784927128   -4.84727494289735
  -3.20005405011456    0.63653032685115   -4.86199522731435
  -3.20086407025014    0.63669144987394   -4.86291649627050
  -3.21187336943163    0.63888133563733   -4.87684609560295
  -3.21540132937836    0.63958309050235   -4.88167373063077
  -3.22250719620361    0.64099653529485   -4.89191011347515
  -3.22974462336512    0.64243614906528   -4.90138885950894
  -3.23413803075291    0.64331005212965   -4.90708012986884
  -3.24450994283707    0.64537315371656   -4.92078129230120
  -3.24538149501969    0.64554651622450   -4.92178422851800
  -3.25568675570271    0.64759636002343   -4.93642552650651
  -3.25921845526385    0.64829885874400   -4.94125488764886
  -3.26632630967633    0.64971269889218   -4.95150069898642
  -3.27372118374341    0.65118363079934   -4.96081380416791
  -3.27822939450215    0.65208036967401   -4.96644613893482
  -3.28810083808607    0.65404392188674   -4.98061120410374
  -3.28890728377636    0.65420433390816   -4.98156446399977
  -3.29887123839855    0.65618628771052   -4.99578465250125
  -3.30325425831103    0.65705812457758   -5.00162466007255
  -3.31016453135592    0.65843266334818   -5.01111325560183
  -3.31776490400665    0.65994447146511   -5.02115295153866
  -3.32141649851645    0.66067081877376   -5.02580918401180
  -3.33214952084521    0.66280574965431   -5.03995934033347
  -3.33302553161379    0.66297999903014   -5.04096385266883
  -3.34332902619488    0.66502949152955   -5.05560765521536
  -3.34686823461830    0.66573348385570   -5.06044051771086
  -3.35400796982438    0.66715366548801   -5.07073363876319
  -3.36121250927005    0.66858673748503   -5.08016177998375
  -3.36496965218699    0.66933407967722   -5.08563996781564
  -3.37597717464244    0.67152361202782   -5.09956015415755
  -3.37685542032306    0.67169830595529   -5.10056546578373
  -3.38715805409154    0.67374762722842   -5.11521054738370
  -3.39048741763510    0.67440987881274   -5.11926413183144
  -3.39845977947040    0.67599568017901   -5.13051309462236
  -3.40519896097963    0.67733618672721   -5.13960851391916
  -3.40907457227227    0.67810709374447   -5.14501499263115
  -3.41964127762309    0.68020894212121   -5.15841340989964
  -3.42069065119720    0.68041767550310   -5.16017507600824
  -3.43099243970945    0.68246682864432   -5.17482145430998
  -3.43464515115559    0.68319339812542   -5.17947932328878
  -3.44216550841236    0.68468929019091   -5.18953361195628
  -3.44928787531526    0.68610601705291   -5.19912563434952
  -3.45298091186855    0.68684060769654   -5.20468702011441
  -3.46348177912339    0.68892936006174   -5.21803088425054
  -3.46453129650439    0.68913812204860   -5.21979278165513
  -3.47483225514207    0.69118711011751   -5.23444047313056
  -3.47838279325885    0.69189335605979   -5.23927872031360
  -3.48555584220271    0.69332016420654   -5.24962130972505
  -3.49287762913743    0.69477655817917   -5.25884509799630
  -3.49738849656648    0.69567382549842   -5.26448128925293
  -3.50754551189270    0.69769418146247   -5.27842626882624
  -3.50837742784357    0.69785965983372   -5.27941867990222
  -3.51876546443231    0.69992596878401   -5.29413938437161
  -3.52201815269847    0.70057296870738   -5.29812644892040
  -3.52996749768668    0.70215419173811   -5.30937412957092
  -3.53635947451065    0.70342563498040   -5.31786957443783
  -3.54095454525178    0.70433965137979   -5.32432847389484
  -3.55134190216454    0.70640582513413   -5.33804427502786
  -3.55219955610153    0.70657642310913   -5.33902186138361
  -3.56252846433620    0.70863097069853   -5.35370323487572
  -3.56618252437076    0.70935780843055   -5.35836306926783
  -3.57371409392462    0.71085593076060   -5.36843223261756
  -3.58084081459115    0.71227352364003   -5.37802109472413
  -3.58513823056697    0.71312833282540   -5.38380348012346
  -3.59525431854611    0.71514054783395   -5.39770274630695
  -3.59608643651224    0.71530606638853   -5.39869544424975
  -3.60648087674792    0.71737364910339   -5.41342181973646
  -3.61003952409810    0.71808150807249   -5.41800767688182
  -3.61757206674865    0.71957982396350   -5.42807827874217
  -3.62470305254433    0.72099826522987   -5.43766969662222
  -3.62900102629350    0.72185318536325   -5.44345290853525
  -3.63911723711366    0.72386542480640   -5.45735366139422
  -3.63994945804070    0.72403096384118   -5.45834650529797
  -3.65094408748439    0.72621793161229   -5.47329212777338
  -3.65367882161392    0.72676190405214   -5.47691127695291
  -3.66144705773572    0.72830710228950   -5.48772364338924
  -3.66857103952578    0.72972415037253   -5.49732685221274
  -3.67226656143838    0.73045923538487   -5.50289207586772
  -3.68298592880643    0.73259145012486   -5.51701315728562
  -3.68381825399911    0.73275700989936   -5.51800614883454
  -3.69421916580260    0.73482587988910   -5.53273832071961
  -3.69754729382183    0.73548788571235   -5.53657289980841
  -3.70533276483050    0.73703651218185   -5.54737362598701
  -3.71244484764414    0.73845119341131   -5.55699265912153
  -3.71674395811626    0.73930633965295   -5.56277755264791
  -3.72686046597381    0.74131863818051   -5.57668133136037
  -3.72769289673880    0.74148421895465   -5.57767447223801
  -3.73809706904691    0.74355373749908   -5.59240959019886
  -3.74164516438978    0.74425949754342   -5.59699293478301
  -3.74975531588906    0.74587270697795   -5.60722006572381
  -3.75611054226428    0.74713684010148   -5.61588536667397
  -3.76062423855011    0.74803467011533   -5.62245296354864
  -3.77074092106599    0.75004700338459   -5.63635828095287
  -3.77157345871186    0.75021260541866   -5.63735157284202
  -3.78198090760326    0.75228277571603   -5.65208966925178
  -3.78552550057080    0.75298783909460   -5.65667215555031
  -3.79365456495555    0.75460481053595   -5.66692355902542
  -3.79999615939121    0.75586623209811   -5.67556866870119
  -3.80451049172422    0.75676418862961   -5.68213723040125
  -3.81462736663389    0.75877656016838   -5.69604410334883
  -3.81546001247115    0.75894218372306   -5.69703754793145
  -3.82646794139861    0.76113179692596   -5.71199522931761
  -3.82918822070828    0.76167289412338   -5.71561036031648
  -3.83702806068508    0.76323233525305   -5.72637416220632
  -3.84388781399385    0.76459682502334   -5.73526091359646
  -3.84840279005783    0.76549490960088   -5.74183045068333
  -3.85851987532922    0.76750732298320   -5.75573889578141
  -3.85935263067029    0.76767296831954   -5.75673249473858
  -3.86976667975356    0.76974445147670   -5.77147664652242
  -3.87330429441323    0.77044812678353   -5.77605738039509
  -3.88093943807840    0.77196685128525   -5.78605821161182
  -3.88778557858094    0.77332863330003   -5.79496219878735
  -3.89230120607040    0.77422684745416   -5.80153272181637
  -3.90241851990445    0.77623930630042   -5.81544275542738
  -3.90325138606367    0.77640497367986   -5.81643651043918
  -3.91368072593335    0.77847949836354   -5.83117559359677
  -3.91720289821575    0.77918010199055   -5.83576357799026
  -3.92485739970771    0.78070267700343   -5.84575103268464
  -3.93190373610153    0.78210428045688   -5.85545487705591
  -3.93620581238170    0.78296001663441   -5.86124414116176
  -3.94632337321283    0.78497252461144   -5.87515577940311
  -3.94715635150646    0.78513821429580   -5.87614969214861
  -3.95760768423016    0.78721711363015   -5.89087918847296
  -3.96111667456300    0.78791509520436   -5.89547166875216
  -3.96878201316694    0.78943982585284   -5.90545272670080
  -3.97582857543219    0.79084147423491   -5.91516440344693
  -3.98011668171184    0.79169443160657   -5.92096480601672
  -3.99023450820834    0.79370699242773   -5.93487806476069
  -3.99106759995458    0.79387270467922   -5.93587213691786
  -4.00208908730513    0.79606501482016   -5.95084241634718
  -4.00479503893388    0.79660326206465   -5.95445330266320
  -4.01271334647647    0.79817831136358   -5.96516339460583
  -4.01951625884107    0.79953149476710   -5.97412126948988
  -4.02403388688133    0.80043010685553   -5.98069481361020
  -4.03415199794578    0.80244272428077   -5.99460970848391
  -4.03498520446472    0.80260845936197   -5.99560394172952
  -4.04548214186267    0.80469643003003   -6.01031329404061
  -4.04871251420734    0.80533899104063   -6.01418724133053
  -4.05665146806321    0.80691814714662   -6.02488313702713
  -4.06370566204550    0.80832131357159   -6.03460569349886
  -4.06795750081109    0.80916705688617   -6.04043426109876
  -4.07807591558065    0.81117973472211   -6.05435080748422
  -4.07890923819433    0.81134549289599   -6.05534520349379
  -4.08823162303930    0.81319983053513   -6.07046074246723
  -4.09240470069795    0.81402990729147   -6.08489860521474
  -4.09290767345673    0.81412995479365   -6.08606797184345
  -4.09287053067285    0.81412256663457   -6.10104017273458
  -4.09213701583807    0.81397666146228   -6.10572013602344
  -4.09111574925073    0.81377351890767   -6.11592514779759
  -4.08927393827474    0.81340715992617   -6.13097367393363
  -4.08797389016064    0.81314856427808   -6.14579586849136
  -4.08615337157351    0.81278644061606   -6.16074618491132
  -4.08486189568820    0.81252955009030   -6.17557650238120
  -4.08394574062501    0.81234731551779   -6.19052278319367
  -4.08215420243920    0.81199095641600   -6.20543712470199
  -4.08027981601656    0.81161811777529   -6.22039966447121
  -4.07756683983082    0.81107847325954   -6.23158327760786
  -4.07639351206788    0.81084508385650   -6.23532778726958
  -4.06758709662315    0.80909337891226   -6.24974449804466
  -4.06219908501109    0.80802163676704   -6.25632195719305
  -4.05418723029347    0.80642797977805   -6.26483470849763
  -4.04773011446515    0.80514357958220   -6.27220321256011
  -4.04118329422555    0.80384133606953   -6.27951238917628
  -4.03310117109660    0.80223370182450   -6.28891802079607
  -4.02777629489831    0.80117451809389   -6.29461211569650
  -4.01860436376806    0.79935010755933   -6.30478790280157
  -4.01412418265012    0.79845894412687   -6.30951775138631
  -4.00423698487342    0.79649225821036   -6.32080173218138
  -4.00068371153684    0.79578546819903   -6.32461018104217
  -3.98949579609591    0.79356005345263   -6.33739453055221
  -3.98769793401225    0.79320243644935   -6.33926981915874
  -3.97516711124954    0.79070990082840   -6.35251504253243
  -3.97335370255742    0.79034919141243   -6.35439223135121
  -3.96105914464133    0.78790365179145   -6.36882266625997
  -3.96014829571004    0.78772247267420   -6.36975328092691
  -3.94738544411711    0.78518378364934   -6.38376087484420
  -3.94565411780758    0.78483940143440   -6.38569848222242
  -3.93372672371049    0.78246689523788   -6.39864625849712
  -3.93110768760897    0.78194593656667   -6.40153687595748
  -3.92007630334971    0.77975165780819   -6.41350115236123
  -3.91643292997401    0.77902694578478   -6.41722392781460
  -3.90640809091718    0.77703288131539   -6.42842358186320
  -3.90199646998679    0.77615535535214   -6.43320568191376
  -3.89274838190016    0.77431579625709   -6.44331439066478
  -3.88720928438176    0.77321400125656   -6.44976240952369
  -3.87932308593824    0.77164533885454   -6.45841649389089
  -3.87271952370238    0.77033180865706   -6.46563188944129
  -3.86567651588831    0.76893086729929   -6.47332961679020
  -3.85831556650776    0.76746668343184   -6.48163765327163
  -3.85200141733334    0.76621072107157   -6.48820665763107
  -3.84357618431458    0.76453483802609   -6.49728413957730
  -3.83740135332655    0.76330658777609   -6.50305894242127
  -3.82911463597522    0.76165825720993   -6.51039889122147
  -3.82067170855442    0.75997885452904   -6.51746206193991
  -3.81424292740067    0.75870009045039   -6.52199637978334
  -3.79955994373931    0.75577946341011   -6.53098761545726
  -3.79755498596255    0.75538065251223   -6.53216251884074
  -3.78500590537393    0.75288448518392   -6.53935876556772
  -3.77237924907645    0.75037288708769   -6.54719483488147
  -3.77063008671932    0.75002495706231   -6.54828688403632
  -3.75619119602276    0.74715288313152   -6.55678404024607
  -3.74861136347592    0.74564516069528   -6.56185417720313
  -3.74122351213330    0.74417562569487   -6.56630532465876
  -3.72676778211469    0.74130020221467   -6.57498815571788
  -3.72405591422668    0.74076077815305   -6.57673421881824
  -3.71203453084653    0.73836957632572   -6.58395999979423
  -3.69867219747021    0.73571164296012   -6.59204444481264
  -3.69770623073734    0.73551950023048   -6.59290077923907
  -3.68294168486432    0.73258264945759   -6.60164364626379
  -3.67482159923986    0.73096746400270   -6.60668804061678
  -3.66848895482427    0.72970782271022   -6.61034495676455
  -3.65384224861371    0.72679441170357   -6.61960532406502
  -3.65112727162647    0.72625436920365   -6.62135105607293
  -3.63930407020869    0.72390258821964   -6.62799695280302
  -3.62578485517325    0.72121344915182   -6.63659533298882
  -3.62478219198736    0.72101400704383   -6.63733953608599
  -3.61014157433596    0.71810180712689   -6.64566408670848
  -3.60180638026699    0.71644383394206   -6.65108569570410
  -3.59550261418252    0.71518993690679   -6.65492956790808
  -3.58097144739649    0.71229950812060   -6.66332697269141
  -3.57639415284197    0.71138902762456   -6.66617337784268
  -3.56621651779861    0.70936457014376   -6.67227761126439
  -3.55257052336879    0.70665021308648   -6.68083445751074
  -3.55145626674715    0.70642857366400   -6.68181211251649
  -3.53721749834487    0.70359630653253   -6.69028962340349
  -3.52810050301533    0.70178282340814   -6.69591982827115
  -3.52258043278108    0.70068481316974   -6.69955644590731
  -3.50791691468437    0.69776805807102   -6.70762019651421
  -3.50327932621338    0.69684558436932   -6.71059140223643
  -3.49344529846426    0.69488947462886   -6.71630931827806
  -3.47874575381549    0.69196555340337   -6.72435253154834
  -3.47692239050775    0.69160286389124   -6.72528164754214
  -3.46415998118466    0.68906426283931   -6.73051417925379
  -3.44962787706847    0.68617364760655   -6.73516888930507
  -3.43687448553382    0.68363684030428   -6.74015488351008
  -3.43497758185513    0.68325952270286   -6.74105141066486
  -3.42057693434334    0.68039505581449   -6.74579386465419
  -3.40593695835963    0.67748298353319   -6.75004109773826
  -3.39306986257887    0.67492355905014   -6.75484303721531
  -3.39121494668872    0.67455459333913   -6.75569169391465
  -3.37680564172487    0.67168840437648   -6.76062726123369
  -3.36216538463113    0.66877627617892   -6.76487464707086
  -3.35014922645275    0.66638611370885   -6.76951851263659
  -3.34744522645832    0.66584825466856   -6.77052626485190
  -3.33290645689426    0.66295631359579   -6.77596974997812
  -3.31839485398568    0.66006977630677   -6.77970953235301
  -3.30553138636221    0.65751107350907   -6.78451340546118
  -3.30367653651580    0.65714212093499   -6.78536218834962
  -3.28921544933829    0.65426563184963   -6.78991132845574
  -3.27454612463057    0.65134772174415   -6.79450695871969
  -3.26169942380963    0.64879235407084   -6.79887965752591
  -3.25982733040397    0.64841997153957   -6.79964941629864
  -3.24534123487988    0.64553850798478   -6.80469935718433
  -3.23077822561208    0.64264174533515   -6.80934485151448
  -3.21884595378102    0.64026826889702   -6.81403012365001
  -3.21614214724816    0.63973044833863   -6.81503812686883
  -3.20173071153259    0.63686383554311   -6.81997432237444
  -3.18708926874929    0.63395147149722   -6.82422229015025
  -3.17329363725771    0.63120734977774   -6.82868865478361
  -3.17229308130466    0.63100832682442   -6.82932751272481
  -3.15777759384871    0.62812101685089   -6.83397953062133
  -3.14332051824997    0.62524532571816   -6.83719574784665
  -3.12890787294472    0.62237847232029   -6.83874101296096
  -3.11412922556094    0.61943881658251   -6.84139770590498
      
      
