-0.270262 -2.012120 -4.577954
-0.271632 -2.022322 -4.591845
-0.271754 -2.023234 -4.592890
-0.273146 -2.033592 -4.607480
-0.273646 -2.037317 -4.612114
-0.274630 -2.044642 -4.622350
-0.275599 -2.051858 -4.631772
-0.276114 -2.055689 -4.637240
-0.277568 -2.066517 -4.651356
-0.277690 -2.067424 -4.652402
-0.279082 -2.077788 -4.666993
-0.279582 -2.081512 -4.671627
-0.280566 -2.088840 -4.681864
-0.281536 -2.096056 -4.691287
-0.282050 -2.099887 -4.696756
-0.283450 -2.110311 -4.711412
-0.283563 -2.111152 -4.712413
-0.284978 -2.121686 -4.726727
-0.285487 -2.125475 -4.731354
-0.286503 -2.133036 -4.741403
-0.287502 -2.140479 -4.751572
-0.287987 -2.144089 -4.756278
-0.289387 -2.154514 -4.770937
-0.289501 -2.155358 -4.771911
-0.290956 -2.166193 -4.786038
-0.291434 -2.169748 -4.790779
-0.292440 -2.177240 -4.800931
-0.293440 -2.184685 -4.811101
-0.293925 -2.188295 -4.815808
-0.295379 -2.199126 -4.829929
-0.295493 -2.199973 -4.830915
-0.296811 -2.209780 -4.845349
-0.297430 -2.214394 -4.851858
-0.298293 -2.220815 -4.860241
-0.299408 -2.229116 -4.871400
-0.299779 -2.231879 -4.875121
-0.301263 -2.242932 -4.890006
-0.301377 -2.243780 -4.890992
-0.302710 -2.253704 -4.905095
-0.303331 -2.258322 -4.910689
-0.304231 -2.265028 -4.919782
-0.305317 -2.273108 -4.930180
-0.305718 -2.276093 -4.934665
-0.307202 -2.287148 -4.949552
-0.307316 -2.287995 -4.950538
-0.308648 -2.297914 -4.964653
-0.309246 -2.302366 -4.970356
-0.310165 -2.309207 -4.979349
-0.311286 -2.317548 -4.990493
-0.311657 -2.320312 -4.994215
-0.313142 -2.331367 -5.009104
-0.313256 -2.332215 -5.010091
-0.314588 -2.342135 -5.024208
-0.315209 -2.346756 -5.029793
-0.316110 -2.353466 -5.038888
-0.317196 -2.361549 -5.049288
-0.317597 -2.364535 -5.053774
-0.319044 -2.375310 -5.068872
-0.319192 -2.376415 -5.070575
-0.320528 -2.386361 -5.083769
-0.321156 -2.391035 -5.090237
-0.322013 -2.397411 -5.098670
-0.323135 -2.405766 -5.109792
-0.323524 -2.408660 -5.113389
-0.324985 -2.419540 -5.128439
-0.325101 -2.420408 -5.129445
-0.326387 -2.429975 -5.143118
-0.327097 -2.435265 -5.149807
-0.327953 -2.441641 -5.158241
-0.329106 -2.450221 -5.170122
-0.329371 -2.452198 -5.172730
-0.330926 -2.463774 -5.188014
-0.331042 -2.464636 -5.189021
-0.332328 -2.474210 -5.202695
-0.333068 -2.479721 -5.210148
-0.333811 -2.485250 -5.217596
-0.335017 -2.494233 -5.228944
-0.335405 -2.497120 -5.232545
-0.336868 -2.508013 -5.247596
-0.337007 -2.509047 -5.249381
-0.338266 -2.518419 -5.262288
-0.338980 -2.523738 -5.268970
-0.339753 -2.529490 -5.277182
-0.340990 -2.538697 -5.289290
-0.341326 -2.541201 -5.292283
-0.342724 -2.551612 -5.306978
-0.342950 -2.553291 -5.308972
-0.344209 -2.562662 -5.321880
-0.344953 -2.568204 -5.329326
-0.345696 -2.573734 -5.336776
-0.346932 -2.582942 -5.348885
-0.347269 -2.585449 -5.351879
-0.348667 -2.595858 -5.366576
-0.348893 -2.597540 -5.368570
-0.350116 -2.606645 -5.381685
-0.350894 -2.612437 -5.389862
-0.351631 -2.617925 -5.396398
-0.352876 -2.627191 -5.408489
-0.353132 -2.629099 -5.411267
-0.354611 -2.640110 -5.426181
-0.354837 -2.641793 -5.428176
-0.355978 -2.650289 -5.441074
-0.356808 -2.656466 -5.448715
-0.357575 -2.662177 -5.456008
-0.358820 -2.671446 -5.468100
-0.359077 -2.673356 -5.470879
-0.360555 -2.684366 -5.485795
-0.360782 -2.686052 -5.487790
-0.362005 -2.695158 -5.500908
-0.362753 -2.700724 -5.508332
-0.363520 -2.706434 -5.515626
-0.364765 -2.715705 -5.527719
-0.365022 -2.717618 -5.530499
-0.366382 -2.727749 -5.545406
-0.366719 -2.730252 -5.548378
-0.367947 -2.739399 -5.560546
-0.368728 -2.745210 -5.568713
-0.369436 -2.750479 -5.575444
-0.370679 -2.759736 -5.587527
-0.370941 -2.761689 -5.590197
-0.372328 -2.772016 -5.605036
-0.372694 -2.774740 -5.608773
-0.373809 -2.783041 -5.619954
-0.374644 -2.789254 -5.627590
-0.375299 -2.794133 -5.634858
-0.376685 -2.804454 -5.648671
-0.376801 -2.805315 -5.649651
-0.378275 -2.816289 -5.664674
-0.378611 -2.818790 -5.667647
-0.379756 -2.827313 -5.679595
-0.380620 -2.833751 -5.687988
-0.381246 -2.838407 -5.694500
-0.382607 -2.848541 -5.708483
-0.382720 -2.849383 -5.709474
-0.384180 -2.860254 -5.724537
-0.384553 -2.863030 -5.728249
-0.385697 -2.871545 -5.739257
-0.386568 -2.878029 -5.747637
-0.387193 -2.882687 -5.754151
-0.388555 -2.892822 -5.768135
-0.388668 -2.893664 -5.769127
-0.390164 -2.904803 -5.783985
-0.390536 -2.907570 -5.787714
-0.391617 -2.915619 -5.799103
-0.392483 -2.922072 -5.807481
-0.393130 -2.926888 -5.813833
-0.394473 -2.936887 -5.827028
-0.394700 -2.938572 -5.829011
-0.396077 -2.948825 -5.843856
-0.396463 -2.951700 -5.847440
-0.397599 -2.960162 -5.858566
-0.398464 -2.966600 -5.866963
-0.399090 -2.971263 -5.873478
-0.400452 -2.981399 -5.887467
-0.400565 -2.982241 -5.888458
-0.402026 -2.993119 -5.903528
-0.402429 -2.996115 -5.907992
-0.403455 -3.003760 -5.918026
-0.404422 -3.010957 -5.927557
-0.405028 -3.015469 -5.933178
-0.406402 -3.025695 -5.947145
-0.406515 -3.026538 -5.948137
-0.407895 -3.036810 -5.962991
-0.408378 -3.040412 -5.967674
-0.409378 -3.047852 -5.977918
-0.410362 -3.055178 -5.987259
-0.410872 -3.058979 -5.992833
-0.412287 -3.069509 -6.007192
-0.412397 -3.070334 -6.008193
-0.413833 -3.081023 -6.022701
-0.414315 -3.084612 -6.027486
-0.415321 -3.092099 -6.037624
-0.416291 -3.099322 -6.047100
-0.416809 -3.103176 -6.052549
-0.418252 -3.113920 -6.066998
-0.418364 -3.114755 -6.068002
-0.419797 -3.125424 -6.082380
