0.000000 0.000000 0.000000
0.700732 3.134896 -6.069039
0.698758 3.126065 -6.056620
0.698342 3.124205 -6.053870
0.695783 3.112753 -6.039404
0.695392 3.111003 -6.037273
0.692993 3.100271 -6.024236
0.692174 3.096607 -6.019569
0.690403 3.088685 -6.009078
0.688970 3.082276 -6.000718
0.687764 3.076881 -5.994135
0.685758 3.067906 -5.981904
0.685330 3.065990 -5.979188
0.682626 3.053893 -5.964493
0.682424 3.052988 -5.963437
0.680038 3.042314 -5.949335
0.679180 3.038478 -5.944884
0.677336 3.030225 -5.934626
0.675909 3.023843 -5.926227
0.674697 3.018420 -5.919692
0.672656 3.009290 -5.907561
0.672107 3.006832 -5.904542
0.669611 2.995668 -5.889829
0.669423 2.994826 -5.888886
0.666968 2.983842 -5.874898
0.666155 2.980205 -5.870232
0.664327 2.972030 -5.859967
0.662951 2.965871 -5.852326
0.661544 2.959579 -5.844804
0.659698 2.951320 -5.833666
0.658905 2.947772 -5.829863
0.656599 2.937454 -5.815178
0.656415 2.936631 -5.814235
0.653820 2.925024 -5.800022
0.653198 2.922241 -5.796335
0.651179 2.913208 -5.785092
0.649903 2.907500 -5.777854
0.648481 2.901137 -5.770389
0.646685 2.893102 -5.759046
0.645899 2.889584 -5.755223
0.643505 2.878877 -5.741081
0.643308 2.877993 -5.740064
0.640816 2.866845 -5.725387
0.640194 2.864062 -5.721701
0.638175 2.855030 -5.710460
0.636899 2.849321 -5.703223
0.635477 2.842959 -5.695760
0.633688 2.834957 -5.685335
0.632892 2.831394 -5.680615
0.630502 2.820706 -5.666457
0.630303 2.819815 -5.665440
0.627756 2.808417 -5.650990
0.627138 2.805655 -5.647262
0.625113 2.796593 -5.636068
0.623895 2.791147 -5.629538
0.622468 2.784762 -5.621146
0.620687 2.776793 -5.610721
0.619890 2.773230 -5.606002
0.617395 2.762068 -5.592234
0.617200 2.761192 -5.591293
0.614747 2.750221 -5.576384
0.614187 2.747714 -5.573419
0.612112 2.738431 -5.561462
0.610986 2.733394 -5.555533
0.609329 2.725979 -5.546310
0.607693 2.718661 -5.537031
0.606688 2.714168 -5.531396
0.604442 2.704117 -5.518388
0.604199 2.703031 -5.516696
0.601611 2.691452 -5.501565
0.601152 2.689400 -5.498981
0.598911 2.679374 -5.486868
0.597888 2.674798 -5.480345
0.596331 2.667830 -5.471728
0.594695 2.660511 -5.462443
0.593691 2.656019 -5.456809
0.591444 2.645969 -5.443803
0.591048 2.644198 -5.441878
0.588552 2.633031 -5.427205
0.588186 2.631391 -5.425199
0.585914 2.621229 -5.412289
0.584940 2.616873 -5.406542
0.583130 2.608775 -5.397141
0.581698 2.602366 -5.388804
0.580492 2.596970 -5.382233
0.578448 2.587828 -5.370167
0.578001 2.585827 -5.367538
0.575417 2.574269 -5.352419
0.575238 2.573468 -5.351419
0.572823 2.562662 -5.337249
0.571960 2.558802 -5.332821
0.570079 2.550386 -5.322806
0.568653 2.544007 -5.314423
0.567438 2.538571 -5.307897
0.565404 2.529474 -5.295785
0.564994 2.527638 -5.292992
0.562417 2.516109 -5.277837
0.562163 2.514973 -5.276206
0.559782 2.504321 -5.262939
0.558960 2.500644 -5.258318
0.557085 2.492256 -5.248255
0.555710 2.486103 -5.240630
0.554445 2.480445 -5.233348
0.552462 2.471571 -5.221997
0.551866 2.468906 -5.218214
0.549369 2.457735 -5.203534
0.549196 2.456961 -5.202513
0.546731 2.445935 -5.188625
0.545968 2.442519 -5.184718
0.544092 2.434126 -5.173719
0.542719 2.427986 -5.166092
0.541311 2.421685 -5.158583
0.539424 2.413244 -5.147632
0.538675 2.409894 -5.143685
0.536288 2.399217 -5.129545
0.536127 2.398496 -5.128635
0.533599 2.387186 -5.113871
0.532978 2.384406 -5.110190
0.530958 2.375369 -5.098959
0.529683 2.369664 -5.091737
0.528324 2.363586 -5.084065
0.526532 2.355569 -5.073698
0.525745 2.352049 -5.068930
0.523299 2.341103 -5.055001
0.523089 2.340165 -5.054009
0.520602 2.329042 -5.039339
0.519943 2.326091 -5.035846
0.517974 2.317284 -5.024454
0.516792 2.311995 -5.017809
0.515334 2.305471 -5.009546
0.513498 2.297257 -4.999340
0.512700 2.293689 -4.994654
0.510314 2.283014 -4.980518
0.510101 2.282060 -4.979502
0.507564 2.270709 -4.965072
0.507003 2.268200 -4.962116
0.504838 2.258516 -4.949711
0.503759 2.253688 -4.943452
0.502150 2.246490 -4.935054
0.500510 2.239155 -4.924868
0.499709 2.235568 -4.920144
0.497216 2.224417 -4.906407
0.497013 2.223510 -4.905470
0.494441 2.212000 -4.890360
0.494019 2.210112 -4.887623
0.491797 2.200173 -4.875451
0.490774 2.195598 -4.869898
0.489162 2.188385 -4.860558
0.487528 2.181075 -4.851289
0.486526 2.176592 -4.845663
0.484282 2.166554 -4.832675
0.484029 2.165420 -4.830986
0.481393 2.153627 -4.816098
0.481035 2.152025 -4.814101
0.478814 2.142090 -4.800972
0.477791 2.137515 -4.795419
0.476179 2.130304 -4.786081
0.474546 2.122995 -4.776814
0.473540 2.118496 -4.771183
0.471252 2.108262 -4.758392
0.470906 2.106713 -4.756294
0.468280 2.094966 -4.741422
0.468054 2.093953 -4.739632
0.465640 2.083155 -4.726521
0.464858 2.079654 -4.721773
0.462997 2.071331 -4.711617
0.461565 2.064924 -4.703285
0.460362 2.059540 -4.696727
0.458320 2.050407 -4.684676
0.457784 2.048009 -4.681605
0.455276 2.036787 -4.666930
0.455073 2.035879 -4.665999
0.452651 2.025046 -4.652049
0.451880 2.021597 -4.648174
0.450018 2.013264 -4.637163
0.448636 2.007080 -4.629582
0.447383 2.001476 -4.622275
0.445391 1.992564 -4.610979
0.444603 1.989040 -4.607154
0.442245 1.978492 -4.592714
0.442047 1.977607 -4.591791
0.439473 1.966091 -4.577606
