# shadow point cont 3D ind 201  size 1142
# norm -0.0078539 -0.9999692  0.0000000
# angle  1.5786503
   3.39872987730755   -0.02669411091313   -6.84272290501112
   3.41357011201894   -0.02681066824062   -6.83987487466194
   3.42833789590104   -0.02692665652893   -6.83666868075133
   3.44322407715792   -0.02704357472716   -6.83233540834411
   3.45153188253450   -0.02710882541968   -6.82940114207469
   3.45814462981289   -0.02716076288328   -6.82683596559418
   3.47301710926504   -0.02727757346558   -6.82220364483677
   3.48783933315966   -0.02739398933354   -6.81750563908236
   3.49527447580752   -0.02745238600808   -6.81472311483658
   3.50270965406567   -0.02751078296230   -6.81194063154659
   3.51763021490098   -0.02762797118267   -6.80644135444684
   3.53235228332559   -0.02774360041523   -6.80230599960414
   3.53898162394299   -0.02779566820529   -6.79984368607680
   3.54747718305781   -0.02786239354254   -6.79658912348192
   3.56224716490486   -0.02797839909398   -6.79161345452929
   3.57704980492529   -0.02809466114739   -6.78689313124096
   3.58172732348201   -0.02813139904762   -6.78507273184042
   3.59199164025119   -0.02821201646065   -6.78141787911707
   3.60699523523569   -0.02832985684310   -6.77627938776787
   3.62166903728540   -0.02844510698465   -6.77206731872482
   3.62626811594781   -0.02848122880672   -6.77016496369185
   3.63654438254812   -0.02856194007543   -6.76622495661345
   3.65158655021749   -0.02868008341328   -6.76137335482869
   3.66620404583612   -0.02879489131606   -6.75688809548397
   3.67082963038531   -0.02883122131916   -6.75508890233148
   3.68109878425113   -0.02891187672344   -6.75134199301656
   3.69600936217055   -0.02902898653655   -6.74609116841224
   3.70979418232910   -0.02913725448708   -6.74028355970367
   3.71081541960999   -0.02914527543086   -6.73953966714127
   3.72555738544415   -0.02926106094052   -6.73203317405144
   3.73663521710629   -0.02934806781595   -6.72537295317652
   3.74048822958210   -0.02937832992742   -6.72277690287554
   3.75534538987619   -0.02949502019086   -6.71441081106255
   3.76176203694943   -0.02954541745538   -6.71064941621694
   3.77021643027637   -0.02961181947064   -6.70512218692949
   3.78496935995231   -0.02972769109188   -6.69743909112439
   3.78769340063219   -0.02974908609727   -6.69563201905005
   3.79978299457374   -0.02984403949846   -6.68813946836945
   3.81263380779042   -0.02994497162479   -6.68068633503609
   3.81471282372136   -0.02996130051348   -6.67883916062440
   3.82962069821908   -0.03007838909353   -6.67071587204272
   3.83787360091213   -0.03014320857251   -6.66589649579705
   3.84448435914339   -0.03019513041385   -6.66142325472503
   3.85930391715834   -0.03031152534361   -6.65282218987470
   3.86295263505290   -0.03034018289619   -6.65094847261317
   3.87414289404829   -0.03042807279199   -6.64446151772776
   3.88807451424296   -0.03053749373102   -6.63621676914571
   3.88908123193240   -0.03054540063584   -6.63541218717987
   3.90385325553458   -0.03066142222352   -6.62680824272610
   3.91317079638129   -0.03073460352294   -6.62130450498869
   3.91886685504393   -0.03077934118295   -6.61779311583558
   3.93357254135537   -0.03089484174805   -6.60935850109090
   3.93912247382711   -0.03093843171203   -6.60634829116570
   3.94849311650367   -0.03101203008083   -6.60079148699666
   3.96330593386839   -0.03112837206855   -6.59256084454077
   3.96430584442171   -0.03113622550915   -6.59173817424890
   3.97829709175050   -0.03124611476823   -6.58247409156083
   3.98822211942864   -0.03132406735617   -6.57670475581714
   3.99291070093642   -0.03136089214641   -6.57294327263082
   4.00678992583863   -0.03146990156531   -6.56194817397346
   4.00771795512504   -0.03147719044015   -6.56101760927305
   4.02240550139679   -0.03159254853078   -6.54782830897612
   4.02333346090806   -0.03159983685760   -6.54689769174933
   4.03648702465306   -0.03170314682991   -6.53217080965955
   4.03741506618166   -0.03171043580091   -6.53124029471037
   4.05210036980406   -0.03182577627745   -6.51804924874483
   4.05302833998141   -0.03183306468804   -6.51711867923376
   4.06618481774065   -0.03193639754744   -6.50239532563469
   4.06711303999192   -0.03194368793785   -6.50146502775964
   4.08103637500071   -0.03205304380384   -6.48751067657982
   4.08196460251629   -0.03206033423561   -6.48658040193081
   4.09588801717340   -0.03216969072717   -6.47262639827884
   4.09681625006326   -0.03217698120114   -6.47169614673746
   4.11071271680689   -0.03228612603993   -6.45775789720711
   4.11162710152379   -0.03229330774838   -6.45681473736001
   4.12547912973563   -0.03240210356058   -6.44274667250824
   4.12643760892931   -0.03240963159335   -6.44179765801111
   4.14041707586598   -0.03251942832754   -6.42799105330656
   4.14132870041296   -0.03252658835721   -6.42704535565653
   4.15517627308001   -0.03263534917493   -6.41297391881406
   4.15610432133400   -0.03264263819874   -6.41204354046755
   4.16921675733627   -0.03274562514788   -6.39820820115191
   4.17102778125090   -0.03275984918891   -6.39634764914713
   4.18394303126245   -0.03286128741105   -6.38320035123522
   4.18576541691560   -0.03287560068881   -6.38136307609024
   4.19871579703343   -0.03297731482783   -6.36823919085235
   4.20057186024497   -0.03299189261395   -6.36637851082517
   4.21356431243247   -0.03309393719302   -6.35335394502920
   4.21534343447606   -0.03310791067220   -6.35077153294095
   4.22343523313371   -0.03317146481702   -6.33896104233397
   4.22706590738599   -0.03319998065226   -6.32432219442240
   4.22785659262506   -0.03320619080729   -6.30940201837247
   4.22697944548268   -0.03319930156809   -6.29451807229580
   4.22684015761680   -0.03319820758126   -6.27963263847044
   4.22596153725641   -0.03319130677119   -6.26463166076198
   4.22591898844357   -0.03319097258673   -6.24975309182986
   4.22494461564942   -0.03318331972334   -6.23478759104462
   4.22412027200128   -0.03317684521034   -6.21992043144386
   4.22393199949139   -0.03317536649110   -6.20487500200194
   4.22403759618076   -0.03317619586261   -6.19008273932188
   4.22384488676005   -0.03317468229524   -6.17517620596488
   4.22287165253632   -0.03316703837435   -6.16025500981183
   4.21914586268787   -0.03313777548761   -6.14552592209290
   4.21464352589756   -0.03310241349004   -6.13731100001907
   4.21090364059754   -0.03307303989561   -6.13087731771077
   4.20075607671054   -0.03299333947643   -6.11585106164764
   4.20001658391425   -0.03298753139417   -6.11497653852073
   4.18960615535066   -0.03290576639820   -6.10094334930868
   4.18492473124926   -0.03286899782326   -6.09439916982077
   4.17834519641697   -0.03281732121496   -6.08615128178852
   4.16985553613925   -0.03275064220802   -6.07389904050190
   4.16799291392713   -0.03273601290657   -6.07116104306384
   4.15678387292438   -0.03264797549420   -6.05621719502876
   4.15492925100177   -0.03263340902817   -6.05413962715911
   4.14570707687617   -0.03256097675263   -6.04115100580065
   4.14004267981794   -0.03251648776739   -6.03382763856013
   4.13360996621323   -0.03246596431403   -6.02621666452819
   4.12503096179060   -0.03239858358539   -6.01320767662726
   4.12327260245696   -0.03238477317951   -6.01124658302086
   4.11198501288746   -0.03229611883545   -5.99647051657802
   4.11004129638490   -0.03228085260784   -5.99352297804157
   4.10165643501355   -0.03221499670651   -5.98149348409225
   4.09516835227010   -0.03216403837601   -5.97308184826426
   4.09046897861352   -0.03212712882270   -5.96656781635928
   4.08032860538051   -0.03204748487995   -5.95240757544285
   4.07956809266787   -0.03204151170425   -5.95152138577734
   4.06898761156642   -0.03195841109130   -5.93669044742934
   4.06528320993328   -0.03192931619067   -5.93199904976996
   4.05689534035719   -0.03186343666247   -5.92177888213336
   4.05031258102048   -0.03181173472846   -5.91234937811493
   4.04582032827376   -0.03177645193241   -5.90665938349344
   4.03556293993570   -0.03169588893628   -5.89265697099414
   4.03475881943259   -0.03168957325875   -5.89175315231779
   4.02416895829290   -0.03160639897365   -5.87693793723090
   4.02046617940085   -0.03157731681825   -5.87224641302383
   4.01312722956792   -0.03151967565585   -5.86182859922054
   4.00554577542215   -0.03146012982986   -5.85173165145067
   4.00180499414958   -0.03143074919833   -5.84709372684486
   3.99140253642947   -0.03134904680651   -5.83218216802984
   3.99059021312128   -0.03134266670298   -5.83135665141325
   3.98044222461501   -0.03126296294878   -5.81700317204853
   3.97604225738561   -0.03122840497639   -5.81126674630041
   3.96844003232453   -0.03116869601267   -5.80211278150432
   3.96086796609511   -0.03110922392072   -5.79087459667468
   3.95810873723139   -0.03108755254230   -5.78715868652472
   3.94691155592201   -0.03099960827765   -5.77222210110538
   3.94586969149447   -0.03099142532532   -5.77059586268716
   3.93570707974250   -0.03091160671805   -5.75728293490256
   3.93103240612820   -0.03087489116240   -5.75074528199063
   3.92453080521265   -0.03082382665825   -5.74235529021463
   3.91631262716808   -0.03075927991162   -5.73098737214545
   3.91342526136026   -0.03073660212730   -5.72744071983018
   3.90281205443604   -0.03065324448106   -5.71266649438077
   3.90085987792722   -0.03063791180735   -5.70986157003478
   3.89182486263747   -0.03056694950409   -5.69753221818650
   3.88626388437659   -0.03052327278489   -5.69008266952969
   3.88047592056198   -0.03047781328867   -5.68284388508378
   3.87108824068969   -0.03040408110730   -5.66967557348836
   3.86943650921584   -0.03039110817190   -5.66766650213549
   3.85894798942637   -0.03030872983626   -5.65294758886224
   3.85619251160967   -0.03028708791910   -5.64919570103751
   3.84776001973806   -0.03022085792100   -5.63802541620902
   3.84145110524534   -0.03017130680359   -5.62940566518557
   3.83593193013624   -0.03012795841233   -5.62290248199665
   3.82654734522846   -0.03005425053926   -5.60981860284397
   3.82552784946124   -0.03004624327358   -5.60789485357133
   3.81509024977574   -0.02996426487173   -5.59323686195423
   3.81141137323284   -0.02993537044881   -5.58853244155624
   3.80324223099592   -0.02987120883644   -5.57809995046902
   3.79669329560933   -0.02981977256057   -5.56876138909301
   3.79208055350992   -0.02978354342390   -5.56318216625814
   3.78233320187900   -0.02970698632906   -5.54852118786882
   3.78151281601547   -0.02970054290107   -5.54769335180377
   3.77057462833807   -0.02961463280948   -5.53330540070124
   3.76705192516678   -0.02958696499457   -5.52849307285843
   3.75942366417298   -0.02952705154090   -5.51839597694904
   3.75193732148354   -0.02946825273391   -5.50812349577682
   3.74823277774470   -0.02943915671716   -5.50346901480399
   3.73793408298155   -0.02935826929444   -5.48852692455906
   3.73712414659740   -0.02935190793816   -5.48745292560316
   3.72677726940564   -0.02927064208375   -5.47361670370262
   3.72209077059165   -0.02923383365130   -5.46707658044860
   3.71558500560431   -0.02918273644192   -5.45869029111755
   3.70718417519250   -0.02911675511747   -5.44749273847354
   3.70438692687823   -0.02909478512884   -5.44376158851568
   3.69410832800944   -0.02901405554216   -5.42882896598491
   3.69204775530358   -0.02899787150920   -5.42622326153623
   3.68266299283692   -0.02892416224155   -5.41414555103275
   3.67730734563224   -0.02888209822186   -5.40643146622580
   3.67152429068930   -0.02883667728061   -5.39923605336753
   3.66218810763269   -0.02876334956261   -5.38606482163238
   3.66053925134733   -0.02875039920934   -5.38405585912221
   3.64937633534849   -0.02866272406935   -5.36914719769834
   3.64748740479333   -0.02864788813841   -5.36633644005579
   3.63819463147055   -0.02857490136667   -5.35422806592270
   3.63259595494380   -0.02853092855990   -5.34676486619181
   3.62700267115920   -0.02848699810849   -5.33930434700077
   3.61789156201783   -0.02841543815323   -5.32701898341799
   3.61587814824467   -0.02839962451328   -5.32440486192345
   3.60526274225632   -0.02831624959527   -5.30968798011667
   3.60274403923338   -0.02829646734123   -5.30665383347268
   3.59374117202210   -0.02822575753358   -5.29432257619085
   3.58785706747258   -0.02817954293427   -5.28615660330932
   3.58318043378958   -0.02814281198396   -5.27962160469260
   3.57269123114670   -0.02806042828509   -5.26568648842907
   3.57194563296954   -0.02805457225029   -5.26466085547920
   3.56055402177499   -0.02796510090550   -5.25002398424289
   3.55779299018968   -0.02794341536824   -5.24620268625436
   3.54962250807994   -0.02787924323232   -5.23486428175275
   3.54309924792771   -0.02782800861342   -5.22554306770224
   3.53846931761102   -0.02779164447803   -5.21996412297010
   3.52871566322927   -0.02771503788049   -5.20561379069709
   3.52778241148670   -0.02770770798773   -5.20459489395944
   3.51702437146267   -0.02762321280159   -5.19012968173745
   3.51329721320198   -0.02759393916715   -5.18546807514422
   3.50582697894695   -0.02753526687810   -5.17520569276142
   3.49837142772923   -0.02747670991173   -5.16495194847405
   3.49465831588032   -0.02744754659982   -5.16029888298811
   3.48438474577044   -0.02736685650973   -5.14537246561800
   3.48350837358891   -0.02735997335718   -5.14446771183335
   3.47293981467288   -0.02727696638279   -5.13069798234475
   3.46854205683973   -0.02724242576332   -5.12486214167406
   3.46111178746483   -0.02718406736416   -5.11555643536724
   3.45363322643899   -0.02712532967547   -5.10435734159193
   3.45085160224624   -0.02710348240092   -5.10063964511528
   3.44030289353119   -0.02702063133285   -5.08595128811242
   3.43851069252538   -0.02700655512964   -5.08399622132721
   3.42878748002185   -0.02693018762696   -5.07059225508634
   3.42405414069240   -0.02689301130239   -5.06412441981685
   3.41732767123906   -0.02684018064855   -5.05591471444684
   3.40912015744773   -0.02677571766050   -5.04364034426558
   3.40669823860152   -0.02675669556323   -5.04054428205723
   3.39588807057997   -0.02667179095634   -5.02608915181717
   3.39379206737957   -0.02665532864721   -5.02344057176723
   3.38469650846844   -0.02658389082568   -5.01116904101190
   3.37909993999966   -0.02653993457590   -5.00277782392744
   3.37381326483066   -0.02649841227244   -4.99604140797258
   3.36420930266864   -0.02642298137902   -4.98322190774070
   3.36264067046089   -0.02641066111714   -4.98113140270672
   3.35209450951147   -0.02632783005958   -4.96644686658795
   3.34930000758989   -0.02630588164152   -4.96271976505606
   3.34027940281917   -0.02623503252054   -4.95131500503391
   3.33439944786881   -0.02618885051277   -4.94315523407248
   3.32910016635969   -0.02614722919731   -4.93640740807519
   3.31947649941813   -0.02607164353973   -4.92355582941003
   3.31794293883070   -0.02605959873538   -4.92149922958644
   3.30767190649109   -0.02597892857730   -4.90659508764721
   3.30482101264651   -0.02595653724900   -4.90291370509186
   3.29620502670791   -0.02588886606224   -4.89190568901068
   3.28968264906767   -0.02583763837471   -4.88258681519376
   3.28534367523092   -0.02580355945317   -4.87678212469373
   3.27531566583776   -0.02572479803209   -4.86265992673410
   3.27433556984334   -0.02571710021787   -4.86165362537669
   3.26360595774682   -0.02563282830875   -4.84718802897141
   3.26009582036192   -0.02560525918732   -4.84238730690777
   3.25180804610279   -0.02554016582207   -4.83206745975715
   3.24520547403134   -0.02548830827600   -4.82281335744278
   3.24125740497722   -0.02545729957657   -4.81738197699608
   3.23061674867470   -0.02537372633898   -4.80304358578237
   3.22964661115344   -0.02536610674004   -4.80205429548634
   3.21890896222984   -0.02528177170852   -4.78757383029330
   3.21539922989761   -0.02525420576844   -4.78277371170682
   3.20773606883490   -0.02519401820463   -4.77267674873209
   3.20028728686306   -0.02513551440489   -4.76243773044538
   3.19656237520800   -0.02510625841561   -4.75777136405473
   3.18632104514905   -0.02502582154349   -4.74289376485836
   3.18538771176002   -0.02501849100947   -4.74194336305020
   3.17514546421853   -0.02493804693132   -4.72797240707784
   3.17071081371881   -0.02490321655156   -4.72222724856630
   3.16334058269325   -0.02484532970220   -4.71285060408175
   3.15559304529722   -0.02478447943459   -4.70189938697621
   3.15280136755496   -0.02476255319803   -4.69816955919125
   3.14255352234714   -0.02468206515501   -4.68329306144907
   3.14069680340232   -0.02466748221866   -4.68141019751642
   3.13072088575102   -0.02458912993359   -4.66815384072641
   3.12579969214924   -0.02455047817467   -4.66185940526149
   3.11928689522682   -0.02449932573547   -4.65347237089947
   3.11090864318215   -0.02443352174475   -4.64136665478189
   3.10904212708128   -0.02441886186014   -4.63857948831187
   3.09787603779653   -0.02433116179670   -4.62367582860279
   3.09622956242767   -0.02431823014350   -4.62167027636029
   3.08670058179373   -0.02424338816573   -4.60878411471352
   3.08111538754650   -0.02419952125070   -4.60133555566806
   3.07553269945038   -0.02415567401935   -4.59388474295463
   3.06644458881782   -0.02408429469767   -4.58162430109708
   3.06463572365946   -0.02407008761182   -4.57876772926384
   3.05247875037368   -0.02397460500362   -4.56387779619495
   3.05131456080962   -0.02396546129215   -4.56224831120186
   3.03828915185713   -0.02386315786592   -4.54921013627953
   3.03642504400220   -0.02384851689602   -4.54735221840461
   3.02247456467908   -0.02373894783470   -4.53430859719367
   3.02154421892263   -0.02373164076597   -4.53337734790433
   3.00758923698370   -0.02362203634046   -4.51940885017000
   3.00665133264614   -0.02361466990555   -4.51848698433640
   2.99177707979032   -0.02349784539469   -4.50543833189804
   2.99084678816399   -0.02349053875110   -4.50450714695087
   2.97712634408587   -0.02338277641952   -4.49123768329794
   2.97524504407536   -0.02336800041997   -4.48938070504785
   2.96201007861886   -0.02326405110696   -4.47657131460634
   2.96014960256718   -0.02324943866177   -4.47470907315655
   2.94736015924351   -0.02314898854336   -4.46237163773056
   2.94454643627145   -0.02312688916041   -4.45958422967907
   2.93247158436959   -0.02303205154532   -4.44839238636777
   2.92873234408035   -0.02300268301689   -4.44468649995210
   2.91736342233310   -0.02291338987827   -4.43373941108780
   2.91364278888370   -0.02288416749062   -4.43001531020322
   2.90271471144093   -0.02279833680626   -4.41954117010290
   2.89731901674924   -0.02275595824787   -4.41466124166134
   2.88782473069764   -0.02268138876632   -4.40556147271728
   2.88202135927339   -0.02263580825652   -4.40022131501978
   2.87295407425385   -0.02256459250219   -4.39160978371424
   2.86640804333145   -0.02251317903840   -4.38510241661582
   2.85784072260257   -0.02244589007516   -4.37694687358235
   2.85131732286772   -0.02239465435995   -4.37043953336481
   2.84296140723807   -0.02232902580262   -4.36298235919833
   2.83550580108140   -0.02227046840476   -4.35554576221898
   2.82808248559495   -0.02221216462243   -4.34901830610185
   2.81901607391107   -0.02214095572740   -4.34040780719272
   2.81320254865754   -0.02209529546798   -4.33412502064951
   2.80408168539945   -0.02202365890249   -4.32552986267021
   2.79832441872955   -0.02197844050603   -4.32016190636755
   2.78902491473903   -0.02190540087066   -4.31085415575912
   2.78367885707782   -0.02186341216862   -4.30596741600004
   2.77321750498312   -0.02178124721194   -4.29596106141082
   2.76880150087799   -0.02174656328364   -4.29200521580066
   2.75764270586887   -0.02165892051049   -4.28083665272633
   2.75392315847218   -0.02162970665286   -4.27711386033671
   2.74183616617784   -0.02153477368538   -4.26594459000396
   2.73904658161390   -0.02151286388895   -4.26315258716466
   2.72695854268812   -0.02141792270108   -4.25105410794126
   2.72415586128693   -0.02139591004021   -4.24824995047206
   2.71115285218298   -0.02129378254560   -4.23616305841303
   2.70928069577442   -0.02127907836120   -4.23429050283746
   2.69512178223736   -0.02116787222773   -4.22139617308449
   2.69418564447618   -0.02116051966777   -4.22057376485893
   2.68023903581514   -0.02105098100718   -4.20661534555825
   2.67928678620989   -0.02104350190249   -4.20569604813464
   2.66443593674211   -0.02092686120518   -4.19265529298418
   2.66350619965163   -0.02091955891700   -4.19172477676009
   2.64956033530420   -0.02081002610236   -4.17776725706516
   2.64790586903935   -0.02079703168751   -4.17660998993047
   2.63491987856849   -0.02069503785968   -4.16450678026584
   2.63213081517026   -0.02067313215656   -4.16171541058652
   2.62004503710311   -0.02057820872579   -4.14961966920921
   2.61722466995975   -0.02055605715857   -4.14683504701798
   2.60517186904827   -0.02046139273511   -4.13566244469496
   2.60145331302132   -0.02043218666384   -4.13194085692977
   2.59053121064890   -0.02034640290854   -4.12147384712521
   2.58582992087241   -0.02030947830574   -4.11683011081568
   2.57542537033223   -0.02022775947661   -4.10681994163382
   2.57073927229295   -0.02019095419189   -4.10217643801579
   2.56055331363280   -0.02011095221467   -4.09286404693611
   2.55421548591787   -0.02006117400867   -4.08705964640952
   2.54568162150148   -0.01999414781610   -4.07890858608621
   2.53912765600275   -0.01994267203301   -4.07240707073878
   2.53081029241140   -0.01987734626890   -4.06495355765137
   2.52332090143466   -0.01981852352022   -4.05752361197362
   2.51570596442752   -0.01975871471505   -4.05030147660043
   2.50757387156678   -0.01969484409379   -4.04262696952735
   2.50103898518116   -0.01964351816078   -4.03609889938104
   2.49247012792726   -0.01957621712946   -4.02797559772671
   2.48619724970487   -0.01952694904607   -4.02216180236037
   2.47683112921394   -0.01945338619517   -4.01287747419157
   2.47109403891595   -0.01940832626682   -4.00751107895926
   2.46110369882041   -0.01932986070581   -3.99797702916817
   2.45643226921232   -0.01929317062905   -3.99331284710797
   2.44530502649638   -0.01920577567213   -3.98309436891337
   2.44156484304413   -0.01917639973596   -3.97936154627760
   2.42861164757590   -0.01907466348478   -3.96802999330535
   2.42664125831281   -0.01905918776549   -3.96631827418273
   2.41162161799634   -0.01894122136069   -3.95448967623275
   2.41065559323869   -0.01893363406398   -3.95357334813677
   2.39719702375284   -0.01882792853293   -3.94278980968324
   2.39220540461920   -0.01878872364181   -3.93848579362073
   2.38185493484327   -0.01870742957074   -3.93031687153345
   2.37369463182923   -0.01864333738289   -3.92357555898024
   2.36719960709765   -0.01859232452902   -3.91795506465666
   2.35610831869812   -0.01850521196244   -3.90867886311870
   2.35232056128521   -0.01847546237359   -3.90493066447966
   2.33816156940072   -0.01836425562476   -3.89394756557221
   2.33723793710570   -0.01835700128452   -3.89312138130299
   2.32254077640382   -0.01824156768078   -3.88166848906190
   2.31886262577051   -0.01821267895925   -3.87893505078399
   2.30779972729844   -0.01812578937123   -3.86961454193499
   2.30058143196288   -0.01806909584652   -3.86357339215381
   2.29286711338702   -0.01800850648428   -3.85749755078427
   2.28336053446061   -0.01793384045273   -3.84940556374726
   2.27779067213203   -0.01789009395679   -3.84475374499776
   2.26486621653287   -0.01778858343265   -3.83434604252848
   2.26314395371429   -0.01777505653397   -3.83331902991437
   2.24834710761817   -0.01765883998687   -3.82125443866691
   2.24641252380015   -0.01764364548867   -3.81941157273721
   2.23364925109147   -0.01754340091802   -3.80879056121958
   2.22792810662484   -0.01749846623052   -3.80433714403616
   2.21857897164710   -0.01742503678627   -3.79705889145411
   2.20947416729548   -0.01735352634973   -3.78940961793436
   2.20392634736383   -0.01730995297793   -3.78460909071310
   2.19153212159976   -0.01721260695481   -3.77480418798405
   2.18862040984198   -0.01718973795391   -3.77221711173627
   2.17432010651705   -0.01707742132481   -3.76053025174241
   2.17324458833962   -0.01706897405111   -3.75960401376305
   2.15928987013931   -0.01695937169704   -3.74831173501424
   2.15464473064443   -0.01692288810659   -3.74478467828827
   2.14453125146247   -0.01684345539356   -3.73628153650187
   2.13694371692349   -0.01678386181130   -3.72993350480807
   2.12941384739581   -0.01672472113829   -3.72360590362648
   2.11921216393038   -0.01664459565619   -3.71509149029847
   2.11453545639746   -0.01660786412586   -3.71151444093870
   2.10058858213392   -0.01649832337919   -3.70023957691794
   2.09966008035568   -0.01649103079333   -3.69942492430781
   2.08514341011718   -0.01637701478752   -3.68796495908660
   2.08223220893840   -0.01635414979678   -3.68526134321668
   2.07018733582756   -0.01625954763940   -3.67487938308158
   2.06444845499440   -0.01621447364794   -3.67045260883519
   2.05510822468842   -0.01614111414225   -3.66317507230574
   2.04602686788149   -0.01606978786609   -3.65550354876179
   2.04051401651226   -0.01602648914238   -3.65072946283311
   2.02828999342555   -0.01593047991545   -3.64067181630706
   2.02535438678357   -0.01590742324071   -3.63806949687196
   2.01079655994244   -0.01579308398506   -3.62655381575707
   2.00980056056762   -0.01578526126341   -3.62570694365687
   1.99583663894224   -0.01567558662432   -3.61442084321386
   1.99120684415148   -0.01563922355338   -3.61089223318001
   1.98109646929444   -0.01555981522216   -3.60238935073777
   1.97350519520436   -0.01550019226893   -3.59604686942435
   1.96621955505577   -0.01544296980841   -3.59029131654943
   1.95497866166325   -0.01535468222281   -3.58115116700922
   1.95139286576383   -0.01532651886859   -3.57822310672125
   1.93754651241937   -0.01521776762760   -3.56620145590573
   1.93647232738071   -0.01520933082456   -3.56517518133371
   1.92139523276413   -0.01509091316548   -3.55397578671530
   1.91760600192244   -0.01506115200410   -3.55153027708489
   1.90648196317386   -0.01497378221159   -3.54418949333516
   1.89632892279530   -0.01489403877927   -3.53661765485329
   1.89153651465940   -0.01485639851983   -3.53303582316802
   1.87687901497747   -0.01474127641942   -3.52376584280300
   1.87399432456842   -0.01471861964806   -3.52177264285956
   1.86190257779495   -0.01462364933823   -3.51351542905621
   1.85259493722003   -0.01455054579696   -3.50692745249546
   1.84703870569579   -0.01450690635931   -3.50329118003203
   1.83304628637118   -0.01439700789521   -3.49329772366053
   1.82977228915488   -0.01437129345247   -3.49129411920024
   1.81764940471131   -0.01427607858291   -3.48429343069036
   1.80728762748244   -0.01419469570149   -3.47689419685645
   1.80247812753858   -0.01415692120055   -3.47355010856798
   1.78849739416430   -0.01404711451958   -3.46354918830160
   1.78521399282748   -0.01402132621553   -3.46154802874200
   1.77309536383906   -0.01392614476893   -3.45454709475944
   1.76297609792020   -0.01384666660604   -3.44698988996600
   1.75817085826926   -0.01380892556605   -3.44337274412622
   1.74321556989371   -0.01369146459062   -3.43313552550066
   1.74139954333685   -0.01367720125811   -3.43213452285541
   1.72822563283657   -0.01357373147948   -3.42429630350321
   1.71908380714392   -0.01350193027203   -3.41760414234397
   1.71361783660156   -0.01345899975705   -3.41362976747280
   1.69940591566965   -0.01334737729591   -3.40405843759783
   1.69695553669998   -0.01332813166876   -3.40233331411739
   1.68396154684012   -0.01322607501259   -3.39412237026461
   1.67463564492857   -0.01315282804417   -3.38760633167481
   1.66906688769502   -0.01310909022780   -3.38388882187753
   1.65486326386725   -0.01299753293331   -3.37431617954104
   1.65240462928517   -0.01297822246540   -3.37259315163787
   1.63941301158970   -0.01287618444054   -3.36438241143619
   1.63008648317263   -0.01280293255146   -3.35786714487637
   1.62451797917977   -0.01275919672409   -3.35414988495495
   1.61032262671346   -0.01264770439405   -3.34457597112917
   1.60785574562587   -0.01262832915690   -3.34285498999456
   1.59486649657215   -0.01252630973570   -3.33464445122389
   1.58553933349190   -0.01245305286188   -3.32812994712929
   1.57985862484847   -0.01240843576312   -3.32440370743568
   1.56502038341848   -0.01229189409115   -3.31560050797324
   1.56211247527706   -0.01226905496440   -3.31360087653979
   1.55014146971946   -0.01217503297335   -3.30581921213463
   1.53766128723122   -0.01207701183381   -3.29900474745923
   1.53479710119958   -0.01205451610677   -3.29807760813297
   1.51984297962772   -0.01193706429558   -3.29451047707288
   1.50497733507444   -0.01182030739555   -3.29363510774116
   1.49013527488824   -0.01170373573052   -3.29316360537162
   1.47530715959938   -0.01158727359071   -3.29321730038079
   1.46045373486165   -0.01147061266686   -3.29361283366276
   1.44557968380203   -0.01135378974093   -3.29354149951786
   1.43077311975729   -0.01123749686768   -3.29313446095835
   1.41593281531219   -0.01112093899249   -3.29312735992343
   1.40109260281534   -0.01100438183947   -3.29312033291567
   1.38625248137334   -0.01088782540162   -3.29311337993495
   1.37141245009279   -0.01077126967190   -3.29310650098118
   1.35657250808029   -0.01065471464331   -3.29309969605424
   1.34173265444244   -0.01053816030882   -3.29309296515404
   1.32689288828584   -0.01042160666143   -3.29308630828046
   1.31205320871707   -0.01030505369411   -3.29307972543340
   1.29721242566093   -0.01018849205984   -3.29260920360384
   1.28237292324632   -0.01007194048391   -3.29260277001029
   1.26753468060380   -0.00995539880241   -3.29306042105031
   1.25269533845237   -0.00983884848522   -3.29305413430829
   1.23785271473385   -0.00972227239412   -3.29298522724929
   1.22302704523931   -0.00960582946393   -3.29217569880808
   1.20814457510776   -0.00948894041340   -3.29250709592856
   1.19332099780277   -0.00937251391556   -3.29262948031858
   1.17849684586719   -0.00925608290450   -3.29296100386109
   1.16366007529328   -0.00913955278484   -3.29209002627932
   1.14882129351691   -0.00902300686891   -3.29208425916273
   1.13399312813439   -0.00890654433565   -3.29214066116787
   1.11911221027675   -0.00878966747691   -3.29247210988642
   1.10431576569284   -0.00867345408334   -3.29212957064621
   1.08943535649521   -0.00855658121969   -3.29246104326337
   1.07462850477571   -0.00844028608699   -3.29205653367899
   1.05979016480177   -0.00832374364104   -3.29205121060135
   1.04495189533464   -0.00820720174886   -3.29204596152984
   1.03011369548093   -0.00809066040343   -3.29204078646436
   1.01527556434721   -0.00797411959774   -3.29203568540479
   1.00043750104008   -0.00785757932477   -3.29203065835104
   0.98559950466614   -0.00774103957750   -3.29202570530301
   0.97076157433197   -0.00762450034892   -3.29202082626058
   0.95592370914416   -0.00750796163201   -3.29201602122366
   0.94108590820931   -0.00739142341975   -3.29201129019214
   0.92624817063400   -0.00727488570512   -3.29200663316591
   0.91140913003766   -0.00715833775638   -3.29193878094731
   0.89657306525351   -0.00704181318009   -3.29153360640782
   0.88173450729817   -0.00692526902208   -3.29106518917648
   0.86689701852263   -0.00680873326157   -3.29106082926427
   0.85206057809273   -0.00669220573490   -3.29152052383067
   0.83722221675665   -0.00657566312117   -3.29105233139857
   0.82238490197939   -0.00645912872726   -3.29104819344486
   0.80754764341473   -0.00634259477485   -3.29104412947711
   0.79271044016926   -0.00622606125693   -3.29104013949521
   0.77787329134957   -0.00610952816647   -3.29103622349906
   0.76303619606224   -0.00599299549647   -3.29103238148856
   0.74819915341388   -0.00587646323990   -3.29102861346361
   0.73336216251106   -0.00575993138974   -3.29102491942410
   0.71852522246037   -0.00564339993899   -3.29102129936992
   0.70368833236840   -0.00552686888062   -3.29101775330099
   0.68885149134173   -0.00541033820761   -3.29101428121719
   0.67401475447633   -0.00529380835270   -3.29094731057278
   0.65917809862245   -0.00517727913407   -3.29054362610174
   0.64434073293481   -0.00506074434030   -3.29001277413712
   0.62946974691705   -0.00494394548765   -3.28974090257241
   0.61466710786394   -0.00482768344184   -3.29053406427504
   0.59983142552188   -0.00471116186931   -3.29099500239646
   0.58499490293671   -0.00459463369739   -3.29099204820573
   0.57015842226953   -0.00447810585470   -3.29098916799932
   0.55529298460145   -0.00436135057958   -3.29045688498603
   0.54048571011727   -0.00424505212643   -3.29051969642549
   0.52564934750766   -0.00412852521098   -3.29051703810307
   0.51081302324301   -0.00401199859670   -3.29051445375522
   0.49597590649235   -0.00389546575812   -3.29004798308648
   0.48113966287615   -0.00377893977726   -3.29004554739631
   0.46630345492444   -0.00366241407652   -3.29004318567122
   0.45146728174380   -0.00354588864887   -3.29004089791111
   0.43663114244082   -0.00342936348730   -3.29003868411589
   0.42179503612207   -0.00331283858480   -3.29003654428545
   0.40695896189415   -0.00319631393434   -3.29003447841968
   0.39212291886362   -0.00307978952891   -3.29003248651850
   0.37728690613707   -0.00296326536149   -3.29003056858179
   0.36245092282108   -0.00284674142507   -3.29002872460946
   0.34761496802224   -0.00273021771262   -3.29002695460140
   0.33277904084711   -0.00261369421714   -3.29002525855751
   0.31794314040228   -0.00249717093160   -3.29002363647770
   0.30310726579434   -0.00238064784898   -3.29002208836185
   0.28827067918374   -0.00226411917420   -3.28955666343602
   0.27343559051539   -0.00214760226447   -3.29001921402166
   0.25860228509257   -0.00203109936060   -3.28995406415216
   0.24374057649279   -0.00191437337412   -3.28961815965686
   0.22893091863565   -0.00179805620161   -3.28995163055206
   0.21409188268076   -0.00168150828933   -3.28908646861017
   0.19925616822803   -0.00156498646460   -3.28908543850001
   0.18442552229296   -0.00144850444873   -3.28914820995029
   0.16955883859708   -0.00133173938713   -3.28948187398405
   0.15474981069000   -0.00121542716234   -3.28954673772582
   0.13991348838298   -0.00109890056344   -3.28908205750484
   0.12507785844607   -0.00098237940250   -3.28908139711691
   0.11024224273206   -0.00086585835328   -3.28908081067312
   0.09540664034751   -0.00074933740874   -3.28908029817338
   0.08057105039902   -0.00063281656189   -3.28907985961759
   0.06573547199315   -0.00051629580569   -3.28907949500564
   0.05089990423649   -0.00039977513312   -3.28907920433742
   0.03606813555058   -0.00028328429901   -3.28901514629818
   0.02122884277949   -0.00016673436965   -3.28861490467552
   0.00639329929795   -0.00005021388775   -3.28861483544500
  -0.00844223710744    0.00006630653857   -3.28861484014861
  -0.02327776733010    0.00018282691633   -3.28861491878625
  -0.03811329226346    0.00029934725255   -3.28861507135782
  -0.05294939718486    0.00041587214408   -3.28815135851845
  -0.06778490758963    0.00053239236619   -3.28815165932406
  -0.08262041538547    0.00064891256781   -3.28815203405401
  -0.09745592146579    0.00076543275596   -3.28815248270818
  -0.11229086886077    0.00088194855611   -3.28861694322134
  -0.12712693205360    0.00099847311990   -3.28815360178881
  -0.14196243834794    0.00111499330972   -3.28815427221508
  -0.15679794650047    0.00123151351415   -3.28815501656517
  -0.17163345740461    0.00134803374018   -3.28815583483900
  -0.18646897195381    0.00146455399484   -3.28815672703646
  -0.20130449104148    0.00158107428515   -3.28815769315745
  -0.21613476792346    0.00169755340242   -3.28809498942265
  -0.23097553990242    0.00181411494969   -3.28769589951917
  -0.24581108026625    0.00193063540710   -3.28769708686096
  -0.26064662874161    0.00204715592822   -3.28769834811672
  -0.27548218622193    0.00216367652007   -3.28769968328637
  -0.29031823192119    0.00228020094646   -3.28723715820787
  -0.30515333177118    0.00239671794402   -3.28770257536692
  -0.31998892162696    0.00251323879015   -3.28770413227763
  -0.33482452406144    0.00262975973507   -3.28770576310184
  -0.34966013996803    0.00274628078581   -3.28770746783946
  -0.36449621542192    0.00286280544590   -3.28724531332024
  -0.37933185432532    0.00297932667725   -3.28724716605461
  -0.39416750938114    0.00309584803547   -3.28724909269270
  -0.40900318148281    0.00321236952758   -3.28725109323444
  -0.42383887152376    0.00332889116057   -3.28725316767971
  -0.43867458039742    0.00344541294149   -3.28725531602842
  -0.45350368898499    0.00356188288281   -3.28719399415679
  -0.46837372688329    0.00367867428880   -3.28686157031044
  -0.48318182894899    0.00379497924189   -3.28726220449420
  -0.49801074506654    0.00391144767152   -3.28720116023711
  -0.51285385451076    0.00402802757758   -3.28633927565640
  -0.52768931848671    0.00414454743503   -3.28680579815114
  -0.54252518649179    0.00426107046579   -3.28680846308930
  -0.55736143954089    0.00437759652073   -3.28634727067156
  -0.57219735377217    0.00449411991455   -3.28635008344483
  -0.58703329576978    0.00461064352645   -3.28635297010204
  -0.60186926642717    0.00472716736346   -3.28635593064310
  -0.61670526663776    0.00484369143257   -3.28635896506791
  -0.63154129729499    0.00496021574082   -3.28636207337638
  -0.64636961983815    0.00507667950844   -3.28630194584280
  -0.66121351335336    0.00519326557270   -3.28590454522788
  -0.67604964299086    0.00530979065835   -3.28590787437302
  -0.69088580664807    0.00542631601120   -3.28591127739235
  -0.70575104949731    0.00554306975618   -3.28598031352160
  -0.72055817064994    0.00565936700504   -3.28638227477838
  -0.73538618345662    0.00577582833995   -3.28632273874644
  -0.75023109232702    0.00589242237895   -3.28546169729072
  -0.76506743285889    0.00600894912100   -3.28546546960503
  -0.77990355303737    0.00612547413236   -3.28593324686113
  -0.79474023295674    0.00624200354000   -3.28547323582604
  -0.80957644782714    0.00635852929509   -3.28594116100669
  -0.82441319772298    0.00647505925234   -3.28548129750295
  -0.83924974409033    0.00659158761105   -3.28548543913711
  -0.85408633430508    0.00670811631414   -3.28548965463497
  -0.86892296926066    0.00682464536863   -3.28549394399640
  -0.88375964985051    0.00694117478155   -3.28549830722133
  -0.89859637696807    0.00705770455989   -3.28550274430965
  -0.91343315150677    0.00717423471069   -3.28550725526126
  -0.92825378014467    0.00729063804928   -3.28542107608367
  -0.94326356810638    0.00740852707226   -3.28482286794455
  -0.95781523767616    0.00752281796783   -3.28522610501168
  -0.97285063013162    0.00764090809218   -3.28464271832928
  -0.98758447180513    0.00775662979352   -3.28539097008213
  -1.00252506110551    0.00787397532032   -3.28465094427726
  -1.01725247587956    0.00798964654387   -3.28504298096655
  -1.03212941459313    0.00810649214985   -3.28454069868456
  -1.04696666123839    0.00822302600864   -3.28454504855339
  -1.06180396424621    0.00833956031011   -3.28454947048003
  -1.07664132451006    0.00845609506128   -3.28455396445151
  -1.09147874292341    0.00857263026916   -3.28455853045481
  -1.10631622037971    0.00868916594078   -3.28456316847685
  -1.11373506819397    0.00874743463336   -3.28418346014927
  -1.12115394972685    0.00880570359078   -3.28372230385395
  -1.13599153405959    0.00892224010182   -3.28372791993254
  -1.15082918010682    0.00903877709757   -3.28373360983587
  -1.16566688876198    0.00915531458505   -3.28373937356384
  -1.17030359923844    0.00919173197278   -3.28420512802799
  -1.18050452457706    0.00927185150044   -3.28458743840719
  -1.18514139804612    0.00930827016834   -3.28421098899436
  -1.19534249746981    0.00938839106328   -3.28375112249332
  -1.21018039930936    0.00950493006807   -3.28375710769464
  -1.22501836733059    0.00962146959265   -3.28376316672022
  -1.23985640242692    0.00973800964405   -3.28376929956996
  -1.25469450549180    0.00985455022928   -3.28377550624378
  -1.26953267741866    0.00997109135537   -3.28378178674157
  -1.28437091910096    0.01008763302932   -3.28378814106324
  -1.29920923143211    0.01020417525816   -3.28379456920869
  -1.31404755790491    0.01032071759808   -3.28392636034774
  -1.31962618151280    0.01036453290636   -3.28474248548107
  -1.32883262640924    0.01043684164228   -3.28595958241599
  -1.34343968367327    0.01055156756073   -3.29015791653468
  -1.35815028056694    0.01066710669424   -3.29669730192336
  -1.36456856023845    0.01071751678142   -3.30048810656926
  -1.37284749543851    0.01078254072344   -3.30522887826051
  -1.38769743687355    0.01089917428893   -3.31452049424348
  -1.38865509880515    0.01090669590281   -3.31540033936378
  -1.40258634795960    0.01101611392763   -3.32455635780064
  -1.41266420167061    0.01109526683311   -3.33036295629924
  -1.41741759200158    0.01113260064112   -3.33403896909967
  -1.43211369935294    0.01124802597170   -3.34308596558965
  -1.43502632337983    0.01127090213768   -3.34506455512987
  -1.44706816728394    0.01136548050324   -3.35260247148705
  -1.45895032430879    0.01145880466520   -3.36000050118158
  -1.46187163060773    0.01148174902299   -3.36200992091681
  -1.47682057607100    0.01159916018029   -3.37190716826422
  -1.48137828730428    0.01163495709666   -3.37478390487319
  -1.49159680060272    0.01171521476267   -3.38139718108092
  -1.50452098380106    0.01181672314733   -3.38964473753532
  -1.50645096341308    0.01183188148344   -3.39069060463590
  -1.52134335646075    0.01194884846997   -3.39976399651004
  -1.52867424313554    0.01200642630318   -3.40450415408177
  -1.53607560797300    0.01206455768196   -3.40924352753852
  -1.55092726005394    0.01218120468311   -3.41853726033274
  -1.55188642879111    0.01218873813165   -3.41941510627346
  -1.56583689700923    0.01229830710575   -3.42855090178687
  -1.57414967620506    0.01236359686336   -3.43422198119257
  -1.58065049081268    0.01241465519174   -3.43806025891430
  -1.59536828318344    0.01253025083956   -3.44709558088100
  -1.59826609904405    0.01255301070009   -3.44908376663500
  -1.61043844597166    0.01264861405508   -3.45733469728846
  -1.62053667387055    0.01272792698235   -3.46378748374473
  -1.62517247758667    0.01276433724825   -3.46685562232524
  -1.64007893180132    0.01288141467320   -3.47591333784032
  -1.64462479961212    0.01291711856963   -3.47881012142832
  -1.65484034187781    0.01299735290072   -3.48542909471283
  -1.66777123313430    0.01309891397144   -3.49367512588467
  -1.66965411830035    0.01311370242103   -3.49470677933282
  -1.68465100014410    0.01323149007752   -3.50470129361310
  -1.69106378901440    0.01328185703916   -3.50850933051198
  -1.69967742928721    0.01334950980272   -3.51459216623884
  -1.71417995155794    0.01346341468837   -3.52257763039330
  -1.71514071274438    0.01347096064424   -3.52345336641060
  -1.72910996845501    0.01358067717800   -3.53256991933948
  -1.73827298641211    0.01365264483253   -3.53835811880461
  -1.74390650300719    0.01369689127818   -3.54210544039377
  -1.75865745371297    0.01381274735632   -3.55111802236768
  -1.76070219937934    0.01382880708144   -3.55292385574748
  -1.77357907039365    0.01392994386944   -3.56228516859031
  -1.78098688759189    0.01398812592599   -3.56799038341619
  -1.78846837145924    0.01404688657110   -3.57343692093080
  -1.80135800230210    0.01414812357662   -3.58285869227560
  -1.80331382151164    0.01416348486063   -3.58458257122349
  -1.81804311970848    0.01427917087685   -3.59569962348256
  -1.82085328504453    0.01430124231762   -3.59772189823481
  -1.83302489190277    0.01439683985999   -3.60687624460220
  -1.84123230879822    0.01446130208701   -3.61258716046962
  -1.84785154680131    0.01451329052969   -3.61802109064862
  -1.86073605791948    0.01461448732416   -3.62745162922442
  -1.86269791736198    0.01462989604902   -3.62916779021575
  -1.87769079058728    0.01474765222125   -3.64030524838676
  -1.88035832079714    0.01476860338532   -3.64210887603965
  -1.89241015667898    0.01486326022930   -3.65146377692786
  -1.89985077557785    0.01492169991510   -3.65696956433095
  -1.90746128888149    0.01498147397587   -3.66324085818297
  -1.91935757937444    0.01507490914411   -3.67182487010125
  -1.92211850229348    0.01509659382788   -3.67376001973498
  -1.93705743800352    0.01521392636714   -3.68464354857529
  -1.93974795847964    0.01523505810005   -3.68669942699610
  -1.95174167049596    0.01532925843088   -3.69604624398498
  -1.95905462241236    0.01538669540192   -3.70178182055114
  -1.96650665381553    0.01544522472317   -3.70745359560793
  -1.97950993115741    0.01554735432456   -3.71664168555712
  -1.98147742455159    0.01556280729928   -3.71835102345115
  -1.99646219060878    0.01568049979665   -3.72949546102948
  -1.99914146082626    0.01570154316842   -3.73129430662805
  -2.01102050248968    0.01579484286187   -3.73996337265389
  -2.01863617542321    0.01585465744712   -3.74615794068617
  -2.02624667135849    0.01591443137148   -3.75243070055756
  -2.03890538812669    0.01601385474480   -3.76123967828069
  -2.04090332506620    0.01602954682749   -3.76295274119060
  -2.05585545528959    0.01614698299835   -3.77383650726458
  -2.05853892183194    0.01616805932865   -3.77589358611525
  -2.07058903724860    0.01626270265986   -3.78525234812011
  -2.07803481196439    0.01632118284018   -3.79075872982414
  -2.08542235799561    0.01637920568408   -3.79640071609825
  -2.09754393889368    0.01647441031540   -3.80561882657952
  -2.10030171703386    0.01649607029963   -3.80755576009738
  -2.11526051383392    0.01661355883074   -3.81843962222919
  -2.11794043562637    0.01663460732007   -3.82049733667272
  -2.12999000633444    0.01672924637306   -3.82985743257791
  -2.13743753177747    0.01678774030384   -3.83536401450270
  -2.14482505827197    0.01684576299430   -3.84100671403774
  -2.15770845399598    0.01694695102830   -3.85044909019989
  -2.15970422167274    0.01696262607329   -3.85216331202778
  -2.17466973097320    0.01708016732533   -3.86304725727152
  -2.17734609647417    0.01710118788304   -3.86510562954901
  -2.18939513694782    0.01719582277149   -3.87446708213457
  -2.19684442917588    0.01725433057886   -3.87997386593805
  -2.20423194602090    0.01731235319353   -3.88561729069463
  -2.21635525054342    0.01740757136244   -3.89483729048542
  -2.21930737368519    0.01743075776013   -3.89740230287208
  -2.23385133821292    0.01754498813920   -3.90789133425129
  -2.23581945055188    0.01756044597520   -3.90972103750077
  -2.24877091055088    0.01766216859576   -3.92000146240725
  -2.25432441224536    0.01770578659294   -3.92461117253196
  -2.26356098261251    0.01777833193862   -3.93298442363130
  -2.27083362600820    0.01783545232078   -3.93971008959437
  -2.27845409016208    0.01789530453695   -3.94694279303788
  -2.28683887991230    0.01796115987576   -3.95434506245219
  -2.29353243849382    0.01801373204290   -3.96062324358596
  -2.30348640138415    0.01809191189214   -3.96922965256579
  -2.30815468367730    0.01812857724944   -3.97389016339638
  -2.32012427959940    0.01822258816900   -3.98429890381972
  -2.32300657965639    0.01824522616619   -3.98690051159974
  -2.33669200692578    0.01835271347075   -3.99919374434679
  -2.33762046080222    0.01836000568038   -4.00012327268427
  -2.35247521185861    0.01847667702132   -4.01313866698397
  -2.35346096656836    0.01848441927990   -4.01409266162521
  -2.36773407688702    0.01859652233124   -4.02690412936199
  -2.36966408818104    0.01861168091619   -4.02847748989887
  -2.38241491826307    0.01871182776066   -4.03987035439152
  -2.38616673165564    0.01874129504004   -4.04358091744936
  -2.39732820119633    0.01882895881935   -4.05384265070874
  -2.40288869094598    0.01887263170171   -4.05845254715765
  -2.41213170755067    0.01894522767706   -4.06682777859567
  -2.41940095195001    0.01900232136301   -4.07355577229119
  -2.42702177868562    0.01906217642696   -4.08079071713258
  -2.43613541959384    0.01913375626708   -4.08842583326744
  -2.44187354257688    0.01917882430628   -4.09380242881334
  -2.45214504666936    0.01925949816957   -4.10306318175206
  -2.45695974508947    0.01929731350008   -4.10749235020948
  -2.46878281956466    0.01939017361924   -4.11795851915266
  -2.47160294391394    0.01941232327952   -4.12076951962945
  -2.48550033555839    0.01952147538261   -4.13283422895158
  -2.48644355650230    0.01952888357491   -4.13377448584010
  -2.50105751615624    0.01964366370571   -4.14701264679497
  -2.50207780072276    0.01965167716673   -4.14796624796433
  -2.51615001887605    0.01976220238225   -4.15979806907562
  -2.51896787939454    0.01978433426208   -4.16258077469888
  -2.53107095857587    0.01987939357827   -4.17378228569291
  -2.53497507259545    0.01991005704857   -4.17722470120906
  -2.54610526314432    0.01999747515819   -4.18745943559026
  -2.55148533886152    0.02003973104292   -4.19233252704714
  -2.56076432644562    0.02011260953950   -4.20073253673154
  -2.56821338014758    0.02017111547345   -4.20720824332542
  -2.57561852408450    0.02022927653382   -4.21374654036847
  -2.58488593569014    0.02030206411101   -4.22209786800765
  -2.59049664545022    0.02034613142852   -4.22770565191465
  -2.60090995193325    0.02042791902808   -4.23674415057475
  -2.60556903376832    0.02046451212366   -4.24138678981264
  -2.61750630000690    0.02055826912127   -4.25182082978705
  -2.62041792147379    0.02058113741301   -4.25441343983155
  -2.63412135722826    0.02068876615878   -4.26689391295770
  -2.63508461378064    0.02069633171362   -4.26769601748299
  -2.65014491669772    0.02081461748829   -4.28045478471332
  -2.65179667368981    0.02082759062412   -4.28161205447307
  -2.66478745143104    0.02092962205186   -4.29371889993033
  -2.66759198429257    0.02095164925436   -4.29649177262171
  -2.67968808283950    0.02104665374365   -4.30769893299779
  -2.68360233160344    0.02107739681369   -4.31114021961233
  -2.69451918081427    0.02116313930991   -4.32069438879017
  -2.70101006414923    0.02121411963665   -4.32626178458734
  -2.70937245312259    0.02127979903655   -4.33463206058590
  -2.71684698858045    0.02133850510786   -4.34113313906680
  -2.72425387310872    0.02139667983908   -4.34767345889240
  -2.73352912891806    0.02146952902577   -4.35602673894122
  -2.73910434989849    0.02151331760932   -4.36160727926675
  -2.74955699925371    0.02159541421344   -4.37067753448792
  -2.75422161382813    0.02163205076395   -4.37531560121064
  -2.76697850607673    0.02173224522155   -4.38579486204925
  -2.76883701284674    0.02174684219973   -4.38765516110807
  -2.78300726555324    0.02185813739266   -4.40044668792866
  -2.78395025183449    0.02186554374188   -4.40136722252927
  -2.79880378745828    0.02198220553664   -4.41440184913960
  -2.79974700601271    0.02198961371017   -4.41532174794819
  -2.81367139441838    0.02209897784969   -4.42742724259733
  -2.81646693263763    0.02212093440699   -4.43021246521464
  -2.82854009405556    0.02221575874478   -4.44138216519587
  -2.83298197931377    0.02225064594736   -4.44532946339393
  -2.84342400116627    0.02233265908155   -4.45532448659288
  -2.84898472121788    0.02237633377273   -4.45999021182200
  -2.85804593031759    0.02244750180592   -4.46859613223003
  -2.86548042947425    0.02250589342639   -4.47510962815159
  -2.87291577575026    0.02256429170026   -4.48255240570134
  -2.87936613256274    0.02261495372590   -4.49000062441423
  -2.88777892777950    0.02268102902364   -4.50019441389774
  -2.89077373802846    0.02270455069198   -4.50466421476216
  -2.90072138227855    0.02278268091372   -4.51976196048044
  -2.90265559310272    0.02279787248237   -4.52249637840183
  -2.91094238092311    0.02286295809999   -4.53464233376561
  -2.91753500536598    0.02291473751596   -4.54388322092694
  -2.92115712634361    0.02294318617255   -4.54952197177747
  -2.93137969932475    0.02302347572389   -4.56440270346451
  -2.93241730124513    0.02303162519789   -4.56619111625481
  -2.94070483917230    0.02309671670695   -4.57928712548991
  -2.94729796097637    0.02314850002927   -4.58852880685003
  -2.95123086148851    0.02317938959280   -4.59395498547867
  -2.96114496802702    0.02325725640455   -4.60905035866103
  -2.96196768381189    0.02326371813208   -4.61005239824912
  -2.97109509094931    0.02333540609414   -4.62415774529498
  -2.97662017817046    0.02337880091997   -4.63164053817033
  -2.98159390908166    0.02341786531443   -4.63881543397868
  -2.99101310578921    0.02349184503353   -4.65369859064210
  -2.99194277025337    0.02349914675130   -4.65462928064563
  -3.00115656090430    0.02357151318183   -4.66858853249467
  -3.00683165071556    0.02361608614948   -4.67689590007277
  -3.01138516083580    0.02365185006970   -4.68347351118776
  -3.02100895763120    0.02372743674718   -4.69812138679491
  -3.02193099921618    0.02373467859376   -4.69907846963474
  -3.03159019353962    0.02381054328848   -4.71347253677149
  -3.03636972400054    0.02384808240481   -4.71988570588370
  -3.04206537673887    0.02389281687663   -4.72812936903350
  -3.05116134484539    0.02396425791204   -4.74221632356533
  -3.05212746714079    0.02397184597483   -4.74320503302838
  -3.06164246519785    0.02404657813144   -4.75790760777533
  -3.06636820732800    0.02408369478652   -4.76436562928599
  -3.07187187706395    0.02412692139636   -4.77279547380498
  -3.08125576956691    0.02420062383119   -4.78576437875188
  -3.08240895929003    0.02420968114833   -4.78747720981041
  -3.09141641175552    0.02428042696922   -4.80257171873271
  -3.09591887033948    0.02431578992337   -4.80826776099843
  -3.10257099919547    0.02436803669552   -4.81746210850613
  -3.11125803030875    0.02443626588124   -4.83029110188659
  -3.11218717335850    0.02444356350374   -4.83213909227960
  -3.12273492352819    0.02452640704327   -4.84746188304529
  -3.12570269148761    0.02454971631759   -4.85198914299381
  -3.13234899135242    0.02460191730801   -4.86213173164504
  -3.14081172669970    0.02466838484269   -4.87416818446939
  -3.14256336028873    0.02468214242361   -4.87702073591423
  -3.15257367535033    0.02476076487087   -4.89214184132597
  -3.15545618810087    0.02478340453858   -4.89578908472704
  -3.16305360422359    0.02484307573222   -4.90680659996548
  -3.17059571913057    0.02490231258219   -4.91790883382053
  -3.17327564227148    0.02492336108212   -4.92169776798578
  -3.18262106193271    0.02499676134574   -4.93659035750676
  -3.18546916022053    0.02501913071734   -4.94026874921597
  -3.19283708256135    0.02507699943396   -4.95148448116424
  -3.20037983164468    0.02513624126485   -4.96258773877771
  -3.20307422183924    0.02515740339108   -4.96637847576435
  -3.21269848973998    0.02523299376869   -4.98105476658765
  -3.21529450158247    0.02525338321726   -4.98491214620866
  -3.22263348739440    0.02531102466225   -4.99616616990381
  -3.23037700621639    0.02537184336740   -5.00711444577834
  -3.23316896942586    0.02539377184606   -5.01083868631287
  -3.24283587199321    0.02546969708244   -5.02618270998097
  -3.24481072033230    0.02548520782395   -5.02888506388453
  -3.25272074445481    0.02554733428556   -5.04063153451495
  -3.26016696773208    0.02560581798895   -5.05087365426023
  -3.26356978074125    0.02563254416937   -5.05575087119316
  -3.27290006565223    0.02570582556249   -5.07064595031004
  -3.27461236211135    0.02571927418396   -5.07262047947398
  -3.28313700045703    0.02578622791365   -5.08554402721306
  -3.28973618662786    0.02583805886637   -5.09479529623847
  -3.29337214448176    0.02586661619977   -5.10044278536268
  -3.30361046491052    0.02594702943382   -5.11534175134853
  -3.30464921221026    0.02595518790378   -5.11713211278738
  -3.31323949283379    0.02602265719732   -5.13002179316694
  -3.31934490492681    0.02607060997776   -5.13867945202658
  -3.32409625377387    0.02610792775166   -5.14514039476487
  -3.33372393621740    0.02618354494757   -5.15982222619485
  -3.33450246027147    0.02618965958692   -5.16087865737576
  -3.34304538343902    0.02625675692822   -5.17472763221909
  -3.34933296416750    0.02630614048719   -5.18325543014156
  -3.35450806066267    0.02634678643577   -5.19005911293573
  -3.36352229316221    0.02641758550802   -5.20452400214214
  -3.36439203249511    0.02642441656523   -5.20542957394079
  -3.37345733763905    0.02649561676934   -5.21964006296909
  -3.37910767712287    0.02653999534437   -5.22704202790028
  -3.38461841891842    0.02658327749918   -5.23454875549791
  -3.39372344215951    0.02665478965491   -5.24865049724530
  -3.39465126615685    0.02666207691738   -5.24967040274467
  -3.40418539294359    0.02673695931377   -5.26434985581227
  -3.40891560947710    0.02677411111146   -5.27081486559574
  -3.41442264374894    0.02681736414685   -5.27925828315913
  -3.42331866997358    0.02688723481009   -5.29256146340220
  -3.42444926101198    0.02689611463393   -5.29438031030454
  -3.43398880648231    0.02697103958944   -5.30906151274835
  -3.43871943867488    0.02700819465177   -5.31552717198840
  -3.44423324259142    0.02705150085692   -5.32396763692847
  -3.45384951853688    0.02712702846456   -5.33772001450853
  -3.45471433441702    0.02713382085226   -5.33863061200378
  -3.46412620325691    0.02720774301724   -5.35357460756543
  -3.46853777146562    0.02724239210538   -5.35930799513811
  -3.47496946378030    0.02729290753738   -5.36869018986488
  -3.48346145674807    0.02735960486560   -5.38166178072478
  -3.48521633556408    0.02737338793499   -5.38359670046044
  -3.49423428854548    0.02744421622844   -5.39806771948672
  -3.49858147436023    0.02747835964804   -5.40388022820469
  -3.50509222860881    0.02752949604378   -5.41319271684668
  -3.51347873773807    0.02759536488684   -5.42530761919031
  -3.51535002052562    0.02761006220968   -5.42810745088365
  -3.52468167484908    0.02768335435837   -5.44302350676808
  -3.52817974312518    0.02771082868729   -5.44781855415729
  -3.53490596164558    0.02776365737026   -5.45791954117708
  -3.54307483411470    0.02782781686384   -5.46925548285619
  -3.54516540547221    0.02784423651050   -5.47283601809368
  -3.55509313251579    0.02792221029965   -5.48796151718497
  -3.55799635632768    0.02794501263500   -5.49254911723213
  -3.56534075062542    0.02800269655901   -5.50287086001707
  -3.57308951108372    0.02806355643272   -5.51382832215683
  -3.57588423029434    0.02808550655741   -5.51755681118684
  -3.58584463412684    0.02816373699473   -5.53270129127037
  -3.58777452884445    0.02817889466407   -5.53543250617378
  -3.59548384006715    0.02823944469784   -5.54739498872363
  -3.60272367894466    0.02829630742861   -5.55779181742687
  -3.60633633637622    0.02832468175715   -5.56251875041505
  -3.61507152625096    0.02839328918869   -5.57723030123555
  -3.61781930895090    0.02841487066730   -5.58093535754630
  -3.62530686401191    0.02847367899644   -5.59213582690621
  -3.63273795484474    0.02853204384744   -5.60237938942528
  -3.63558487043140    0.02855440392994   -5.60706684191856
  -3.64580200973073    0.02863465080436   -5.62196258969990
  -3.64745882601791    0.02864766367662   -5.62397547187931
  -3.65574708083786    0.02871276081626   -5.63710270608430
  -3.66234104340366    0.02876455074204   -5.64635522530254
  -3.66626097995412    0.02879533848477   -5.65177728831770
  -3.67625211061133    0.02887381025497   -5.66693615078359
  -3.67728687715945    0.02888193745954   -5.66872434446681
  -3.68588052249322    0.02894943318000   -5.68162795018154
  -3.69200744113572    0.02899755487595   -5.69030155584800
  -3.69673498977859    0.02903468571964   -5.69675674750716
  -3.70638980110586    0.02911051598969   -5.71146622700255
  -3.70740614584807    0.02911849850676   -5.71338555601232
  -3.71633567867189    0.02918863233564   -5.72660740755499
  -3.72201394906504    0.02923323028403   -5.73492785805926
  -3.72683398004394    0.02927108749723   -5.74128204884737
  -3.73625234880604    0.02934506071352   -5.75623960014877
  -3.73702198422708    0.02935110554028   -5.75712217233465
  -3.74648817547102    0.02942545436119   -5.77115009586957
  -3.75165090248335    0.02946600315809   -5.77796646240261
  -3.75734377042250    0.02951071575769   -5.78628284495865
  -3.76647613368444    0.02958244264586   -5.80041300217640
  -3.76731656484974    0.02958904351252   -5.80141902097493
  -3.77693475511436    0.02966458615550   -5.81613109942574
  -3.78148927309907    0.02970035799164   -5.82273181692852
  -3.78718172213002    0.02974506730108   -5.83104877016626
  -3.79680461049688    0.02982064684363   -5.84481559693010
  -3.79761486967293    0.02982701073517   -5.84572175893669
  -3.80679835556456    0.02989913914778   -5.86091679329863
  -3.81126930991145    0.02993425466315   -5.86660088459884
  -3.81731190602721    0.02998171407791   -5.87559278243252
  -3.82646507973160    0.03005360441427   -5.88881455249090
  -3.82745162579849    0.03006135288828   -5.89049345859079
  -3.83755981870418    0.03014074408214   -5.90568327635119
  -3.84135692441887    0.03017056709390   -5.91120516428822
  -3.84719979711062    0.03021645785230   -5.92038710391937
  -3.85627811699616    0.03028776027606   -5.93266281511764
  -3.85810948786906    0.03030214412501   -5.93556228841310
  -3.86740782832946    0.03037517462185   -5.95046299393382
  -3.87112946052151    0.03040440485376   -5.95506587902878
  -3.87795946752209    0.03045804870632   -5.96516158949835
  -3.88617507563708    0.03052257526834   -5.97744265608645
  -3.88796225983189    0.03053661206881   -5.98034688208154
  -3.89755660235324    0.03061196740820   -5.99502062968386
  -3.90108408358934    0.03063967275071   -5.99983591270622
  -3.90842876647445    0.03069735894133   -6.01016767844896
  -3.91620975162372    0.03075847191237   -6.02208030276304
  -3.91809068179116    0.03077324500713   -6.02488661886968
  -3.92804348699385    0.03085141576372   -6.04003951959135
  -3.93093781844862    0.03087414825723   -6.04462577819737
  -3.93828256410248    0.03093183494084   -6.05495846243686
  -3.94591812012650    0.03099180569072   -6.06795656319083
  -3.94682964529480    0.03099896493986   -6.06962954527385
  -3.95104979970611    0.03103211063663   -6.08481860995258
  -3.95111766548608    0.03103264366418   -6.10011055465891
  -3.94970376274281    0.03102153866967   -6.11496094221486
  -3.94787215212303    0.03100715293770   -6.12988167338849
  -3.94605974780852    0.03099291805481   -6.14469723930683
  -3.94556608425152    0.03098904075058   -6.14565312548333
  -3.94382746650313    0.03097538539793   -6.15975999790949
  -3.94239106869125    0.03096410372393   -6.17460923068294
  -3.94018291554206    0.03094676057304   -6.18958713505124
  -3.93873497963410    0.03093538827718   -6.20443576112382
  -3.93689306579874    0.03092092162229   -6.21938484573697
  -3.93334622820006    0.03089306425213   -6.23467750004000
  -3.93119515974145    0.03087616945258   -6.23908026506144
  -3.92559631616849    0.03083219533380   -6.24936919085328
  -3.91643769206599    0.03076026218923   -6.26247246844155
  -3.91469474487357    0.03074657283252   -6.26450436625491
  -3.90320997679951    0.03065636982026   -6.27917633793500
  -3.90143575502914    0.03064243482853   -6.28106753603560
  -3.89021337182793    0.03055429262462   -6.29406937079211
  -3.88636825110977    0.03052409249615   -6.29856377480399
  -3.87727846670386    0.03045270002842   -6.30896049343032
  -3.87170895219849    0.03040895626433   -6.31550224245262
  -3.86493166389066    0.03035572647194   -6.32362722933434
  -3.85664281191260    0.03029062464213   -6.33299316052678
  -3.85194347938551    0.03025371541185   -6.33852123414179
  -3.84185007241580    0.03017444034885   -6.35071442917789
  -3.83921178209734    0.03015371883907   -6.35364601179644
  -3.82781366250642    0.03006419637640   -6.36831484252076
  -3.82693795661641    0.03005731845701   -6.36928823786816
  -3.81502479091597    0.02996375074848   -6.38344259824887
  -3.81233361006873    0.02994261382892   -6.38626556936470
  -3.80210956937930    0.02986231274998   -6.39833257363527
  -3.79744565579259    0.02982568170513   -6.40394578191465
  -3.78908897067390    0.02976004710413   -6.41323237035252
  -3.78260657434027    0.02970913343550   -6.42070762780388
  -3.77611847906321    0.02965817500656   -6.42812495140381
  -3.76779640878199    0.02959281227544   -6.43840858247967
  -3.76403240005863    0.02956324921219   -6.44302736218206
  -3.75259716977064    0.02947343527680   -6.45676626388591
  -3.75169070670599    0.02946631578615   -6.45769743829797
  -3.73936842238563    0.02936953480142   -6.47236403526972
  -3.73764083169259    0.02935596605685   -6.47434438181594
  -3.72683951888256    0.02927113100006   -6.48772856653638
  -3.72317657908251    0.02924236174659   -6.49146957324658
  -3.71291262764155    0.02916174720291   -6.50262506196962
  -3.70817502308133    0.02912453737860   -6.50723480638379
  -3.69689132978785    0.02903591363645   -6.51728447747183
  -3.69311122037523    0.02900622411608   -6.52008807128653
  -3.67812467462509    0.02888851764075   -6.52918167673255
  -3.67359403325009    0.02885293333493   -6.53214211357887
  -3.66344418086328    0.02877321494154   -6.53875793192055
  -3.65056341952202    0.02867204759836   -6.54734898557714
  -3.64875700899119    0.02865785979150   -6.54836177106645
  -3.63368008783435    0.02853944349479   -6.55825604967676
  -3.62805232534741    0.02849524224272   -6.56189180335254
  -3.61860321925487    0.02842102761103   -6.56815058922976
  -3.60481515746106    0.02831273420023   -6.57676539581431
  -3.60380397155697    0.02830479220141   -6.57755906473983
  -3.58896058342294    0.02818821010648   -6.58688367435914
  -3.58250712325958    0.02813752370668   -6.59164068618242
  -3.57400018149308    0.02807070896846   -6.59697680152523
  -3.55937074285805    0.02795580726352   -6.60570661266755
  -3.55837661307601    0.02794799922593   -6.60653280883706
  -3.54448241614058    0.02783887221453   -6.61591735162792
  -3.53605248544440    0.02777266233228   -6.62140192043698
  -3.52943522789255    0.02772068944435   -6.62586661745930
  -3.51465395212226    0.02760459518882   -6.63533395592928
  -3.51363179239940    0.02759656700005   -6.63607822584716
  -3.49990281185641    0.02748873762185   -6.64476812931291
  -3.49056207291826    0.02741537412130   -6.65118094452505
  -3.48496091424677    0.02737138181941   -6.65492176892203
  -3.47004194062619    0.02725420606525   -6.66409115130085
  -3.46730125542782    0.02723268033144   -6.66604897423805
  -3.45528376438994    0.02713829323677   -6.67358371188137
  -3.44416604538034    0.02705097308040   -6.68095303016658
  -3.44040429879529    0.02702142778431   -6.68380405887303
  -3.42549722864183    0.02690434552169   -6.69306181934210
  -3.42163716957071    0.02687402806526   -6.69560206458786
  -3.41070099130753    0.02678813375590   -6.70243439569467
  -3.39778893268208    0.02668672059936   -6.71103643545743
  -3.39595509313376    0.02667231736107   -6.71201004399748
  -3.38107048908397    0.02655541155045   -6.72036773231531
  -3.37251039577066    0.02648817935237   -6.72556699275549
  -3.36589976271041    0.02643625849414   -6.72912898037107
  -3.35102626643727    0.02631943992558   -6.73469650872466
  -3.33799355517884    0.02621707914600   -6.74021631216318
  -3.33608808223050    0.02620211328874   -6.74100544686485
  -3.32127958312154    0.02608580521721   -6.74583203801657
  -3.30639756557118    0.02596891972132   -6.75137807601393
  -3.29616365328141    0.02588854110943   -6.75506259184825
  -3.29150502016674    0.02585195153816   -6.75688897154598
  -3.27650692741889    0.02573415437105   -6.76212693424286
  -3.26182611710750    0.02561884918562   -6.76725209146642
  -3.25533415398900    0.02556786037810   -6.77007716748620
  -3.24701737303066    0.02550253919008   -6.77308630083277
  -3.23219286706040    0.02538610539837   -6.77778528312904
  -3.21718176272614    0.02526820603641   -6.78390810863221
  -3.21528988166322    0.02525334693176   -6.78475593349156
  -3.20226651255099    0.02515105952673   -6.78936716913277
  -3.18742199184836    0.02503446853645   -6.79408302292487
  -3.17439124862067    0.02493212321406   -6.79960597726023
  -3.17250033204852    0.02491727168466   -6.80045498055243
  -3.15764916159973    0.02480062846632   -6.80607508300025
  -3.14272829552469    0.02468343784856   -6.81156083451354
  -3.13803821838341    0.02464660131140   -6.81427235115990
  -3.12736485149522    0.02456277116020   -6.82700373964222
  -3.12557411200328    0.02454870643592   -6.82892465190902
      
      
