# shadow point cont 2D ind 54  size 1094
# norm  0.9114033 -0.4115144  0.0000000
# angle  0.4241150
   2.89173840  -6.81397445
   2.89515662  -6.81078748
   2.90885224  -6.80110165
   2.91212482  -6.79865952
   2.92431555  -6.79435793
   2.93912316  -6.79040348
   2.95403160  -6.78595784
   2.96040786  -6.78387117
   2.96878640  -6.78095629
   2.98361724  -6.77698787
   2.99859391  -6.77279122
   3.01320339  -6.76929648
   3.01416802  -6.76847663
   3.02832881  -6.76351951
   3.04319878  -6.75981678
   3.05801424  -6.75597408
   3.06447688  -6.75403275
   3.07286682  -6.75130523
   3.08773492  -6.74667013
   3.10264151  -6.74287619
   3.11470579  -6.73934603
   3.11749348  -6.73841872
   3.13234234  -6.73369855
   3.14708743  -6.72884686
   3.15987079  -6.72388524
   3.16172845  -6.72295598
   3.17665886  -6.71473190
   3.18691180  -6.70931098
   3.19159262  -6.70658864
   3.20632779  -6.69890473
   3.21378019  -6.69437156
   3.22141325  -6.68998636
   3.23607080  -6.68231819
   3.24068815  -6.67948765
   3.25113385  -6.67325817
   3.26581152  -6.66563281
   3.26761175  -6.66461337
   3.28077602  -6.65721383
   3.29389748  -6.65017339
   3.29570732  -6.64916646
   3.31046542  -6.64059431
   3.32070229  -6.63497534
   3.32543916  -6.63237380
   3.34017039  -6.62477963
   3.34856849  -6.62011113
   3.35506565  -6.61645542
   3.36977976  -6.60874950
   3.37528748  -6.60512642
   3.38470103  -6.59948711
   3.39956397  -6.59205627
   3.40233560  -6.59030610
   3.41460798  -6.58313234
   3.42914823  -6.57618463
   3.43010689  -6.57530414
   3.44410751  -6.56694414
   3.45524254  -6.56046323
   3.45893575  -6.55856542
   3.47368841  -6.55016961
   3.47921432  -6.54565895
   3.48858863  -6.53737703
   3.49676762  -6.53079454
   3.50332759  -6.52429276
   3.51176330  -6.51605461
   3.51825929  -6.50954151
   3.52738700  -6.50101537
   3.53295375  -6.49543160
   3.54223166  -6.48612543
   3.54785934  -6.48055441
   3.55800663  -6.47123787
   3.56261431  -6.46743245
   3.57378168  -6.45635073
   3.57749288  -6.45262852
   3.58862653  -6.44146202
   3.59233775  -6.43773991
   3.60438294  -6.42645724
   3.60719604  -6.42369966
   3.61942108  -6.41186189
   3.62220514  -6.40907107
   3.63426939  -6.39697764
   3.63687769  -6.39494141
   3.64990297  -6.38190551
   3.65168284  -6.38089338
   3.66564269  -6.36703054
   3.66657052  -6.36610013
   3.68052635  -6.35213420
   3.68146191  -6.35121213
   3.69614450  -6.33812745
   3.69706679  -6.33719195
   3.70993328  -6.32252457
   3.71087410  -6.32067041
   3.71807497  -6.30799557
   3.71988603  -6.29314791
   3.72000498  -6.27835601
   3.71903741  -6.26343494
   3.71883436  -6.24845837
   3.71879675  -6.23360860
   3.71782681  -6.21862079
   3.71778935  -6.20377141
   3.71682070  -6.18885241
   3.71585120  -6.17386635
   3.71581396  -6.15901756
   3.71484701  -6.14411927
   3.71376732  -6.12926301
   3.71015752  -6.12113589
   3.70665894  -6.11471057
   3.69650943  -6.09967478
   3.69576311  -6.09881003
   3.68430039  -6.08492913
   3.68055879  -6.08031102
   3.67126884  -6.07000430
   3.66567498  -6.06342322
   3.65911257  -6.05518084
   3.65071672  -6.04568247
   3.64613973  -6.04015272
   3.63584190  -6.02791959
   3.63319050  -6.02499926
   3.62172433  -6.01032396
   3.62080282  -6.00938055
   3.60871273  -5.99526963
   3.60602747  -5.99253243
   3.59562539  -5.98045695
   3.59092486  -5.97478718
   3.58264258  -5.96542096
   3.57614459  -5.95790964
   3.56965343  -5.95051730
   3.56109563  -5.93931630
   3.55745751  -5.93550858
   3.54637011  -5.92236400
   3.54531293  -5.92059776
   3.53227977  -5.90567501
   3.53136527  -5.90472616
   3.51924995  -5.89075295
   3.51637409  -5.88697039
   3.50623727  -5.87583718
   3.50150723  -5.87016461
   3.49403600  -5.86086345
   3.48665925  -5.85240249
   3.48105991  -5.84596937
   3.47187396  -5.83450990
   3.46844448  -5.83055223
   3.45699703  -5.81776153
   3.45585454  -5.81609013
   3.44362399  -5.80125227
   3.44173483  -5.79931264
   3.43062739  -5.78619644
   3.42687938  -5.78158639
   3.41760324  -5.77128106
   3.41204701  -5.76468069
   3.40478817  -5.75611229
   3.39719783  -5.74691883
   3.39250392  -5.74143253
   3.38249649  -5.72992541
   3.37962986  -5.72624991
   3.36815838  -5.71154382
   3.36733601  -5.71063575
   3.35505252  -5.69674743
   3.35226679  -5.69387797
   3.34206623  -5.68168321
   3.33760429  -5.67690310
   3.32839336  -5.66653210
   3.32250457  -5.65935650
   3.31597813  -5.65182298
   3.30774075  -5.64240354
   3.30312805  -5.63659979
   3.29286599  -5.62369369
   3.29110824  -5.62174209
   3.27873953  -5.60705008
   3.27788136  -5.60613131
   3.26568410  -5.59211865
   3.26301777  -5.58922472
   3.25267129  -5.57719968
   3.24802248  -5.57154324
   3.24045325  -5.56244405
   3.23306608  -5.55384107
   3.22757076  -5.54735867
   3.21842590  -5.53590832
   3.21499397  -5.53196935
   3.20353443  -5.51916871
   3.20170510  -5.51727188
   3.18930855  -5.50257144
   3.18819037  -5.50072234
   3.17721876  -5.48765476
   3.17338166  -5.48307490
   3.16416723  -5.47272846
   3.15862720  -5.46612943
   3.15118427  -5.45781729
   3.14376815  -5.44931987
   3.13830875  -5.44262629
   3.12909579  -5.43140013
   3.12623100  -5.42772730
   3.11409958  -5.41377529
   3.11320396  -5.41281195
   3.10085228  -5.39812833
   3.09904463  -5.39617631
   3.08804640  -5.38296610
   3.08422148  -5.37841555
   3.07502010  -5.36805271
   3.06924418  -5.36074440
   3.06289480  -5.35312344
   3.05462320  -5.34373533
   3.04989939  -5.33822782
   3.03953813  -5.32618462
   3.03751019  -5.32353213
   3.02539673  -5.30861401
   3.02452191  -5.30769501
   3.01235217  -5.29369396
   3.00968431  -5.29080171
   2.99867054  -5.27855328
   2.99470554  -5.27313426
   2.98634693  -5.26387879
   2.97985860  -5.25632850
   2.97351446  -5.24871022
   2.96500748  -5.23859143
   2.96120734  -5.23405039
   2.95014195  -5.22083944
   2.94838558  -5.21888976
   2.93604286  -5.20421814
   2.93512380  -5.20322512
   2.92325101  -5.18906518
   2.92033144  -5.18545760
   2.91022461  -5.17415767
   2.90559026  -5.16854035
   2.89811573  -5.15924042
   2.89075091  -5.15079215
   2.88510069  -5.14434440
   2.87584757  -5.13309087
   2.87230155  -5.12920154
   2.86085309  -5.11547747
   2.85996146  -5.11451885
   2.84758487  -5.09983318
   2.84581114  -5.09789145
   2.83482834  -5.08469852
   2.83098957  -5.08014225
   2.82179984  -5.06979112
   2.81612310  -5.06335272
   2.80876846  -5.05487876
   2.80116919  -5.04569317
   2.79600369  -5.03974249
   2.78633351  -5.02794792
   2.78363728  -5.02503023
   2.77152697  -5.01111155
   2.77061636  -5.01016797
   2.75915012  -4.99547111
   2.75649897  -4.99258968
   2.74615655  -4.98058086
   2.74153610  -4.97493550
   2.73315768  -4.96568469
   2.72669302  -4.95814065
   2.72036254  -4.95053877
   2.71207741  -4.94114670
   2.70733822  -4.93562553
   2.69747520  -4.92323849
   2.69547043  -4.92050907
   2.68289072  -4.90606469
   2.68198766  -4.90507410
   2.67011734  -4.89092736
   2.66742556  -4.88804652
   2.65709463  -4.87602096
   2.65246802  -4.87041235
   2.64407213  -4.86111684
   2.63776544  -4.85350525
   2.63132688  -4.84599050
   2.62297118  -4.83573266
   2.61917565  -4.83109858
   2.60751611  -4.81760480
   2.60660261  -4.81665797
   2.59383381  -4.80152003
   2.59271970  -4.79981043
   2.58147848  -4.78685673
   2.57788537  -4.78301406
   2.56871191  -4.77172783
   2.56303820  -4.76529375
   2.55545081  -4.75706728
   2.54823938  -4.74845723
   2.54293370  -4.74169936
   2.53350035  -4.73064162
   2.53056710  -4.72704102
   2.51845205  -4.71309694
   2.51757078  -4.71212824
   2.50520772  -4.69747385
   2.50349283  -4.69546280
   2.49245311  -4.68233966
   2.48873264  -4.67768515
   2.47942913  -4.66744604
   2.47366510  -4.66015149
   2.46708610  -4.65279453
   2.45881275  -4.64337485
   2.45406594  -4.63789987
   2.44417645  -4.62549638
   2.44151071  -4.62254202
   2.42986714  -4.60810202
   2.42898748  -4.60711977
   2.41685447  -4.59321360
   2.41417445  -4.59031780
   2.40409179  -4.57808948
   2.39957168  -4.57331970
   2.39108260  -4.56319404
   2.38463635  -4.55569532
   2.37808326  -4.54829787
   2.36993757  -4.53789381
   2.36553966  -4.53298369
   2.35500982  -4.52021536
   2.35316614  -4.51829873
   2.34060913  -4.50386928
   2.33968307  -4.50294208
   2.32574109  -4.48898295
   2.32477579  -4.48814160
   2.31024243  -4.47655189
   2.30738479  -4.47385391
   2.29508471  -4.46481728
   2.28784028  -4.45897402
   2.28032866  -4.45254976
   2.26998856  -4.44430605
   2.26542842  -4.44048416
   2.25139593  -4.42940358
   2.25046645  -4.42847298
   2.23592820  -4.41692110
   2.23304364  -4.41427886
   2.22091298  -4.40499825
   2.21441170  -4.39941126
   2.20603137  -4.39291830
   2.19582861  -4.38451838
   2.19115743  -4.38082766
   2.17724924  -4.36962411
   2.17627445  -4.36875020
   2.16176207  -4.35717381
   2.15869005  -4.35461223
   2.14657474  -4.34543448
   2.13931927  -4.33962322
   2.13169521  -4.33335620
   2.12131607  -4.32517432
   2.11675690  -4.32135355
   2.10296540  -4.31004418
   2.10203613  -4.30911384
   2.08728288  -4.29773740
   2.08438470  -4.29515573
   2.07224417  -4.28587958
   2.06574530  -4.28029393
   2.05736668  -4.27380293
   2.04699132  -4.26562176
   2.04243261  -4.26180154
   2.02841320  -4.25072545
   2.02748403  -4.24979524
   2.01293571  -4.23824994
   2.01006658  -4.23560739
   1.99792111  -4.22633339
   1.99051411  -4.22073782
   1.98300566  -4.21431731
   1.97284668  -4.20586192
   1.96817692  -4.20217284
   1.95427469  -4.19097380
   1.95330021  -4.19010027
   1.93861984  -4.17871030
   1.93497579  -4.17580083
   1.92360539  -4.16679578
   1.91694281  -4.16142213
   1.90887270  -4.15459565
   1.89866128  -4.14612441
   1.89390769  -4.14255941
   1.87996454  -4.13144090
   1.87899016  -4.13056749
   1.86448930  -4.11899677
   1.86102530  -4.11603560
   1.84951988  -4.10696986
   1.84293919  -4.10147457
   1.83445451  -4.09513947
   1.82422874  -4.08680055
   1.81955986  -4.08311252
   1.80566145  -4.07191637
   1.80468717  -4.07104308
   1.79000953  -4.05965634
   1.78639075  -4.05675455
   1.77518895  -4.04752506
   1.76774587  -4.04193797
   1.76012561  -4.03567543
   1.74993026  -4.02728233
   1.74526182  -4.02359482
   1.73136525  -4.01240009
   1.73039107  -4.01152691
   1.71589574  -3.99995892
   1.71209662  -3.99724029
   1.70089585  -3.98801205
   1.69420744  -3.98265065
   1.68583276  -3.97616427
   1.67563856  -3.96777225
   1.67097053  -3.96408524
   1.65716312  -3.95270782
   1.65616281  -3.95188525
   1.64142666  -3.94063522
   1.63777871  -3.93772851
   1.62663650  -3.92936070
   1.61816353  -3.92295604
   1.61159262  -3.91841427
   1.59746315  -3.90849616
   1.59647868  -3.90764083
   1.58209235  -3.89859612
   1.57448856  -3.89322639
   1.56683719  -3.88801079
   1.55290095  -3.87874381
   1.55191653  -3.87788855
   1.53752997  -3.86884475
   1.52992551  -3.86347578
   1.52227450  -3.85826057
   1.50834077  -3.84899373
   1.50735640  -3.84813852
   1.49296960  -3.83909562
   1.48542415  -3.83369368
   1.47811506  -3.82887660
   1.46397338  -3.81901313
   1.46299951  -3.81814033
   1.44843176  -3.80924699
   1.44086616  -3.80394715
   1.43333907  -3.79851509
   1.41904825  -3.78929557
   1.41800274  -3.78854140
   1.40366977  -3.77977663
   1.39618852  -3.77440520
   1.38898608  -3.76946085
   1.37441627  -3.75985452
   1.37341619  -3.75901465
   1.35932621  -3.74974883
   1.35169305  -3.74449541
   1.34425172  -3.73987409
   1.33020802  -3.72983849
   1.32919752  -3.72904575
   1.31474757  -3.72012108
   1.30720373  -3.71472062
   1.29967763  -3.70928971
   1.28583443  -3.69986256
   1.28483454  -3.69904048
   1.26999509  -3.68970148
   1.26266529  -3.68484312
   1.25515463  -3.68034648
   1.24128454  -3.67012581
   1.24028469  -3.66930378
   1.22568233  -3.66051697
   1.21820438  -3.65504813
   1.21059170  -3.64976436
   1.19673644  -3.64039115
   1.19573664  -3.63956917
   1.18145885  -3.63039239
   1.17378720  -3.62504189
   1.16629840  -3.62050347
   1.15200822  -3.61089688
   1.15099792  -3.61010436
   1.13656971  -3.60115946
   1.12901277  -3.59578162
   1.12172047  -3.59094651
   1.10758060  -3.58110733
   1.10660710  -3.58023499
   1.09205501  -3.57130304
   1.08457835  -3.56583616
   1.07695524  -3.56057110
   1.06236959  -3.55173861
   1.06131441  -3.55102102
   1.04727097  -3.54282886
   1.03609248  -3.53639636
   1.03242496  -3.53445942
   1.01757814  -3.52695996
   1.00840293  -3.52130785
   1.00273165  -3.51776958
   0.98788591  -3.51023850
   0.98135096  -3.50655774
   0.97303657  -3.50276526
   0.95800926  -3.49481716
   0.95256619  -3.49181972
   0.94335260  -3.48705451
   0.92853612  -3.47868909
   0.92479377  -3.47679658
   0.91366042  -3.47122303
   0.89906669  -3.46359631
   0.89610016  -3.46167680
   0.88396041  -3.45628365
   0.86912705  -3.44800143
   0.86727155  -3.44707257
   0.85409656  -3.44001337
   0.84027306  -3.43239752
   0.83925205  -3.43165447
   0.82459497  -3.42478130
   0.81244061  -3.41753727
   0.80956419  -3.41586547
   0.79490738  -3.40899261
   0.78470658  -3.40260771
   0.78006787  -3.39982168
   0.76521019  -3.39312097
   0.75589441  -3.38778378
   0.75038164  -3.38490019
   0.73582366  -3.37698659
   0.72811181  -3.37277428
   0.72050398  -3.36850242
   0.70634240  -3.36093432
   0.70032062  -3.35755788
   0.69081366  -3.35352763
   0.67632523  -3.34570139
   0.67166180  -3.34278360
   0.66131968  -3.33748747
   0.64676161  -3.32982689
   0.64377087  -3.32791703
   0.63162954  -3.32253375
   0.61709327  -3.31390478
   0.61530568  -3.31286379
   0.60194635  -3.30674620
   0.58690662  -3.29963453
   0.58496909  -3.29884468
   0.57192953  -3.29534831
   0.55703708  -3.29423391
   0.54220021  -3.29423117
   0.52735712  -3.29380659
   0.51252673  -3.29376197
   0.49768911  -3.29329549
   0.48285240  -3.29329304
   0.46801572  -3.29329067
   0.45317908  -3.29328837
   0.43834248  -3.29328615
   0.42350037  -3.29286201
   0.40869854  -3.29323781
   0.39382752  -3.29285792
   0.37899648  -3.29281406
   0.36416003  -3.29281220
   0.34932360  -3.29281042
   0.33448642  -3.29234476
   0.31965005  -3.29234313
   0.30480901  -3.29191952
   0.28997750  -3.29187616
   0.27514121  -3.29187475
   0.26030494  -3.29187341
   0.24546869  -3.29187215
   0.23063247  -3.29187096
   0.21579626  -3.29186985
   0.20095935  -3.29140486
   0.18611932  -3.29098180
   0.17128713  -3.29093907
   0.15645100  -3.29093825
   0.14161489  -3.29093751
   0.12677880  -3.29093684
   0.11194271  -3.29093624
   0.09710665  -3.29093572
   0.08227059  -3.29093527
   0.06743455  -3.29093490
   0.05259851  -3.29093460
   0.03776183  -3.29047043
   0.02292310  -3.29004819
   0.00808988  -3.29000626
  -0.00674612  -3.29000626
  -0.02158211  -3.29000633
  -0.03641809  -3.29000648
  -0.05125407  -3.29000669
  -0.06609005  -3.29000699
  -0.08092602  -3.29000735
  -0.09573499  -3.28958755
  -0.11059852  -3.28908043
  -0.12543448  -3.28908101
  -0.14027045  -3.28908168
  -0.15510585  -3.28954635
  -0.16994240  -3.28908322
  -0.18475075  -3.28866389
  -0.19961433  -3.28862112
  -0.21445032  -3.28862215
  -0.22928631  -3.28862325
  -0.24412284  -3.28816050
  -0.25895833  -3.28862569
  -0.27379486  -3.28816308
  -0.28860253  -3.28774431
  -0.30346691  -3.28770200
  -0.31830296  -3.28770355
  -0.33313951  -3.28724124
  -0.34797509  -3.28770687
  -0.36281118  -3.28770864
  -0.37764775  -3.28724655
  -0.39248386  -3.28724847
  -0.40731999  -3.28725046
  -0.42212686  -3.28683247
  -0.43699232  -3.28679071
  -0.45182851  -3.28679293
  -0.46666472  -3.28679521
  -0.48150095  -3.28679758
  -0.49630782  -3.28591607
  -0.51117391  -3.28587463
  -0.52601021  -3.28587721
  -0.54084653  -3.28587987
  -0.55568288  -3.28588260
  -0.57051925  -3.28588540
  -0.58535565  -3.28588828
  -0.60019245  -3.28542730
  -0.61486277  -3.28467053
  -0.62986548  -3.28444338
  -0.64486661  -3.28518128
  -0.65953845  -3.28543984
  -0.67437503  -3.28544316
  -0.68908039  -3.28715073
  -0.70371827  -3.29197147
  -0.71853168  -3.29771615
  -0.72308270  -3.30032169
  -0.73332857  -3.30579710
  -0.74808133  -3.31338781
  -0.75089712  -3.31517544
  -0.76318468  -3.32213242
  -0.77775023  -3.32917092
  -0.77960457  -3.33009940
  -0.79267062  -3.33735486
  -0.80650301  -3.34481952
  -0.80749939  -3.34562640
  -0.82222207  -3.35326492
  -0.83424423  -3.35976144
  -0.83704077  -3.36159309
  -0.85203057  -3.36898464
  -0.86295423  -3.37462052
  -0.86669801  -3.37735031
  -0.88170138  -3.38476895
  -0.88998390  -3.38937535
  -0.89651959  -3.39300551
  -0.91136030  -3.40047762
  -0.91869729  -3.40424233
  -0.92619234  -3.40874956
  -0.94095626  -3.41636006
  -0.94560990  -3.41916575
  -0.95587084  -3.42461510
  -0.97070808  -3.43204269
  -0.97436411  -3.43391449
  -0.98554171  -3.44032500
  -1.00019683  -3.44783633
  -1.00200339  -3.44882911
  -1.01522016  -3.45618207
  -1.02981157  -3.46287533
  -1.03076147  -3.46376967
  -1.04489561  -3.47196651
  -1.05861804  -3.47862777
  -1.05957557  -3.47950770
  -1.07457159  -3.48775160
  -1.08646103  -3.49348548
  -1.08925902  -3.49531600
  -1.10414102  -3.50282378
  -1.11429714  -3.50834381
  -1.11894053  -3.51111857
  -1.13381614  -3.51861405
  -1.14214204  -3.52312192
  -1.14876784  -3.52754689
  -1.16344783  -3.53529703
  -1.16721414  -3.53791783
  -1.17844793  -3.54517917
  -1.19032291  -3.55284790
  -1.19310511  -3.55470534
  -1.20812015  -3.56382135
  -1.21443572  -3.56770851
  -1.22297518  -3.57392001
  -1.23580135  -3.58256309
  -1.23780708  -3.58417879
  -1.25247111  -3.59281913
  -1.25982173  -3.59751721
  -1.26729962  -3.60300211
  -1.28133822  -3.61210045
  -1.28233713  -3.61292188
  -1.29716901  -3.62225376
  -1.30528777  -3.62724034
  -1.31182389  -3.63181639
  -1.32653947  -3.64110972
  -1.32748492  -3.64201591
  -1.34150838  -3.65133815
  -1.34990881  -3.65671079
  -1.35634655  -3.66142840
  -1.37118872  -3.67071635
  -1.37296975  -3.67174430
  -1.38602954  -3.68013632
  -1.39538192  -3.68642382
  -1.40086761  -3.69024927
  -1.41572882  -3.69962908
  -1.41848495  -3.70146858
  -1.43074359  -3.70955878
  -1.44164808  -3.71633629
  -1.44538944  -3.71907892
  -1.46020384  -3.72847419
  -1.46403527  -3.73109042
  -1.47527176  -3.73835497
  -1.48703704  -3.74615891
  -1.48981204  -3.74802842
  -1.50482938  -3.75809610
  -1.50938703  -3.76098527
  -1.51980167  -3.76808131
  -1.53166008  -3.77578887
  -1.53444332  -3.77764686
  -1.54947532  -3.78673590
  -1.55499673  -3.79043953
  -1.56434585  -3.79683546
  -1.57790725  -3.80562812
  -1.57885563  -3.80652952
  -1.59383438  -3.81584477
  -1.60042152  -3.82018865
  -1.60867787  -3.82589477
  -1.62272572  -3.83503559
  -1.62372497  -3.83585742
  -1.63855670  -3.84519573
  -1.64590208  -3.84991280
  -1.65342523  -3.85534248
  -1.66791235  -3.86410905
  -1.66886035  -3.86501288
  -1.68307661  -3.87407602
  -1.69138679  -3.87963709
  -1.69795344  -3.88417592
  -1.71261169  -3.89368021
  -1.71435875  -3.89475466
  -1.72763162  -3.90373741
  -1.73681001  -3.90939657
  -1.74229741  -3.91322400
  -1.75715318  -3.92341716
  -1.75889769  -3.92449517
  -1.77200101  -3.93456776
  -1.77852783  -3.93915002
  -1.78686395  -3.94567497
  -1.79707880  -3.95402075
  -1.80171905  -3.95773760
  -1.81561779  -3.96889587
  -1.81658394  -3.96977933
  -1.83144749  -3.98097059
  -1.83510739  -3.98381778
  -1.84646716  -3.99281351
  -1.85366140  -3.99863568
  -1.86091360  -4.00441583
  -1.87302136  -4.01371446
  -1.87595579  -4.01630933
  -1.89061004  -4.02769331
  -1.89156340  -4.02859105
  -1.90583547  -4.03934592
  -1.91048874  -4.04300870
  -1.92074399  -4.05131657
  -1.92885036  -4.05811272
  -1.93538594  -4.06364329
  -1.94822788  -4.07318667
  -1.95019575  -4.07489684
  -1.96521140  -4.08675405
  -1.96681149  -4.08787831
  -1.98008868  -4.09790266
  -1.98642937  -4.10271797
  -1.99499323  -4.10988718
  -2.00498587  -4.11759389
  -2.00962726  -4.12131210
  -2.02344719  -4.13266282
  -2.02443825  -4.13350449
  -2.03919618  -4.14473314
  -2.04272740  -4.14757737
  -2.05415995  -4.15669863
  -2.06158561  -4.16222476
  -2.06906549  -4.16866933
  -2.08019237  -4.17708454
  -2.08388074  -4.17990589
  -2.09818199  -4.19150646
  -2.09916612  -4.19236178
  -2.11344110  -4.20327650
  -2.11804878  -4.20712570
  -2.12842831  -4.21527070
  -2.13679268  -4.22172426
  -2.14332997  -4.22725688
  -2.15616912  -4.23680524
  -2.15813754  -4.23851605
  -2.17315851  -4.25037746
  -2.17407818  -4.25126772
  -2.18784790  -4.26176271
  -2.19361321  -4.26613159
  -2.20276739  -4.27372335
  -2.21274974  -4.28145980
  -2.21759957  -4.28585572
  -2.23063406  -4.29608488
  -2.23239675  -4.29714710
  -2.24716387  -4.30837872
  -2.25068536  -4.31124752
  -2.26212904  -4.32034954
  -2.26882897  -4.32564684
  -2.27704555  -4.33232343
  -2.28817051  -4.34074297
  -2.29208525  -4.34420539
  -2.30650480  -4.35498260
  -2.30747881  -4.35585589
  -2.32163540  -4.36766310
  -2.32527399  -4.37057297
  -2.33641755  -4.37894478
  -2.34483116  -4.38538180
  -2.35149919  -4.39073964
  -2.36421784  -4.40030387
  -2.36607561  -4.40216373
  -2.38116191  -4.41408149
  -2.38209714  -4.41495399
  -2.39607695  -4.42608776
  -2.40145816  -4.43004341
  -2.41074582  -4.43748545
  -2.42002523  -4.44493114
  -2.42561877  -4.44955706
  -2.43864924  -4.45979244
  -2.44041238  -4.46085513
  -2.45541509  -4.47273222
  -2.45802958  -4.47472530
  -2.47015588  -4.48406630
  -2.47591130  -4.48937815
  -2.48496917  -4.49798224
  -2.49139240  -4.50450093
  -2.49973855  -4.51474486
  -2.50355236  -4.51937278
  -2.51444915  -4.53253690
  -2.51619438  -4.53448784
  -2.52741005  -4.54936990
  -2.52921079  -4.55128157
  -2.53946216  -4.56425036
  -2.54412968  -4.56981335
  -2.55177152  -4.57890231
  -2.55928210  -4.58907686
  -2.56365047  -4.59396614
  -2.57415821  -4.60769064
  -2.57503092  -4.60866626
  -2.58689094  -4.62377757
  -2.58869190  -4.62568953
  -2.59918423  -4.63843185
  -2.60394454  -4.64485639
  -2.61125984  -4.65331510
  -2.61854798  -4.66272884
  -2.62313862  -4.66838083
  -2.63364770  -4.68210740
  -2.63459234  -4.68307473
  -2.64659625  -4.69796809
  -2.64832664  -4.69992911
  -2.65867787  -4.71285348
  -2.66321384  -4.71852203
  -2.67075565  -4.72773914
  -2.67804472  -4.73715430
  -2.68263428  -4.74280683
  -2.69291764  -4.75578705
  -2.69466349  -4.75773890
  -2.70673534  -4.77262480
  -2.70760064  -4.77360547
  -2.71820174  -4.78728582
  -2.72285023  -4.79286898
  -2.73025910  -4.80217463
  -2.73754913  -4.81159125
  -2.74213761  -4.81724431
  -2.75242232  -4.83022656
  -2.75427900  -4.83217515
  -2.76629973  -4.84706977
  -2.76719648  -4.84802936
  -2.77768813  -4.86173116
  -2.78222528  -4.86740148
  -2.78980665  -4.87661949
  -2.79742229  -4.88577307
  -2.80215621  -4.89129014
  -2.81223756  -4.90443114
  -2.81394860  -4.90640446
  -2.82581169  -4.92152340
  -2.82693939  -4.92321170
  -2.83722348  -4.93618621
  -2.84187319  -4.94177115
  -2.84932205  -4.95107786
  -2.85693870  -4.96023293
  -2.86167706  -4.96575154
  -2.87175980  -4.97889464
  -2.87347107  -4.98086828
  -2.88533170  -4.99598899
  -2.88645957  -4.99767756
  -2.89702189  -5.01043364
  -2.90174764  -5.01689374
  -2.90884555  -5.02554829
  -2.91646324  -5.03470487
  -2.92120770  -5.04023143
  -2.93100756  -5.05356335
  -2.93282332  -5.05556467
  -2.94485990  -5.07046674
  -2.94575700  -5.07142681
  -2.95693268  -5.08536419
  -2.96069930  -5.08998160
  -2.96864648  -5.09980738
  -2.97586145  -5.10836968
  -2.98074336  -5.11471083
  -2.99060522  -5.12709524
  -2.99254070  -5.12983253
  -3.00439647  -5.14495687
  -3.00529369  -5.14591709
  -3.01608726  -5.15939540
  -3.02049021  -5.16426499
  -3.02818884  -5.17430278
  -3.03540482  -5.18286654
  -3.04092130  -5.18943333
  -3.05015240  -5.20159562
  -3.05272036  -5.20455758
  -3.06420180  -5.21923056
  -3.06532417  -5.22092866
  -3.07629206  -5.23413490
  -3.08003941  -5.23877124
  -3.08839417  -5.24903581
  -3.09509927  -5.25725468
  -3.10047575  -5.26394437
  -3.10970824  -5.27610873
  -3.11167468  -5.27883307
  -3.12374244  -5.29375148
  -3.12459857  -5.29473901
  -3.13584944  -5.30865316
  -3.13959734  -5.31329030
  -3.14794576  -5.32355964
  -3.15451753  -5.33189848
  -3.15936601  -5.33822028
  -3.16927288  -5.35063476
  -3.17184156  -5.35359776
  -3.18330918  -5.36828060
  -3.18416544  -5.36926831
  -3.19541569  -5.38318442
  -3.19893551  -5.38707800
  -3.20751443  -5.39809366
  -3.21408720  -5.40643396
  -3.21961117  -5.41300534
  -3.22884649  -5.42517392
  -3.23149509  -5.42813107
  -3.24289153  -5.44281615
  -3.24378389  -5.44378108
  -3.25499098  -5.45772890
  -3.25874002  -5.46236770
  -3.26709474  -5.47263717
  -3.27380287  -5.48086043
  -3.27919522  -5.48755147
  -3.28843478  -5.49879255
  -3.29129180  -5.50247348
  -3.30317197  -5.51663646
  -3.30405734  -5.51760429
  -3.31457678  -5.53228120
  -3.31842922  -5.53682612
  -3.32695356  -5.54697100
  -3.33327789  -5.55459608
  -3.33901586  -5.56187029
  -3.34807510  -5.57425529
  -3.34995764  -5.57701516
  -3.36206356  -5.59193968
  -3.36295619  -5.59290497
  -3.37416932  -5.60685827
  -3.37769069  -5.61075401
  -3.38627433  -5.62177162
  -3.39298456  -5.62999792
  -3.39860800  -5.63644684
  -3.40791982  -5.64864936
  -3.40985747  -5.65138996
  -3.42195358  -5.66630223
  -3.42282405  -5.66726633
  -3.43405659  -5.68121865
  -3.43778216  -5.68588070
  -3.44615366  -5.69613313
  -3.45248314  -5.70376168
  -3.45820972  -5.71103724
  -3.46730669  -5.72247909
  -3.47010648  -5.72621752
  -3.48197375  -5.74038350
  -3.48286077  -5.74135209
  -3.49339106  -5.75604939
  -3.49690818  -5.75994010
  -3.50571214  -5.77071931
  -3.51210028  -5.77836548
  -3.51782118  -5.78564169
  -3.52692751  -5.79708677
  -3.52972284  -5.80081715
  -3.54118775  -5.81550977
  -3.54205533  -5.81647360
  -3.55329376  -5.83043167
  -3.55679260  -5.83434539
  -3.56539262  -5.84535143
  -3.57172731  -5.85298356
  -3.57744255  -5.86026039
  -3.58655825  -5.87170877
  -3.58935407  -5.87543987
  -3.60123548  -5.88960829
  -3.60211184  -5.89058776
  -3.61292727  -5.90505969
  -3.61642667  -5.90897419
  -3.62502707  -5.91998214
  -3.63136439  -5.92761610
  -3.63707398  -5.93489354
  -3.64619908  -5.94634530
  -3.64899539  -5.95007712
  -3.66087758  -5.96424801
  -3.66175250  -5.96522734
  -3.67321785  -5.97993077
  -3.67607092  -5.98361760
  -3.68467172  -5.99462748
  -3.69101169  -6.00226332
  -3.69671564  -6.00954133
  -3.70604763  -6.02081827
  -3.70891427  -6.02449399
  -3.72054496  -6.03889483
  -3.72141263  -6.03987153
  -3.73226099  -6.05437527
  -3.73579436  -6.05818354
  -3.74438620  -6.06931238
  -3.75078221  -6.07680655
  -3.75653013  -6.08426038
  -3.76570704  -6.09548387
  -3.76857419  -6.09916032
  -3.77980447  -6.11411065
  -3.78065866  -6.11511221
  -3.78923045  -6.12910142
  -3.79404168  -6.14416263
  -3.79544693  -6.15746835
  -3.79597586  -6.15936120
  -3.79646489  -6.17427544
  -3.79696153  -6.18919450
  -3.79700738  -6.20410492
  -3.79842025  -6.21902776
  -3.79892430  -6.23394442
  -3.79941412  -6.24886402
  -3.79991115  -6.26378521
  -3.79996238  -6.27868282
  -3.80098118  -6.29361893
  -3.80047347  -6.30889174
  -3.79654470  -6.32368507
  -3.79549903  -6.32546703
  -3.78623075  -6.33858522
  -3.78089142  -6.34346937
  -3.77063548  -6.35372769
  -3.76584757  -6.35821595
  -3.75534250  -6.36812264
  -3.75054512  -6.37259855
  -3.73933094  -6.38278733
  -3.73561665  -6.38651023
  -3.72377095  -6.39790542
  -3.72093137  -6.40063957
  -3.70726588  -6.41302520
  -3.70631787  -6.41393486
  -3.69219406  -6.42768504
  -3.69124430  -6.42859263
  -3.67664738  -6.44188141
  -3.67568439  -6.44280512
  -3.66159977  -6.45566715
  -3.65969765  -6.45747047
  -3.64676142  -6.46964983
  -3.64391035  -6.47236223
  -3.63207118  -6.48376389
  -3.62830466  -6.48747609
  -3.61721247  -6.49772550
  -3.61256964  -6.50238017
  -3.60244741  -6.51182072
  -3.59670556  -6.51725432
  -3.58737701  -6.52554821
  -3.58006496  -6.53216467
  -3.57263645  -6.53961268
  -3.56428466  -6.54722855
  -3.55777779  -6.55357587
  -3.54872439  -6.56218618
  -3.54298361  -6.56680298
  -3.52880377  -6.57676922
  -3.52779029  -6.57755509
  -3.51287442  -6.58584700
  -3.50265603  -6.59142932
  -3.49794485  -6.59409720
  -3.48317727  -6.60172327
  -3.47400138  -6.60666805
  -3.46836038  -6.60930811
  -3.45334756  -6.61735846
  -3.44691558  -6.62118861
  -3.43844929  -6.62564723
  -3.42363747  -6.63320446
  -3.41821679  -6.63625260
  -3.40887867  -6.64090494
  -3.39405245  -6.64833168
  -3.38935787  -6.65108329
  -3.37904157  -6.65647356
  -3.36424734  -6.66403723
  -3.36058169  -6.66598082
  -3.34930189  -6.67227419
  -3.33453148  -6.67987331
  -3.33269354  -6.68084700
  -3.31974807  -6.68751600
  -3.30552881  -6.69532514
  -3.30450663  -6.69606961
  -3.28982205  -6.70294455
  -3.27589123  -6.71039091
  -3.27487320  -6.71115865
  -3.26008317  -6.71874755
  -3.24718510  -6.72545659
  -3.24534138  -6.72641385
  -3.23026747  -6.73438898
  -3.21825408  -6.74011678
  -3.21553371  -6.74119239
  -3.20050385  -6.74726181
  -3.18567534  -6.75115218
  -3.17456132  -6.75501607
  -3.17085031  -6.75597076
  -3.15598948  -6.75974179
  -3.14105335  -6.76412655
  -3.12633876  -6.76830992
  -3.12071941  -6.77009884
  -3.11136783  -6.77271673
  -3.09649344  -6.77641982
  -3.08155819  -6.78080555
  -3.06948962  -6.78456612
  -3.06669093  -6.78546104
  -3.05187311  -6.78939650
  -3.03689074  -6.79359387
  -3.02208510  -6.79754719
  -3.01559202  -6.79948114
  -3.00719223  -6.80212426
  -2.99227165  -6.80657233
  -2.97731469  -6.81097392
  -2.96981270  -6.81354670
  -2.96181295  -6.82179114
  -2.95617922  -6.82825106
         
