# shadow point cont 2D ind 127  size 1191
# norm  0.5424415 -0.8400936  0.0000000
# angle  0.9974557
   3.51136758  -6.83472185
   3.52628214  -6.83050194
   3.52995538  -6.82943682
   3.54123339  -6.82589541
   3.55611315  -6.82219599
   3.57082472  -6.81827559
   3.58294535  -6.81424132
   3.58576237  -6.81342432
   3.60079325  -6.80859600
   3.61562950  -6.80459932
   3.63030897  -6.80057176
   3.63221049  -6.79976109
   3.64527984  -6.79582878
   3.66026856  -6.79163668
   3.67502805  -6.78777056
   3.68409633  -6.78466474
   3.68991978  -6.78286697
   3.70481941  -6.77854677
   3.71965182  -6.77450541
   3.73438098  -6.77050524
   3.73534922  -6.76970012
   3.74954910  -6.76478174
   3.76432308  -6.76157789
   3.77932840  -6.75670552
   3.78379320  -6.75540882
   3.79408425  -6.75231649
   3.80898386  -6.74799669
   3.82380724  -6.74394522
   3.83591116  -6.74017539
   3.83872861  -6.73935885
   3.85375924  -6.73453160
   3.86849988  -6.72969267
   3.87683261  -6.72602904
   3.88343352  -6.72249843
   3.89830965  -6.71506807
   3.90483148  -6.71153477
   3.91336948  -6.70614487
   3.92798042  -6.69918020
   3.93266225  -6.69646740
   3.94304270  -6.69022742
   3.95781030  -6.68254806
   3.95954190  -6.68158184
   3.97259823  -6.67391274
   3.98578019  -6.66693535
   3.98762477  -6.66597883
   4.00228822  -6.65823134
   4.01340650  -6.65151437
   4.01712576  -6.64965718
   4.03193854  -6.64217327
   4.04123120  -6.63677547
   4.04697100  -6.63320126
   4.06175403  -6.62550480
   4.06740584  -6.62212449
   4.07681488  -6.61658386
   4.09158543  -6.60903585
   4.09515442  -6.60704769
   4.10648365  -6.60052322
   4.12127473  -6.59321444
   4.12228068  -6.59240449
   4.13632063  -6.58407299
   4.14833763  -6.57754597
   4.15116755  -6.57575542
   4.16601578  -6.56728475
   4.17353747  -6.56288461
   4.18099869  -6.55738121
   4.19225205  -6.54825651
   4.19596734  -6.54453319
   4.20711318  -6.53336337
   4.21089728  -6.52970383
   4.22220834  -6.51870397
   4.22597944  -6.51504913
   4.23800037  -6.50381421
   4.24078686  -6.50102195
   4.25355847  -6.48869154
   4.25545878  -6.48686284
   4.26865378  -6.47403340
   4.27051145  -6.47217200
   4.28441430  -6.45912159
   4.28537484  -6.45821421
   4.29930744  -6.44425425
   4.30023628  -6.44332360
   4.31463385  -6.42983307
   4.31556270  -6.42890244
   4.32970728  -6.41512099
   4.33066920  -6.41422884
   4.34454499  -6.40113909
   4.34646074  -6.39934404
   4.35922278  -6.38703096
   4.36200936  -6.38423930
   4.37408454  -6.37214228
   4.37687113  -6.36935069
   4.38911322  -6.35738674
   4.39197736  -6.35468216
   4.40385873  -6.34245999
   4.40650211  -6.33962844
   4.41431555  -6.32558160
   4.41651805  -6.31033413
   4.41743962  -6.29534335
   4.41742148  -6.28034826
   4.41738420  -6.26542690
   4.41734700  -6.25050596
   4.41730989  -6.23558544
   4.41727285  -6.22066535
   4.41814759  -6.20581758
   4.41812995  -6.19082896
   4.41809315  -6.17591010
   4.41805644  -6.16099167
   4.41801980  -6.14607365
   4.41553630  -6.13055624
   4.40806208  -6.11505990
   4.40515145  -6.11141398
   4.39579229  -6.10015860
   4.39052974  -6.09426248
   4.38294916  -6.08519549
   4.37541062  -6.07661017
   4.36975988  -6.07023268
   4.36017759  -6.05916196
   4.35663587  -6.05528668
   4.34533533  -6.04230311
   4.34364861  -6.04035491
   4.33137336  -6.02540731
   4.33047020  -6.02444593
   4.31845661  -6.01048029
   4.31554819  -6.00683432
   4.30559769  -5.99519054
   4.30069509  -5.98981034
   4.29303871  -5.98094510
   4.28571681  -5.97222601
   4.27995978  -5.96566154
   4.27059492  -5.95552129
   4.26614234  -5.95072460
   4.25613456  -5.93848788
   4.25395681  -5.93578780
   4.24123907  -5.92145231
   4.24034024  -5.92048765
   4.22851403  -5.90617725
   4.22582296  -5.90328376
   4.21480589  -5.89098647
   4.21095375  -5.88642554
   4.20224926  -5.87623466
   4.19646844  -5.86926734
   4.18948439  -5.86111293
   4.18127428  -5.85179482
   4.17658046  -5.84619285
   4.16618887  -5.83414150
   4.16348416  -5.83125883
   4.15175766  -5.81679191
   4.15084861  -5.81583729
   4.13806417  -5.80163699
   4.13627634  -5.79970429
   4.12504253  -5.78671653
   4.12129477  -5.78206525
   4.11218103  -5.77157119
   4.10656917  -5.76505429
   4.09929673  -5.75663704
   4.09153172  -5.74738299
   4.08614381  -5.74168843
   4.07665517  -5.73056634
   4.07305290  -5.72674653
   4.06156842  -5.71301145
   4.06070765  -5.71206357
   4.04763802  -5.69712735
   4.04674771  -5.69615883
   4.03488997  -5.68198079
   4.03202268  -5.67830669
   4.02204488  -5.66672903
   4.01715441  -5.66134623
   4.00893978  -5.65218621
   4.00226991  -5.64453876
   3.99575332  -5.63720400
   3.98715023  -5.62701844
   3.98265272  -5.62226039
   3.97228581  -5.61020327
   3.96965666  -5.60735293
   3.95789127  -5.59287822
   3.95700521  -5.59190714
   3.94417347  -5.57771813
   3.94215564  -5.57505230
   3.93180498  -5.56303512
   3.92718008  -5.55741107
   3.91868562  -5.54783340
   3.91299233  -5.54091315
   3.90546147  -5.53241966
   3.89767196  -5.52349770
   3.89293498  -5.51803575
   3.88280179  -5.50669106
   3.87992330  -5.50312981
   3.86791915  -5.48979650
   3.86685491  -5.48819805
   3.85379499  -5.47327134
   3.85267478  -5.47156633
   3.84105046  -5.45813307
   3.83818476  -5.45446110
   3.82885733  -5.44323164
   3.82324988  -5.43672046
   3.81507093  -5.42800462
   3.80839393  -5.41991443
   3.80270702  -5.41334179
   3.79311277  -5.40248420
   3.78956596  -5.39870852
   3.77851680  -5.38545259
   3.77737397  -5.38375722
   3.76436156  -5.36885232
   3.76347192  -5.36788466
   3.75064610  -5.35370111
   3.74862325  -5.35104356
   3.73829906  -5.33903032
   3.73367659  -5.33340950
   3.72540042  -5.32385093
   3.71894686  -5.31645249
   3.71236255  -5.30893747
   3.70387282  -5.29890797
   3.69942746  -5.29405007
   3.68884109  -5.28127826
   3.68703658  -5.27936258
   3.67468153  -5.26469222
   3.67379612  -5.26372198
   3.66097728  -5.24954570
   3.65896107  -5.24688206
   3.64796155  -5.23464492
   3.64421877  -5.23000028
   3.63512989  -5.21952380
   3.62952526  -5.21301631
   3.62203919  -5.20456069
   3.61467472  -5.19621957
   3.60911796  -5.18968289
   3.59965734  -5.17857906
   3.59672043  -5.17499585
   3.58458404  -5.16104860
   3.58371061  -5.16009977
   3.57063479  -5.14517321
   3.56972502  -5.14422205
   3.55762204  -5.13027524
   3.55493572  -5.12738775
   3.54461129  -5.11538034
   3.53976282  -5.10901703
   3.53196000  -5.10030172
   3.52536467  -5.09268043
   3.51883349  -5.08534568
   3.51026738  -5.07517842
   3.50642509  -5.07065671
   3.49518502  -5.05766127
   3.49341573  -5.05576478
   3.48100942  -5.04106253
   3.48014201  -5.04011390
   3.46797758  -5.02615754
   3.46537748  -5.02325522
   3.45522412  -5.01104152
   3.45073563  -5.00623984
   3.44215106  -4.99612103
   3.43589557  -4.98943642
   3.42920944  -4.98126541
   3.42066881  -4.97108379
   3.41615022  -4.96634503
   3.40581314  -4.95429588
   3.40310714  -4.95143659
   3.39141194  -4.93699973
   3.39051178  -4.93604246
   3.37772018  -4.92187497
   3.37594179  -4.91993984
   3.36497300  -4.90675210
   3.36146104  -4.90285632
   3.35211993  -4.89159135
   3.34655732  -4.88514165
   3.33909401  -4.87669355
   3.33155691  -4.86844916
   3.32589557  -4.86206106
   3.31646567  -4.85095283
   3.31285225  -4.84715281
   3.30138896  -4.83343963
   3.30048753  -4.83248284
   3.28771396  -4.81735219
   3.28680478  -4.81640178
   3.27470312  -4.80246517
   3.27178792  -4.79884933
   3.26169333  -4.78758063
   3.25707636  -4.78196717
   3.24963626  -4.77272304
   3.24224298  -4.76418368
   3.23582971  -4.75753093
   3.22714067  -4.74763221
   3.22327238  -4.74311347
   3.21250456  -4.73071120
   3.21050861  -4.72799397
   3.19815537  -4.71333777
   3.19724960  -4.71237892
   3.18355898  -4.69822763
   3.18246407  -4.69649607
   3.17143273  -4.68331188
   3.16754671  -4.67881327
   3.15816557  -4.66864428
   3.15257275  -4.66123333
   3.14560937  -4.65329010
   3.13798900  -4.64422207
   3.13332033  -4.63865868
   3.12323086  -4.62734130
   3.11957002  -4.62351105
   3.10791090  -4.61005772
   3.10700985  -4.60910142
   3.09425751  -4.59398981
   3.09336926  -4.59302394
   3.08190759  -4.57931261
   3.07832060  -4.57548437
   3.06888953  -4.56442524
   3.06349881  -4.55868486
   3.05517494  -4.54930513
   3.04877715  -4.54270738
   3.04053187  -4.53418424
   3.03372903  -4.52791565
   3.02353080  -4.51950213
   3.01888369  -4.51577882
   3.00509888  -4.50438137
   3.00411364  -4.50352510
   2.98944532  -4.49218799
   2.98651158  -4.48948884
   2.97450825  -4.48013849
   2.96792485  -4.47459690
   2.95950542  -4.46815578
   2.94990986  -4.46019020
   2.94439272  -4.45546579
   2.93169097  -4.44481652
   2.92972860  -4.44309030
   2.91506909  -4.43171557
   2.91235596  -4.42970073
   2.90013919  -4.41966654
   2.89453495  -4.41503815
   2.88533256  -4.40752098
   2.87626007  -4.39993561
   2.87052010  -4.39527214
   2.85825690  -4.38525919
   2.85550108  -4.38335372
   2.84050112  -4.37149927
   2.83953906  -4.37060728
   2.82569915  -4.35934459
   2.82114310  -4.35548913
   2.81098043  -4.34705422
   2.80263154  -4.34038292
   2.79606266  -4.33500184
   2.78469225  -4.32592487
   2.78102735  -4.32310749
   2.76650449  -4.31145214
   2.76551513  -4.31060481
   2.75144901  -4.29966492
   2.74755135  -4.29617105
   2.73642537  -4.28685381
   2.72921985  -4.28107965
   2.72186826  -4.27525303
   2.71054677  -4.26617311
   2.70659446  -4.26277495
   2.69275530  -4.25154568
   2.69177236  -4.25064348
   2.67687211  -4.23859204
   2.67416057  -4.23663487
   2.66254655  -4.22772163
   2.65582812  -4.22154903
   2.64745827  -4.21487520
   2.63771395  -4.20713231
   2.63221327  -4.20241016
   2.61935475  -4.19198703
   2.61738551  -4.19027582
   2.60270103  -4.17891712
   2.60005842  -4.17689242
   2.58798630  -4.16663286
   2.58238683  -4.16200699
   2.57309898  -4.15456718
   2.56386759  -4.14714770
   2.55816643  -4.14254877
   2.54598775  -4.13250171
   2.54326517  -4.13052140
   2.52837201  -4.11849664
   2.52741043  -4.11760519
   2.51357235  -4.10634999
   2.50902568  -4.10249600
   2.49877982  -4.09414416
   2.49049363  -4.08763639
   2.48409380  -4.08273967
   2.47186493  -4.07273777
   2.46915970  -4.07077533
   2.45427234  -4.05874946
   2.45329642  -4.05786260
   2.43936723  -4.04670570
   2.43473317  -4.04298978
   2.42457454  -4.03456148
   2.41712724  -4.02813341
   2.40958254  -4.02167545
   2.39850948  -4.01323763
   2.39484063  -4.01039190
   2.38068584  -3.99859046
   2.37969810  -3.99773228
   2.36497511  -3.98643132
   2.36138194  -3.98349511
   2.35018404  -3.97423632
   2.34354657  -3.96883860
   2.33530238  -3.96217997
   2.32419468  -3.95373333
   2.32040969  -3.95105150
   2.30559326  -3.94079799
   2.30286382  -3.93886437
   2.29105962  -3.93099169
   2.28156067  -3.92401612
   2.27593517  -3.92022103
   2.26098524  -3.91017418
   2.25921084  -3.90910909
   2.24635199  -3.90056994
   2.23697868  -3.89404290
   2.23137772  -3.89047220
   2.21642723  -3.88042655
   2.21465361  -3.87936134
   2.20179472  -3.87082306
   2.19326026  -3.86448143
   2.18661367  -3.86013076
   2.17202685  -3.85051540
   2.17103413  -3.84961931
   2.15714351  -3.84024962
   2.14880724  -3.83477858
   2.14226934  -3.83005309
   2.12747353  -3.82069551
   2.12648086  -3.81987623
   2.11259176  -3.81050698
   2.10498559  -3.80521246
   2.09771860  -3.80031112
   2.08292288  -3.79095447
   2.08192978  -3.79013539
   2.06810680  -3.78069647
   2.06057676  -3.77526355
   2.05317002  -3.77057138
   2.03894517  -3.76082316
   2.03794565  -3.76000122
   2.02334129  -3.75034373
   2.01602934  -3.74552586
   2.00848658  -3.74013005
   1.99454949  -3.73085724
   1.99354077  -3.73005691
   1.97886514  -3.72051924
   1.97238084  -3.71577764
   1.96387047  -3.71050372
   1.95072419  -3.70139098
   1.94899695  -3.70032237
   1.93432034  -3.69078581
   1.92788000  -3.68606631
   1.91953673  -3.68043711
   1.90636937  -3.67142378
   1.90459833  -3.67036999
   1.88989422  -3.66086445
   1.88332732  -3.65632640
   1.87499643  -3.65070606
   1.86182787  -3.64169383
   1.86005810  -3.64063985
   1.84520973  -3.63043084
   1.83972255  -3.62660456
   1.83024948  -3.62038247
   1.81728834  -3.61196597
   1.81551983  -3.61091180
   1.80067125  -3.60070369
   1.79518431  -3.59687768
   1.78592165  -3.59032221
   1.77291047  -3.58200802
   1.77092355  -3.58034665
   1.75632168  -3.57070958
   1.75078571  -3.56693178
   1.74138719  -3.56059742
   1.72743092  -3.55226416
   1.72642856  -3.55148918
   1.71175248  -3.54371687
   1.70055722  -3.53745682
   1.69690851  -3.53541669
   1.68211134  -3.52693613
   1.67455562  -3.52254068
   1.66722293  -3.51863431
   1.65229631  -3.51047160
   1.64765783  -3.50768505
   1.63735183  -3.50228448
   1.62263807  -3.49464093
   1.61982895  -3.49282518
   1.60792614  -3.48695661
   1.59365981  -3.47831861
   1.59263938  -3.47757564
   1.57816868  -3.47032999
   1.56509878  -3.46310694
   1.56325179  -3.46213354
   1.54839852  -3.45381032
   1.53773418  -3.44781980
   1.53374864  -3.44589495
   1.51873148  -3.43799681
   1.51129475  -3.43337949
   1.50396158  -3.42946266
   1.48917193  -3.42196405
   1.48346474  -3.41850967
   1.47415265  -3.41300633
   1.45943932  -3.40531548
   1.45572919  -3.40345793
   1.44447109  -3.39721822
   1.42975860  -3.38952749
   1.42873832  -3.38878469
   1.41491852  -3.38116985
   1.40184244  -3.37395098
   1.40000164  -3.37297610
   1.38523875  -3.36538286
   1.37470049  -3.35936304
   1.37014004  -3.35660152
   1.35548309  -3.34884615
   1.34804729  -3.34422983
   1.34072043  -3.34031197
   1.32593032  -3.33281605
   1.32022384  -3.32936243
   1.31085674  -3.32396983
   1.29613465  -3.31633404
   1.29332625  -3.31451906
   1.28117913  -3.30818516
   1.26660311  -3.30121146
   1.26193278  -3.29919391
   1.25166085  -3.29637588
   1.23679535  -3.29477136
   1.22188055  -3.29439009
   1.20704206  -3.29438507
   1.19220364  -3.29438014
   1.17736540  -3.29395050
   1.16252699  -3.29437047
   1.14768889  -3.29393890
   1.13285059  -3.29436110
   1.11808801  -3.29379664
   1.10317471  -3.29342404
   1.08833673  -3.29341961
   1.07349881  -3.29341524
   1.05866094  -3.29341095
   1.04382314  -3.29340673
   1.02898539  -3.29340259
   1.01414769  -3.29339851
   0.99931005  -3.29339451
   0.98447247  -3.29339058
   0.96963493  -3.29338672
   0.95479745  -3.29338294
   0.93996002  -3.29337922
   0.92512264  -3.29337558
   0.91028556  -3.29292884
   0.89544828  -3.29292433
   0.88061105  -3.29291990
   0.86577387  -3.29291555
   0.85093673  -3.29291127
   0.83620665  -3.29315653
   0.82126241  -3.29262084
   0.80642566  -3.29242110
   0.79158869  -3.29241811
   0.77675177  -3.29241519
   0.76191488  -3.29241235
   0.74707804  -3.29240957
   0.73224123  -3.29240687
   0.71740447  -3.29240424
   0.70256773  -3.29240168
   0.68773104  -3.29239919
   0.67289473  -3.29193776
   0.65805812  -3.29193444
   0.64322116  -3.29239217
   0.62838497  -3.29192802
   0.61354845  -3.29192493
   0.59871157  -3.29238579
   0.58387549  -3.29191896
   0.56903906  -3.29191608
   0.55420265  -3.29191328
   0.53936627  -3.29191055
   0.52452992  -3.29190790
   0.50976391  -3.29177501
   0.49492793  -3.29084465
   0.47993927  -3.29064831
   0.46518521  -3.29097014
   0.45026655  -3.29157157
   0.43558200  -3.29176325
   0.42067657  -3.29096351
   0.40584040  -3.29096145
   0.39100424  -3.29095947
   0.37616810  -3.29095756
   0.36133198  -3.29095572
   0.34649587  -3.29095395
   0.33165978  -3.29095226
   0.31682318  -3.29141458
   0.30198763  -3.29094911
   0.28715158  -3.29094764
   0.27231553  -3.29094624
   0.25747950  -3.29094492
   0.24264347  -3.29094368
   0.22780746  -3.29094250
   0.21303934  -3.29081116
   0.19813541  -3.29047643
   0.18329941  -3.29047548
   0.16846341  -3.29047461
   0.15362801  -3.29000987
   0.13879203  -3.29000914
   0.12395544  -3.29047243
   0.10911946  -3.29047185
   0.09428409  -3.29000740
   0.07944748  -3.29047091
   0.06461212  -3.29000661
   0.04977550  -3.29047027
   0.03500659  -3.28987585
   0.02002561  -3.28968137
   0.00526816  -3.29000592
  -0.00950177  -3.28987564
  -0.02448205  -3.28968138
  -0.03917404  -3.28987586
  -0.05415386  -3.28968176
  -0.06884635  -3.28987639
  -0.08382571  -3.28968244
  -0.09851870  -3.28987720
  -0.11341950  -3.28908020
  -0.12825558  -3.28908080
  -0.14309168  -3.28908148
  -0.15792779  -3.28908223
  -0.17276392  -3.28908305
  -0.18760006  -3.28908395
  -0.20243622  -3.28908492
  -0.21727240  -3.28908597
  -0.23210860  -3.28908709
  -0.24694482  -3.28908829
  -0.26178107  -3.28908956
  -0.27661733  -3.28909090
  -0.29138982  -3.28896182
  -0.30629004  -3.28862987
  -0.32112638  -3.28863144
  -0.33596274  -3.28863307
  -0.35079832  -3.28817083
  -0.36563555  -3.28863657
  -0.38047117  -3.28817448
  -0.39530764  -3.28817641
  -0.41014414  -3.28817842
  -0.42498068  -3.28818050
  -0.43975465  -3.28805202
  -0.45472858  -3.28786019
  -0.46949047  -3.28818719
  -0.48432713  -3.28818957
  -0.49916383  -3.28819202
  -0.51400057  -3.28819454
  -0.52877548  -3.28806638
  -0.54367341  -3.28727192
  -0.55851025  -3.28727467
  -0.57334714  -3.28727749
  -0.58818407  -3.28728038
  -0.60302104  -3.28728335
  -0.61785806  -3.28728639
  -0.63269512  -3.28728951
  -0.64753222  -3.28729270
  -0.66236937  -3.28729596
  -0.67720656  -3.28729930
  -0.69204380  -3.28730271
  -0.70688109  -3.28730620
  -0.72165814  -3.28717870
  -0.73655600  -3.28684946
  -0.75143570  -3.28652673
  -0.76617082  -3.28718973
  -0.78106747  -3.28639683
  -0.79590507  -3.28640076
  -0.81074272  -3.28640476
  -0.82558042  -3.28640883
  -0.84041818  -3.28641298
  -0.85525600  -3.28641721
  -0.87009387  -3.28642150
  -0.88493180  -3.28642588
  -0.89976980  -3.28643032
  -0.91460678  -3.28597086
  -0.92944489  -3.28597545
  -0.94428307  -3.28598012
  -0.95912239  -3.28644884
  -0.97392119  -3.28582629
  -0.98891053  -3.28531952
  -1.00356854  -3.28551561
  -1.01857103  -3.28528214
  -1.03320177  -3.28566758
  -1.04815254  -3.28508698
  -1.06299125  -3.28509223
  -1.07783003  -3.28509757
  -1.09275158  -3.28527600
  -1.10747750  -3.28505106
  -1.12234563  -3.28465000
  -1.13718586  -3.28511963
  -1.15202501  -3.28512533
  -1.16686423  -3.28513110
  -1.18170234  -3.28467295
  -1.19669183  -3.28626953
  -1.21180918  -3.28967201
  -1.22712897  -3.29547698
  -1.23091028  -3.29717550
  -1.24244662  -3.30334626
  -1.25680069  -3.31063539
  -1.25973460  -3.31219380
  -1.27216435  -3.31848316
  -1.28647118  -3.32657847
  -1.28830675  -3.32754532
  -1.30133801  -3.33479431
  -1.31592469  -3.34181548
  -1.31696618  -3.34251830
  -1.33133362  -3.34998578
  -1.34508825  -3.35695917
  -1.34616277  -3.35761692
  -1.36072212  -3.36546125
  -1.37295099  -3.37180453
  -1.37585097  -3.37345067
  -1.39041567  -3.38125990
  -1.40007867  -3.38631621
  -1.40553723  -3.38930006
  -1.42010993  -3.39705924
  -1.42861093  -3.40140824
  -1.43526024  -3.40481959
  -1.44980492  -3.41285926
  -1.45722856  -3.41657725
  -1.46508819  -3.42077786
  -1.47925232  -3.42822540
  -1.48506851  -3.43144858
  -1.49465113  -3.43642223
  -1.50919621  -3.44353288
  -1.51398537  -3.44602425
  -1.52420591  -3.45171779
  -1.53889343  -3.45933496
  -1.54182651  -3.46089713
  -1.55388108  -3.46754402
  -1.56861769  -3.47484483
  -1.57050838  -3.47569566
  -1.58386956  -3.48306202
  -1.59804927  -3.49049165
  -1.59907481  -3.49122716
  -1.61340202  -3.49902271
  -1.62693239  -3.50596042
  -1.62800993  -3.50656753
  -1.64278781  -3.51445333
  -1.65475448  -3.52086216
  -1.65771340  -3.52233909
  -1.67254002  -3.52998880
  -1.68294423  -3.53537737
  -1.68765606  -3.53803918
  -1.70215426  -3.54718151
  -1.70703738  -3.55051405
  -1.71736216  -3.55688623
  -1.73112473  -3.56536162
  -1.73218673  -3.56606272
  -1.74699290  -3.57555023
  -1.75370055  -3.57986410
  -1.76223473  -3.58519450
  -1.77667529  -3.59422294
  -1.77843862  -3.59529737
  -1.79188906  -3.60383243
  -1.80108571  -3.60954915
  -1.80674184  -3.61313077
  -1.82132539  -3.62267769
  -1.82495890  -3.62467880
  -1.83628015  -3.63210847
  -1.84814480  -3.63969991
  -1.85099454  -3.64145224
  -1.86588758  -3.65057366
  -1.87166136  -3.65393266
  -1.88119357  -3.66040785
  -1.89481553  -3.66908780
  -1.89587542  -3.66980470
  -1.91038188  -3.67876194
  -1.91814614  -3.68380434
  -1.92554096  -3.68871778
  -1.93984607  -3.69770878
  -1.94267283  -3.69950007
  -1.95494825  -3.70759089
  -1.96516966  -3.71390244
  -1.96988205  -3.71656701
  -1.98465969  -3.72619211
  -1.98926170  -3.72904696
  -1.99958569  -3.73542509
  -2.01336219  -3.74389924
  -2.01442272  -3.74460381
  -2.02922869  -3.75409567
  -2.03593572  -3.75841592
  -2.04446913  -3.76375211
  -2.05891832  -3.77277682
  -2.06068730  -3.77384377
  -2.07387519  -3.78263979
  -2.08338938  -3.78826750
  -2.08882085  -3.79207886
  -2.10330522  -3.80082128
  -2.10722692  -3.80324508
  -2.11853598  -3.81068479
  -2.13038732  -3.81845783
  -2.13317338  -3.82031829
  -2.14809151  -3.82944449
  -2.15374493  -3.83303606
  -2.16321264  -3.83943640
  -2.17680429  -3.84808374
  -2.17786393  -3.84879043
  -2.19246813  -3.85755805
  -2.20118702  -3.86278595
  -2.20781921  -3.86732421
  -2.22216902  -3.87627228
  -2.22499670  -3.87806446
  -2.23724977  -3.88619851
  -2.24826433  -3.89292050
  -2.25211022  -3.89550352
  -2.26697092  -3.90480878
  -2.27157510  -3.90766395
  -2.28189850  -3.91404841
  -2.29410005  -3.92250583
  -2.29677197  -3.92451386
  -2.31144932  -3.93492892
  -2.31443453  -3.93745045
  -2.32645873  -3.94694142
  -2.33304112  -3.95242612
  -2.34148381  -3.95876748
  -2.35256167  -3.96720068
  -2.35673969  -3.97057639
  -2.37095195  -3.98132681
  -2.37194832  -3.98216039
  -2.38600739  -3.99325366
  -2.39144991  -3.99715096
  -2.40100101  -4.00431317
  -2.41034636  -4.01176916
  -2.41591879  -4.01636886
  -2.42962434  -4.02678356
  -2.43064544  -4.02758803
  -2.44540404  -4.03900951
  -2.44907555  -4.04185744
  -2.46016207  -4.05015995
  -2.46816382  -4.05611692
  -2.47544680  -4.06192030
  -2.48807345  -4.07164360
  -2.49003270  -4.07337566
  -2.50468568  -4.08480953
  -2.50664855  -4.08653560
  -2.51980514  -4.09655254
  -2.52624926  -4.10128675
  -2.53473991  -4.10766451
  -2.54579795  -4.11627693
  -2.54963885  -4.11973902
  -2.56418573  -4.13035885
  -2.56517120  -4.13121501
  -2.57928030  -4.14215976
  -2.58400995  -4.14577275
  -2.59427133  -4.15322820
  -2.60361420  -4.16068801
  -2.60919133  -4.16528926
  -2.62286392  -4.17586317
  -2.62383902  -4.17673708
  -2.63871024  -4.18790676
  -2.64238278  -4.19075578
  -2.65341445  -4.19923238
  -2.66107494  -4.20545020
  -2.66851105  -4.21103540
  -2.68063984  -4.22032735
  -2.68335302  -4.22228581
  -2.69823674  -4.23436214
  -2.69921847  -4.23522550
  -2.71313089  -4.24547787
  -2.71886104  -4.24992986
  -2.72820193  -4.25724892
  -2.73842439  -4.26494262
  -2.74295320  -4.26869672
  -2.75752923  -4.27929067
  -2.75851501  -4.28014716
  -2.77247386  -4.29121920
  -2.77724474  -4.29476597
  -2.78764694  -4.30309040
  -2.79594984  -4.30968838
  -2.80231935  -4.31453776
  -2.81531737  -4.32464842
  -2.81732646  -4.32629783
  -2.83215077  -4.33760013
  -2.83489534  -4.33952320
  -2.84693382  -4.34900006
  -2.85425817  -4.35472710
  -2.86193372  -4.36089501
  -2.87304442  -4.36931010
  -2.87683496  -4.37217698
  -2.89148418  -4.38341562
  -2.89325943  -4.38446828
  -2.90651846  -4.39445530
  -2.91222761  -4.39893936
  -2.92148427  -4.40650018
  -2.93157152  -4.41403608
  -2.93637700  -4.41779082
  -2.95019149  -4.42892806
  -2.95118212  -4.42977635
  -2.96611649  -4.44080854
  -2.96991906  -4.44348293
  -2.98103445  -4.45211592
  -2.98940007  -4.45886659
  -2.99579608  -4.46430750
  -3.00868138  -4.47383262
  -3.01064229  -4.47556647
  -3.02543792  -4.48797370
  -3.02636827  -4.48890489
  -3.03972510  -4.50356250
  -3.04063232  -4.50451469
  -3.05186263  -4.51845808
  -3.05544855  -4.52235122
  -3.06405042  -4.53335920
  -3.07039450  -4.54094388
  -3.07609292  -4.54830121
  -3.08537137  -4.55948456
  -3.08823399  -4.56315186
  -3.09986864  -4.57752167
  -3.10073173  -4.57850474
  -3.11164425  -4.59296782
  -3.11522987  -4.59766691
  -3.12340447  -4.60784968
  -3.13019346  -4.61618148
  -3.13566464  -4.62279079
  -3.14494478  -4.63397599
  -3.14845706  -4.63787214
  -3.15944262  -4.65201565
  -3.16030582  -4.65299889
  -3.17112274  -4.66744720
  -3.17459575  -4.67133418
  -3.18319885  -4.68234541
  -3.18954467  -4.68993250
  -3.19524471  -4.69729214
  -3.20437185  -4.70865350
  -3.20779712  -4.71260265
  -3.21861366  -4.72705387
  -3.21947698  -4.72803726
  -3.23070712  -4.74195552
  -3.23418195  -4.74584339
  -3.24278569  -4.75685628
  -3.24920182  -4.76433810
  -3.25502237  -4.77159022
  -3.26377929  -4.78333898
  -3.26649418  -4.78711885
  -3.27813411  -4.80156553
  -3.27901922  -4.80253538
  -3.29019622  -4.81646987
  -3.29400600  -4.82110912
  -3.30238112  -4.83137921
  -3.30895695  -4.83971827
  -3.31443045  -4.84633080
  -3.32355680  -4.85769510
  -3.32635103  -4.86142148
  -3.33752816  -4.87632727
  -3.33838474  -4.87731493
  -3.34980104  -4.89100291
  -3.35360954  -4.89564268
  -3.36198527  -4.90591437
  -3.36833381  -4.91350520
  -3.37403638  -4.92086843
  -3.38319566  -4.93318540
  -3.38569292  -4.93618476
  -3.39734635  -4.95063868
  -3.39823171  -4.95160886
  -3.40951214  -4.96555330
  -3.41322191  -4.97018862
  -3.42159828  -4.98046191
  -3.42817608  -4.98880374
  -3.43365118  -4.99541848
  -3.44277682  -5.00678581
  -3.44557191  -5.01051341
  -3.45702981  -5.02519888
  -3.45789362  -5.02618294
  -3.46886275  -5.04033688
  -3.47257483  -5.04495716
  -3.48104119  -5.05502800
  -3.48779907  -5.06336524
  -3.49327499  -5.06998112
  -3.50240030  -5.08134999
  -3.50519583  -5.08507821
  -3.51637814  -5.09999142
  -3.51723509  -5.10097958
  -3.52849027  -5.11490674
  -3.53220574  -5.11952841
  -3.54060277  -5.12982257
  -3.54705143  -5.13826812
  -3.55241838  -5.14496160
  -3.56183217  -5.15603411
  -3.56475216  -5.15965586
  -3.57601300  -5.17457154
  -3.57687009  -5.17555987
  -3.58830994  -5.18926033
  -3.59207757  -5.19398427
  -3.60024138  -5.20440787
  -3.60690370  -5.21261613
  -3.61251249  -5.21912852
  -3.62148078  -5.23068355
  -3.62419825  -5.23446716
  -3.63565719  -5.24916461
  -3.63651440  -5.25015312
  -3.64777308  -5.26408514
  -3.65149539  -5.26870965
  -3.65925700  -5.27878178
  -3.66634010  -5.28745466
  -3.67170873  -5.29415049
  -3.68113326  -5.30522848
  -3.68405417  -5.30885152
  -3.69531082  -5.32377082
  -3.69616817  -5.32475950
  -3.70670461  -5.33846444
  -3.71110093  -5.34339166
  -3.71941398  -5.35363138
  -3.72621914  -5.36183048
  -3.73182967  -5.36834523
  -3.74078857  -5.37990130
  -3.74350694  -5.38368623
  -3.75497405  -5.39839031
  -3.75583153  -5.39937918
  -3.76637333  -5.41308733
  -3.77082300  -5.41794362
  -3.77921399  -5.42824259
  -3.78566684  -5.43669405
  -3.79040469  -5.44316772
  -3.80051926  -5.45538796
  -3.80314510  -5.45832376
  -3.81435571  -5.47324435
  -3.81521954  -5.47421750
  -3.82671379  -5.48795484
  -3.83044357  -5.49265155
  -3.83877391  -5.50289682
  -3.84534483  -5.51133396
  -3.85071609  -5.51803341
  -3.85997264  -5.52928118
  -3.86282768  -5.53296807
  -3.87429596  -5.54767140
  -3.87517748  -5.54864630
  -3.88640219  -5.56260495
  -3.89018962  -5.56723163
  -3.89857771  -5.57753305
  -3.90503274  -5.58598757
  -3.91040489  -5.59268825
  -3.91967621  -5.60486293
  -3.92223110  -5.60784104
  -3.93371586  -5.62255785
  -3.93460459  -5.62352668
  -3.94610061  -5.63726889
  -3.94976480  -5.64202507
  -3.95724332  -5.65221517
  -3.96458471  -5.66075767
  -3.97009353  -5.66736355
  -3.97937610  -5.67953370
  -3.98193141  -5.68251239
  -3.99369628  -5.69700718
  -3.99458136  -5.69798915
  -4.00580916  -5.71194683
  -4.00953201  -5.71664423
  -4.01708865  -5.72687647
  -4.02429498  -5.73543972
  -4.02915445  -5.74181770
  -4.03903721  -5.75426081
  -4.04100714  -5.75698044
  -4.05314404  -5.77191288
  -4.05403010  -5.77289173
  -4.06486568  -5.78640753
  -4.06940578  -5.79216954
  -4.07668335  -5.80159161
  -4.08408521  -5.81101997
  -4.08860186  -5.81673454
  -4.09875948  -5.82896040
  -4.10138186  -5.83191687
  -4.11286049  -5.84662454
  -4.11373651  -5.84760412
  -4.12433460  -5.86134121
  -4.12893480  -5.86700622
  -4.13641894  -5.87630131
  -4.14397646  -5.88559426
  -4.14860780  -5.89122696
  -4.15853761  -5.90363098
  -4.16046599  -5.90638788
  -4.17259621  -5.92134207
  -4.17347238  -5.92232185
  -4.18407349  -5.93606186
  -4.18867291  -5.94172758
  -4.19616510  -5.95102555
  -4.20371814  -5.96031949
  -4.20835030  -5.96595331
  -4.21823559  -5.97840291
  -4.22020660  -5.98112409
  -4.23169549  -5.99584554
  -4.23344812  -5.99780549
  -4.24382306  -6.01079714
  -4.24842171  -6.01646356
  -4.25569538  -6.02591956
  -4.26335391  -6.03515140
  -4.26808791  -6.04070047
  -4.27774018  -6.05330509
  -4.27969442  -6.05610783
  -4.29116857  -6.07081529
  -4.29284052  -6.07280458
  -4.30144417  -6.08574329
  -4.30666105  -6.10073901
  -4.30671228  -6.11547051
  -4.30583400  -6.13034980
  -4.30493882  -6.14526537
  -4.30404370  -6.16018131
  -4.30314865  -6.17509763
  -4.30270212  -6.19005273
  -4.30182248  -6.20495951
  -4.30092763  -6.21987694
  -4.30007215  -6.23465565
  -4.29914147  -6.24965890
  -4.29607666  -6.26428206
  -4.29261151  -6.27148761
  -4.28834953  -6.27912092
  -4.27828251  -6.28999965
  -4.27456918  -6.29371958
  -4.26331625  -6.30575608
  -4.26058496  -6.30859596
  -4.24857606  -6.31975975
  -4.24486278  -6.32347986
  -4.23383967  -6.33480075
  -4.23087804  -6.33835712
  -4.21876851  -6.35028488
  -4.21593375  -6.35302137
  -4.20401715  -6.36440253
  -4.20030395  -6.36812290
  -4.18893338  -6.37998328
  -4.18614849  -6.38277362
  -4.17419659  -6.39504341
  -4.17146541  -6.39788368
  -4.15958628  -6.41015432
  -4.15685957  -6.41299846
  -4.14460922  -6.42486369
  -4.14182438  -6.42765423
  -4.12952324  -6.43951350
  -4.12673843  -6.44230411
  -4.11467094  -6.45439696
  -4.11188614  -6.45718764
  -4.09993282  -6.46945935
  -4.09652180  -6.47253025
  -4.08520019  -6.48439826
  -4.08241543  -6.48718909
  -4.07024769  -6.49911347
  -4.06741309  -6.50185065
  -4.05549620  -6.51416777
  -4.05271146  -6.51695873
  -4.04069232  -6.52805437
  -4.03612584  -6.53186231
  -4.02596350  -6.53896931
  -4.01375585  -6.54638251
  -4.01096888  -6.54824099
  -3.99638396  -6.55585616
  -3.98676527  -6.56137913
  -3.98140632  -6.56501937
  -3.96669200  -6.57275507
  -3.96017520  -6.57644785
  -3.95178215  -6.58093034
  -3.93678372  -6.58923107
  -3.93395574  -6.59102105
  -3.92204827  -6.59764736
  -3.90728785  -6.60545376
  -3.90628290  -6.60626335
  -3.89231489  -6.61436509
  -3.88094756  -6.62071481
  -3.87733508  -6.62273933
  -3.86257933  -6.63015076
  -3.85384292  -6.63540930
  -3.84745830  -6.63917859
  -3.83288741  -6.64705218
  -3.82718955  -6.65054828
  -3.81798095  -6.65522979
  -3.80301437  -6.66365510
  -3.80021256  -6.66549049
  -3.78824929  -6.67195006
  -3.77407222  -6.68014774
  -3.77308253  -6.68098142
  -3.75851810  -6.68867108
  -3.74714704  -6.69502084
  -3.74353486  -6.69704573
  -3.72897136  -6.70483371
  -3.72024697  -6.70990957
  -3.71380585  -6.71362554
  -3.69909264  -6.72136395
  -3.69339511  -6.72486075
  -3.68402585  -6.73014405
  -3.66932201  -6.73697283
  -3.66458393  -6.73957396
  -3.65467805  -6.74363252
  -3.63984928  -6.74815660
  -3.62469531  -6.75329158
  -3.62104295  -6.75439495
  -3.61005465  -6.75752439
  -3.59522693  -6.76204926
  -3.58034689  -6.76593304
  -3.57087850  -6.76931032
  -3.56533941  -6.77126603
  -3.55071253  -6.77544974
  -3.53572592  -6.77982707
  -3.52175301  -6.78420913
  -3.52074042  -6.78482028
  -3.50597935  -6.78909045
  -3.49121886  -6.79286662
  -3.47595644  -6.79774924
  -3.47317726  -6.79870105
  -3.46123945  -6.80257864
  -3.44649018  -6.80650102
  -3.43148036  -6.81089272
  -3.42309028  -6.81359368
  -3.41660272  -6.81571894
  -3.40173578  -6.82015807
  -3.38699366  -6.82428345
  -3.37482192  -6.82843898
  -3.37201047  -6.82927880
  -3.35724993  -6.83354964
  -3.34241231  -6.83781128
  -3.32753592  -6.84057864
  -3.31641767  -6.84192352
  -3.31625374  -6.84201357
         
