-0.480852 -2.151206 -4.577702
-0.481062 -2.152147 -4.578736
-0.483178 -2.161616 -4.593038
-0.484191 -2.166146 -4.598616
-0.485812 -2.173400 -4.607915
-0.487434 -2.180656 -4.617217
-0.488305 -2.184551 -4.622568
-0.490681 -2.195179 -4.636752
-0.490878 -2.196064 -4.637671
-0.493311 -2.206946 -4.652551
-0.493870 -2.209448 -4.655509
-0.495744 -2.217830 -4.667433
-0.497114 -2.223958 -4.675049
-0.498379 -2.229618 -4.682314
-0.500409 -2.238702 -4.694415
-0.500865 -2.240742 -4.696973
-0.503247 -2.251397 -4.712086
-0.503699 -2.253419 -4.714690
-0.505739 -2.262548 -4.726734
-0.506893 -2.267708 -4.733470
-0.508312 -2.274059 -4.741844
-0.510137 -2.282220 -4.752076
-0.510947 -2.285848 -4.756727
-0.513281 -2.296286 -4.771153
-0.513496 -2.297247 -4.772168
-0.515812 -2.307612 -4.786487
-0.516624 -2.311243 -4.791145
-0.518307 -2.318772 -4.801151
-0.519868 -2.325754 -4.810675
-0.520882 -2.330291 -4.816265
-0.523112 -2.340268 -4.829287
-0.523314 -2.341174 -4.831130
-0.525748 -2.352060 -4.846031
-0.526307 -2.354564 -4.848990
-0.528241 -2.363214 -4.860692
-0.529651 -2.369520 -4.869095
-0.530874 -2.374994 -4.875580
-0.532893 -2.384027 -4.887733
-0.533453 -2.386531 -4.890692
-0.535748 -2.396801 -4.905355
-0.536186 -2.398758 -4.908044
-0.538183 -2.407693 -4.920243
-0.539382 -2.413055 -4.926825
-0.540754 -2.419193 -4.935352
-0.542628 -2.427576 -4.946342
-0.543389 -2.430983 -4.950246
-0.545823 -2.441870 -4.964206
-0.546024 -2.442771 -4.965145
-0.548258 -2.452764 -4.980020
-0.549068 -2.456387 -4.984678
-0.550751 -2.463916 -4.994688
-0.552362 -2.471125 -5.004028
-0.553384 -2.475699 -5.009580
-0.555606 -2.485639 -5.022688
-0.555965 -2.487245 -5.024693
-0.558398 -2.498128 -5.039587
-0.558805 -2.499949 -5.042376
-0.560692 -2.508394 -5.054255
-0.562097 -2.514679 -5.061752
-0.563328 -2.520186 -5.069148
-0.565294 -2.528980 -5.080542
-0.565903 -2.531703 -5.084265
-0.568199 -2.541976 -5.098935
-0.568638 -2.543939 -5.101590
-0.570832 -2.553755 -5.113828
-0.571834 -2.558239 -5.119477
-0.573272 -2.564673 -5.128725
-0.575032 -2.572544 -5.139187
-0.575841 -2.576166 -5.143844
-0.578276 -2.587056 -5.157809
-0.578474 -2.587944 -5.158750
-0.580776 -2.598245 -5.173410
-0.581572 -2.601803 -5.178121
-0.583349 -2.609753 -5.188530
-0.584768 -2.616103 -5.196911
-0.585839 -2.620892 -5.203202
-0.588065 -2.630852 -5.216318
-0.588424 -2.632457 -5.218323
-0.590718 -2.642721 -5.232999
-0.591310 -2.645370 -5.236774
-0.593151 -2.653606 -5.247896
-0.594504 -2.659660 -5.254643
-0.595927 -2.666026 -5.263021
-0.597804 -2.674419 -5.274958
-0.598363 -2.676924 -5.277919
-0.600799 -2.687818 -5.292819
-0.600993 -2.688687 -5.293762
-0.603234 -2.698716 -5.307719
-0.604296 -2.703464 -5.314058
-0.605870 -2.710505 -5.322622
-0.607542 -2.717985 -5.332677
-0.608363 -2.721661 -5.337296
-0.610795 -2.732541 -5.351405
-0.610958 -2.733268 -5.352429
-0.613243 -2.743490 -5.367102
-0.614038 -2.747049 -5.371815
-0.615678 -2.754386 -5.382005
-0.617235 -2.761352 -5.390613
-0.618305 -2.766137 -5.396906
-0.620524 -2.776066 -5.409954
-0.620929 -2.777879 -5.411816
-0.623329 -2.788614 -5.426940
-0.623720 -2.790363 -5.428815
-0.625899 -2.800111 -5.442066
-0.626974 -2.804919 -5.448370
-0.628398 -2.811293 -5.456752
-0.630274 -2.819682 -5.467751
-0.630895 -2.822461 -5.471432
-0.633380 -2.833580 -5.486157
-0.633564 -2.834400 -5.487042
-0.635781 -2.844319 -5.501253
-0.636772 -2.848756 -5.506900
-0.638348 -2.855806 -5.516378
-0.640017 -2.863274 -5.526447
-0.640838 -2.866944 -5.531060
-0.643266 -2.877807 -5.545087
-0.643459 -2.878669 -5.545974
-0.645863 -2.889423 -5.561105
-0.646504 -2.892292 -5.564610
-0.648299 -2.900322 -5.576014
-0.649758 -2.906852 -5.584202
-0.650796 -2.911495 -5.590700
-0.653012 -2.921409 -5.603798
-0.653406 -2.923172 -5.605613
-0.655872 -2.934203 -5.620523
-0.656233 -2.935817 -5.622626
-0.658304 -2.945084 -5.635431
-0.659561 -2.950708 -5.642808
-0.660753 -2.956037 -5.650351
-0.662756 -2.965000 -5.661569
-0.663379 -2.967785 -5.665256
-0.665762 -2.978450 -5.680396
-0.665944 -2.979261 -5.681338
-0.668393 -2.990220 -5.695310
-0.669206 -2.993854 -5.699971
-0.670836 -3.001148 -5.710224
-0.672499 -3.008587 -5.719345
-0.673477 -3.012964 -5.725140
-0.675755 -3.023153 -5.738945
-0.675934 -3.023954 -5.740075
-0.678405 -3.035009 -5.754744
-0.679012 -3.037726 -5.758559
-0.680848 -3.045940 -5.769662
-0.682257 -3.052241 -5.778110
-0.683426 -3.057474 -5.784805
-0.685501 -3.066753 -5.796736
-0.685929 -3.068669 -5.799499
-0.688367 -3.079575 -5.814417
-0.688739 -3.081241 -5.816283
-0.690807 -3.090492 -5.829337
-0.692001 -3.095833 -5.835896
-0.693385 -3.102025 -5.844480
-0.695252 -3.110378 -5.855482
-0.695875 -3.113166 -5.859171
-0.698370 -3.124326 -5.873883
-0.698541 -3.125095 -5.874787
-0.700961 -3.135921 -5.889017
-0.701758 -3.139484 -5.893736
-0.703400 -3.146829 -5.903938
-0.705006 -3.154017 -5.913312
-0.705844 -3.157762 -5.918864
-0.708315 -3.168819 -5.932786
-0.708493 -3.169614 -5.933796
-0.710917 -3.180460 -5.948706
-0.711565 -3.183358 -5.952336
-0.713361 -3.191396 -5.963634
-0.714762 -3.197660 -5.972080
-0.715845 -3.202508 -5.978263
-0.718067 -3.212448 -5.991482
-0.718322 -3.213587 -5.993171
-0.720874 -3.225005 -6.008404
-0.721243 -3.226654 -6.010271
-0.723453 -3.236541 -6.023555
-0.724508 -3.241263 -6.029893
-0.725946 -3.247696 -6.038253
-0.727769 -3.255854 -6.049516
-0.728385 -3.258607 -6.053180
-0.730890 -3.269812 -6.067866
-0.731060 -3.270574 -6.068787
-0.733417 -3.281118 -6.083268
