# shadow point cont 3D ind 284  size 1178
# norm -0.6129071 -0.7901550  0.0000000
# angle  2.2305308
   2.75655046150130   -2.13819971416091   -6.84575539234628
   2.76242961693487   -2.14276005457301   -6.84483899426435
   2.76828785820142   -2.14730417229426   -6.84368935178889
   2.77995815081884   -2.15635657916554   -6.84048385951258
   2.79181246061334   -2.16555172439077   -6.83640597866501
   2.80362626407411   -2.17471544968286   -6.83287102609436
   2.81222321270732   -2.18138392659518   -6.82943846363904
   2.81522003857375   -2.18370850301796   -6.82845464542124
   2.82713665143000   -2.19295197545166   -6.82364740401977
   2.83881194032184   -2.20200825783065   -6.81963136677131
   2.85053683929002   -2.21110302172939   -6.81580059340466
   2.85345185918961   -2.21336414293981   -6.81477759499305
   2.86229587181030   -2.22022426232514   -6.81119433315336
   2.87398939287991   -2.22929468703086   -6.80716450867352
   2.88582135204408   -2.23847249533008   -6.80293339642021
   2.89452393421273   -2.24522291001153   -6.79979398905568
   2.89749844949389   -2.24753018057043   -6.79883603587329
   2.90933831702157   -2.25671412322520   -6.79464515137063
   2.92117318399706   -2.26589418705408   -6.79033291025840
   2.93281899503229   -2.27492760406366   -6.78618523160522
   2.93573424853592   -2.27718890647595   -6.78516246290783
   2.94457899462732   -2.28404959479948   -6.78157995198040
   2.95636936416964   -2.29319514288116   -6.77717048744997
   2.96818315075075   -2.30235885508004   -6.77358371900551
   2.97612668496939   -2.30852049181876   -6.77034130468478
   2.97984448745991   -2.31140431503679   -6.76862350391628
   2.99162154556176   -2.32053953770683   -6.76410106987170
   3.00337843653893   -2.32965911715147   -6.76040466285542
   3.01510749496780   -2.33875710745864   -6.75657645835880
   3.01661572869432   -2.33992701345818   -6.75581208838001
   3.02686850065288   -2.34787987859790   -6.75197214288136
   3.03859362281565   -2.35697481562411   -6.74724356535359
   3.05017228869777   -2.36595614951417   -6.74129958289816
   3.05097698083979   -2.36658033272143   -6.74053866430477
   3.06199103723442   -2.37512371060029   -6.73310889759028
   3.07295537987178   -2.38362852653622   -6.72553201655225
   3.07376233302675   -2.38425446356491   -6.72478827093367
   3.08551190385217   -2.39336836491781   -6.71736106849959
   3.09579286561477   -2.40134309631094   -6.71086240110380
   3.09726158248914   -2.40248234989792   -6.70993403521877
   3.10910925669888   -2.41167234803601   -6.70182887787448
   3.11782154110934   -2.41843028854764   -6.69600422304334
   3.12075902771830   -2.42070883672419   -6.69414757234081
   3.13247708394141   -2.42979829284579   -6.68666776180102
   3.14051405611378   -2.43603240749077   -6.68103818162610
   3.14425689177712   -2.43893564842805   -6.67836180390258
   3.15596827878135   -2.44801993137321   -6.67087121283766
   3.16192057724151   -2.45263700733240   -6.66640956881205
   3.16775518193833   -2.45716279065080   -6.66257672486061
   3.17945581839206   -2.46623873461420   -6.65506946005022
   3.18395847811337   -2.46973135550524   -6.65156743497940
   3.19139903812438   -2.47550284545652   -6.64623335944903
   3.20309510358215   -2.48457524379201   -6.63866698403393
   3.20594958128719   -2.48678940366256   -6.63664410078940
   3.21478934043699   -2.49364622371767   -6.63015651698594
   3.22641909993610   -2.50266718987957   -6.62339884794160
   3.22933320654818   -2.50492760267157   -6.62148684749063
   3.23825268170806   -2.51184625680240   -6.61522557368911
   3.24997839554771   -2.52094165278025   -6.60776979517449
   3.25142463900887   -2.52206347420106   -6.60679137696004
   3.26173098587236   -2.53005789629685   -6.59940387262317
   3.27269481024844   -2.53856231022811   -6.59182935198937
   3.27350181156311   -2.53918828461329   -6.59108587800152
   3.28525327792778   -2.54830365629716   -6.58366149289085
   3.29485331186198   -2.55575020592530   -6.57731097572605
   3.29704499644383   -2.55745025075013   -6.57543276263124
   3.30857955228929   -2.56639736938850   -6.56495899991407
   3.31138827489583   -2.56857603796662   -6.56196706040408
   3.32013553955583   -2.57536111194111   -6.55170533437777
   3.32386519432215   -2.57825412872663   -6.54708718009679
   3.33205658875615   -2.58460802555601   -6.53705342124994
   3.33634319910368   -2.58793306137444   -6.53220844914756
   3.34379522389175   -2.59371344431839   -6.52310112824823
   3.34819643704959   -2.59712737518868   -6.51751937481601
   3.35543380643021   -2.60274125433113   -6.50896526589990
   3.36066872145748   -2.60680187065987   -6.50263727375497
   3.36708813710286   -2.61178127984890   -6.49496414959366
   3.37295650351018   -2.61633325143439   -6.48752216684700
   3.37889869622521   -2.62094248857414   -6.48012354932784
   3.38552420723054   -2.62608176171122   -6.47269964279229
   3.39074844293610   -2.63013409430891   -6.46636268455407
   3.39735044292491   -2.63525513043218   -6.45799085452558
   3.40236219065941   -2.63914264046438   -6.45221314425937
   3.41037420819706   -2.64535739831051   -6.44287917011929
   3.41409591792345   -2.64824425229134   -6.43825967237392
   3.42229584726969   -2.65460476947727   -6.42822995048202
   3.42583058104444   -2.65734659004337   -6.42430706584083
   3.43463510223753   -2.66417607673744   -6.41327993216024
   3.43756739480345   -2.66645059600123   -6.40942503328052
   3.44705707521442   -2.67381154666243   -6.39823709306164
   3.44912360232413   -2.67541450940046   -6.39615870154866
   3.45971470843058   -2.68362981340658   -6.38359129627687
   3.46118188515722   -2.68476787233253   -6.38173113405894
   3.47197370179009   -2.69313886338165   -6.36847331238258
   3.47269416203687   -2.69369770963360   -6.36752772414980
   3.48348770303207   -2.70207003823525   -6.35343914415643
   3.48419973718322   -2.70262234853747   -6.35248760013824
   3.49204466005648   -2.70870749447602   -6.33887100661439
   3.49501158843699   -2.71100888003153   -6.32415219412375
   3.49525345790584   -2.71119649322287   -6.30933223723529
   3.49554804004386   -2.71142499455166   -6.29511087063795
   3.49618944496868   -2.71192251921013   -6.29429195378268
   3.49554869839545   -2.71142550522150   -6.29336497804624
   3.49522780497925   -2.71117659477332   -6.27944541753557
   3.49506687960742   -2.71105176825958   -6.26486902447467
   3.49472326428906   -2.71078523289745   -6.24946675461877
   3.49509023496502   -2.71106988453194   -6.23473530761389
   3.49462144958799   -2.71070625731990   -6.21975829192311
   3.49399153276202   -2.71021764374433   -6.20483468614332
   3.49394363149935   -2.71018048771632   -6.18997259417620
   3.49379154302662   -2.71006251580416   -6.17492642637954
   3.49343659879040   -2.70978719283256   -6.16017419081863
   3.49113873227546   -2.70800478485779   -6.14545307075480
   3.48581333688665   -2.70387398476645   -6.13082390295788
   3.48367197285788   -2.70221297256364   -6.12796489578704
   3.47565431720005   -2.69599384134321   -6.11575560982408
   3.47180530463436   -2.69300824115823   -6.10938849124720
   3.46591130996333   -2.68843639025368   -6.10096629453458
   3.45997178506745   -2.68382922248658   -6.09161529735451
   3.45628408940884   -2.68096875252121   -6.08614715768367
   3.44814836929887   -2.67465804112427   -6.07385035042942
   3.44601746482372   -2.67300514218289   -6.07111272594211
   3.43649882664684   -2.66562172957599   -6.05689009989066
   3.43582547123835   -2.66509942158197   -6.05598522094342
   3.42601676026370   -2.65749100544913   -6.04111188624711
   3.42461342355203   -2.65640246591478   -6.03917453933757
   3.41644954352350   -2.65006991144598   -6.02621160597371
   3.41287556436908   -2.64729764904298   -6.02142076792018
   3.40612979275199   -2.64206509221338   -6.01127939571572
   3.40095451843461   -2.63805073796133   -6.00381656531427
   3.39576568824011   -2.63402586869314   -5.99627877887528
   3.38921667395970   -2.62894593249826   -5.98591335511334
   3.38564355210462   -2.62617433508478   -5.98117759205296
   3.37747341109136   -2.61983692409841   -5.96909221854977
   3.37590518042933   -2.61862047970528   -5.96647976582716
   3.36628757772035   -2.61116030233851   -5.95150533667778
   3.36557344547861   -2.61060636459041   -5.95060130876964
   3.35592788035734   -2.60312449735335   -5.93651234204431
   3.35369313143133   -2.60139104839910   -5.93279764305237
   3.34581278639071   -2.59527842621109   -5.92138627228515
   3.34207280656613   -2.59237740048943   -5.91583864966459
   3.33601191553477   -2.58767609149769   -5.90663334510486
   3.33008995331159   -2.58308254673596   -5.89731430088355
   3.32590206237966   -2.57983408554555   -5.89151042876173
   3.31832668348336   -2.57395801934725   -5.88053405990555
   3.31536996880040   -2.57166455634766   -5.87676680722508
   3.30642832066247   -2.56472870309206   -5.86285601076187
   3.30573532328078   -2.56419115922187   -5.86197204026104
   3.29616236876351   -2.55676561454261   -5.84683004003122
   3.29480583412808   -2.55571337841988   -5.84484998778036
   3.28608221560075   -2.54894664626602   -5.83175596501964
   3.28294810498822   -2.54651558087851   -5.82731844794653
   3.27575440717255   -2.54093557687422   -5.81677290470589
   3.27128472886423   -2.53746853898947   -5.81028627967266
   3.26594987011101   -2.53333039836026   -5.80203827127567
   3.25945970235260   -2.52829610820678   -5.79254596743851
   3.25584541309871   -2.52549257808554   -5.78687934705687
   3.24767909448791   -2.51915813205843   -5.77480029110115
   3.24603827862225   -2.51788538481003   -5.77214512441007
   3.23649210194693   -2.51048061115413   -5.75727626191095
   3.23575512881317   -2.50990895619408   -5.75634212495714
   3.22613023124507   -2.50244312035455   -5.74225799894634
   3.22405397838851   -2.50083261355396   -5.73931997087932
   3.21582113832596   -2.49444656819969   -5.72734158746376
   3.21210469923375   -2.49156380254180   -5.72177211979070
   3.20547915830034   -2.48642450619013   -5.71234258821628
   3.20060365266805   -2.48264267636516   -5.70461190283382
   3.19539411885750   -2.47860174772620   -5.69722809268210
   3.18869330924650   -2.47340406700350   -5.68702897015580
   3.18558058052988   -2.47098958711456   -5.68247720904101
   3.17708855854361   -2.46440249965242   -5.66907249314139
   3.17567241756637   -2.46330402811162   -5.66716672103020
   3.16631045284037   -2.45604214389049   -5.65283725451377
   3.16484679115875   -2.45490681151295   -5.65076741552075
   3.15632093160085   -2.44829347693980   -5.63753243364870
   3.15337382895529   -2.44600746980069   -5.63379712661018
   3.14578405343775   -2.44012023643826   -5.62274373373196
   3.14148939828330   -2.43678896042793   -5.61608442749860
   3.13546389442261   -2.43211510053945   -5.60779512539259
   3.12968486856798   -2.42763242859018   -5.59835046730948
   3.12556638209242   -2.42443780301455   -5.59246867568764
   3.11797062027197   -2.41854592619962   -5.58153251563758
   3.11506014186151   -2.41628832772927   -5.57772481662143
   3.10617420177057   -2.40939568606432   -5.56376844274166
   3.10546743294677   -2.40884745996865   -5.56285476935624
   3.09567071367456   -2.40124834555369   -5.54806056038431
   3.09413718006242   -2.40005881495124   -5.54531739696369
   3.08612049258740   -2.39384043473038   -5.53322273058018
   3.08243745345926   -2.39098357674029   -5.52855491652507
   3.07526970122472   -2.38542369819168   -5.51798980311329
   3.07075767148227   -2.38192380916722   -5.51061603669025
   3.06568466257159   -2.37798878009583   -5.50307538250062
   3.05898686922669   -2.37279343902894   -5.49288132940412
   3.05538314792958   -2.36999810625524   -5.48811053907070
   3.04739479189780   -2.36380170215442   -5.47493692244424
   3.04596545101273   -2.36269299171557   -5.47302708369501
   3.03601383403226   -2.35497372632200   -5.45856695531221
   3.03510854419719   -2.35427151154538   -5.45691294793804
   3.02588332794464   -2.34711570031328   -5.44340482149411
   3.02348848796655   -2.34525807201003   -5.43990521848935
   3.01556945608933   -2.33911544123552   -5.42847520652592
   3.01170181822434   -2.33611539378749   -5.42310914179469
   3.00527707395137   -2.33113185129121   -5.41348822490597
   3.00003931381475   -2.32706902806944   -5.40517525924354
   2.99570257776716   -2.32370511077249   -5.39855578124745
   2.98842563648883   -2.31806053651978   -5.38727037137383
   2.98611374659808   -2.31626725089973   -5.38365428683296
   2.97651221566855   -2.30881954008298   -5.36968895049089
   2.97578676338225   -2.30825682160825   -5.36876595621613
   2.96601269254663   -2.30067527512152   -5.35398460030958
   2.96465768202175   -2.29962422122011   -5.35200706737908
   2.95570411779375   -2.29267912489758   -5.33909091927851
   2.95272139103451   -2.29036548486338   -5.33446531730921
   2.94560081785629   -2.28484220214211   -5.32395483907892
   2.94113613894719   -2.28137904218890   -5.31747647539433
   2.93581787893565   -2.27725377686352   -5.30924223244395
   2.92933494535822   -2.27222509811601   -5.29976192133313
   2.92571844634563   -2.26941985393021   -5.29410014982708
   2.91756126803396   -2.26309249784587   -5.28203631093540
   2.91541931018694   -2.26143102503040   -5.27915943534050
   2.90599766013438   -2.25412284412436   -5.26499445503665
   2.90526146351889   -2.25355179149361   -5.26406154273573
   2.89604942626211   -2.24640620293851   -5.24953933134972
   2.89397543085042   -2.24479744719164   -5.24660500699869
   2.88574229844741   -2.23841117507487   -5.23459854599812
   2.88217793443746   -2.23564637094243   -5.22889202683504
   2.87563528841973   -2.23057137447843   -5.21949969977855
   2.87025634415909   -2.22639903762437   -5.21136159831113
   2.86533822811767   -2.22258415577807   -5.20456226157466
   2.85864488010983   -2.21739226286807   -5.19437571296053
   2.85555444514846   -2.21499507578831   -5.18983754934080
   2.84707196509504   -2.20841538980798   -5.17644911919711
   2.84563467715069   -2.20730051499807   -5.17453047680339
   2.83641009530500   -2.20014519586237   -5.16000170158489
   2.83505564622601   -2.19909457746303   -5.15802510644372
   2.82609931349603   -2.19214733367025   -5.14511243489807
   2.82329991619449   -2.18997589854015   -5.14122991915137
   2.81597343238080   -2.18429289515784   -5.13001494680815
   2.81155747540153   -2.18086752780734   -5.12441941790088
   2.80549257609865   -2.17616310968152   -5.11524715955087
   2.79972004961717   -2.17168547916284   -5.10581375021674
   2.79591778992311   -2.16873614422248   -5.10034910243486
   2.78813503000086   -2.16269921681136   -5.08884399189969
   2.78528949361506   -2.16049199253895   -5.08499614993135
   2.77621797486256   -2.15345540130854   -5.07127999222246
   2.77548681459512   -2.15288825526979   -5.07033522136622
   2.76596140458928   -2.14549958989391   -5.05537586243288
   2.76457929503234   -2.14442751582857   -5.05342056374627
   2.75616302545120   -2.13789918795501   -5.04070735032166
   2.75263510941120   -2.13516265576608   -5.03588180655508
   2.74535327868496   -2.12951428886880   -5.02554617034786
   2.74084624897549   -2.12601827826747   -5.01818107752254
   2.73524930533087   -2.12167684375784   -5.01041604444651
   2.72926155862578   -2.11703227132135   -5.00120164500993
   2.72546005690676   -2.11408352432669   -4.99573830731413
   2.71730802239697   -2.10776015818407   -4.98368311096009
   2.71568683828435   -2.10650263888427   -4.98103886114846
   2.70614045223607   -2.09909770282205   -4.96607985827284
   2.70548948771808   -2.09859276298303   -4.96507632695448
   2.69598299607791   -2.09121877219578   -4.95104104487684
   2.69359070712752   -2.08936312267245   -4.94754568529541
   2.68571447467825   -2.08325369053729   -4.93609411273699
   2.68198271471040   -2.08035904079007   -4.93056022002045
   2.67543115722196   -2.07527713188083   -4.92116787684606
   2.67019901928137   -2.07121866968133   -4.91286459202571
   2.66585052265392   -2.06784562994355   -4.90626911505508
   2.65843106291724   -2.06209050704275   -4.89515274276522
   2.65556470017569   -2.05986712819289   -4.89134747521896
   2.64687313840813   -2.05312526181078   -4.87816021545737
   2.64542638046268   -2.05200304131504   -4.87625322782855
   2.63572206728744   -2.04447560441619   -4.86151565998385
   2.63486777285410   -2.04381294572785   -4.85976445087939
   2.62611496093721   -2.03702356885985   -4.84663496933714
   2.62329369905140   -2.03483517381972   -4.84277629711379
   2.61580361326326   -2.02902526773786   -4.83173537271299
   2.61134348614005   -2.02556563851171   -4.82526462132492
   2.60552368376672   -2.02105133705235   -4.81681349465065
   2.59956487808419   -2.01642921357409   -4.80757366955243
   2.59538732109574   -2.01318876821191   -4.80170032432491
   2.58761988677485   -2.00716372855577   -4.79006957454985
   2.58566743703733   -2.00564925329802   -4.78699649017806
   2.57622137450933   -1.99832213613496   -4.77284002562066
   2.57548588396299   -1.99775163118759   -4.77190824053558
   2.56580956342697   -1.99024590760545   -4.75718372272762
   2.56424794950565   -1.98903459568252   -4.75448034354552
   2.55603300259061   -1.98266242967616   -4.74249200600986
   2.55264974150914   -1.98003810337473   -4.73755533103801
   2.54537607035621   -1.97439606569129   -4.72716851569202
   2.54071772455929   -1.97078268230123   -4.71999446249151
   2.53563056344228   -1.96683667565336   -4.71248286355280
   2.52894399515142   -1.96165004163091   -4.70230788194850
   2.52556854645361   -1.95903177523542   -4.69734462868734
   2.51757419276007   -1.95283071887125   -4.68513722626381
   2.51542265485628   -1.95116181500204   -4.68224868581666
   2.50614836919543   -1.94396794163529   -4.66781684623976
   2.50541302003940   -1.94339754636149   -4.66688528883882
   2.49591611109524   -1.93603098867520   -4.65287176359294
   2.49381857952916   -1.93440397641562   -4.64996321456412
   2.48580095989136   -1.92818487313518   -4.63775343431907
   2.48205499157398   -1.92527920226235   -4.63224256112997
   2.47554050949119   -1.92022605198564   -4.62284139004584
   2.47028311668550   -1.91614800010472   -4.61457494801941
   2.46575150164251   -1.91263291916391   -4.60817572541477
   2.45833639081083   -1.90688116961962   -4.59706676684317
   2.45565591331895   -1.90480197814933   -4.59305019561039
   2.44657136624987   -1.89775528112068   -4.57934551802153
   2.44584882044777   -1.89719481714620   -4.57841169324150
   2.43477548448596   -1.88860545732165   -4.56433157177223
   2.43404794066690   -1.88804111648782   -4.56352034028523
   2.42322798410796   -1.87964829787460   -4.55204530391119
   2.41952746926545   -1.87677788433093   -4.54826858293903
   2.41127865280341   -1.87037944641092   -4.54016602832158
   2.40533074067022   -1.86576577283568   -4.53377410205868
   2.39952325897310   -1.86126102827243   -4.52807101226128
   2.39064514285297   -1.85437445550132   -4.51885472262444
   2.38776589230076   -1.85214107984080   -4.51596861333004
   2.37601525248909   -1.84302634929716   -4.50482356050205
   2.37523804777646   -1.84242348752568   -4.50390590541254
   2.36424817406760   -1.83389886766069   -4.49267578196882
   2.36052031461771   -1.83100724346534   -4.48904040574883
   2.35267450805862   -1.82492141206980   -4.48123428999672
   2.34579405993390   -1.81958438943261   -4.47416770884281
   2.34072982373309   -1.81565616517253   -4.46938135718494
   2.33110622835180   -1.80819133941263   -4.45925492106098
   2.32879342715993   -1.80639734691497   -4.45663131140846
   2.31723000989983   -1.79742784106859   -4.44521295249242
   2.31643184367960   -1.79680871988514   -4.44430321483159
   2.30545469571131   -1.78829397111638   -4.43398297600617
   2.30095734460315   -1.78480546800778   -4.42947511440294
   2.29352820222500   -1.77904283448039   -4.42216614699064
   2.28626117669966   -1.77340595167410   -4.41457457306769
   2.28176921163455   -1.76992162640875   -4.41006198645781
   2.27156545489288   -1.76200678136850   -4.39967462488121
   2.27001511375720   -1.76080421351442   -4.39795442325860
   2.25863664238623   -1.75197816640489   -4.38630993138876
   2.25639743161714   -1.75024125649039   -4.38427765411919
   2.24666375322777   -1.74269104159661   -4.37529994889449
   2.24157383233509   -1.73874289424729   -4.36965281863592
   2.23491748396542   -1.73357970119853   -4.36320871526290
   2.22679784223194   -1.72728146146880   -4.35492833394458
   2.22317631441681   -1.72447231654391   -4.35112750422290
   2.21201384828260   -1.71581382027082   -4.34012770922331
   2.21123603109359   -1.71521048341396   -4.33929319346464
   2.19966219769863   -1.70623289798519   -4.32784002442592
   2.19679368868055   -1.70400785431260   -4.32493082637264
   2.18808618767948   -1.69725362419363   -4.31638107566523
   2.18204894058126   -1.69257065531640   -4.31007682802903
   2.17614050282730   -1.68798760120834   -4.30454544733738
   2.16734674753818   -1.68116646540538   -4.29518959473544
   2.16438365334490   -1.67886805395035   -4.29244030033479
   2.15322176264893   -1.67021000403291   -4.28063180974345
   2.15245887256670   -1.66961824582694   -4.27971280895718
   2.14088385547811   -1.66063974223127   -4.26917359657955
   2.13787471908531   -1.65830561678542   -4.26558140972265
   2.12913715445640   -1.65152806692631   -4.25707976090102
   2.12252645912496   -1.64640028600392   -4.25051451685800
   2.11721011208597   -1.64227650453214   -4.24526338916178
   2.10841847888171   -1.63545701478693   -4.23594857917610
   2.10566433375580   -1.63332068084231   -4.23292407636856
   2.09409747848431   -1.62434850820094   -4.22152164943289
   2.09271430617887   -1.62327560978336   -4.22024705436406
   2.08210113809958   -1.61504319275693   -4.20958355767056
   2.07837036306764   -1.61214930700432   -4.20601542182089
   2.07037392898735   -1.60594663692678   -4.19843404482580
   2.06368548533775   -1.60075854822697   -4.19111930294010
   2.05862675116948   -1.59683459178079   -4.18633927432473
   2.04900863982988   -1.58937401987967   -4.17621735030339
   2.04687742274597   -1.58772087845408   -4.17424241659408
   2.03534646811639   -1.57877655320508   -4.16288499015663
   2.03373503027930   -1.57752659389151   -4.16105386673396
   2.02336520975954   -1.56948293658108   -4.15096496715035
   2.01891717727566   -1.56603268891885   -4.14642067600459
   2.01182232948390   -1.56052936085276   -4.13952961482247
   2.00358107916208   -1.55413679183270   -4.13134739242290
   1.99986985618510   -1.55125807220852   -4.12770316270421
   1.98945076591688   -1.54317619736368   -4.11681909081912
   1.98811485348724   -1.54213995746346   -4.11560223423692
   1.97640586604480   -1.53305753580922   -4.10447287523553
   1.97410326585325   -1.53127145601850   -4.10176736739851
   1.96462909094640   -1.52392253265915   -4.09234880210501
   1.95884119940244   -1.51943298377632   -4.08664303165954
   1.95308325769997   -1.51496666637190   -4.08088061097466
   1.94476436265243   -1.50851386992895   -4.07196743879720
   1.94112287240324   -1.50568924055297   -4.06815084492273
   1.92996491729616   -1.49703424339119   -4.05718069201111
   1.92920583089761   -1.49644543562472   -4.05634372410559
   1.91784320639263   -1.48763168060446   -4.04551104956152
   1.91412882650999   -1.48475051223324   -4.04177565713281
   1.90589649159325   -1.47836485871022   -4.03373793604246
   1.89935145718283   -1.47328800961895   -4.02710517076905
   1.89413981576606   -1.46924544615302   -4.02163664467096
   1.88527763015344   -1.46237123035020   -4.01243206909231
   1.88238808437887   -1.46012986889662   -4.00953979818094
   1.87090618440496   -1.45122359433894   -3.99815431192101
   1.87003799780420   -1.45055015978096   -3.99720003567436
   1.85909581155534   -1.44206253010163   -3.98684858696149
   1.85516386022880   -1.43901259601919   -3.98255931723247
   1.84696807941023   -1.43265529676117   -3.97540582886157
   1.83895115359452   -1.42643673166432   -3.96783781040549
   1.83538694883517   -1.42367205105930   -3.96487421688730
   1.82393724829260   -1.41479075294078   -3.95441714751442
   1.82149127075447   -1.41289345827996   -3.95249438683059
   1.81190432789467   -1.40545706313001   -3.94533902569978
   1.80387375316147   -1.39922791084752   -3.93782289947328
   1.80012917911437   -1.39632332148158   -3.93416213038753
   1.78871571560045   -1.38747013168371   -3.92463759667347
   1.78689377639594   -1.38605689077240   -3.92294185940092
   1.77649611369030   -1.37799163684883   -3.91493656648928
   1.76924433161356   -1.37236657807330   -3.90827673151337
   1.76491588381627   -1.36900908980230   -3.90440085146185
   1.75335006772775   -1.36003772323387   -3.89465555846101
   1.75171049849018   -1.35876594296934   -3.89314124355636
   1.74143007011627   -1.35079162531488   -3.88486578374235
   1.73407170719807   -1.34508389396437   -3.87834715544047
   1.72966811512905   -1.34166811782141   -3.87462645615111
   1.71793351947787   -1.33256583240434   -3.86439828803015
   1.71714571708342   -1.33195475022820   -3.86356689936522
   1.70642032635789   -1.32363528439441   -3.85467629622456
   1.69960802236511   -1.31835111976417   -3.84855740395124
   1.69468640529538   -1.31453352224194   -3.84444853675242
   1.68270677686311   -1.30524116991705   -3.83463479960432
   1.68130467365561   -1.30415358718661   -3.83358439812590
   1.67118743244767   -1.29630585047327   -3.82489329748963
   1.66438243310706   -1.29102735191205   -3.81879513769035
   1.65922471528278   -1.28702661587198   -3.81417523210876
   1.64809206426634   -1.27839124657486   -3.80415633096969
   1.64728689169770   -1.27776669071051   -3.80334082955437
   1.63578570961065   -1.26884545941274   -3.79466477130311
   1.62922449119297   -1.26375605671862   -3.78883590036307
   1.62400114434641   -1.25970441359063   -3.78441568381612
   1.61286872641079   -1.25106922508953   -3.77439760586194
   1.61208559203744   -1.25046176380173   -3.77357188683766
   1.60054395213884   -1.24150915020847   -3.76396789023526
   1.59465416065969   -1.23694055963374   -3.75917171525175
   1.58880444369707   -1.23240305404040   -3.75466832148858
   1.57784725791807   -1.22390378953286   -3.74435671226074
   1.57700593943605   -1.22325119602409   -3.74349266310418
   1.56558146000959   -1.21438946140858   -3.73469890655069
   1.55957365116404   -1.20972932718078   -3.72925235297423
   1.55357442747405   -1.20507585228225   -3.72398040096543
   1.54258796805069   -1.19655388080857   -3.71449506515305
   1.54181636687385   -1.19595536558500   -3.71374658371812
   1.53031981728051   -1.18703772761768   -3.70396731546938
   1.52500589728754   -1.18291582875578   -3.69958448205257
   1.51835673672179   -1.17775821113924   -3.69422775672194
   1.50822139885101   -1.16989643721531   -3.68477963382190
   1.50681402897916   -1.16880476924125   -3.68348815816734
   1.49484922412904   -1.15952391526530   -3.67376551578485
   1.49047316490707   -1.15612949578769   -3.67002627577828
   1.48339408749067   -1.15063840047865   -3.66399226342395
   1.47357232115601   -1.14301985757053   -3.65517287018883
   1.47134941616240   -1.14129559571198   -3.65330893300899
   1.45998665977419   -1.13248173839260   -3.64451847531369
   1.45536171504172   -1.12889426352388   -3.64001551854951
   1.44791224009174   -1.12311585843711   -3.63379608440663
   1.43835774219778   -1.11570463018240   -3.62542546730301
   1.43616774912640   -1.11400589742759   -3.62356913777776
   1.42479204782495   -1.10518199900423   -3.61384364895533
   1.42081000697235   -1.10209321150271   -3.61034431417224
   1.41274586578713   -1.09583802241112   -3.60405043658921
   1.40394660648489   -1.08901261725796   -3.59561035884565
   1.40118362237873   -1.08686942709746   -3.59328606949935
   1.38937704924325   -1.07771131022056   -3.58363963866596
   1.38627701379416   -1.07530667623917   -3.58079959212456
   1.37780811913225   -1.06873752816869   -3.57381917559227
   1.36877558973933   -1.06173118018565   -3.56566537573960
   1.36571291439394   -1.05935552567123   -3.56313630943025
   1.35440887128552   -1.05058721104001   -3.55435723850940
   1.34967344554511   -1.04691403831708   -3.55068404666761
   1.34218007830180   -1.04110158687767   -3.54548193028262
   1.33065543910122   -1.03216216037755   -3.53746080723710
   1.32833514841753   -1.03036235843452   -3.53590413604779
   1.31874817987418   -1.02292594336237   -3.52966650763596
   1.30761219931502   -1.01428799140718   -3.52150190673355
   1.30680491770504   -1.01366179960268   -3.52075834106729
   1.29533962200732   -1.00476840464183   -3.51385453091002
   1.28580888926234   -0.99737561052626   -3.50626947612249
   1.28348477080610   -0.99557283945850   -3.50458034308487
   1.27180598666796   -0.98651384588857   -3.49712654548189
   1.26361172279741   -0.98015772329606   -3.49166636940846
   1.25993100145096   -0.97730266316173   -3.48911968912642
   1.24852084115347   -0.96845203560118   -3.48074177979704
   1.24241807592485   -0.96371824565259   -3.47668931017562
   1.23660075470901   -0.95920586877627   -3.47295586155033
   1.22513794230536   -0.95031440005575   -3.46463389279378
   1.22120980179087   -0.94726742194214   -3.46173236105918
   1.21325089465706   -0.94109386074810   -3.45656645502892
   1.20131563235652   -0.93183592232256   -3.44902652244053
   1.19845047007525   -0.92961347464515   -3.44702464425089
   1.18968777817446   -0.92281643407607   -3.44041585203306
   1.17812611978670   -0.91384829255093   -3.43239769307441
   1.17727100274660   -0.91318499578337   -3.43177547247680
   1.16628893777111   -0.90466643299286   -3.42460626461226
   1.15616935325912   -0.89681687862658   -3.41669318201360
   1.15458762244250   -0.89558996244014   -3.41566399756110
   1.14279543337692   -0.88644300299154   -3.40880552939317
   1.13453766237749   -0.88003761922034   -3.40254799697205
   1.13101351097630   -0.87730400718460   -3.40044874477418
   1.11931318985959   -0.86822830782167   -3.39207768722525
   1.11271301366429   -0.86310868637766   -3.38733796826756
   1.10755088554467   -0.85910452936186   -3.38371889067274
   1.09600559507899   -0.85014908409851   -3.37569461348671
   1.09136641747376   -0.84655056908201   -3.37258243714419
   1.08412143140169   -0.84093078182807   -3.36791194149705
   1.07328963621045   -0.83252878023034   -3.35973611966105
   1.06947657607372   -0.82957106760788   -3.35726912522462
   1.06067423877062   -0.82274327491251   -3.35210991599210
   1.04908270782843   -0.81375196185896   -3.34316395725555
   1.04822639902080   -0.81308774066175   -3.34254526413314
   1.03720092932008   -0.80453550971520   -3.33538375743785
   1.02684695076936   -0.79650414069556   -3.32797373317744
   1.02538071235675   -0.79536680960058   -3.32704435682958
   1.01376363977118   -0.78635568441758   -3.31958194943155
   1.00485292769793   -0.77944382763351   -3.31310493917329
   1.00192052033307   -0.77716921932253   -3.31124625934477
   0.99013780892431   -0.76802961149814   -3.30383561375787
   0.97886062629329   -0.75928213198890   -3.29854860678820
   0.97808726388192   -0.75868225061178   -3.29801983119335
   0.96632916601212   -0.74956173500526   -3.29628951485575
   0.95460254443878   -0.74046563491699   -3.29581943719483
   0.94286695097932   -0.73136257552047   -3.29574407771342
   0.93114568877827   -0.72227063258748   -3.29541264337336
   0.91941648803107   -0.71317253188690   -3.29573227199797
   0.90770115772958   -0.70408519020685   -3.29533196254185
   0.89597590421503   -0.69499015129375   -3.29532626453669
   0.88425070993408   -0.68589515832694   -3.29532064060263
   0.87252455323404   -0.67679941883136   -3.29485109123488
   0.86080049624920   -0.66770530804184   -3.29530961494740
   0.84907547543336   -0.65861044962837   -3.29530421322603
   0.83734950586463   -0.64951485528671   -3.29483488929512
   0.82562460242325   -0.64042008791820   -3.29482963677171
   0.81389975397950   -0.63132536321022   -3.29482445830971
   0.80217495982743   -0.62223068061518   -3.29481935390902
   0.79045021926109   -0.61313603958550   -3.29481432356953
   0.77872553157453   -0.60404143957358   -3.29480936729114
   0.76700089606179   -0.59494688003182   -3.29480448507376
   0.75527631201693   -0.58585236041264   -3.29479967691726
   0.74354458260158   -0.57675229827598   -3.29472525793107
   0.73182749383798   -0.56766359259291   -3.29432634642814
   0.72009388712554   -0.55856207427535   -3.29439163638935
   0.70837178979160   -0.54946948354689   -3.29471146335116
   0.69665338989522   -0.54037976084498   -3.29384882741718
   0.68492910322966   -0.53128547189684   -3.29384446471826
   0.67320486309059   -0.52219121903833   -3.29384017606099
   0.66148066877205   -0.51309700172188   -3.29383596144528
   0.64975651956809   -0.50400281939987   -3.29383182087101
   0.63803241477275   -0.49490867152473   -3.29382775433809
   0.62630835368009   -0.48581455754886   -3.29382376184642
   0.61458433558416   -0.47672047692467   -3.29381984339589
   0.60286035977899   -0.46762642910456   -3.29381599898639
   0.59113642555864   -0.45853241354094   -3.29381222861783
   0.57940770795159   -0.44943468760226   -3.29373866458590
   0.56767751261238   -0.44033581541703   -3.29341136659132
   0.55596037876306   -0.43124707476189   -3.29373148063426
   0.54422958656669   -0.42214773960678   -3.29340441063482
   0.53251735352071   -0.41306280040438   -3.29379448738546
   0.52078967340748   -0.40396587922840   -3.29372126307657
   0.50905798135618   -0.39486584607427   -3.29339452880929
   0.49731903240716   -0.38576018389325   -3.29324899486035
   0.48562208446474   -0.37668710103250   -3.29285372524155
   0.47389853066670   -0.36759338055467   -3.29285069603781
   0.46217187275178   -0.35849725227698   -3.29277777928531
   0.45045167763679   -0.34940613706078   -3.29238092582896
   0.43872739509710   -0.34031185131299   -3.29191415447971
   0.42701348017641   -0.33122560751483   -3.29198047192605
   0.41528125485192   -0.32212516071161   -3.29283666033648
   0.40355789338237   -0.31303158941905   -3.29283407525897
   0.39183456149672   -0.30393804107412   -3.29283156420214
   0.38010929715460   -0.29484299376229   -3.29275915445538
   0.36837395571114   -0.28574012984943   -3.29243377505921
   0.35666473628363   -0.27665752824912   -3.29282447515472
   0.34494073143598   -0.26756345790136   -3.29235830173409
   0.33321703092573   -0.25846962362188   -3.29275014916992
   0.32148045045477   -0.24936579862076   -3.29242516558787
   0.30974744771485   -0.24026474879232   -3.29228028307864
   0.29804825329683   -0.23118992338648   -3.29188624942838
   0.28632515930468   -0.22209655957066   -3.29188440501799
   0.27460208783723   -0.21300321322679   -3.29188263460875
   0.26287903818852   -0.20390988380726   -3.29188093820056
   0.25115600965260   -0.19481657076450   -3.29187931579332
   0.23943300152350   -0.18572327355089   -3.29187776738692
   0.22771001309527   -0.17662999161884   -3.29187629298127
   0.21598704366196   -0.16753672442076   -3.29187489257627
   0.20426409251760   -0.15844347140904   -3.29187356617180
   0.19254115895623   -0.14935023203609   -3.29187231376778
   0.18081824227189   -0.14025700575431   -3.29187113536410
   0.16909534175863   -0.13116379201610   -3.29187003096066
   0.15737245671048   -0.12207059027386   -3.29186900055735
   0.14564958642149   -0.11297739998000   -3.29186804415409
   0.13390475956399   -0.10386717842581   -3.29133143867610
   0.12220848159777   -0.09479461525188   -3.29100815422300
   0.11045943085588   -0.08568111731711   -3.29132991549547
   0.09875766332254   -0.07660429599843   -3.29093707374983
   0.08703485965230   -0.06751115737937   -3.29093648749541
   0.07531206650588   -0.05841802692342   -3.29093597522191
   0.06358928317731   -0.04932490408297   -3.29093553692923
   0.05186650896063   -0.04023178831043   -3.29093517261727
   0.04014374314988   -0.03113867905820   -3.29093488228594
   0.02842098503910   -0.02204557577868   -3.29093466593512
   0.01669823392233   -0.01295247792427   -3.29093452356472
   0.00497548909361   -0.00385938494737   -3.29093445517464
  -0.00674725015302    0.00523370369962   -3.29093446076478
  -0.01846998452352    0.01432678856430   -3.29093454033505
  -0.03018882092213    0.02341684985205   -3.29086488149154
  -0.04191536476271    0.03251288964460   -3.29047097833016
  -0.05363809056562    0.04160596786357   -3.29047127940092
  -0.06536081431573    0.05069904449023   -3.29047165444220
  -0.07708353671900    0.05979212007217   -3.29047210345391
  -0.08880467169628    0.06888396432029   -3.29007866345592
  -0.10052415403823    0.07797452665305   -3.29086744936375
  -0.11225228256045    0.08707179565069   -3.29000995612643
  -0.12397500139452    0.09616486846408   -3.29001070133019
  -0.13569772241162    0.10525794297079   -3.29001152049457
  -0.14742044631772    0.11435101971844   -3.29001241361945
  -0.15914317381877    0.12344409925463   -3.29001338070474
  -0.17086590562075    0.13253718212696   -3.29001442175035
  -0.18258864242962    0.14163026888302   -3.29001553675617
  -0.19431138495134    0.15072336007043   -3.29001672572210
  -0.20603413389187    0.15981645623677   -3.29001798864805
  -0.21775688995718    0.16890955792967   -3.29001932553391
  -0.22947965385323    0.17800266569671   -3.29002073637959
  -0.24120294826718    0.18709618497561   -3.28955828635078
  -0.25292520796143    0.19618890164364   -3.29002377995000
  -0.26464077049089    0.20527642345817   -3.28995592527063
  -0.27637126782758    0.21437552989666   -3.28909923194350
  -0.28809407804108    0.22346867359120   -3.28910101214450
  -0.29981640450896    0.23256144205416   -3.28956680017156
  -0.31153973537212    0.24165498960597   -3.28910479436854
  -0.32326258390158    0.25074816302141   -3.28910679639138
  -0.33498544661496    0.25984134743903   -3.28910887235464
  -0.34670832421821    0.26893454340641   -3.28911102225821
  -0.35843121741732    0.27802775147118   -3.28911324610200
  -0.37014539468515    0.28711419876664   -3.28904623328520
  -0.38190187399674    0.29623345889072   -3.28872592673927
  -0.39361422326796    0.30531848824667   -3.28858534334715
  -0.40532338853730    0.31440104783759   -3.28819498845486
  -0.41704592342871    0.32349397797042   -3.28866151360355
  -0.42876936504252    0.33258761142924   -3.28820024817095
  -0.44049523237651    0.34168312646950   -3.28827316568382
  -0.45222837470710    0.35078428457556   -3.28859882400159
  -0.46393848559322    0.35986757766204   -3.28820869215249
  -0.47566115289262    0.36896061050104   -3.28867558666140
  -0.48738467805851    0.37805430876950   -3.28821469107731
  -0.49910781003850    0.38714770205171   -3.28821780142056
  -0.51083096679135    0.39624111454972   -3.28822098568425
  -0.52255414902302    0.40533454681112   -3.28822424386827
  -0.53427735743948    0.41442799938354   -3.28822757597253
  -0.54600059274670    0.42352147281456   -3.28823098199693
  -0.55772385565063    0.43261496765179   -3.28823446194137
  -0.56943557375015    0.44169950742077   -3.28816916937392
  -0.58117084380554    0.45080231595937   -3.28731374041019
  -0.59289419029701    0.45989587563374   -3.28731744119056
  -0.60461756720848    0.46898945890428   -3.28732121587207
  -0.61634097524593    0.47808306631860   -3.28732506445463
  -0.62806441511531    0.48717669842430   -3.28732898693814
  -0.63978788752260    0.49627035576899   -3.28733298332249
  -0.65151139317375    0.50536403890027   -3.28733705360761
  -0.66323493277475    0.51445774836574   -3.28734119779337
  -0.67495850703156    0.52355148471302   -3.28734541587971
  -0.68668211665015    0.53264524848970   -3.28734970786650
  -0.69840608012542    0.54173928674576   -3.28689014140614
  -0.71012944479653    0.55083286052170   -3.28735851354110
  -0.72185316473626    0.55992670987223   -3.28736302722871
  -0.73357722493743    0.56902082315660   -3.28690368196333
  -0.74530192622137    0.57811543371572   -3.28758087462005
  -0.75689104928560    0.58710487902768   -3.28999068668067
  -0.76842088546210    0.59604833671555   -3.29407898726739
  -0.78002992606993    0.60505323165799   -3.29985813213071
  -0.78077841638907    0.60563382026276   -3.30074589833721
  -0.79183534434383    0.61421045273242   -3.30893138966036
  -0.80279815800671    0.62271408267417   -3.31550119497831
  -0.80355769838994    0.62330324258726   -3.31636106811596
  -0.81528015746195    0.63239611390854   -3.32379087935655
  -0.82540192759703    0.64024736361787   -3.33032682289704
  -0.82695276745752    0.64145031832257   -3.33134721342490
  -0.83876144289132    0.65061006590921   -3.33958625342792
  -0.84738720398952    0.65730089206029   -3.34511596348647
  -0.85048853665090    0.65970653226267   -3.34794498343707
  -0.86212716583076    0.66873437845419   -3.35442548595326
  -0.87018252604125    0.67498275632359   -3.36003208387681
  -0.87389353342896    0.67786130871959   -3.36279763181430
  -0.88561664149941    0.68695468345566   -3.37022826418569
  -0.89356193925957    0.69311768813740   -3.37496817881516
  -0.89733185391718    0.69604193369572   -3.37780745739297
  -0.90900359453738    0.70509546375310   -3.38506975515147
  -0.91554490190693    0.71016942185513   -3.38977041738092
  -0.92077772385525    0.71422841462541   -3.39359860266606
  -0.93241481331446    0.72325506648718   -3.40084288572167
  -0.93830882168271    0.72782692801638   -3.40468145089775
  -0.94427355821010    0.73245365192949   -3.40924723060670
  -0.95586269718096    0.74144310957989   -3.41570589263475
  -0.96029696102270    0.74488267718852   -3.41941173594328
  -0.96772084217949    0.75064122969431   -3.42503817534227
  -0.97940510641955    0.75970447406701   -3.43153410685754
  -0.98304668294699    0.76252917036726   -3.43426171653993
  -0.99129005869442    0.76892338803643   -3.44047861682165
  -1.00285936244683    0.77789745991428   -3.44717014081877
  -1.00574035902795    0.78013218993366   -3.44913387487021
  -1.01459830841589    0.78700311978380   -3.45569075854150
  -1.02624778444654    0.79603937965524   -3.46232807192587
  -1.02847054951918    0.79776353297996   -3.46412363270069
  -1.03802660206808    0.80517596714866   -3.47055091016530
  -1.04971440545000    0.81424195676119   -3.47797222019785
  -1.05117154513063    0.81537223015619   -3.47892036978305
  -1.06147603520904    0.82336521198183   -3.48634427261167
  -1.07314570876667    0.83241713866112   -3.49298961607253
  -1.07390343624919    0.83300489234427   -3.49385492592335
  -1.08489925250903    0.84153412172429   -3.50120240357921
  -1.09583444021987    0.85001632278107   -3.50867994955156
  -1.09665123419264    0.85064989313050   -3.50957146327441
  -1.10837661558522    0.85974503123597   -3.51700482673383
  -1.11850091701741    0.86759824442061   -3.52355716120391
  -1.12008752631470    0.86882894474456   -3.52459997461010
  -1.13179539826066    0.87791050113103   -3.53186227392866
  -1.14129401993427    0.88527838734646   -3.53840661639918
  -1.14355337087346    0.88703091957827   -3.54023383279400
  -1.15518862331215    0.89605614650085   -3.54763243805629
  -1.16244807272207    0.90168715266962   -3.55329440344679
  -1.16694713412614    0.90517698241971   -3.55710439602458
  -1.17851218165778    0.91414775283432   -3.56518497170157
  -1.18157246761142    0.91652155394651   -3.56807178297603
  -1.19040095756799    0.92336963271933   -3.57552000255237
  -1.19989495454676    0.93073393165373   -3.58293657843882
  -1.20208373453252    0.93243172344288   -3.58478914133961
  -1.21385028146785    0.94155879281642   -3.59427044338241
  -1.21818934812313    0.94492451791799   -3.59788680064058
  -1.22558924321520    0.95066446492483   -3.60432469612478
  -1.23648398955209    0.95911529643644   -3.61267756182365
  -1.23729447016317    0.95974396964056   -3.61360665836968
  -1.24903430016684    0.96885031523761   -3.62290398628622
  -1.25482267215537    0.97334023679145   -3.62754254340285
  -1.26075349045109    0.97794065102720   -3.63312036394006
  -1.27240977466768    0.98698219186897   -3.64161618878082
  -1.27386258659069    0.98810910831106   -3.64257226311032
  -1.28418338479183    0.99611474001336   -3.65169195764494
  -1.29075672464800    1.00121354505896   -3.65727295975748
  -1.29587757742714    1.00518568563884   -3.66113999200835
  -1.30762608645272    1.01429876337537   -3.67044711655083
  -1.30984262330347    1.01601808559598   -3.67226599100626
  -1.31953499608545    1.02353626057642   -3.68017930958867
  -1.32813010803513    1.03020331281096   -3.68701186868469
  -1.33115238449251    1.03254763073568   -3.68980267572310
  -1.34287415426622    1.04163996738238   -3.69876908096813
  -1.34588917711068    1.04397865882817   -3.70163711976654
  -1.35471106725390    1.05082161826101   -3.70898303197355
  -1.36476480363500    1.05862009558132   -3.71683667053717
  -1.36630683382593    1.05981621680584   -3.71859703812933
  -1.37803057814584    1.06891008506758   -3.72716145572617
  -1.38314782029550    1.07287942495615   -3.73159908174430
  -1.38977223483527    1.07801784758735   -3.73718091982085
  -1.40141697589678    1.08705043464024   -3.74570649335988
  -1.40217342586325    1.08763719738036   -3.74658816291712
  -1.41337691506799    1.09632751440875   -3.75636413704159
  -1.41916087558073    1.10081401407120   -3.76113859690823
  -1.42497185455537    1.10532147140097   -3.76598658123300
  -1.43669004293646    1.11441103003480   -3.77527581034768
  -1.43812192784004    1.11552171381669   -3.77627510822666
  -1.44842115430054    1.12351061276176   -3.78456836117076
  -1.45639517271241    1.12969589546458   -3.79110939214854
  -1.46018415700150    1.13263493294532   -3.79479631200797
  -1.47209557637076    1.14187437689757   -3.80372183153535
  -1.47487514288067    1.14403042968891   -3.80575099451237
  -1.48362772279048    1.15081962659377   -3.81337881166533
  -1.49312831152809    1.15818903862044   -3.82080399939419
  -1.49534734738192    1.15991029926654   -3.82266902162674
  -1.50722953032174    1.16912706511951   -3.83256340309050
  -1.51082103780746    1.17191292388996   -3.83547526299775
  -1.51883140530400    1.17812640183300   -3.84219016498824
  -1.52971352019719    1.18656743539254   -3.85060150445846
  -1.53054383869238    1.18721149643690   -3.85147901451356
  -1.54228790979667    1.19632113176881   -3.86077679195833
  -1.54815262260753    1.20087026933438   -3.86538896472329
  -1.55418233507376    1.20554739375196   -3.87065873621022
  -1.56574184276160    1.21451386702324   -3.87936283473134
  -1.56716723408119    1.21561951386507   -3.88037599993225
  -1.57761119652105    1.22372068154384   -3.88926352071657
  -1.58479037337105    1.22928942193259   -3.89515691936852
  -1.58923657497595    1.23273824941950   -3.89888948528587
  -1.60100133467220    1.24186393246831   -3.90786089201123
  -1.60258632007236    1.24309337316853   -3.90963365071680
  -1.61277879411382    1.25099946644939   -3.91901358208887
  -1.61913891919077    1.25593288515930   -3.92498445528074
  -1.62436912238908    1.25998984661885   -3.93046368888889
  -1.63454065139682    1.26787969326620   -3.93985543155914
  -1.63611858459414    1.26910366371717   -3.94162453505690
  -1.64794456909549    1.27827683759285   -3.95247238077931
  -1.65008629215933    1.27993812829182   -3.95449990248231
  -1.65954991543535    1.28727886696732   -3.96390732805325
  -1.66533056503273    1.29176279842056   -3.96960619795465
  -1.67131901074781    1.29640791306478   -3.97601116331443
  -1.68072115083553    1.30370096049084   -3.98448487210820
  -1.68287949637806    1.30537514490595   -3.98640814450272
  -1.69477327532167    1.31460090554147   -3.99830925109324
  -1.69615219188641    1.31567050286818   -3.99938775087335
  -1.70650936288930    1.32370434820756   -4.00946394772658
  -1.71099853586260    1.32718650770451   -4.01396286758605
  -1.71826194240851    1.33282058334259   -4.02062950522691
  -1.72708414765495    1.33966378719453   -4.02887499296416
  -1.72998737138522    1.34191575835809   -4.03177785351394
  -1.74171889938261    1.35101566425897   -4.04292981738661
  -1.74249650006895    1.35161883317914   -4.04378497755266
  -1.75363204344212    1.36025644601811   -4.05471741820059
  -1.75794535226357    1.36360219129575   -4.05858510089570
  -1.76536295392285    1.36935587292397   -4.06587521679851
  -1.77270796121492    1.37505324458894   -4.07327697894087
  -1.77711484883885    1.37847157702633   -4.07795615079290
  -1.78845075335232    1.38726460589664   -4.08769881177205
  -1.78927575161681    1.38790454014705   -4.08869691915783
  -1.80043092043430    1.39655737604108   -4.09965848418411
  -1.80415075581880    1.39944277613332   -4.10322083402289
  -1.81232031002161    1.40577973194285   -4.11143004006730
  -1.81949593847209    1.41134571991079   -4.11814110865056
  -1.82388258374378    1.41474835077028   -4.12288457759616
  -1.83484335243090    1.42325039446623   -4.13318728577653
  -1.83562107810478    1.42385366033668   -4.13404262430368
  -1.84758666499983    1.43313512092885   -4.14580442543717
  -1.84976844141692    1.43482748019328   -4.14763331105248
  -1.85910808059920    1.44207204694757   -4.15636759961569
  -1.86577427136602    1.44724287454214   -4.16273390318005
  -1.87100204057489    1.45129794800596   -4.16815364275138
  -1.88164989319273    1.45955726911829   -4.17802453144431
  -1.88239983773638    1.46013898573523   -4.17892864705708
  -1.89445408023960    1.46948921466620   -4.19047496067049
  -1.89657862280524    1.47113717880471   -4.19250177886417
  -1.90604601735296    1.47848084277841   -4.20191451388590
  -1.91139723826964    1.48263167520257   -4.20715426434875
  -1.91778635839741    1.48758758477932   -4.21307473952230
  -1.92739717712220    1.49504249994855   -4.22226172379970
  -1.92952693281184    1.49669450780054   -4.22423528135592
  -1.94141933673050    1.50591920185737   -4.23511681892208
  -1.94295014785517    1.50710662068207   -4.23691630178935
  -1.95318797352121    1.51504789228892   -4.24720329396212
  -1.95820778116859    1.51894165423040   -4.25203168695258
  -1.96474707628786    1.52401405147113   -4.25864328792577
  -1.97361074613512    1.53088941856435   -4.26691979553426
  -1.97648608594577    1.53311976074278   -4.26980151817568
  -1.98820553535203    1.54221029752800   -4.28092446429046
  -1.98902100863418    1.54284284344477   -4.28183900819140
  -1.99998482892017    1.55134725420344   -4.29214586215255
  -2.00447623771864    1.55483114798416   -4.29664789382961
  -2.01189983448909    1.56058947989730   -4.30394201115857
  -2.02041251111047    1.56719258873669   -4.31180837768521
  -2.02345212319609    1.56955035355305   -4.31537526591039
  -2.03499519253231    1.57850407593178   -4.32580855122931
  -2.03583974941568    1.57915918140212   -4.32679639319117
  -2.04710598126001    1.58789816661050   -4.33743744981463
  -2.05070299551849    1.59068829687176   -4.34130995756494
  -2.05887406600215    1.59702642882927   -4.34952426137711
  -2.06612535432324    1.60265110460866   -4.35618598252749
  -2.07044088788944    1.60599857557521   -4.36005665135595
  -2.08157814071787    1.61463751440360   -4.37102602943087
  -2.08236080174714    1.61524460852810   -4.37185358131507
  -2.09408431438407    1.62433829707810   -4.38302517330576
  -2.09696925819604    1.62657608888358   -4.38593997811426
  -2.10583994245320    1.63345689691084   -4.39418805708514
  -2.11235380475106    1.63850956643309   -4.40085892423776
  -2.11741290935353    1.64243381021748   -4.40564019869487
  -2.12785239970086    1.65053150898571   -4.41559149942146
  -2.12933768301805    1.65168361282296   -4.41744523868799
  -2.14109923705824    1.66080680931004   -4.42859588080419
  -2.14330345036924    1.66251657241336   -4.43043878353365
  -2.15263975979877    1.66975855634667   -4.44004968644850
  -2.15858976408621    1.67437385276309   -4.44553374599249
  -2.16439099478803    1.67887374855736   -4.45123049897764
  -2.17384117472145    1.68620405950745   -4.46066520580434
  -2.17595326880091    1.68784236761030   -4.46266373617048
  -2.18805277426310    1.69722770609115   -4.47328798868546
  -2.18956598205288    1.69840147036964   -4.47508702930385
  -2.19980045594532    1.70634014207438   -4.48538534606139
  -2.20402269152783    1.70961524370656   -4.49027002926954
  -2.21136618290280    1.71531143950569   -4.49957325598879
  -2.21568026305895    1.71865778309184   -4.50519805548604
  -2.22330144390211    1.72456937692189   -4.51794345526616
  -2.22472309606949    1.72567212337996   -4.51984989932726
  -2.23468560137000    1.73339983462029   -4.53422266740807
  -2.23538365525664    1.73394130071777   -4.53510707037534
  -2.24434609629089    1.74089328259703   -4.54984034624482
  -2.24662221065411    1.74265881787338   -4.55348482179950
  -2.25392186450365    1.74832100980222   -4.56471257408399
  -2.25855476200515    1.75191465347093   -4.57190150470590
  -2.26345249611923    1.75571372547379   -4.57960549367319
  -2.27013001175488    1.76089333753708   -4.58976821322929
  -2.27319017839349    1.76326704609905   -4.59428399064759
  -2.28188202986910    1.77000913720176   -4.60840879305862
  -2.28257670774411    1.77054798459618   -4.60933848603951
  -2.29216668713676    1.77798673512245   -4.62422460913956
  -2.29382151513637    1.77927035129606   -4.62678959883631
  -2.30166850636722    1.78535710161721   -4.63914010249070
  -2.30539386849812    1.78824678869339   -4.64466508604010
  -2.31123383179542    1.79277672856839   -4.65401870049213
  -2.31714755308865    1.79736388100961   -4.66235133776145
  -2.32149789393086    1.80073835126700   -4.66891836153136
  -2.32908745682428    1.80662541970124   -4.68075144067281
  -2.33051725849190    1.80773448755968   -4.68358635861878
  -2.34010468857038    1.81517126063518   -4.69842591566487
  -2.34083928525460    1.81574107223202   -4.69935665425735
  -2.35014464959992    1.82295905269753   -4.71358663573208
  -2.35242144507867    1.82472511630125   -4.71723235520810
  -2.35919056780754    1.82997578610981   -4.72823128549887
  -2.36435670434471    1.83398305237298   -4.73565084877503
  -2.36945324523839    1.83793633472143   -4.74315292818204
  -2.37594333913101    1.84297056757873   -4.75351047410025
  -2.37900264778020    1.84534361061588   -4.75804767885739
  -2.38746948116397    1.85191115979514   -4.77141176118445
  -2.38839866875017    1.85263191156767   -4.77310627262026
  -2.39861074323769    1.86055320851296   -4.78805300291939
  -2.39946355202351    1.86121471481497   -4.78980210176537
  -2.40748156733538    1.86743412501166   -4.80291654369017
  -2.41102567160581    1.87018321407925   -4.80771512958543
  -2.41723400477792    1.87499889091863   -4.81759342925784
  -2.42315389459667    1.87959082815871   -4.82685938689225
  -2.42679519419105    1.88241530964767   -4.83247490426899
  -2.43490986240187    1.88870969151776   -4.84454288499879
  -2.43634296647931    1.88982132098783   -4.84737962515659
  -2.44592211783162    1.89725167242506   -4.86222208451398
  -2.44665692242412    1.89782164529209   -4.86315317077550
  -2.45597499680084    1.90504948466855   -4.87739012489568
  -2.45825250370155    1.90681610010771   -4.88103713590714
  -2.46502030943602    1.91206574835069   -4.89203901715980
  -2.47018799348220    1.91607421498490   -4.89946128254686
  -2.47529367078237    1.92003458425667   -4.90696853356684
  -2.48178579976467    1.92507039569133   -4.91732976366637
  -2.48484731963511    1.92744515392750   -4.92186917923213
  -2.49331680606376    1.93401476101932   -4.93523804138873
  -2.49476361785622    1.93513702328308   -4.93716161775980
  -2.50446150293527    1.94265947403941   -4.95188535234133
  -2.50531461530334    1.94332121582394   -4.95363505004036
  -2.51385373037191    1.94994483242513   -4.96698283195991
  -2.51687231991545    1.95228629048632   -4.97155172753388
  -2.52308621666939    1.95710628288213   -4.98143467526681
  -2.52882751801194    1.96155969270031   -4.98996026064266
  -2.53317086032454    1.96492873434167   -4.99655164901095
  -2.54076516827125    1.97081948341653   -5.00839324859838
  -2.54292859652627    1.97249761038758   -5.01125220754061
  -2.55213929427708    1.97964215991535   -5.02561296607746
  -2.55287431595274    1.98021230116934   -5.02654441236930
  -2.56183853050354    1.98716565872905   -5.04125297350126
  -2.56411677925594    1.98893284960735   -5.04490132366060
  -2.57138743936240    1.99457255168374   -5.05616072862270
  -2.57588935802917    1.99806459775396   -5.06351934329788
  -2.58097863525397    2.00201224582330   -5.07103091882265
  -2.58781217614559    2.00731288348084   -5.08102456700556
  -2.59073449210698    2.00957966409691   -5.08571472180527
  -2.59974648083655    2.01657007910825   -5.09941439362139
  -2.60052044133026    2.01717042440558   -5.10042903077326
  -2.60984637616923    2.02440436098155   -5.11555361644100
  -2.61137638619883    2.02559115841321   -5.11829132866725
  -2.61941367108066    2.03182551562052   -5.13042205176235
  -2.62312080977161    2.03470106714770   -5.13597787877206
  -2.62896832542189    2.03923686522817   -5.14535863135720
  -2.63455819694472    2.04357281403783   -5.15402136575819
  -2.63853493444294    2.04665748783602   -5.16022762713863
  -2.64665477314614    2.05295588035112   -5.17230468792737
  -2.64859121424047    2.05445793803234   -5.17539023491203
  -2.65747398479087    2.06134812114965   -5.19022590211425
  -2.65820923218026    2.06191843748515   -5.19115772254442
  -2.66773664906576    2.06930865955646   -5.20517734106053
  -2.67001567022279    2.07107644957321   -5.20882707796524
  -2.67678106785097    2.07632422989750   -5.21983522322102
  -2.68195204619887    2.08033525185405   -5.22726319154122
  -2.68655948637716    2.08390914879873   -5.23452998653665
  -2.69373382839213    2.08947413890501   -5.24496999618782
  -2.69664017225480    2.09172853029135   -5.24965555637761
  -2.70549457453548    2.09859670872306   -5.26266933003376
  -2.70693679583512    2.09971541023559   -5.26460297952385
  -2.71626595916279    2.10695185108410   -5.27973336807566
  -2.71711971652031    2.10761409317374   -5.28148432784890
  -2.72532968532849    2.11398239776460   -5.29438033371480
  -2.72885592793746    2.11671763190736   -5.29920456849724
  -2.73489427218522    2.12140145182102   -5.30930153947428
  -2.74063935449113    2.12585779445501   -5.31783372873337
  -2.74498062532105    2.12922522928969   -5.32442861680650
  -2.75258008151243    2.13511997175247   -5.33627935866798
  -2.75419759831771    2.13637464639710   -5.33883197745772
  -2.76357805510074    2.14365087452798   -5.35397379430546
  -2.76431353773339    2.14422137333686   -5.35490600086872
  -2.77367075658922    2.15147957628373   -5.36916538621366
  -2.77576923860106    2.15310732578462   -5.37207632344285
  -2.78271489491927    2.15849492908145   -5.38382800089130
  -2.78788762060800    2.16250730641448   -5.39125896993700
  -2.79301834394978    2.16648710338756   -5.39875976718556
  -2.79967695114316    2.17165204855960   -5.40897387924412
  -2.80308841218557    2.17429824899294   -5.41392697306090
  -2.81106658123763    2.18048675126231   -5.42708652049103
  -2.81195328836871    2.18117455181619   -5.42876467340823
  -2.82172247471632    2.18875230950566   -5.44352863452358
  -2.82307654971180    2.18980263773607   -5.44550499699531
  -2.83128245101004    2.19616778724282   -5.45840345012999
  -2.83499213362729    2.19904531204152   -5.46396371383771
  -2.84084556337819    2.20358569756866   -5.47330350013371
  -2.84694460251330    2.20831659726285   -5.48238419824070
  -2.85064690254922    2.21118839554447   -5.48800085615077
  -2.85874082807146    2.21746668773603   -5.50011241776955
  -2.86025355252519    2.21864007710066   -5.50296459013806
  -2.86953595844542    2.22584024918622   -5.51801922176714
  -2.87027168532250    2.22641093745051   -5.51895182750176
  -2.87912398538893    2.23327748523770   -5.53298904736191
  -2.88192292103172    2.23544856226856   -5.53687191915420
  -2.88921606342167    2.24110570339161   -5.54811915802651
  -2.89367755784281    2.24456639320275   -5.55459491635921
  -2.89899680508255    2.24869242430082   -5.56282580317848
  -2.90547633592223    2.25371846361437   -5.57230356187592
  -2.90857587777099    2.25612271472010   -5.57777670968334
  -2.91723426748852    2.26283885022267   -5.59193013967342
  -2.91792864370983    2.26337746363050   -5.59284067323164
  -2.92771688638643    2.27097000292392   -5.60761538584531
  -2.92907144420358    2.27202070566921   -5.60959257686882
  -2.93727338265803    2.27838278127922   -5.62249355384691
  -2.94098441060770    2.28126134962471   -5.62805614629730
  -2.94684987170975    2.28581106762443   -5.63742863331178
  -2.95259903602289    2.29027057658779   -5.64596788123951
  -2.95641506362050    2.29323059100886   -5.65233512513097
  -2.96454345548008    2.29953561803212   -5.66442700950167
  -2.96673765903156    2.30123761677007   -5.66730157090641
  -2.97553252586655    2.30805961477639   -5.68213230201210
  -2.97626850616637    2.30863049961549   -5.68306531976408
  -2.98565258361365    2.31590953622145   -5.69734113567882
  -2.98793410653250    2.31767926680359   -5.70099531804850
  -2.99469651395442    2.32292472768614   -5.71201365262171
  -2.99987293607158    2.32693997226297   -5.71945092117721
  -3.00501433834940    2.33092805266794   -5.72696021856724
  -3.01167784574581    2.33609679882706   -5.73718287801846
  -3.01458107236975    2.33834877223518   -5.74187211773112
  -3.02344494753196    2.34522429858701   -5.75490219286045
  -3.02437472674257    2.34594550927048   -5.75643970611078
  -3.03369971916637    2.35317871483432   -5.77167873385584
  -3.03517196668068    2.35432070706636   -5.77354523292332
  -3.04330390055470    2.36062848155765   -5.78665279518642
  -3.04701632301318    2.36350813159505   -5.79221778985000
  -3.05288653505821    2.36806153480390   -5.80159515916750
  -3.05863785404120    2.37252271510052   -5.81013810666175
  -3.06245290155380    2.37548196928972   -5.81650714558093
  -3.07058435884382    2.38178937410456   -5.82860429141710
  -3.07203792050104    2.38291687210012   -5.83145323203974
  -3.08194386904048    2.39060071341967   -5.84586015381424
  -3.08267220112960    2.39116566569844   -5.84678357611551
  -3.09115633390366    2.39774663366031   -5.86125972012926
  -3.09408917703450    2.40002157998602   -5.86497816538559
  -3.10074715093396    2.40518603392493   -5.87621081845898
  -3.10592751883877    2.40920433916839   -5.88364914038732
  -3.11065536454518    2.41287163221426   -5.89080189033025
  -3.11759404848950    2.41825382718352   -5.90157951137686
  -3.12066972950289    2.42063956992813   -5.90613374245398
  -3.12933491078832    2.42736097351077   -5.92029923576431
  -3.12999873431316    2.42787588781794   -5.92120067646150
  -3.13939349583267    2.43516321183982   -5.93557870133482
  -3.14139121785113    2.43671280387831   -5.93871031038132
  -3.14940867269374    2.44293177933049   -5.95092679204725
  -3.15297039344533    2.44569453314158   -5.95664318519976
  -3.15895693454447    2.45033817041423   -5.96580037281254
  -3.16493124195383    2.45497231826439   -5.97509196491355
  -3.16879298715184    2.45796779489138   -5.98031846109362
  -3.17674712043812    2.46413765310970   -5.99282775521309
  -3.17881724549837    2.46574340670425   -5.99562057308515
  -3.18772432833988    2.47265244836764   -6.01062289960902
  -3.18869529912344    2.47340561051027   -6.01204334068766
  -3.19731139143444    2.48008893678122   -6.02556071232197
  -3.20007870481280    2.48223548506947   -6.02945483213228
  -3.20718805325487    2.48775006099290   -6.04007541130993
  -3.21214009968091    2.49159126194334   -6.04789166645198
  -3.21648684129383    2.49496294035231   -6.05543815667135
  -3.22422686554357    2.50096671857786   -6.06812924041978
  -3.22520907248684    2.50172859637936   -6.07051460303485
  -3.22900876508091    2.50467594007288   -6.08594995380215
  -3.22903525807924    2.50469649014886   -6.10086450083063
  -3.22882660224304    2.50453464009186   -6.11586742143837
  -3.22832060416810    2.50414214775250   -6.13074355881493
  -3.22764455466677    2.50361775000587   -6.14560574312919
  -3.22745501803556    2.50347073032444   -6.16061355590609
  -3.22693024007637    2.50306367081365   -6.17548951349947
  -3.22622179469959    2.50251414425019   -6.19040483194720
  -3.22550516857805    2.50195827205062   -6.20533244250901
  -3.22430033347898    2.50102370615008   -6.22026176740937
  -3.22359100240974    2.50047349257312   -6.22306532342018
  -3.21997467448477    2.49766838109648   -6.23532822527116
  -3.21178751791616    2.49131777149246   -6.24922553585147
  -3.21106691147460    2.49075881184021   -6.25017146711605
  -3.20058511535530    2.48262829735147   -6.26481055285729
  -3.19985132437112    2.48205911071964   -6.26574101693309
  -3.18884444352323    2.47352129876537   -6.27969812812089
  -3.18811065461665    2.47295211374510   -6.28062861738547
  -3.17713349579020    2.46443735655389   -6.29462338002510
  -3.17642590868142    2.46388849573132   -6.29558274166617
  -3.16573278221651    2.45559405662343   -6.30994081719520
  -3.16499899730342    2.45502487470083   -6.31087135725403
  -3.15415826414988    2.44661594010887   -6.32508613296380
  -3.15340605509641    2.44603246695808   -6.32599181382458
  -3.14227975120975    2.43740202099948   -6.33972152948958
  -3.14155915732429    2.43684307108674   -6.34066761295367
  -3.13124631191136    2.42884360819930   -6.35461076600950
  -3.12977875213462    2.42770525214925   -6.35647200094553
  -3.11950581936578    2.41973674868207   -6.36950078018715
  -3.11803826280645    2.41859839512769   -6.37136206679826
  -3.10776535212913    2.41062990879645   -6.38439120844475
  -3.10629779863062    2.40949155761628   -6.38625254694595
  -3.09602490894937    2.40152308757127   -6.39928205250234
  -3.09455735835519    2.40038473864394   -6.40114344310854
  -3.08455881553204    2.39262907383566   -6.41423966414417
  -3.08303567198729    2.39144760259562   -6.41631068501582
  -3.07327922067832    2.38387972321469   -6.42906734158701
  -3.07103273318486    2.38213716889419   -6.43183670732662
  -3.06135401524383    2.37462958569410   -6.44372629755895
  -3.05919992572481    2.37295870258923   -6.44655437161173
  -3.04979847295745    2.36566618830349   -6.45885195912952
  -3.04759716242180    2.36395867682353   -6.46164435636855
  -3.03805812651277    2.35655944211373   -6.47374490357121
  -3.03567333768184    2.35470961027939   -6.47723740511700
  -3.02686808046761    2.34787955266879   -6.48840746704297
  -3.02393300380013    2.34560287383447   -6.49213088055321
  -3.01512775799134    2.33877282507084   -6.50330126345353
  -3.01232931262572    2.33660212833794   -6.50630237395927
  -3.00179955970313    2.32843441473947   -6.51813852259512
  -3.00020723695611    2.32719928260962   -6.51974845346772
  -2.98845763736354    2.31808535894263   -6.52904405904631
  -2.98401034401587    2.31463568461322   -6.53267930403326
  -2.97678874971077    2.30903404187364   -6.53761749211667
  -2.96485914010258    2.29978048812574   -6.54653387490085
  -2.96343765409474    2.29867787055422   -6.54752272083940
  -2.95328649325256    2.29080382307557   -6.55434320048709
  -2.94278214902058    2.28265581847781   -6.56216562142261
  -2.94132337129829    2.28152427448746   -6.56311862972912
  -2.92953519545344    2.27238042801195   -6.57144227553702
  -2.92159639964446    2.26622246676053   -6.57730649791122
  -2.91788709103576    2.26334523207260   -6.57999272565663
  -2.90606082215326    2.25417183760827   -6.58824343991120
  -2.90165418401493    2.25075369869176   -6.59192225346936
  -2.89441805719093    2.24514078337503   -6.59680642950465
  -2.88278706928405    2.23611886436240   -6.60537768583278
  -2.88118498413541    2.23487615973764   -6.60700149282868
  -2.87110222967380    2.22705517368683   -6.61392599019429
  -2.86075129830506    2.21902616830381   -6.62219159357655
  -2.85928234509405    2.21788673139535   -6.62312051927346
  -2.84743002154861    2.20869312686282   -6.63122459281143
  -2.83950582439960    2.20254648949281   -6.63705541669431
  -2.83578138404274    2.19965751741786   -6.63985025825902
  -2.82391344372312    2.19045179927357   -6.64791887580660
  -2.81875941881811    2.18645392775532   -6.65160754436350
  -2.81216740485901    2.18134063759070   -6.65629347886400
  -2.80044031360997    2.17224417318461   -6.66470674874061
  -2.79821536236277    2.17051832408907   -6.66651952658453
  -2.78878018329213    2.16319964900089   -6.67331218006083
  -2.77764313934283    2.15456087219576   -6.68137215799631
  -2.77684405397789    2.15394103805059   -6.68216604366361
  -2.76534133285500    2.14501861295425   -6.69013264991709
  -2.75646764923301    2.13813547838114   -6.69655249706614
  -2.75338322449107    2.13574295330544   -6.69897044280944
  -2.74173682212384    2.12670907761174   -6.70661507066766
  -2.73651162011867    2.12265599547523   -6.71110403740712
  -2.72991956997190    2.11754267724058   -6.71579074486581
  -2.71835591368480    2.10857298598585   -6.72361557787631
  -2.71524830708702    2.10616247921955   -6.72607176874401
  -2.70644740972361    2.09933580345590   -6.73078105660928
  -2.69469976076040    2.09022339285213   -6.73636203179802
  -2.68582062535664    2.08333602944360   -6.74078734567107
  -2.68290871792508    2.08107732251087   -6.74181992464187
  -2.67112997503690    2.07194079298659   -6.74635075750975
  -2.65929561459621    2.06276112206637   -6.75066233271225
  -2.64767548705010    2.05374762721307   -6.75493053311773
  -2.64687204675730    2.05312441503959   -6.75555335076107
  -2.63578773196430    2.04452653916064   -6.75993094127751
  -2.62403393048259    2.03540935617433   -6.76456546564717
  -2.61228486863156    2.02629584962243   -6.76923811160696
  -2.60937985174855    2.02404248754703   -6.77027380760642
  -2.60052660347012    2.01717520425122   -6.77383495602584
  -2.58887705882241    2.00813889115493   -6.77796214079693
  -2.57713414070394    1.99903015017050   -6.78263013103091
  -2.57120736019618    1.99443286796414   -6.78521455915063
  -2.56537029334801    1.98990517480538   -6.78723250508819
  -2.55361704376697    1.98078841991712   -6.79186790993656
  -2.54187457235186    1.97168002543133   -6.79653641311578
  -2.53373581117742    1.96536695514300   -6.80000156285021
  -2.53000677650028    1.96247441934795   -6.80164698136872
  -2.51835781872341    1.95343856147534   -6.80577501880627
  -2.50661578688556    1.94433050796064   -6.81044403930451
  -2.49715090256470    1.93698879111849   -6.81515234347780
  -2.49495927537329    1.93528879081025   -6.81703336814196
  -2.48343446637504    1.92634923260155   -6.82891797286203
  -2.48310710568531    1.92609530562180   -6.82936043635788
      
      
