# shadow point cont 3D ind 240  size 1199
# norm -0.3090170 -0.9510565  0.0000000
# angle  1.8849556
   3.47178296373883   -1.12805066596460   -6.84172501226895
   3.48527159794492   -1.13243338889344   -6.83860356690632
   3.49934732981504   -1.13700687141693   -6.83496935568446
   3.51312990051082   -1.14148510010072   -6.83065364057823
   3.52046609633899   -1.14386877462071   -6.82805028121636
   3.52764232880135   -1.14620047389248   -6.82570820317105
   3.54160317391738   -1.15073662744673   -6.82165551698479
   3.55585826801137   -1.15536838828952   -6.81747557611381
   3.56885323611173   -1.15959070937725   -6.81316088919796
   3.56982665582055   -1.15990699261335   -6.81248609205659
   3.58423690762731   -1.16458916725304   -6.80812071870834
   3.59838803052341   -1.16918714580579   -6.80442405278511
   3.61217973369178   -1.17366834180979   -6.80008663398250
   3.61682982704533   -1.17517924872968   -6.79832281697660
   3.62668518197923   -1.17838144766107   -6.79516482110616
   3.64093776420893   -1.18301239234968   -6.79097517151314
   3.65472678623085   -1.18749271719639   -6.78657495461690
   3.66278035004026   -1.19010947870294   -6.78378511310947
   3.66894764820957   -1.19211335535069   -6.78185502799918
   3.68328419043305   -1.19677158029497   -6.77758113019617
   3.69722479756993   -1.20130115813119   -6.77356005641306
   3.71055370392522   -1.20563198233527   -6.76903239436983
   3.71152265717827   -1.20594681433191   -6.76839431038251
   3.72554968002316   -1.21050447033373   -6.76427309010273
   3.73988580889437   -1.21516256097172   -6.75999958344655
   3.75367618361927   -1.21964332533827   -6.75564163631656
   3.75832981241413   -1.22115538099268   -6.75390008145604
   3.76818618418372   -1.22435791031401   -6.75074305179400
   3.78227734565000   -1.22893640621720   -6.74618596488876
   3.79619165125088   -1.23345743816633   -6.74035295690982
   3.79798573599949   -1.23404037163787   -6.73949097838023
   3.81027291410144   -1.23803271781431   -6.73305370615280
   3.82420493511975   -1.24255950585149   -6.72533629166062
   3.82595596267734   -1.24312844919360   -6.72437524109109
   3.83855750909124   -1.24722293982647   -6.71726788137870
   3.85147807860875   -1.25142108734925   -6.70965605216294
   3.85242910626598   -1.25173009496675   -6.70883330487070
   3.86688562172355   -1.25642730157781   -6.70138680933159
   3.87901947791831   -1.26036983044674   -6.69479168055864
   3.88076023317271   -1.26093543611522   -6.69381312428576
   3.89501201794551   -1.26556612169438   -6.68555517848079
   3.90636939836224   -1.26925635828938   -6.67959899158822
   3.90909531636947   -1.27014206274024   -6.67789884761359
   3.92323989050994   -1.27473791347331   -6.67047348023297
   3.93288473104661   -1.27787171213070   -6.66494965569999
   3.93733922404689   -1.27931906464322   -6.66222943856818
   3.95129581584698   -1.28385383621136   -6.65457491991488
   3.95954740484850   -1.28653494000317   -6.64995735169140
   3.96588679680936   -1.28859473331339   -6.64661034295390
   3.97981399026043   -1.29311995277889   -6.63890791102148
   3.98597153790043   -1.29512066128762   -6.63532946085201
   3.99391519583046   -1.29770171220922   -6.63066456988735
   4.00810188367666   -1.30231124651476   -6.62312613083666
   4.01251568326473   -1.30374537693615   -6.62052023904043
   4.02220403644596   -1.30689331370879   -6.61488312628383
   4.03639035421337   -1.31150272776844   -6.60734501058432
   4.03912995694994   -1.31239287865741   -6.60567357286025
   4.05088522490560   -1.31621239675070   -6.59880339081454
   4.06464935905256   -1.32068463503664   -6.59164766552662
   4.06640069564001   -1.32125367878863   -6.59068695588751
   4.07878347076854   -1.32527708632191   -6.58332219522203
   4.09118169819279   -1.32930551461043   -6.57596035124584
   4.09292273440898   -1.32987121156892   -6.57498208998699
   4.10659966529550   -1.33431511579797   -6.56466315552776
   4.11025214319514   -1.33550187780762   -6.56110971596935
   4.12079332870834   -1.33892691660250   -6.55093330998131
   4.12599885888362   -1.34061829588578   -6.54607020369565
   4.13490690556812   -1.34351269570854   -6.53779344754028
   4.14113939973089   -1.34553775581868   -6.53146407010513
   4.14921898473368   -1.34816297212347   -6.52324137762777
   4.15625907823857   -1.35045043716654   -6.51662191448679
   4.16332527298781   -1.35274638301798   -6.51011259628532
   4.17130267432791   -1.35533839783813   -6.50193275979695
   4.17748361805229   -1.35734670819549   -6.49542110966812
   4.18620812568932   -1.36018147256670   -6.48685274879280
   4.19137565709146   -1.36186050530016   -6.48205434955723
   4.20190966637494   -1.36528321239666   -6.47174437006094
   4.20550488972741   -1.36645137127623   -6.46809528819464
   4.21714964743652   -1.37023498241378   -6.45710437014607
   4.21985392571094   -1.37111365568924   -6.45437733614995
   4.23217639811412   -1.37511746967932   -6.44222934758829
   4.23398258049297   -1.37570433390919   -6.44041556626793
   4.24703526639184   -1.37994540864648   -6.42729871749174
   4.24791829421059   -1.38023232177711   -6.42636858908393
   4.26183748801595   -1.38475494200015   -6.41312613076036
   4.26272027822336   -1.38504177792619   -6.41219576520779
   4.27596508459628   -1.38934527638954   -6.39917311932086
   4.27773068234585   -1.38991895387400   -6.39731243281290
   4.29027721605391   -1.39399556979519   -6.38519825743542
   4.29302027357787   -1.39488684321263   -6.38252353026402
   4.30444643637858   -1.39859942855895   -6.37150530525101
   4.30797867021312   -1.39974712090349   -6.36778512619660
   4.31862502264227   -1.40320633050075   -6.35749821438573
   4.32262698487756   -1.40450664685458   -6.35284651784131
   4.33197732167481   -1.40754475544642   -6.33943232593684
   4.33274781198341   -1.40779510292344   -6.33845784769001
   4.33591938277089   -1.40882560874029   -6.32432526885181
   4.33595282694443   -1.40883647541100   -6.30929932330309
   4.33626299962032   -1.40893725662263   -6.29454497362105
   4.33580905749947   -1.40878976188661   -6.27955259959262
   4.33572244286503   -1.40876161908590   -6.26472324698514
   4.33485036368368   -1.40847826338320   -6.24970380511855
   4.33476375260590   -1.40845012173812   -6.23487363141895
   4.33389202239100   -1.40816687942150   -6.21985656927418
   4.33385574397647   -1.40815509185007   -6.20493466359150
   4.33381954579950   -1.40814333034941   -6.19001313921453
   4.33373290662777   -1.40811517957604   -6.17518131781741
   4.33274399751771   -1.40779386352840   -6.16044764059450
   4.33220339015708   -1.40761820954900   -6.15944379550143
   4.32900426943449   -1.40657875221561   -6.14559232157042
   4.32135077545191   -1.40409198127567   -6.13046066764002
   4.31871413428315   -1.40323528462804   -6.12679175142590
   4.30996646751106   -1.40039299539771   -6.11546859128678
   4.30463650663703   -1.39866118612958   -6.10893409910147
   4.29755449700754   -1.39636010171205   -6.10048377833693
   4.29044976056486   -1.39405163290528   -6.09114284447675
   4.28598088245233   -1.39259960638646   -6.08555575882845
   4.27610347353869   -1.38939024168267   -6.07254326614120
   4.27441810769065   -1.38884263312328   -6.07061744571744
   4.26263801367916   -1.38501504855547   -6.05583115975893
   4.26182101139120   -1.38474958842025   -6.05484045334035
   4.25061042819581   -1.38110704913381   -6.04053894029309
   4.24787656966124   -1.38021876464921   -6.03687281312401
   4.23914525971788   -1.37738179007470   -6.02552171404186
   4.23379570564013   -1.37564361458877   -6.01899329454752
   4.22675249295593   -1.37335513606292   -6.01054368236448
   4.21962206774421   -1.37103832046912   -6.00121304472365
   4.21512621619753   -1.36957752975026   -5.99564214071563
   4.20526349964464   -1.36637293888386   -5.98359221420996
   4.20341514058704   -1.36577237062034   -5.98084574311329
   4.19200569758895   -1.36206521786721   -5.96576382047454
   4.19113381341489   -1.36178192552623   -5.96481359214772
   4.17948926595775   -1.35799838270369   -5.95090947909434
   4.17698492274664   -1.35718467226827   -5.94795468462683
   4.16785037997582   -1.35421667940595   -5.93603301100637
   4.16259337565877   -1.35250857516016   -5.92943211167811
   4.15570664882042   -1.35027094196780   -5.92084120444000
   4.14846716714957   -1.34791869178242   -5.91158419549692
   4.14390940084097   -1.34643778373793   -5.90610658783930
   4.13425901367815   -1.34330218287246   -5.89383271783884
   4.13237678846710   -1.34269061082864   -5.89115152975416
   4.12098989048019   -1.33899078339370   -5.87605706739720
   4.12013613181512   -1.33871338038759   -5.87509189569435
   4.10850694130110   -1.33493482733834   -5.86113588882953
   4.10572761689984   -1.33403177009815   -5.85752781326913
   4.09688608404790   -1.33115898192966   -5.84629816021471
   4.09170887432391   -1.32947680451881   -5.83960292220191
   4.08460760727097   -1.32716946298510   -5.83119504725206
   4.07730928858747   -1.32479809549545   -5.82203878562905
   4.07284652545321   -1.32334805585351   -5.81645694904559
   4.06320159402116   -1.32021422766242   -5.80422404353285
   4.06075209456762   -1.31941833704405   -5.80125396409860
   4.04993363449814   -1.31590320628457   -5.78639799301367
   4.04906211252215   -1.31562003162887   -5.78544823870376
   4.03725746774367   -1.31178447003330   -5.77169879114184
   4.03454576803147   -1.31090338538654   -5.76800012265995
   4.02587280175537   -1.30808536781867   -5.75663700417051
   4.02068886124138   -1.30640100344158   -5.74994000165237
   4.01366195117745   -1.30411782195815   -5.74150087857131
   4.00640865567022   -1.30176108338525   -5.73224325797547
   4.00187262995430   -1.30028723928753   -5.72677454553325
   3.99220665769927   -1.29714657451863   -5.71450026144197
   3.98974493576380   -1.29634671257515   -5.71160259764147
   3.97892079390785   -1.29282973569133   -5.69674711361725
   3.97804944888824   -1.29254661853225   -5.69579759154874
   3.96644825151393   -1.28877716100545   -5.68191923463808
   3.96392080802850   -1.28795594483592   -5.67895429907291
   3.95428273099040   -1.28482434377243   -5.66677543021431
   3.94968413372842   -1.28333016894697   -5.66029820800630
   3.94258584829512   -1.28102379620021   -5.65189436000958
   3.93529341964399   -1.27865434249808   -5.64274328669651
   3.93083466552270   -1.27720560546341   -5.63716481385667
   3.92120143600025   -1.27407557945324   -5.62494086121644
   3.91875296679459   -1.27328002358270   -5.62197218387292
   3.90792309906635   -1.26976118625020   -5.60711720539538
   3.90705192825245   -1.26947812569398   -5.60616791238508
   3.89546513974078   -1.26571334989045   -5.59229785062031
   3.89270975264133   -1.26481807035109   -5.58859138911521
   3.88380567519641   -1.26192496021246   -5.57741996944717
   3.87855915918472   -1.26022026382365   -5.57082763675624
   3.87159762629587   -1.25795832467209   -5.56227537743861
   3.86430810724045   -1.25558981635492   -5.55312683794192
   3.85985133646467   -1.25414172374828   -5.54755000774857
   3.85022391592215   -1.25101358519010   -5.53533042826442
   3.84766287543140   -1.25018145269180   -5.53239822264515
   3.83656161707030   -1.24657443519731   -5.51787743626938
   3.83574565859950   -1.24630931421884   -5.51688814768896
   3.82448500955060   -1.24265050755048   -5.50258574494020
   3.82173383469681   -1.24175659665271   -5.49898748592751
   3.81283216943488   -1.23886427027983   -5.48781881193528
   3.80780594457536   -1.23723115082528   -5.48197914290048
   3.80062419505964   -1.23489765895421   -5.47267691767894
   3.79333756152481   -1.23253008819952   -5.46353087262909
   3.78825913441751   -1.23088000720647   -5.45772563930812
   3.77926111838917   -1.22795637457184   -5.44574038676344
   3.77681364693069   -1.22716114288901   -5.44277307305397
   3.76601441726553   -1.22365226046666   -5.42790996835579
   3.76516152168827   -1.22337513789478   -5.42694594575371
   3.75351670579838   -1.21959150785315   -5.41299983959016
   3.75099258117406   -1.21877137004696   -5.41014186402950
   3.74124969258882   -1.21560571364741   -5.39800795307262
   3.73675110939108   -1.21414403536133   -5.39243219012587
   3.72942810622594   -1.21176464739740   -5.38332376793713
   3.72250293279548   -1.20951452215001   -5.37482802342504
   3.71730516166592   -1.20782566393351   -5.36815154008840
   3.70831280661206   -1.20490387066099   -5.35617045070900
   3.70586582189555   -1.20410879713021   -5.35320380436924
   3.69459306734265   -1.20044605714517   -5.33883270313323
   3.69372240294650   -1.20016316113406   -5.33788407763160
   3.68260413112685   -1.19655061563178   -5.32355582071657
   3.68004560166345   -1.19571929901573   -5.32057814329376
   3.67030522957076   -1.19255446027418   -5.30844711837066
   3.66580463705646   -1.19109212912157   -5.30287174408293
   3.65785022158235   -1.18850758286201   -5.29353401100591
   3.65156599391554   -1.18646571351745   -5.28527384365727
   3.64636546903464   -1.18477596055290   -5.27859732163481
   3.63759277327463   -1.18192553891141   -5.26738461272247
   3.63480340320265   -1.18101921763494   -5.26368417295665
   3.62328632429913   -1.17727709185612   -5.24971959152424
   3.62245003719526   -1.17700536570436   -5.24874405677932
   3.61167910977490   -1.17350567923879   -5.23401490363537
   3.60911277889110   -1.17267182778760   -5.23103415386677
   3.59937489095027   -1.16950779619591   -5.21890597236584
   3.59487227655315   -1.16804480809375   -5.21333098541004
   3.58763718020464   -1.16569398278597   -5.20419619010328
   3.58059335098909   -1.16340530393694   -5.19564886512007
   3.57525415103279   -1.16167049270901   -5.18926684327801
   3.56645869595323   -1.15881267611633   -5.17708974882029
   3.56387857461760   -1.15797434387571   -5.17415231379007
   3.55241997657033   -1.15425121967894   -5.16019195284692
   3.55160466006940   -1.15398630728912   -5.15920354478610
   3.54069728801745   -1.15044228727530   -5.14436137375360
   3.53819387884147   -1.14962888032630   -5.14150960658771
   3.52845844260030   -1.14646564534012   -5.12938422611756
   3.52395379463640   -1.14500199649206   -5.12380962367844
   3.51611672444644   -1.14245557802658   -5.11445213417628
   3.50981859107703   -1.14040919044535   -5.10608066041899
   3.50452798681011   -1.13869016891406   -5.09954737201390
   3.49576631086079   -1.13584332782612   -5.08834241247526
   3.49310685337483   -1.13497921770763   -5.08461370665227
   3.48181640280377   -1.13131072793775   -5.07024402431463
   3.48094622006857   -1.13102798842776   -5.06929603805870
   3.46924074340148   -1.12722464850483   -5.05471442615240
   3.46759719067709   -1.12669062585288   -5.05274596802138
   3.45759953391694   -1.12344219025533   -5.03970499289177
   3.45304895850744   -1.12196361867559   -5.03430736799045
   3.44510225868225   -1.11938157938234   -5.02497659036505
   3.43883860623048   -1.11734639533040   -5.01672770316447
   3.43362972971984   -1.11565392875685   -5.01005106218339
   3.42458806598006   -1.11271611412108   -4.99891994326752
   3.42126627457658   -1.11163679866731   -4.99512847076309
   3.41062623645136   -1.10817964071176   -4.98119546518379
   3.40981122475735   -1.10791482735971   -4.98020747834354
   3.39830876898826   -1.10417745292529   -4.96518995148219
   3.39639691310512   -1.10355625329250   -4.96251767948755
   3.38666628244044   -1.10039457973277   -4.95039777477488
   3.38237906859755   -1.09900157951326   -4.94554715262131
   3.37421335362129   -1.09634837788365   -4.93549539628658
   3.36801192174095   -1.09433341052088   -4.92803897221687
   3.36196939393935   -1.09237007422310   -4.92055780260342
   3.35420777424779   -1.08984817111064   -4.91013978541568
   3.35055427933837   -1.08866107865449   -4.90544014836571
   3.33968696430775   -1.08513007395587   -4.89172152331634
   3.33885129233543   -1.08485854767248   -4.89074682735755
   3.32725202374229   -1.08108971684467   -4.87592913094645
   3.32559802527890   -1.08055230016637   -4.87396837872758
   3.31579010449603   -1.07736551352493   -4.86093248939694
   3.31150075512329   -1.07597181942970   -4.85608210314892
   3.30270405883976   -1.07311359954540   -4.84580143408043
   3.29713728933603   -1.07130484648925   -4.83857781321636
   3.29110146222160   -1.06934368737672   -4.83110011507635
   3.28282076112925   -1.06665312449320   -4.81998484702437
   3.27951703599104   -1.06557967912485   -4.81619895138959
   3.26882029470351   -1.06210409719503   -4.80226856991855
   3.26798476982343   -1.06183261870479   -4.80129407558757
   3.25638883272055   -1.05806487034379   -4.78647981539394
   3.25473512631812   -1.05752754856185   -4.78451946598144
   3.24472894797838   -1.05427634413525   -4.77153630188787
   3.24052015011273   -1.05290882281124   -4.76682312248633
   3.23247477307587   -1.05029472134834   -4.75658817971371
   3.22644505747519   -1.04833554798700   -4.74911361759367
   3.22039113006803   -1.04636850773285   -4.74144388720295
   3.21217920256735   -1.04370029074384   -4.73124320735204
   3.20866178811592   -1.04255741350876   -4.72676146857564
   3.19818423752605   -1.03915305095383   -4.71357966728631
   3.19713104705315   -1.03881084862530   -4.71185936522701
   3.18553840047989   -1.03504416942218   -4.69704848937649
   3.18366880212081   -1.03443670009127   -4.69433516711476
   3.17320889424645   -1.03103807000211   -4.68187256948632
   3.16967106183317   -1.02988855856907   -4.67739521298013
   3.16162463398009   -1.02727411567528   -4.66716157287616
   3.15542649873648   -1.02526021945472   -4.65970971651910
   3.14930523486744   -1.02327130025783   -4.65224615349292
   3.14136130147516   -1.02069015983312   -4.64199840780342
   3.13773990025544   -1.01951349524887   -4.63735201613692
   3.12734287334600   -1.01613529642373   -4.62416238569200
   3.12567239612133   -1.01559252547132   -4.62221418360244
   3.11401497723320   -1.01180480046733   -4.60738501380133
   3.11294638949728   -1.01145759526478   -4.60568690249050
   3.10240247779494   -1.00803167067735   -4.59263852212822
   3.09883445183452   -1.00687234876614   -4.58798494157297
   3.09015363619596   -1.00405178078580   -4.57752152754561
   3.08465645148603   -1.00226563719972   -4.57103948276373
   3.07651105568582   -0.99961903767061   -4.56271873074208
   3.07037573596893   -0.99762555145191   -4.55708803048069
   3.05981645834779   -0.99419463417481   -4.54761260715166
   3.05614782764960   -0.99300262380276   -4.54406417685573
   3.04357945815371   -0.98891891300402   -4.53307400636450
   3.04194611035505   -0.98838820613343   -4.53196678980030
   3.02767010744561   -0.98374965160468   -4.51913254806461
   3.02675586879551   -0.98345259746020   -4.51823651104299
   3.01409240615923   -0.97933798902717   -4.50745836019494
   3.00854401078188   -0.97753520608658   -4.50272772609951
   2.99975541260980   -0.97467961743819   -4.49534760487454
   2.99178590295646   -0.97209016678250   -4.48795111217225
   2.98551804540268   -0.97005361641010   -4.48231654198531
   2.97456291535245   -0.96649407888199   -4.47326513242681
   2.97122502531293   -0.96540953266429   -4.47046476926603
   2.95793331612293   -0.96109079455186   -4.45832283019729
   2.95700777572567   -0.96079006824713   -4.45744399960241
   2.94309614403879   -0.95626990510532   -4.44593163943175
   2.94031189441570   -0.95536524756355   -4.44330777594768
   2.92868148818217   -0.95158629950309   -4.43323231508756
   2.92265360180569   -0.94962772049271   -4.42838888508273
   2.91485188398745   -0.94709278870912   -4.42176045306327
   2.90595003429652   -0.94420040241163   -4.41344495881087
   2.90051414863603   -0.94243417609407   -4.40874713365933
   2.88900318737279   -0.93869403805706   -4.39860239318367
   2.88643643525031   -0.93786004973713   -4.39662601234607
   2.87230217241528   -0.93326754935029   -4.38451637378650
   2.87137678094954   -0.93296687143634   -4.38363771150152
   2.85820156775612   -0.92868598516773   -4.37229272617536
   2.85376371801345   -0.92724404037742   -4.36858806437190
   2.84402852778334   -0.92408088532508   -4.36029983112507
   2.83681600350329   -0.92173739412694   -4.35390113248712
   2.82973580943598   -0.91943689962132   -4.34751765711220
   2.82011873925198   -0.91631212409848   -4.33895675867338
   2.81572420093721   -0.91488425204416   -4.33515859959761
   2.80238300837632   -0.91054943580989   -4.32393008378580
   2.80144521337704   -0.91024472774360   -4.32307338434139
   2.78728230427956   -0.90564291962187   -4.31117430334214
   2.78545465687151   -0.90504908098123   -4.30938318168204
   2.77350356033492   -0.90116593432491   -4.29884343652177
   2.76880148181229   -0.89963813639967   -4.29427161586645
   2.75893336056444   -0.89643178944143   -4.28584429277268
   2.75098168991758   -0.89384813503031   -4.27943287636995
   2.74484997913880   -0.89185582142668   -4.27395755765635
   2.73428718844151   -0.88842376268194   -4.26448847869204
   2.73053276037725   -0.88720387505578   -4.26097040891827
   2.71734927678508   -0.88292030157172   -4.24973263182312
   2.71642414750223   -0.88261970884615   -4.24885426906678
   2.70251687538981   -0.87810096221596   -4.23734825677302
   2.69973385682637   -0.87719670466972   -4.23472579097446
   2.68832544381193   -0.87348988657856   -4.22530273510653
   2.68208503566896   -0.87146225506038   -4.21981505187485
   2.67407240132402   -0.86885879234300   -4.21252344121249
   2.66539478106113   -0.86603926260316   -4.20487937094686
   2.66005712989054   -0.86430495460621   -4.20016650481621
   2.64849751977543   -0.86054900959904   -4.19007507511282
   2.64575062500896   -0.85965648938593   -4.18739783158448
   2.63185087309989   -0.85514018621792   -4.17595815063271
   2.63093909414054   -0.85484393127542   -4.17506040700522
   2.61793703420820   -0.85061930591181   -4.16340998735868
   2.61413597008976   -0.84938426531308   -4.16003325892022
   2.60343969812460   -0.84590883587534   -4.15083913865612
   2.59720092337271   -0.84388173507808   -4.14535247309792
   2.58925721460455   -0.84130066763817   -4.13874518545693
   2.57959718310382   -0.83816193313736   -4.13043082383181
   2.57520183570619   -0.83673379819608   -4.12663455255304
   2.56271602546094   -0.83267691252397   -4.11565765345634
   2.56088910795213   -0.83208331104197   -4.11386738314709
   2.54677230577769   -0.82749648396767   -4.10152823559693
   2.54511642647890   -0.82695845616890   -4.10044109037275
   2.53284544975392   -0.82297137413894   -4.09010279201398
   2.52814149089961   -0.82144296525691   -4.08583613390336
   2.51891757359157   -0.81844593284710   -4.07819545174707
   2.51071756842836   -0.81578158966036   -4.07066561683684
   2.50442339657932   -0.81373648925514   -4.06522141218475
   2.49379783728734   -0.81028403575768   -4.05600149850581
   2.49013631807645   -0.80909433604793   -4.05245754658842
   2.47702482015724   -0.80483415212686   -4.04124947835344
   2.47612598684616   -0.80454210348046   -4.04033571980937
   2.46204934856589   -0.79996832644645   -4.02765399621571
   2.45941832957445   -0.79911345655497   -4.02576163417232
   2.44822266609496   -0.79547576497809   -4.01676596327767
   2.44162923295289   -0.79333342868444   -4.01119386478570
   2.43361143405754   -0.79072828790290   -4.00406365345601
   2.42493722614053   -0.78790986690145   -3.99642346743449
   2.41947757881477   -0.78613591995082   -3.99173046201381
   2.40798769294282   -0.78240262972356   -3.98159581817035
   2.40542291901315   -0.78156928415742   -3.97962158161103
   2.39119393322295   -0.77694600641677   -3.96814957482425
   2.38850534022391   -0.77607242959623   -3.96635137639354
   2.37721477327600   -0.77240390201322   -3.95819755330159
   2.36903138520448   -0.76974495804686   -3.95171271042084
   2.36281029593741   -0.76772360361197   -3.94709562720515
   2.34940352176999   -0.76336747862203   -3.93708052356010
   2.34845496812916   -0.76305927486119   -3.93624885946095
   2.33464003369432   -0.75857053056114   -3.92660103695154
   2.32829893286696   -0.75651018200653   -3.92198866906433
   2.32060202813683   -0.75400930605968   -3.91633880125482
   2.30888486223433   -0.75020216807394   -3.90711144933679
   2.30624702061831   -0.74934508137735   -3.90523098142749
   2.29213749704760   -0.74476061926476   -3.89490212041531
   2.28853479666851   -0.74359003095197   -3.89221843380401
   2.27808954657453   -0.74019616346436   -3.88473607576935
   2.26810573970917   -0.73695222797041   -3.87740380248484
   2.26403220113479   -0.73562865505423   -3.87447299039154
   2.24998904153785   -0.73106575590385   -3.86385416224489
   2.24802309382154   -0.73042698076905   -3.86229662824608
   2.23613232032114   -0.72656343425533   -3.85354988780927
   2.22797437067175   -0.72391275573337   -3.84711848400328
   2.22166603549346   -0.72186305338350   -3.84247146945430
   2.20825026330715   -0.71750400476000   -3.83255155332402
   2.20728738848737   -0.71719114776604   -3.83174226902697
   2.19356320130939   -0.71273188903713   -3.82165377915693
   2.18790219195466   -0.71089251559722   -3.81758983106930
   2.17904078119610   -0.70801326870535   -3.81127241105335
   2.16862883333814   -0.70463022177015   -3.80293367677790
   2.16497711850032   -0.70344370769432   -3.80008532532546
   2.15120304326001   -0.69896823935135   -3.78988081850323
   2.14750976654771   -0.69776822100388   -3.78735806831041
   2.13728707644673   -0.69444666764159   -3.78003347486624
   2.12740359488263   -0.69123532981406   -3.77241265502428
   2.12266864639263   -0.68969685178901   -3.76899407439471
   2.10848911147391   -0.68508964161049   -3.75913381616873
   2.10752748503838   -0.68477719024117   -3.75831313822659
   2.09468874668306   -0.68060563127475   -3.74843794912770
   2.08729666701745   -0.67820379899527   -3.74308843603202
   2.08034433296901   -0.67594484872814   -3.73769592429170
   2.06790649973797   -0.67190355173291   -3.72820390735821
   2.06626188496402   -0.67136918400014   -3.72708805272970
   2.05218266340931   -0.66679456760939   -3.71670463535290
   2.04688383035187   -0.66507287238198   -3.71298353376315
   2.03816730164286   -0.66224070052164   -3.70657700122149
   2.02780308712717   -0.65887316308951   -3.69883632216434
   2.02366370267653   -0.65752819555122   -3.69589726601672
   2.00956616539522   -0.65294762802014   -3.68529487817016
   2.00687793048911   -0.65207416755104   -3.68349973758461
   1.99564593099429   -0.64842466968710   -3.67535110553750
   1.98674770940765   -0.64553346223216   -3.66857522476233
   1.98131573009521   -0.64376850516401   -3.66425762170888
   1.96768650728718   -0.63934010222934   -3.65402461442551
   1.96669723739270   -0.63901866895573   -3.65325647059941
   1.95366042155731   -0.63478275071465   -3.64343060188199
   1.94698306247274   -0.63261314522926   -3.63865878987993
   1.93912814535514   -0.63006092794547   -3.63313408268568
   1.92660825880131   -0.62599297020953   -3.62403176128599
   1.92464231661349   -0.62535419687105   -3.62247653237009
   1.91056385638104   -0.62077982784890   -3.61211066980184
   1.90692760094005   -0.61959833683558   -3.60948458523789
   1.89654621455053   -0.61622521992343   -3.60194750284880
   1.88691577761558   -0.61309610127993   -3.59439302395689
   1.88232643358417   -0.61160493301134   -3.59082714455990
   1.86845320653002   -0.60709724829113   -3.58106647457565
   1.86648303952169   -0.60645710222526   -3.57951808764530
   1.85463599125944   -0.60260776290263   -3.57076490815040
   1.84646082584967   -0.59995149064104   -3.56434091807334
   1.84013813728722   -0.59789712459395   -3.55969967609758
   1.82588979034531   -0.59326755603376   -3.55044724565755
   1.82488931989799   -0.59294248347993   -3.54971447131433
   1.81166886985666   -0.58864689886844   -3.54169374669150
   1.80001719439642   -0.58486104001729   -3.53509109605915
   1.79733082227024   -0.58398818480209   -3.53329465058803
   1.78359511871152   -0.57952518417424   -3.52502426664889
   1.77471492746619   -0.57663983513232   -3.51953787764202
   1.76901032920350   -0.57478629879767   -3.51624251394392
   1.75531590057449   -0.57033670920745   -3.50841128089685
   1.74989395668150   -0.56857501284475   -3.50491026791403
   1.74101507185641   -0.56569008828450   -3.49935542234194
   1.72691559173200   -0.56110888948543   -3.49054530374036
   1.72589020011866   -0.56077571955390   -3.48991409013242
   1.71289464825109   -0.55655320878871   -3.48255874388687
   1.70132000725228   -0.55279237995138   -3.47503683090471
   1.69857770710021   -0.55190135261899   -3.47335233081058
   1.68551139434871   -0.54765585024889   -3.46551205147957
   1.67650180394098   -0.54472845687042   -3.46024513158651
   1.67044710089077   -0.54276116459457   -3.45655713520174
   1.65658767376542   -0.53825796374304   -3.44808567898409
   1.65099744902631   -0.53644158961893   -3.44498227424097
   1.64214927871808   -0.53356664481016   -3.43984514995014
   1.62796097898273   -0.52895658677009   -3.43151057540752
   1.62623323891765   -0.52839520999298   -3.43051074509209
   1.61403471103387   -0.52443166801849   -3.42305040334568
   1.60334790234499   -0.52095931338560   -3.41597484371639
   1.59951644514283   -0.51971439747535   -3.41396461323719
   1.58571236548686   -0.51522918010676   -3.40634919036344
   1.57663260630594   -0.51227898751182   -3.40101282687960
   1.57147515757616   -0.51060323083720   -3.39747964865948
   1.55772655442654   -0.50613603887820   -3.38858050195978
   1.55213585266265   -0.50431950975935   -3.38547982589810
   1.54329342045872   -0.50144642937369   -3.38034419046198
   1.52941266259243   -0.49693629774429   -3.37236774764313
   1.52666751825922   -0.49604434628143   -3.37068992631584
   1.51518460672096   -0.49231332215255   -3.36355134849828
   1.50258993975235   -0.48822106678695   -3.35627824543794
   1.50086243856632   -0.48765976762635   -3.35527855038544
   1.48768685575329   -0.48337876126105   -3.34713373285323
   1.47813917212948   -0.48027653079827   -3.34102128462725
   1.47306225447378   -0.47862694025578   -3.33792832889982
   1.45887499418357   -0.47401721995191   -3.32908448106842
   1.45328381699237   -0.47220053635736   -3.32598647503690
   1.44476272548669   -0.46943186589376   -3.32121472245575
   1.43056746388835   -0.46481954580728   -3.31287499070900
   1.42782220185146   -0.46392755610017   -3.31119814748452
   1.41621763148998   -0.46015700262341   -3.30460721334492
   1.40116026818278   -0.45526456871157   -3.29837072560978
   1.39575655499192   -0.45350879586306   -3.29711885678588
   1.38665365119099   -0.45055108312523   -3.29571472041238
   1.37243894313851   -0.44593244450278   -3.29499689713503
   1.35832442874417   -0.44134636077329   -3.29498973020387
   1.34420857142393   -0.43675984070073   -3.29451861249096
   1.33009423909487   -0.43217381612784   -3.29451159495320
   1.31597999335312   -0.42758781968888   -3.29450465146603
   1.30186583334900   -0.42300185110776   -3.29449778202933
   1.28775175823281   -0.41841591010840   -3.29449098664302
   1.27363776715486   -0.41382999641471   -3.29448426530699
   1.25952385926546   -0.40924410975063   -3.29447761802114
   1.24541003371490   -0.40465824984006   -3.29447104478539
   1.23129628965351   -0.40007241640692   -3.29446454559962
   1.21718262623157   -0.39548660917513   -3.29445812046375
   1.20306904259940   -0.39090082786861   -3.29445176937767
   1.18903059028107   -0.38633945820576   -3.29422583889865
   1.17484242015977   -0.38172944227984   -3.29397534817395
   1.16072906854865   -0.37714373636153   -3.29396921960649
   1.14661579332912   -0.37255805526435   -3.29396316507896
   1.13250259365148   -0.36797239871222   -3.29395718459128
   1.11838946866604   -0.36338676642905   -3.29395127814334
   1.10427641752309   -0.35880115813876   -3.29394544573505
   1.09016343937293   -0.35421557356527   -3.29393968736633
   1.07605053336588   -0.34963001243250   -3.29393400303707
   1.06193639432015   -0.34504405066117   -3.29346439210359
   1.04782363638206   -0.34045853763892   -3.29345885694630
   1.03371094803763   -0.33587304722902   -3.29345339581913
   1.01959832843717   -0.33128757915539   -3.29344800872197
   1.00548577673099   -0.32670213314194   -3.29344269565474
   0.99137329206937   -0.32211670891260   -3.29343745661734
   0.97726087360263   -0.31753130619127   -3.29343229160966
   0.96314852048106   -0.31294592470188   -3.29342720063162
   0.94903623185497   -0.30836056416834   -3.29342218368311
   0.93492400687466   -0.30377522431457   -3.29341724076404
   0.92081184469042   -0.29918990486447   -3.29341237187431
   0.90677980880437   -0.29463062002685   -3.29318755445634
   0.89258796926909   -0.29001941183606   -3.29293892104500
   0.87847598813762   -0.28543415121358   -3.29293427442365
   0.86436406640403   -0.28084890989064   -3.29292970182185
   0.85017036148834   -0.27623709560101   -3.29315596526934
   0.83622145339597   -0.27170482062086   -3.29316463560222
   0.82202864909355   -0.26709329895822   -3.29291642813281
   0.80791695645448   -0.26250813207260   -3.29291215160827
   0.79380413499176   -0.25792259840995   -3.29244396811330
   0.77969255812625   -0.25333746914144   -3.29243984054741
   0.76558220603467   -0.24875273782610   -3.29289976614881
   0.75146956389460   -0.24416726242891   -3.29243180744484
   0.73735814482906   -0.23958218443272   -3.29242790190798
   0.72324677666411   -0.23499712297513   -3.29242407038060
   0.70913545855003   -0.23041207778006   -3.29242031286261
   0.69502418963713   -0.22582704857142   -3.29241662935391
   0.68091296907571   -0.22124203507313   -3.29241301985441
   0.66680179601606   -0.21665703700909   -3.29240948436402
   0.65269066960847   -0.21207205410324   -3.29240602288263
   0.63866437710504   -0.20751463540375   -3.29218241280851
   0.62446877490537   -0.20290220464919   -3.29193538908210
   0.61047055049197   -0.19835390582499   -3.29171373868052
   0.59615970258989   -0.19370402947181   -3.29123264426733
   0.58213483344499   -0.18914707324954   -3.29146192501757
   0.56802505593141   -0.18456252862591   -3.29192287526822
   0.55391423007404   -0.17997764337474   -3.29191993181248
   0.53980344407171   -0.17539277107326   -3.29191706235566
   0.52569269707472   -0.17080791144537   -3.29191426689765
   0.51158198823334   -0.16622306421500   -3.29191154543837
   0.49747131669787   -0.16163822910606   -3.29190889797773
   0.48336068161861   -0.15705340584245   -3.29190632451562
   0.46925008214583   -0.15246859414809   -3.29190382505198
   0.45513951742984   -0.14788379374690   -3.29190139958669
   0.44102796075502   -0.14329867103874   -3.29143508783492
   0.42691746932061   -0.13871389444817   -3.29143281105757
   0.41280701009366   -0.13412912832245   -3.29143060826911
   0.39869658222447   -0.12954437238547   -3.29142847946944
   0.38458618486331   -0.12495962636116   -3.29142642465845
   0.37047581716050   -0.12037488997343   -3.29142444383606
   0.35645520860856   -0.11581931810173   -3.29120226798107
   0.34216468470826   -0.11117604541704   -3.29118890179522
   0.32814488350497   -0.10662073586882   -3.29141894529954
   0.31403462593839   -0.10203603526652   -3.29141726043060
   0.30001510938756   -0.09748081820749   -3.29119540042017
   0.28572271525772   -0.09283693784838   -3.29118241780289
   0.27170400229853   -0.08828198189210   -3.29141264975216
   0.25768529526783   -0.08372702786211   -3.29119103099890
   0.24348386397148   -0.07911270311923   -3.29094601028024
   0.22937374391035   -0.07452804719516   -3.29094476908994
   0.21526364416136   -0.06994339787090   -3.29094360187794
   0.20115356387479   -0.06535875487036   -3.29094250864415
   0.18704259005645   -0.06077382154376   -3.29047754057695
   0.17293345829007   -0.05618948673612   -3.29094054411083
   0.15891570910962   -0.05163484393053   -3.29025550882798
   0.14461858882782   -0.04698942795157   -3.29024351838713
   0.13060342463830   -0.04243562506045   -3.29093815214518
   0.11658647722420   -0.03788124276455   -3.29025337210810
   0.10238274085584   -0.03326616905837   -3.29000904350078
   0.08817772527941   -0.02865067971230   -3.29024115427153
   0.07425736663667   -0.02412768101064   -3.29025190486352
   0.06005292225530   -0.01951237725709   -3.29000776152871
   0.04594300408688   -0.01492778693194   -3.29000748212222
   0.03183309518482   -0.01034319961761   -3.29000727667435
   0.01772319469940   -0.00575861503801   -3.29000714518500
   0.00361330178091   -0.00117403291705   -3.29000708765409
  -0.01049658442037    0.00341054702135   -3.29000710408153
  -0.02460646475416    0.00799512505329   -3.29000719446723
  -0.03871634007016    0.01257970145485   -3.29000735881109
  -0.05282621121811    0.01716427650212   -3.29000759711304
  -0.06693607904771    0.02174885047121   -3.29000790937297
  -0.08104594440869    0.02633342363818   -3.29000829559080
  -0.09503045882150    0.03087726781316   -3.28978618078284
  -0.10936483807245    0.03553478996506   -3.28931430870773
  -0.12327821776695    0.04005552106897   -3.28932598013023
  -0.13748606275124    0.04467192974539   -3.28908269669264
  -0.15159592439551    0.04925650170474   -3.28908345251240
  -0.16570578866889    0.05384107451833   -3.28908428227101
  -0.17981565642110    0.05842564846226   -3.28908518596839
  -0.19392552850186    0.06301022381263   -3.28908616360444
  -0.20803540576089    0.06759480084552   -3.28908721517908
  -0.22214528904790    0.07217937983701   -3.28908834069222
  -0.23625517921261    0.07676396106321   -3.28908954014377
  -0.25036433171236    0.08134830260753   -3.28939688239315
  -0.26447498357402    0.08593313132407   -3.28909216086174
  -0.27858489947016    0.09051772091092   -3.28909358212799
  -0.29269482564288    0.09510231383683   -3.28909507733229
  -0.30680476294190    0.09968691037789   -3.28909664647456
  -0.32078342003519    0.10422885139439   -3.28884219937362
  -0.33515725130840    0.10889919228538   -3.28882482500826
  -0.34900261182815    0.11339782261969   -3.28884146355848
  -0.36324454722722    0.11802530794333   -3.28846294492796
  -0.37270591640441    0.12109949314233   -3.28779050955926
  -0.39156866682886    0.12722837228036   -3.28841287926924
  -0.40547235645022    0.13174595488865   -3.28842619313740
  -0.41981960842413    0.13640765964179   -3.28882364379031
  -0.43369198588671    0.14091506831296   -3.28843064298026
  -0.44790550863406    0.14553332180642   -3.28818851362140
  -0.46201562027226    0.15011797499372   -3.28819089548198
  -0.47612575323278    0.15470263510906   -3.28819335126095
  -0.49023590836536    0.15928730242853   -3.28819588095824
  -0.50434608651970    0.16387197722824   -3.28819848457375
  -0.51831974851293    0.16841229523834   -3.28791498547530
  -0.53256645555402    0.17304133096245   -3.28753440017539
  -0.54667671080059    0.17762603081093   -3.28753480278151
  -0.56092569596798    0.18225580674315   -3.28789936311975
  -0.57475930632756    0.18675061921899   -3.28791773437322
  -0.58900763859211    0.19138018301021   -3.28753643182231
  -0.60311800470577    0.19596491888160   -3.28753711522417
  -0.61722840066062    0.20054966444897   -3.28753786881034
  -0.63133882730643    0.20513441998844   -3.28753869257479
  -0.64544983711527    0.20971936500907   -3.28730068624902
  -0.65956032045064    0.21430413896810   -3.28730410210655
  -0.67367083700379    0.21888892372024   -3.28730759186275
  -0.68778138762442    0.22347371954157   -3.28731115551753
  -0.70189197316226    0.22805852670820   -3.28731479307080
  -0.71600259446704    0.23264334549620   -3.28731850452248
  -0.73011325238849    0.23722817618169   -3.28732228987248
  -0.74422394777632    0.24181301904074   -3.28732614912072
  -0.75833468148027    0.24639787434945   -3.28733008226710
  -0.77244545435006    0.25098274238391   -3.28733408931154
  -0.78655626723541    0.25556762342022   -3.28733817025395
  -0.80066712098606    0.26015251773447   -3.28734232509426
  -0.81449505184881    0.26464548482992   -3.28676752165620
  -0.82888896710079    0.26932235140120   -3.28587248870158
  -0.84299995545479    0.27390728945072   -3.28587406778238
  -0.85711142833805    0.27849238493335   -3.28570552855466
  -0.87122249844172    0.28307734954496   -3.28570754107517
  -0.88533318964507    0.28766219104439   -3.28587922918277
  -0.89944477745482    0.29224732386889   -3.28571177616075
  -0.91355598806379    0.29683233413344   -3.28571399871071
  -0.92766724720740    0.30141736016784   -3.28571629125525
  -0.94177855573542    0.30600240224822   -3.28571865378662
  -0.95588991449762    0.31058746065066   -3.28572108629701
  -0.97000132434377    0.31517253565129   -3.28572358877851
  -0.98411278612364    0.31975762752621   -3.28572616122318
  -0.99822430068701    0.32434273655153   -3.28572880362296
  -1.01233586888365    0.32892786300335   -3.28573151596974
  -1.02644749156332    0.33351300715778   -3.28573429825535
  -1.04055916957582    0.33809816929094   -3.28573715047151
  -1.05467123936552    0.34268345872023   -3.28553777022487
  -1.06878269499834    0.34726854859785   -3.28574306466216
  -1.08289454410792    0.35185376632382   -3.28574612661977
  -1.09700645194942    0.35643900313294   -3.28574925847421
  -1.11111872474956    0.36102435852432   -3.28555167361454
  -1.12523074504178    0.36560963187090   -3.28555532188248
  -1.13934253636315    0.37019483082034   -3.28575907333204
  -1.15377114166311    0.37488296887147   -3.28718707896503
  -1.16783192466726    0.37945159421398   -3.29078731071372
  -1.18183101254657    0.38400017359526   -3.29678502662874
  -1.18791697363650    0.38597762222389   -3.29975642946433
  -1.19586288242724    0.38855940449447   -3.30440006183655
  -1.21005526337165    0.39317078859974   -3.31256894243205
  -1.21358336400093    0.39431713798449   -3.31442601678668
  -1.22427637826438    0.39779150893078   -3.32075963035732
  -1.23828006942477    0.40234158400876   -3.32835349524230
  -1.24008040440140    0.40292654830248   -3.32931234954097
  -1.25239257170010    0.40692701396114   -3.33670986056440
  -1.26486748454874    0.41098035885446   -3.34395026832228
  -1.26660253921804    0.41154411229055   -3.34491830973124
  -1.28061823152199    0.41609808677645   -3.35249538838588
  -1.29199452406724    0.41979446829451   -3.35921152145087
  -1.29468874052985    0.42066987228912   -3.36098184964713
  -1.30884426649285    0.42526928148504   -3.36920929153451
  -1.31768449686741    0.42814164645297   -3.37386473705949
  -1.32308560670650    0.42989657342121   -3.37737876925307
  -1.33703185284718    0.43442798348083   -3.38509779337466
  -1.34333928185390    0.43647739139770   -3.38880783950206
  -1.35118464506155    0.43902650442797   -3.39335369103052
  -1.36543731973174    0.44365747915231   -3.40146871483862
  -1.36893753892147    0.44479476930819   -3.40338152526773
  -1.37958867952530    0.44825553467772   -3.40969834887521
  -1.39359481073126    0.45280640257455   -3.41744830532733
  -1.39530759550390    0.45336292008259   -3.41843730230986
  -1.40775419454491    0.45740706526213   -3.42569184491128
  -1.42096104714946    0.46169823179860   -3.43310246525554
  -1.42199067378193    0.46203277777125   -3.43390424221430
  -1.43586952667945    0.46654229043877   -3.44164706219802
  -1.44660389509109    0.47003009816234   -3.44796011933275
  -1.45006670542206    0.47115523344319   -3.44988295552492
  -1.46427547018606    0.47577194097415   -3.45799380618932
  -1.47310829729930    0.47864190047666   -3.46282458648131
  -1.47823650208998    0.48030815521947   -3.46584125314207
  -1.49238671267969    0.48490583734591   -3.47395289691082
  -1.49871389878930    0.48696166473465   -3.47730326258026
  -1.50663433491235    0.48953517043379   -3.48225839043860
  -1.52056011253950    0.49405992987021   -3.48994664502200
  -1.52505945695191    0.49552185548994   -3.49254755814065
  -1.53498108076617    0.49874558648580   -3.49871556996025
  -1.54892653119319    0.50327673800238   -3.50644582985719
  -1.55067420342936    0.50384459113447   -3.50740734250700
  -1.56308401760325    0.50787678418616   -3.51465572748185
  -1.57631070300656    0.51217439478957   -3.52227074159654
  -1.57726733403228    0.51248522305185   -3.52307416818499
  -1.59114006295791    0.51699274592029   -3.53081975808299
  -1.60269798596325    0.52074814275227   -3.53713738128372
  -1.60545042316134    0.52164246381057   -3.53892348351283
  -1.61937329980492    0.52616628066029   -3.54661351213752
  -1.62828264806389    0.52906110339023   -3.55223260692227
  -1.63357318447114    0.53078010287258   -3.55587927294051
  -1.64764191078069    0.53535130915147   -3.56524400985320
  -1.65030717667034    0.53621730653471   -3.56707172785897
  -1.66184434506211    0.53996595978395   -3.57524210554539
  -1.67168028528962    0.54316185049484   -3.58173489173495
  -1.67614538387169    0.54461264896978   -3.58537563688333
  -1.68979656237285    0.54904818574160   -3.59437062473554
  -1.69341350268886    0.55022340089036   -3.59699495280288
  -1.70432704565215    0.55376942595482   -3.60482090731098
  -1.71482470338664    0.55718032171707   -3.61144894908836
  -1.71845570971231    0.55836010718943   -3.61421716324094
  -1.73237766312045    0.56288362406177   -3.62370738284807
  -1.73601343613851    0.56406495832637   -3.62631291692748
  -1.74661225509390    0.56750872336178   -3.63380842991515
  -1.75794698189169    0.57119159934980   -3.64138204737374
  -1.76081483924205    0.57212342268892   -3.64394503110140
  -1.77473534174724    0.57664646813432   -3.65343604136081
  -1.77913255462454    0.57807520920668   -3.65624942277395
  -1.78884388583349    0.58123061199311   -3.66275495679898
  -1.80046920480460    0.58500790710181   -3.67091022636327
  -1.80333010072337    0.58593746853469   -3.67354384899109
  -1.81695121358364    0.59036323638761   -3.68245722936707
  -1.82158094655990    0.59186752781989   -3.68577351400662
  -1.83133338206071    0.59503628620035   -3.69234097025873
  -1.84364361063040    0.59903612192777   -3.70064057900584
  -1.84543272060506    0.59961743899726   -3.70174629469961
  -1.85942480817425    0.60416374383991   -3.71204923629192
  -1.86474886067389    0.60589363336082   -3.71571910700274
  -1.87369682267112    0.60880100245486   -3.72207440857142
  -1.88677930396197    0.61305175830186   -3.73057541393645
  -1.88779836830187    0.61338287237762   -3.73148045034706
  -1.90183605665743    0.61794399381392   -3.74166172636978
  -1.90720945616913    0.61968991715100   -3.74524236353342
  -1.91612905412758    0.62258807021018   -3.75162214771761
  -1.92921028128101    0.62683841856322   -3.76033772068291
  -1.93013995528623    0.62714048795860   -3.76114985762661
  -1.94423696862895    0.63172088525170   -3.77035742653471
  -1.95159460704574    0.63411152689108   -3.77504665339082
  -1.95852886090973    0.63636460255017   -3.78052545676016
  -1.97166066422426    0.64063138409412   -3.78985040793476
  -1.97268853724546    0.64096536028393   -3.79071621712244
  -1.98641460044748    0.64542522857001   -3.79952101641567
  -1.99463068393946    0.64809479592244   -3.80501958087501
  -2.00075368051806    0.65008427811080   -3.80947762692062
  -2.01481379481840    0.65465268617826   -3.81879995018437
  -2.01577440947516    0.65496480880073   -3.81959259180602
  -2.02891153450859    0.65923331947597   -3.82909561419171
  -2.03687273785224    0.66182007124804   -3.83447207948107
  -2.04327404579159    0.66389998227919   -3.83894740011548
  -2.05728039435158    0.66845092079863   -3.84850462252112
  -2.05896298788213    0.66899762857746   -3.84955902626360
  -2.07128303856325    0.67300065570234   -3.85791104347433
  -2.08026883794807    0.67592031890887   -3.86421067395013
  -2.08555415608785    0.67763762287334   -3.86797910878284
  -2.09952003860483    0.68217541317838   -3.87746386936734
  -2.10218660902419    0.68304183442902   -3.87929300744148
  -2.11365677361402    0.68676871682329   -3.88765698951562
  -2.12264381970944    0.68968878511065   -3.89395700721224
  -2.12792987818871    0.69140632962600   -3.89772569231622
  -2.14189541383165    0.69594400722484   -3.90721129522928
  -2.14456211978599    0.69681047251346   -3.90904057639156
  -2.15617091858734    0.70058239989362   -3.91818731366520
  -2.16348508085213    0.70295891527490   -3.92376996806283
  -2.17033688343933    0.70518520089018   -3.92941147164314
  -2.18172939299169    0.70888685163326   -3.93881979773680
  -2.18450477132952    0.70978862671972   -3.94146066735391
  -2.19823396386090    0.71424951178654   -3.95218186962603
  -2.20011102734844    0.71485940668472   -3.95393672865129
  -2.21237308272304    0.71884358999223   -3.96424647164408
  -2.21772562162705    0.72058273530699   -3.96875013110466
  -2.22666071995579    0.72348592474178   -3.97614461090134
  -2.23461731694041    0.72607117981707   -3.98320470623069
  -2.24116020974381    0.72819709455924   -3.98864230414440
  -2.25396495288608    0.73235760781136   -3.99853910809342
  -2.25489112216216    0.73265853845121   -3.99941193283104
  -2.26906350817158    0.73726342580828   -4.01144032316863
  -2.27163434031567    0.73809873980761   -4.01342362290138
  -2.28306079724245    0.74181142072127   -4.02272968320098
  -2.28942486150659    0.74387923054878   -4.02804588068287
  -2.29738201762165    0.74646466729657   -4.03455764702211
  -2.30797917029585    0.74990789092440   -4.04292569215144
  -2.31148335796352    0.75104647051693   -4.04582688352571
  -2.32542962921271    0.75557788873479   -4.05716963445058
  -2.32639824423890    0.75589261083487   -4.05806404438639
  -2.33977217472232    0.76023806426498   -4.06988796008972
  -2.34330475215664    0.76138586825186   -4.07267752688949
  -2.35390258663717    0.76482931341200   -4.08104635381748
  -2.36131032067018    0.76723623210378   -4.08739089862265
  -2.36814813217527    0.76945797174091   -4.09303245932319
  -2.37954378736938    0.77316064456496   -4.10244440253122
  -2.38210498999403    0.77399282974375   -4.10443552330124
  -2.39626509042169    0.77859372527333   -4.11645128592816
  -2.39719592223266    0.77889617086260   -4.11731669051622
  -2.41025632637810    0.78313975341021   -4.12775201841317
  -2.41497104695348    0.78467165898739   -4.13196156147484
  -2.42477211153055    0.78785621791253   -4.14026072247955
  -2.43352174421618    0.79069914590690   -4.14713768824919
  -2.43877537598804    0.79240615434632   -4.15164431157442
  -2.45118456122520    0.79643814304408   -4.16172084731741
  -2.45314778977679    0.79707603466870   -4.16355529868024
  -2.46677112570325    0.80150252483960   -4.17428278837150
  -2.46959305922416    0.80241942662201   -4.17682383580760
  -2.48103590605082    0.80613743293696   -4.18625450090530
  -2.48730573420039    0.80817462359476   -4.19172107438206
  -2.49522466677752    0.81074764076221   -4.19821984044160
  -2.50582484948709    0.81419184890821   -4.20659127886871
  -2.50933752401543    0.81533318604893   -4.20949359251780
  -2.52328034195952    0.81986348221995   -4.22084091997755
  -2.52426025333564    0.82018187472661   -4.22173591031487
  -2.53747540943000    0.82447573923047   -4.23279277962633
  -2.54200363329956    0.82594704835464   -4.23634454434511
  -2.55176172536992    0.82911764466595   -4.24472721269969
  -2.55985487443846    0.83174726820287   -4.25130920396561
  -2.56580037764625    0.83367907929909   -4.25607202925556
  -2.57741511885426    0.83745293748423   -4.26613376640189
  -2.58019539675509    0.83835630453521   -4.26877671372456
  -2.59413942489356    0.84288699392222   -4.28014633551581
  -2.59507055187313    0.84318953541758   -4.28101208305097
  -2.60812884790030    0.84743243299605   -4.29145211897165
  -2.61357909338814    0.84920332510435   -4.29588388514314
  -2.62244019756029    0.85208247238025   -4.30333359055236
  -2.63204653601926    0.85520376095425   -4.31103669820431
  -2.63644839748954    0.85663401244603   -4.31471167122849
  -2.64980359304999    0.86097337853067   -4.32565548010250
  -2.65082936860418    0.86130667321214   -4.32660032723093
  -2.66487248514412    0.86586955837246   -4.33862753418125
  -2.66675438382801    0.86648102432117   -4.34032226131193
  -2.67893798122449    0.87043971508626   -4.34997832710822
  -2.68520978554536    0.87247754784102   -4.35544714136770
  -2.69312656938718    0.87504986684205   -4.36194877767516
  -2.70372999576210    0.87849512891882   -4.37032378207933
  -2.70725129424895    0.87963926815351   -4.37322721361390
  -2.72119087683217    0.88416851309206   -4.38457941184362
  -2.72212762689375    0.88447288163752   -4.38543539851774
  -2.73532995947748    0.88876257953019   -4.39667582854307
  -2.73980143241482    0.89021544915870   -4.40032375363303
  -2.74968126966391    0.89342560287651   -4.40847575842549
  -2.75779775900968    0.89606281012921   -4.41506224543006
  -2.76372892255245    0.89798996198584   -4.41982525782692
  -2.77534741979871    0.90176504058178   -4.42989121401893
  -2.77790431210867    0.90259582525443   -4.43179193565419
  -2.79195708075023    0.90716184657268   -4.44323463240590
  -2.79377368787147    0.90775209800669   -4.44503771071920
  -2.80606290015353    0.91174510512831   -4.45522087644305
  -2.81151491248450    0.91351657131875   -4.45965457794771
  -2.82038231148265    0.91639776390761   -4.46710714819447
  -2.82939129908476    0.91932496142265   -4.47462565267603
  -2.83457363726165    0.92100880516886   -4.47927146910883
  -2.84596618126053    0.92471046710430   -4.48974831253394
  -2.84859044514416    0.92556314212820   -4.49262182111387
  -2.85902860900530    0.92895470715919   -4.50494029655505
  -2.86258277669158    0.93010952624418   -4.50957723953281
  -2.86999213224566    0.93251697180009   -4.51980108583371
  -2.87679768538054    0.93472823005737   -4.52907338492417
  -2.88113742571918    0.93613829716993   -4.53469829929445
  -2.89097733348284    0.93933547701146   -4.54764646473287
  -2.89263829504303    0.93987515613705   -4.54959819588384
  -2.90413773211493    0.94361154973731   -4.56449031146396
  -2.90496359497444    0.94387988884675   -4.56546925143189
  -2.91505986703564    0.94716036649796   -4.57920729106694
  -2.91922054688770    0.94851225333161   -4.58497963182498
  -2.92533622876361    0.95049935882899   -4.59417180020274
  -2.93337313370016    0.95311070753962   -4.60446810168101
  -2.93687085762684    0.95424718693539   -4.60916422914952
  -2.94750030660069    0.95770090426709   -4.62303430789663
  -2.94837047946410    0.95798364056954   -4.62405168437088
  -2.95898685685985    0.96143311068806   -4.63893817389391
  -2.96164099587978    0.96229549273218   -4.64265986731544
  -2.96956115887425    0.96486890968646   -4.65371793916639
  -2.97589697117991    0.96692753989620   -4.66208432596824
  -2.98105994488279    0.96860509174340   -4.66860633510025
  -2.98975666476942    0.97143082732719   -4.68006937672403
  -2.99233513998975    0.97226862471252   -4.68376870425822
  -3.00320635164058    0.97580089549979   -4.69844499639983
  -3.00426964083069    0.97614637910045   -4.70014687245764
  -3.01472403301891    0.97954321703455   -4.71338187823657
  -3.01819252074247    0.98067019701207   -4.71809080384198
  -3.02529102390243    0.98297664050252   -4.72816175855301
  -3.03249219973485    0.98531644436650   -4.73749513438926
  -3.03685013518153    0.98673242342804   -4.74318165816656
  -3.04663451000076    0.98991155952214   -4.75705707239404
  -3.04745000121579    0.99017652868000   -4.75801808837317
  -3.05895609656391    0.99391508568534   -4.77291896281859
  -3.06083380728927    0.99452519088384   -4.77562003658698
  -3.06974773096289    0.99742150025612   -4.78749270558389
  -3.07496479453127    0.99911662696598   -4.79429628661610
  -3.08108878150862    1.00110643095440   -4.80272896989707
  -3.08899081015955    1.00367395570328   -4.81296396048772
  -3.09259254844764    1.00484423141376   -4.81762258883282
  -3.10300019769561    1.00822588164591   -4.83175265842921
  -3.10381526712847    1.00849071375844   -4.83273070118597
  -3.11471731678292    1.01203300442048   -4.84740973828055
  -3.11737253064047    1.01289573570051   -4.85113307290672
  -3.12527116483634    1.01546215752408   -4.86218989339748
  -3.13162894012605    1.01752792393993   -4.87056419994727
  -3.13683087645473    1.01921813551167   -4.87717207651056
  -3.14543653126926    1.02201428225989   -4.88858494385299
  -3.14806461131463    1.02286819722991   -4.89225579861049
  -3.15856617416447    1.02628036184105   -4.90647426713368
  -3.16028268292203    1.02683808934514   -4.90855784232093
  -3.16973941171423    1.02991076679166   -4.92153813776062
  -3.17415946971526    1.03134693069468   -4.92736058114314
  -3.18049784303992    1.03340639302995   -4.93655834845330
  -3.18824842088392    1.03592470842865   -4.94600960874311
  -3.19261577181922    1.03734374676789   -4.95170191161997
  -3.20218258606550    1.04045219314670   -4.96482586460553
  -3.20320898766071    1.04078569124123   -4.96654072278165
  -3.21410673243134    1.04432658316173   -4.98122099254542
  -3.21660012818725    1.04513673655333   -4.98415139089468
  -3.22549820578166    1.04802789722236   -4.99602531154135
  -3.23095502157207    1.04980092415138   -5.00360099484659
  -3.23626715074729    1.05152693954934   -5.01105024948040
  -3.24483709394611    1.05431148289024   -5.02244892286967
  -3.24808522710920    1.05536686533091   -5.02633933783053
  -3.25840043331156    1.05871847899676   -5.04085018224391
  -3.25919188694726    1.05897563787166   -5.04176858723489
  -3.26990957161668    1.06245802471876   -5.05575174797139
  -3.27338041052730    1.06358576864328   -5.06046421226458
  -3.28053506157266    1.06591045568759   -5.07065213030844
  -3.28730211747667    1.06810920543631   -5.07929851395367
  -3.29235603496035    1.06975132276989   -5.08596107690427
  -3.30159187826783    1.07275223017181   -5.09869767713271
  -3.30325451775203    1.07329245448796   -5.10065180941984
  -3.31477006712769    1.07703408329306   -5.11556332626077
  -3.31581223444475    1.07737270398114   -5.11729632977512
  -3.32553165431529    1.08053073493304   -5.13013318079001
  -3.32997845708886    1.08197558873943   -5.13596472085234
  -3.33631962429673    1.08403595886238   -5.14516677585538
  -3.34404188500536    1.08654507346606   -5.15559087279110
  -3.34750744015460    1.08767110059243   -5.16023688814992
  -3.35822554440707    1.09115362377033   -5.17420179888927
  -3.35903320313750    1.09141604799968   -5.17516079850625
  -3.36993755114842    1.09495908544301   -5.18984872675644
  -3.37259513345800    1.09582258627975   -5.19370987895813
  -3.38087280364301    1.09851216436178   -5.20511993575570
  -3.38638733766966    1.10030394508259   -5.21252503054808
  -3.39180527643511    1.10206434010047   -5.21988194735451
  -3.40068653743759    1.10495003672756   -5.23109852176998
  -3.40333194930118    1.10580958314668   -5.23480791018635
  -3.41417998099296    1.10933432230870   -5.24944052813133
  -3.41506369448136    1.10962145822691   -5.25047904979585
  -3.42559304096565    1.11304265028812   -5.26428262275264
  -3.42924229278269    1.11422836407999   -5.26913228500295
  -3.43640016768117    1.11655409861767   -5.27932510188136
  -3.44338361066796    1.11882315679160   -5.28874448730084
  -3.44762749426908    1.12020207816213   -5.29445083233208
  -3.45746091765494    1.12339715110159   -5.30738231606782
  -3.45850908004559    1.12373771970716   -5.30910907170835
  -3.46999937190427    1.12747114184751   -5.32399899286195
  -3.47190465344652    1.12809020534746   -5.32674389416071
  -3.48085986979795    1.13099993152407   -5.33919784564091
  -3.48579599597746    1.13260377614288   -5.34565608902487
  -3.49192700676337    1.13459586230503   -5.35409935094958
  -3.50014762958148    1.13726690457394   -5.36506265891378
  -3.50343411752090    1.13833474923689   -5.36899944932878
  -3.51347446045973    1.14159705441465   -5.38369840589294
  -3.51425200513582    1.14184969399461   -5.38461230572045
  -3.52559379263979    1.14553486414514   -5.39883698147416
  -3.52825211281339    1.14639860472844   -5.40256501903652
  -3.53622720496936    1.14898986924918   -5.41374932767780
  -3.54251097556199    1.15103159008134   -5.42201547525541
  -3.54771877722015    1.15272370741415   -5.42863191954064
  -3.55671407565376    1.15564645704872   -5.44061431086756
  -3.55922700570661    1.15646295751815   -5.44353617132601
  -3.56991749031220    1.15993650652878   -5.45851882953188
  -3.57070621401205    1.16019277839375   -5.45945087870281
  -3.58061376574855    1.16341193709438   -5.47304332447515
  -3.58494401217301    1.16481891944723   -5.47801675114620
  -3.59228357772721    1.16720368885758   -5.48805722069068
  -3.59918773276148    1.16944698481406   -5.49771105187418
  -3.60325696106773    1.17076915723923   -5.50340542240768
  -3.61315294443592    1.17398455714915   -5.51640141963974
  -3.61419296072690    1.17432247892649   -5.51813991262028
  -3.62570050007651    1.17806150511636   -5.53304415384611
  -3.62758130476253    1.17867261560361   -5.53574994863783
  -3.63643800373188    1.18155033154236   -5.54762750830086
  -3.64175412805423    1.18327764504231   -5.55446696500933
  -3.64728594934787    1.18507504273666   -5.56268953972586
  -3.65586606316926    1.18786289071315   -5.57410326481705
  -3.65852545097678    1.18872697819173   -5.57783290481810
  -3.66944570584362    1.19227518408585   -5.59252882952973
  -3.67021479142725    1.19252507514006   -5.59343985763032
  -3.68096845886047    1.19601915349585   -5.60745034876062
  -3.68444349143950    1.19714826002583   -5.61216905905262
  -3.69160698199413    1.19947581920081   -5.62237036695873
  -3.69849052167949    1.20171241682438   -5.63086373551672
  -3.70308526148305    1.20320533828562   -5.63725503353692
  -3.71277162960666    1.20635263007395   -5.65046946281599
  -3.71438645019311    1.20687731708837   -5.65245624733046
  -3.72521748055516    1.21039653218350   -5.66707674205065
  -3.72691655868738    1.21094859613409   -5.66907311077954
  -3.73659179397364    1.21409227064428   -5.68191346300080
  -3.74132341670456    1.21562966806471   -5.68853474871041
  -3.74745924557129    1.21762331971622   -5.69698519355479
  -3.75509447353868    1.22010415566805   -5.70662882209853
  -3.75872605945168    1.22128412945975   -5.71216135233419
  -3.76938408455514    1.22474713173881   -5.72605639450948
  -3.77020922143656    1.22501523496367   -5.72703971747508
  -3.78110432861213    1.22855526987758   -5.74172228936691
  -3.78381852096752    1.22943716443321   -5.74540816066669
  -3.79203279970255    1.23210614538457   -5.75640574847674
  -3.79791048680479    1.23401592169238   -5.76431661232843
  -3.80308207826290    1.23569627361799   -5.77188814624929
  -3.81211905375602    1.23863256495008   -5.78379825099690
  -3.81396401416586    1.23923202892601   -5.78654066702870
  -3.82538631357891    1.24294335898158   -5.80139053117060
  -3.82629532697431    1.24323871533788   -5.80243910744972
  -3.83679705872227    1.24665093482735   -5.81669260259007
  -3.84047357566204    1.24784550759461   -5.82197538847375
  -3.84760142657818    1.25016148674908   -5.83127802570163
  -3.85466120086431    1.25245534646560   -5.84076200582427
  -3.85892310186407    1.25384012204382   -5.84649439615398
  -3.86897347487601    1.25710568618988   -5.86015185284851
  -3.86978700864058    1.25737001933354   -5.86114691560582
  -3.88078977435434    1.26094503462698   -5.87570851809726
  -3.88325320750080    1.26174545257662   -5.87876690671547
  -3.89229369739770    1.26468288580772   -5.89132367824322
  -3.89712271775757    1.26625192963615   -5.89775090654426
  -3.90326165550246    1.26824659142341   -5.90620595884606
  -3.91149025828950    1.27092022654140   -5.91717998419186
  -3.91418509607574    1.27179583241630   -5.92088596157395
  -3.92537017739123    1.27543008563967   -5.93502520793144
  -3.92622553318934    1.27570800758576   -5.93598780326665
  -3.93639643825711    1.27901273497080   -5.95075998190576
  -3.93984699903188    1.28013389012957   -5.95550449090031
  -3.94761900680014    1.28265916853275   -5.96594022726457
  -3.95389679832145    1.28469894664687   -5.97421226088448
  -3.95852416484946    1.28620246917351   -5.98058506116070
  -3.96820255784926    1.28934716968702   -5.99384132762693
  -3.96981866684246    1.28987227533017   -5.99582994619822
  -3.98082366583062    1.29344801625845   -6.01051660654650
  -3.98234882145163    1.29394356935954   -6.01245715987636
  -3.99146121408627    1.29690436520634   -6.02493031572706
  -3.99696070678203    1.29869125870248   -6.03166382235556
  -4.00330695982998    1.30075328131504   -6.03995074988781
  -4.01094434093094    1.30323481686238   -6.05056799718185
  -4.01446528055024    1.30437883949393   -6.05525986976311
  -4.02422613155748    1.30755033223818   -6.07117177180131
  -4.02501334283174    1.30780611268628   -6.07399784533640
  -4.02814850373685    1.30882478821521   -6.08655634581790
  -4.02851174486668    1.30894281241278   -6.10156392595021
  -4.02727726400367    1.30854170526576   -6.11641017757609
  -4.02642535901650    1.30826490455611   -6.13132456685866
  -4.02507069735999    1.30782474830218   -6.14630689501563
  -4.02414974310637    1.30752551212585   -6.15468899028673
  -4.02339257935096    1.30727949470844   -6.16117685638763
  -4.02246428635160    1.30697787402908   -6.17614779505123
  -4.02036288819779    1.30629508837928   -6.19097841747713
  -4.01900815961852    1.30585491038082   -6.20596549585377
  -4.01755673614912    1.30538331430804   -6.22083926362004
  -4.01350588362184    1.30406711253539   -6.23545090021565
  -4.00906705804676    1.30262485067790   -6.24288168204653
  -4.00440536239145    1.30111017394165   -6.24997228348092
  -3.99446144163749    1.29787919823091   -6.26183023280688
  -3.99183613943946    1.29702618583821   -6.26459560148407
  -3.98054490897518    1.29335744266566   -6.27693991271061
  -3.97791307983875    1.29250230954211   -6.27974558643885
  -3.96641665443434    1.28876689449195   -6.29275884400101
  -3.96467857087544    1.28820215690996   -6.29460564169148
  -3.95231268731575    1.28418423778010   -6.30763239974834
  -3.95052434854762    1.28360317129079   -6.30955104092838
  -3.93839392581282    1.27966175802062   -6.32369783808204
  -3.93752119052154    1.27937818913489   -6.32461724511644
  -3.92427210814242    1.27507330131290   -6.33857525247725
  -3.92338883489013    1.27478630843608   -6.33950580145482
  -3.91080400778971    1.27069725023747   -6.35416651335260
  -3.90992073914368    1.27041025885730   -6.35509708607640
  -3.89667172059422    1.26610539177483   -6.36905587676747
  -3.89578845452575    1.26581840123217   -6.36998647498715
  -3.88342444215008    1.26180109008685   -6.38394811840063
  -3.88165791431242    1.26122711039845   -6.38580936714338
  -3.86926406415925    1.25720010437153   -6.39895914485276
  -3.86764008533786    1.25667244166619   -6.40093205996305
  -3.85604500821616    1.25290497273001   -6.41373134926598
  -3.85339522952154    1.25204400744147   -6.41652337863087
  -3.84279781245358    1.24860069790689   -6.42862480779454
  -3.83926478168181    1.24745274662175   -6.43234761953882
  -3.82866569467235    1.24400889449029   -6.44351621933456
  -3.82513267233757    1.24286094594649   -6.44723913523091
  -3.81513821707438    1.23961355057836   -6.45825583335917
  -3.81094109097936    1.23824982164251   -6.46310037873093
  -3.80128649021708    1.23511285169558   -6.47330274197785
  -3.79687023034291    1.23367792187878   -6.47795665161917
  -3.78781687576820    1.23073630866048   -6.48796466759898
  -3.78251736757692    1.22901439406878   -6.49354952625780
  -3.77372118269785    1.22615634034987   -6.50281943735859
  -3.76822676169636    1.22437109474709   -6.50811036694036
  -3.75695836206752    1.22070976976266   -6.51768376288046
  -3.75440322107611    1.21987955412790   -6.51947925424990
  -3.73984927097559    1.21515068908225   -6.52812714845375
  -3.73454590911816    1.21342752235852   -6.53184600552898
  -3.72599432150225    1.21064894310804   -6.53675176435483
  -3.71149741104011    1.20593861136437   -6.54586068864117
  -3.70983597346519    1.20539877757222   -6.54693866092424
  -3.69772082906723    1.20146232853461   -6.55439965089310
  -3.68520858773567    1.19739685488197   -6.56143702483387
  -3.68313639325860    1.19672355808195   -6.56275895219299
  -3.66939754795398    1.19225953663898   -6.57114475086193
  -3.66129732069989    1.18962761326016   -6.57646222931664
  -3.65529742913115    1.18767813031422   -6.58041411364622
  -3.64080364326853    1.18296881381447   -6.58857244914499
  -3.63650418638651    1.18157183559040   -6.59153752959236
  -3.62686218784970    1.17843896035474   -6.59768285718110
  -3.61249126835434    1.17376956555772   -6.60533135846013
  -3.61155454791454    1.17346520663696   -6.60618771374289
  -3.59863040873864    1.16926589926186   -6.61392730517456
  -3.58721163728750    1.16555571551060   -6.62148241547728
  -3.58460523833193    1.16470884515369   -6.62314671058366
  -3.57014703115625    1.16001108887010   -6.63125172623202
  -3.56309410279983    1.15771945353098   -6.63593061304886
  -3.55607282848058    1.15543810321200   -6.64048475377602
  -3.54183602039503    1.15081228385352   -6.64894056555860
  -3.53843665508087    1.14970776310826   -6.65101382826847
  -3.52778446580814    1.14624665700555   -6.65721334819514
  -3.51441830972277    1.14190372963049   -6.66538057245202
  -3.51334498233087    1.14155498442035   -6.66627966697478
  -3.49967933130000    1.13711474523858   -6.67430249248614
  -3.48904441861542    1.13365925263964   -6.68075927854263
  -3.48535386017655    1.13246011751275   -6.68324120564686
  -3.47117520641246    1.12785319363873   -6.69163868554761
  -3.46502673204985    1.12585543321654   -6.69542556947653
  -3.45730817576017    1.12334752225154   -6.70029458940536
  -3.44283389419711    1.11864454308288   -6.70842903566049
  -3.44018249836847    1.11778305235564   -6.71028933408638
  -3.42902018729237    1.11415619763154   -6.71702597478118
  -3.41549432501411    1.10976137856880   -6.72483350514270
  -3.41467161742651    1.10949406466935   -6.72549699663441
  -3.40066850565717    1.10494417784694   -6.73099807970950
  -3.38641271603347    1.10031219101285   -6.73567148690661
  -3.37669765209292    1.09715557538840   -6.73941457806800
  -3.37233342425200    1.09573755180404   -6.74120558873477
  -3.35821948195523    1.09115165396032   -6.74582264016743
  -3.34418977947587    1.08659312729249   -6.74992891268399
  -3.33088596781360    1.08227045684845   -6.75443100215757
  -3.32977509294739    1.08190951172436   -6.75514682152589
  -3.31588247336049    1.07739552598831   -6.76013186889518
  -3.30183298402904    1.07283057018251   -6.76380533894721
  -3.28833745334506    1.06844560645217   -6.76891618004867
  -3.28721152869546    1.06807977135704   -6.76981751263930
  -3.27344258145174    1.06360596920116   -6.77403010143033
  -3.25942351928952    1.05905089978194   -6.77815462351221
  -3.24488289609370    1.05432636491012   -6.78294140705563
  -3.24395361529347    1.05402442327479   -6.78375228533185
  -3.23100183716798    1.04981613546058   -6.78793027414634
  -3.21685372962337    1.04521913665492   -6.79256442521823
  -3.20254565980938    1.04057016295728   -6.79772165880646
  -3.19905279352423    1.03943526190492   -6.79878706295946
  -3.18843268983414    1.03598458103998   -6.80234098881602
  -3.17441008871102    1.03142836174266   -6.80646776237323
  -3.16010257824336    1.02677956978766   -6.81162551152694
  -3.15479740697007    1.02505581514908   -6.81348027752016
  -3.14611593828067    1.02223503497966   -6.81667086715151
  -3.13198610251785    1.01764397303578   -6.82130013573985
  -3.11769490001403    1.01300047985944   -6.82551547144883
  -3.10972035057731    1.01040939167887   -6.82824080700473
  -3.10325354202675    1.00830819820902   -6.83056836852038
  -3.08954964694818    1.00385553278289   -6.83473740348158
  -3.07547416786931    0.99928213239625   -6.83749154296815
  -3.06128893194614    0.99467306984910   -6.83909664558319
      
      
