# shadow point cont 2D ind 384  size 972
# norm -0.9921147 -0.1253332  0.0000000
# angle  3.0159289
   2.27804161  -6.81509637
   2.27831361  -6.81293319
   2.27877753  -6.81246727
   2.29280327  -6.80568256
   2.30735928  -6.80031443
   2.31486775  -6.79762736
   2.32235847  -6.79506309
   2.33738656  -6.79014176
   2.35222562  -6.78620205
   2.35973699  -6.78362007
   2.36721622  -6.78103695
   2.38209218  -6.77640854
   2.39682755  -6.77227373
   2.40890894  -6.76868068
   2.41179530  -6.76782267
   2.42656247  -6.76298898
   2.44145900  -6.75857768
   2.45628326  -6.75456360
   2.45818805  -6.75377350
   2.47129809  -6.74948835
   2.48628582  -6.74408820
   2.49669188  -6.73939936
   2.50135930  -6.73667722
   2.51629084  -6.72855916
   2.52379477  -6.72473328
   2.53126598  -6.72007125
   2.54583282  -6.71237109
   2.55057110  -6.70976605
   2.56091233  -6.70326312
   2.57546901  -6.69532884
   2.57648233  -6.69454232
   2.59042387  -6.68631801
   2.60339480  -6.67964695
   2.60523086  -6.67867734
   2.62028519  -6.66970184
   2.62860646  -6.66510796
   2.63523114  -6.66139742
   2.65001299  -6.65295687
   2.65551246  -6.65003424
   2.66489630  -6.64460154
   2.67973146  -6.63617934
   2.68156082  -6.63519923
   2.69484013  -6.62732767
   2.70764548  -6.62049713
   2.70948576  -6.61953464
   2.72433282  -6.61109836
   2.73369921  -6.60563379
   2.73942346  -6.60196575
   2.75392910  -6.59422866
   2.76052554  -6.59069494
   2.76915102  -6.58522392
   2.78377843  -6.57664900
   2.78479322  -6.57586846
   2.79911289  -6.56586135
   2.80486146  -6.56144139
   2.81467724  -6.55224286
   2.82024659  -6.54665416
   2.82915116  -6.53789516
   2.83564885  -6.53137533
   2.84400302  -6.52299285
   2.85108669  -6.51613247
   2.85851374  -6.50868274
   2.86535246  -6.50157161
   2.87370658  -6.49318965
   2.88020420  -6.48667044
   2.88871054  -6.47857847
   2.89543374  -6.47214628
   2.90378764  -6.46376469
   2.91028509  -6.45724577
   2.91863897  -6.44886444
   2.92568883  -6.44197145
   2.93311463  -6.43452175
   2.94040919  -6.42669887
   2.94763725  -6.41929486
   2.95446223  -6.41217160
   2.96297050  -6.40408037
   2.97024342  -6.39727492
   2.97752860  -6.38958681
   2.98477156  -6.38205476
   2.99219841  -6.37460708
   2.99962522  -6.36715951
   3.00705205  -6.35971206
   3.01447885  -6.35226470
   3.02195544  -6.34378681
   3.02747308  -6.33736694
   3.03456144  -6.32216501
   3.03653477  -6.30645198
   3.03597330  -6.29157160
   3.03456336  -6.27652095
   3.03313355  -6.26173790
   3.03176538  -6.24678751
   3.03080571  -6.23187286
   3.02958969  -6.21676975
   3.02795704  -6.20204322
   3.02664159  -6.18679235
   3.02412989  -6.17212067
   3.02266526  -6.15720933
   3.02167044  -6.15162713
   3.01971256  -6.14215755
   3.01345029  -6.12699620
   3.00686541  -6.11655522
   3.00323129  -6.11176977
   2.99275216  -6.09707871
   2.99191989  -6.09607782
   2.98222470  -6.08215398
   2.97680423  -6.07475191
   2.97126946  -6.06722273
   2.96203265  -6.05504153
   2.96013088  -6.05230414
   2.94892214  -6.03737691
   2.94698519  -6.03463504
   2.93843963  -6.02268401
   2.93195093  -6.01332303
   2.92747936  -6.00753250
   2.91760378  -5.99306127
   2.91675370  -5.99206934
   2.90583540  -5.97792044
   2.90228907  -5.97313566
   2.89499909  -5.96278802
   2.88765253  -5.95326520
   2.88376836  -5.94785823
   2.87324912  -5.93316366
   2.87241710  -5.93216318
   2.86226924  -5.91808086
   2.85757412  -5.91158416
   2.85119692  -5.90310658
   2.84279344  -5.89188730
   2.84004719  -5.88819280
   2.82975312  -5.87326998
   2.82781682  -5.87052921
   2.81838505  -5.85836147
   2.81272265  -5.85018843
   2.80804645  -5.84366243
   2.79774181  -5.82974342
   2.79689929  -5.82874819
   2.78663823  -5.81383427
   2.78299012  -5.80911758
   2.77556355  -5.79893098
   2.76823093  -5.78852746
   2.76461908  -5.78378646
   2.75410053  -5.76909711
   2.75326877  -5.76809703
   2.74312732  -5.75402079
   2.73843372  -5.74752662
   2.73195864  -5.73904488
   2.72338389  -5.72804289
   2.72061084  -5.72436253
   2.71032557  -5.70945015
   2.70838990  -5.70671044
   2.69930889  -5.69456717
   2.69359521  -5.68615448
   2.68829101  -5.67940736
   2.67856054  -5.66664726
   2.67688816  -5.66472502
   2.66688958  -5.64959062
   2.66409836  -5.64586352
   2.65572481  -5.63468238
   2.64906293  -5.62547697
   2.64453847  -5.61977284
   2.63425899  -5.60585990
   2.63340949  -5.60486890
   2.62289645  -5.59018571
   2.61935274  -5.58540529
   2.61195968  -5.57505316
   2.60424084  -5.56412048
   2.60150871  -5.56037584
   2.59033452  -5.54546966
   2.58928540  -5.54368838
   2.58020116  -5.53058711
   2.57455393  -5.52304941
   2.56892450  -5.51566124
   2.55946374  -5.50272133
   2.55777291  -5.50075797
   2.54661315  -5.48585485
   2.54473280  -5.48307439
   2.53639025  -5.47095404
   2.52994428  -5.46248396
   2.52522859  -5.45605174
   2.51487592  -5.44211723
   2.51406722  -5.44114995
   2.50321163  -5.42603139
   2.50028262  -5.42147047
   2.49289925  -5.41112303
   2.48539967  -5.40096377
   2.48179036  -5.39622697
   2.47127299  -5.38154939
   2.47022420  -5.37976874
   2.46029324  -5.36647025
   2.45547357  -5.36008802
   2.44896273  -5.35175176
   2.44082820  -5.34040288
   2.43806592  -5.33663019
   2.42756432  -5.32195612
   2.42568454  -5.31917663
   2.41734301  -5.30706027
   2.41090580  -5.29859431
   2.40551989  -5.29193931
   2.39584910  -5.27825362
   2.39500745  -5.27726632
   2.38476511  -5.26237185
   2.38112057  -5.25766104
   2.37360798  -5.24747641
   2.36609552  -5.23729201
   2.36246940  -5.23258101
   2.35192729  -5.21790894
   2.35107833  -5.21691879
   2.34016049  -5.20279248
   2.33661918  -5.19801610
   2.32933291  -5.18768499
   2.32158441  -5.17668697
   2.31876279  -5.17300696
   2.30823423  -5.15833170
   2.30657241  -5.15633428
   2.29730371  -5.14323890
   2.29176067  -5.13580687
   2.28622959  -5.12833130
   2.27678510  -5.11540333
   2.27508184  -5.11343990
   2.26485718  -5.09855006
   2.26214730  -5.09477329
   2.25398054  -5.08343799
   2.24732511  -5.07424359
   2.24281091  -5.06854689
   2.23293613  -5.05410408
   2.23208738  -5.05311428
   2.22115130  -5.03899339
   2.21728462  -5.03352195
   2.21004237  -5.02410476
   2.20254068  -5.01295924
   2.19978007  -5.00921721
   2.18863827  -4.99432895
   2.18780756  -4.99333059
   2.17767761  -4.97925706
   2.17286654  -4.97288696
   2.16633886  -4.96455484
   2.15754395  -4.95185088
   2.15579247  -4.94987673
   2.14495767  -4.93478374
   2.14307913  -4.93200645
   2.13397365  -4.91968243
   2.12822323  -4.91152665
   2.12356849  -4.90501579
   2.11349590  -4.89188008
   2.11180465  -4.88990998
   2.10189446  -4.87546298
   2.09835499  -4.87068976
   2.09104543  -4.86036449
   2.08353764  -4.85018812
   2.07990586  -4.84547979
   2.06938466  -4.83083119
   2.06852718  -4.82983063
   2.05825199  -4.81596299
   2.05363507  -4.80938041
   2.04739151  -4.80083277
   2.03906149  -4.78963091
   2.03624204  -4.78595123
   2.02600594  -4.77107348
   2.02429670  -4.76910166
   2.01490532  -4.75619030
   2.00935955  -4.74868986
   2.00371511  -4.74131134
   1.99428610  -4.72839431
   1.99256124  -4.72643288
   1.98204479  -4.71177694
   1.97940802  -4.70793499
   1.97139618  -4.69645718
   1.96480122  -4.68822062
   1.96005905  -4.68179387
   1.94977727  -4.66788681
   1.94891152  -4.66691569
   1.93868950  -4.65203940
   1.93493408  -4.64648780
   1.92781181  -4.63694072
   1.91989345  -4.62617621
   1.91703120  -4.62251902
   1.90617756  -4.60740940
   1.90513022  -4.60563144
   1.89523556  -4.59231740
   1.89056306  -4.58589458
   1.88414520  -4.57743641
   1.87534523  -4.56571289
   1.87272227  -4.56279218
   1.86061424  -4.54887681
   1.85970968  -4.54792793
   1.84555558  -4.53420622
   1.84462710  -4.53327640
   1.83079985  -4.52110602
   1.82793773  -4.51840296
   1.81618978  -4.50781484
   1.81069210  -4.50306963
   1.80135609  -4.49477685
   1.79472534  -4.48841109
   1.78636392  -4.48098444
   1.77782798  -4.47377211
   1.77128401  -4.46725821
   1.76153666  -4.45842606
   1.75674613  -4.45391773
   1.74477236  -4.44356686
   1.74185158  -4.44094753
   1.72788235  -4.42892047
   1.72689837  -4.42806502
   1.71187254  -4.41519314
   1.71094423  -4.41426355
   1.69710748  -4.40118727
   1.69519346  -4.39939379
   1.68228448  -4.38813489
   1.67847918  -4.38451920
   1.66754854  -4.37498753
   1.66198020  -4.36941999
   1.65283992  -4.36182267
   1.64449157  -4.35433874
   1.63776922  -4.34811610
   1.62856394  -4.33966495
   1.62285278  -4.33425782
   1.61185934  -4.32479851
   1.60802421  -4.32122204
   1.59498989  -4.31015423
   1.59304527  -4.30833881
   1.57899607  -4.29551341
   1.57802992  -4.29462965
   1.56336188  -4.28134118
   1.56243374  -4.28041184
   1.54851241  -4.26832953
   1.54572806  -4.26554161
   1.53402495  -4.25588000
   1.52833052  -4.25044274
   1.51896052  -4.24217451
   1.51162525  -4.23557285
   1.50411794  -4.22822761
   1.49504430  -4.22052744
   1.48921165  -4.21529426
   1.47890862  -4.20606524
   1.47444253  -4.20218439
   1.46243655  -4.19096546
   1.45956302  -4.18829688
   1.44556533  -4.17632974
   1.44457958  -4.17542543
   1.42980355  -4.16235495
   1.42884285  -4.16146401
   1.41475958  -4.14862893
   1.41285250  -4.14682829
   1.40015526  -4.13534562
   1.39563121  -4.13150076
   1.38532662  -4.12231424
   1.37964359  -4.11686594
   1.37064773  -4.10912665
   1.36223150  -4.10177032
   1.35588369  -4.09602900
   1.34645058  -4.08690424
   1.34090995  -4.08224346
   1.32951111  -4.07226990
   1.32575740  -4.06862629
   1.31290197  -4.05740011
   1.31093722  -4.05563853
   1.29634098  -4.04323890
   1.29541313  -4.04231000
   1.28136579  -4.02947149
   1.27945272  -4.02767935
   1.26654683  -4.01642992
   1.26274341  -4.01281692
   1.25163621  -4.00259716
   1.24606983  -3.99795249
   1.23681573  -3.98955535
   1.22936118  -3.98309136
   1.22192931  -3.97662205
   1.21168068  -3.96823012
   1.20711993  -3.96451070
   1.19320482  -3.95336411
   1.19224897  -3.95251126
   1.17738933  -3.94134516
   1.17372401  -3.93850198
   1.16275958  -3.92993629
   1.15442698  -3.92341394
   1.14766114  -3.91821146
   1.13478600  -3.90877447
   1.13281939  -3.90706544
   1.11809126  -3.89571462
   1.11545212  -3.89369281
   1.10337689  -3.88444862
   1.09674578  -3.87905560
   1.08857647  -3.87324208
   1.07740023  -3.86397238
   1.07367766  -3.86128794
   1.05870807  -3.85023330
   1.05774774  -3.84934289
   1.04399552  -3.83896978
   1.03831895  -3.83447492
   1.02893231  -3.82719408
   1.01872992  -3.81962796
   1.01413788  -3.81600009
   1.00006059  -3.80499441
   0.99909504  -3.80411150
   0.98467993  -3.79339389
   0.98078886  -3.78990607
   0.96961367  -3.78160530
   0.96131155  -3.77504882
   0.95495546  -3.77025190
   0.94185963  -3.76018631
   0.93990549  -3.75852948
   0.92494396  -3.74737146
   0.92231510  -3.74534169
   0.91024375  -3.73613103
   0.90288862  -3.73047813
   0.89554785  -3.72485318
   0.88331190  -3.71563213
   0.88048360  -3.71303716
   0.86569897  -3.70183985
   0.86471590  -3.70098568
   0.85092872  -3.69055947
   0.84536427  -3.68591758
   0.83624506  -3.67926088
   0.82511438  -3.67083684
   0.82145221  -3.66806492
   0.80715095  -3.65643774
   0.80618555  -3.65555507
   0.79156281  -3.64509318
   0.78694665  -3.64135466
   0.77693631  -3.63369992
   0.76766282  -3.62627355
   0.76200756  -3.62180110
   0.74800758  -3.61164703
   0.74703500  -3.61077536
   0.73219768  -3.59963607
   0.72927999  -3.59702113
   0.71757463  -3.58823399
   0.70924494  -3.58171589
   0.70248562  -3.57651519
   0.69037516  -3.56730720
   0.68764893  -3.56537652
   0.67283286  -3.55419017
   0.67012591  -3.55223743
   0.65811010  -3.54393468
   0.64788420  -3.53747868
   0.64331866  -3.53465731
   0.62828733  -3.52550410
   0.62379141  -3.52252650
   0.61356940  -3.51620383
   0.59957692  -3.50787622
   0.59857837  -3.50705515
   0.58409628  -3.49914348
   0.57373589  -3.49293252
   0.56916276  -3.49000724
   0.55430797  -3.48069119
   0.54978081  -3.47775123
   0.53942406  -3.47153595
   0.52558419  -3.46309148
   0.52457520  -3.46229986
   0.50977901  -3.45383043
   0.50143432  -3.44826213
   0.49508573  -3.44438384
   0.48010892  -3.43526936
   0.47732739  -3.43341332
   0.46521823  -3.42617496
   0.45300067  -3.41880600
   0.45029651  -3.41692297
   0.43598829  -3.40870010
   0.42754843  -3.40328745
   0.42091322  -3.39891010
   0.40591081  -3.38986840
   0.40410860  -3.38885704
   0.39124478  -3.38127843
   0.37977557  -3.37406183
   0.37638757  -3.37203476
   0.36160990  -3.36356645
   0.35497685  -3.35915984
   0.34654500  -3.35379273
   0.33174013  -3.34532793
   0.33073493  -3.34452515
   0.31690638  -3.33604923
   0.30668220  -3.32959592
   0.30212386  -3.32677137
   0.28723395  -3.31843683
   0.28160775  -3.31482902
   0.27237713  -3.30925486
   0.25754110  -3.30091744
   0.25570877  -3.29995023
   0.24297480  -3.29512793
   0.22826450  -3.29269255
   0.21342890  -3.29176359
   0.19862183  -3.29130045
   0.18378626  -3.29037165
   0.16895070  -3.28944292
   0.15407963  -3.28861825
   0.13924366  -3.28861752
   0.12440769  -3.28861686
   0.10959830  -3.28794326
   0.09473665  -3.28676001
   0.07993620  -3.28665567
   0.06506518  -3.28583134
   0.05024649  -3.28519906
   0.03539373  -3.28443902
   0.02055776  -3.28443888
   0.00572178  -3.28443882
  -0.00954925  -3.28685062
  -0.02478151  -3.29299421
  -0.03405573  -3.29763523
  -0.03968706  -3.30146989
  -0.05445984  -3.30970209
  -0.06002443  -3.31248681
  -0.06975041  -3.31871970
  -0.08389878  -3.32698646
  -0.08573596  -3.32794714
  -0.09895287  -3.33592066
  -0.11097062  -3.34269756
  -0.11375317  -3.34455399
  -0.12841591  -3.35301358
  -0.13593536  -3.35747852
  -0.14383269  -3.36245673
  -0.15809146  -3.37069539
  -0.16092465  -3.37246538
  -0.17312656  -3.37973207
  -0.18593014  -3.38721758
  -0.18801885  -3.38860808
  -0.20283185  -3.39719199
  -0.21196829  -3.40207995
  -0.21761853  -3.40575393
  -0.23229796  -3.41430005
  -0.23615138  -3.41683526
  -0.24714146  -3.42356396
  -0.26178640  -3.43133025
  -0.26280178  -3.43210103
  -0.27683245  -3.44106090
  -0.28732615  -3.44662630
  -0.29196455  -3.45001128
  -0.30670048  -3.45858362
  -0.31214286  -3.46157371
  -0.32155777  -3.46775673
  -0.33619378  -3.47551754
  -0.33721034  -3.47628343
  -0.35124004  -3.48447123
  -0.36249768  -3.49099462
  -0.36631826  -3.49361551
  -0.38072606  -3.50233882
  -0.38731244  -3.50586738
  -0.39566925  -3.51071639
  -0.41039428  -3.51924224
  -0.41322787  -3.52101282
  -0.42572009  -3.52874780
  -0.43670488  -3.53557124
  -0.44064561  -3.53829059
  -0.45510044  -3.54880915
  -0.45788353  -3.55066640
  -0.46993464  -3.55999921
  -0.47746500  -3.56541346
  -0.48523366  -3.57151655
  -0.49708667  -3.58031313
  -0.49993034  -3.58279511
  -0.51465383  -3.59326725
  -0.51667325  -3.59490659
  -0.52956339  -3.60513794
  -0.53612027  -3.60969072
  -0.54454350  -3.61630832
  -0.55549013  -3.62489994
  -0.55911956  -3.62768585
  -0.57400048  -3.63888791
  -0.57497370  -3.63976006
  -0.58871874  -3.64993762
  -0.59537261  -3.65432734
  -0.60391744  -3.66089517
  -0.61486915  -3.66948183
  -0.61883846  -3.67290734
  -0.63317040  -3.68371043
  -0.63414838  -3.68457499
  -0.64804651  -3.69476580
  -0.65374683  -3.69922906
  -0.66310471  -3.70657895
  -0.67325541  -3.71408444
  -0.67795065  -3.71772581
  -0.69255337  -3.72829748
  -0.69353141  -3.72916212
  -0.70761976  -3.74010247
  -0.71227548  -3.74379776
  -0.72254640  -3.75190996
  -0.73191749  -3.75840192
  -0.73765908  -3.76281538
  -0.75146129  -3.77324059
  -0.75246720  -3.77406959
  -0.76679316  -3.78494855
  -0.77146755  -3.78861983
  -0.78187791  -3.79668969
  -0.79028952  -3.80311346
  -0.79709557  -3.80846075
  -0.81038346  -3.81836717
  -0.81137438  -3.81920843
  -0.82642133  -3.83106601
  -0.82914942  -3.83299858
  -0.84132062  -3.84203823
  -0.84891201  -3.84737032
  -0.85623261  -3.85327088
  -0.86900564  -3.86274659
  -0.87098759  -3.86442926
  -0.88581444  -3.87566657
  -0.88854266  -3.87759934
  -0.90066320  -3.88681739
  -0.90738256  -3.89209639
  -0.91575129  -3.89854714
  -0.92762836  -3.90731178
  -0.93027978  -3.90929148
  -0.94509873  -3.92150109
  -0.94605257  -3.92240152
  -0.95993008  -3.93454978
  -0.96277780  -3.93726824
  -0.97499918  -3.94826470
  -0.97949730  -3.95213618
  -0.98977297  -3.96142816
  -0.99603781  -3.96723608
  -1.00439411  -3.97446634
  -1.01234499  -3.98120280
  -1.01978528  -3.98798174
  -1.02968469  -3.99674412
  -1.03436808  -4.00119078
  -1.04643718  -4.01139609
  -1.04937453  -4.01409249
  -1.06310058  -4.02648574
  -1.06402889  -4.02741514
  -1.07876137  -4.04045946
  -1.07971535  -4.04136010
  -1.09359408  -4.05351144
  -1.09644223  -4.05623054
  -1.10855926  -4.06719520
  -1.11321676  -4.07089300
  -1.12350744  -4.08026491
  -1.12988195  -4.08597452
  -1.13841769  -4.09408099
  -1.14584440  -4.10058809
  -1.15319895  -4.10723887
  -1.16227056  -4.11555653
  -1.16802484  -4.12027330
  -1.17914952  -4.13038182
  -1.18285121  -4.13338433
  -1.19575552  -4.14528293
  -1.19773820  -4.14696661
  -1.21232026  -4.15949645
  -1.21329884  -4.16036186
  -1.22718095  -4.17266368
  -1.22996642  -4.17545270
  -1.24203923  -4.18644016
  -1.24671586  -4.19011455
  -1.25726214  -4.20004463
  -1.26278676  -4.20474669
  -1.27210972  -4.21308096
  -1.27953758  -4.21958969
  -1.28689106  -4.22624271
  -1.29597476  -4.23455790
  -1.30195656  -4.23995421
  -1.31283193  -4.24960521
  -1.31656554  -4.25314815
  -1.33036067  -4.26448763
  -1.33132212  -4.26537928
  -1.34543546  -4.27913396
  -1.34639291  -4.28003099
  -1.36130343  -4.29291461
  -1.36301507  -4.29402185
  -1.37583243  -4.30548550
  -1.37962432  -4.30912120
  -1.39075305  -4.31931618
  -1.39629175  -4.32400467
  -1.40565478  -4.33223997
  -1.41319769  -4.33861064
  -1.42094252  -4.34575158
  -1.43006382  -4.35353212
  -1.43543586  -4.35831753
  -1.44657380  -4.36842791
  -1.45048987  -4.37204219
  -1.46326315  -4.38352794
  -1.46509367  -4.38533647
  -1.47965615  -4.39774453
  -1.48061376  -4.39864180
  -1.49495184  -4.41215756
  -1.49590378  -4.41306207
  -1.50986707  -4.42505622
  -1.51349353  -4.42795126
  -1.52464038  -4.43826658
  -1.53008032  -4.44306046
  -1.53949616  -4.45223028
  -1.54587387  -4.45794441
  -1.55425474  -4.46525374
  -1.56287076  -4.47259925
  -1.56913987  -4.47841334
  -1.57912467  -4.48794862
  -1.58394869  -4.49339513
  -1.59171273  -4.50238846
  -1.59884416  -4.51120806
  -1.60343090  -4.51775956
  -1.61371429  -4.53164207
  -1.61456034  -4.53263257
  -1.62502992  -4.54727460
  -1.62874648  -4.55192590
  -1.63640710  -4.56197742
  -1.64349939  -4.57167752
  -1.64713312  -4.57731076
  -1.65802779  -4.59139658
  -1.65886324  -4.59239238
  -1.66874299  -4.60682421
  -1.67324014  -4.61251779
  -1.68052517  -4.62193282
  -1.68806813  -4.63209641
  -1.69168435  -4.63682213
  -1.70193845  -4.65172389
  -1.70274676  -4.65265815
  -1.71334954  -4.66636816
  -1.71784706  -4.67206240
  -1.72450177  -4.68125521
  -1.73262846  -4.69261968
  -1.73537262  -4.69637290
  -1.74587878  -4.71102977
  -1.74758866  -4.71298932
  -1.75709157  -4.72594611
  -1.76238442  -4.73259935
  -1.76818490  -4.74080683
  -1.77718169  -4.75315643
  -1.77906501  -4.75593128
  -1.79020931  -4.77081570
  -1.79191566  -4.77275961
  -1.80079155  -4.78520263
  -1.80697585  -4.79317398
  -1.81221869  -4.80082750
  -1.82164516  -4.81277902
  -1.82363112  -4.81546761
  -1.83452251  -4.83060368
  -1.83648251  -4.83328952
  -1.84521056  -4.84502693
  -1.85162790  -4.85361184
  -1.85621695  -4.86016757
  -1.86651090  -4.87406011
  -1.86735734  -4.87505127
  -1.87853477  -4.88995829
  -1.88133256  -4.89360895
  -1.88922461  -4.90441643
  -1.89629634  -4.91411888
  -1.89993200  -4.91975574
  -1.91084269  -4.93385342
  -1.91167583  -4.93484422
  -1.92220140  -4.94951566
  -1.92576352  -4.95430556
  -1.93304791  -4.96461129
  -1.94080568  -4.97462900
  -1.94450396  -4.97930030
  -1.95502514  -4.99397228
  -1.95589689  -4.99496638
  -1.96619943  -5.00887614
  -1.97060933  -5.01467142
  -1.97707920  -5.02400870
  -1.98540042  -5.03518261
  -1.98821247  -5.03888981
  -1.99937666  -5.05379134
  -2.00045880  -5.05552900
  -2.00995246  -5.06849242
  -2.01514397  -5.07526111
  -2.02139443  -5.08378870
  -2.03026157  -5.09553514
  -2.03284826  -5.09848466
  -2.04309420  -5.11339391
  -2.04481105  -5.11534025
  -2.05441326  -5.12802335
  -2.05999828  -5.13564191
  -2.06542042  -5.14320053
  -2.07485395  -5.15611482
  -2.07656459  -5.15808927
  -2.08711299  -5.17277749
  -2.08987282  -5.17651219
  -2.09813168  -5.18762798
  -2.10454151  -5.19624672
  -2.10913306  -5.20280696
  -2.11943815  -5.21671015
  -2.12028501  -5.21770201
  -2.13169722  -5.23235988
  -2.13451755  -5.23612403
  -2.14220063  -5.24712224
  -2.14940456  -5.25664278
  -2.15316539  -5.26220440
  -2.16381055  -5.27653973
  -2.16463058  -5.27753741
  -2.17516202  -5.29221922
  -2.17880824  -5.29693318
  -2.18632500  -5.30712514
  -2.19387138  -5.31730225
  -2.19749135  -5.32203452
  -2.20844125  -5.33616928
  -2.20928309  -5.33716208
  -2.21918430  -5.35162210
  -2.22358779  -5.35742018
  -2.23006135  -5.36676407
  -2.23825300  -5.37713447
  -2.24184668  -5.38188448
  -2.25238000  -5.39656958
  -2.25323960  -5.39755015
  -2.26294998  -5.41127927
  -2.26827183  -5.41794590
  -2.27471014  -5.42638863
  -2.28313311  -5.43754625
  -2.28588051  -5.44130518
  -2.29704142  -5.45620963
  -2.29810925  -5.45798519
  -2.30727869  -5.47111966
  -2.31263746  -5.47781130
  -2.31844503  -5.48603138
  -2.32767575  -5.49820346
  -2.32961721  -5.50095234
  -2.34078036  -5.51585911
  -2.34247948  -5.51784177
  -2.35122207  -5.53050325
  -2.35759588  -5.53912777
  -2.36217951  -5.54567404
  -2.37228452  -5.55883651
  -2.37335421  -5.56059994
  -2.38490769  -5.57595376
  -2.38692894  -5.57861231
  -2.39520286  -5.58992768
  -2.40248498  -5.59956885
  -2.40685358  -5.60533388
  -2.41718032  -5.61926885
  -2.41802771  -5.62026160
  -2.42854689  -5.63493932
  -2.43213058  -5.63975092
  -2.43941947  -5.65005714
  -2.44676161  -5.65950574
  -2.45060152  -5.66499562
  -2.46155821  -5.67915558
  -2.46240759  -5.68015023
  -2.47294835  -5.69485528
  -2.47649380  -5.69963955
  -2.48379730  -5.70999197
  -2.49131742  -5.72020784
  -2.49501688  -5.72489747
  -2.50553023  -5.73959993
  -2.50639331  -5.74058452
  -2.51670221  -5.75452363
  -2.52120743  -5.76023102
  -2.52787381  -5.76945820
  -2.53601128  -5.78081217
  -2.53878181  -5.78457857
  -2.54993162  -5.79950890
  -2.55102795  -5.80124480
  -2.56069359  -5.81394494
  -2.56620553  -5.82157339
  -2.57163582  -5.82913370
  -2.58087213  -5.84131529
  -2.58280771  -5.84406515
  -2.59333027  -5.85874040
  -2.59612892  -5.86250775
  -2.60446432  -5.87363990
  -2.61058344  -5.88148706
  -2.61604992  -5.88905120
  -2.62550537  -5.90199527
  -2.62657581  -5.90376005
  -2.63774801  -5.91869236
  -2.64046281  -5.92247816
  -2.64870379  -5.93380856
  -2.65510214  -5.94226022
  -2.65983338  -5.94875401
  -2.67012568  -5.96269200
  -2.67100486  -5.96368340
  -2.68181318  -5.97815953
  -2.68538328  -5.98297263
  -2.69271707  -5.99328838
  -2.70003016  -6.00274442
  -2.70388622  -6.00823997
  -2.71483131  -6.02240916
  -2.71568833  -6.02340584
  -2.72622698  -6.03812103
  -2.72977468  -6.04290913
  -2.73719929  -6.05324214
  -2.74445116  -6.06357939
  -2.74807572  -6.06841817
  -2.75882793  -6.08291734
  -2.75965163  -6.08392236
  -2.76849547  -6.09772404
  -2.77415530  -6.11017632
  -2.77504747  -6.11288871
  -2.77830420  -6.12783393
  -2.78018602  -6.14274936
  -2.78159929  -6.15761065
  -2.78391723  -6.17245702
  -2.78533637  -6.18740237
  -2.78678470  -6.20241350
  -2.78860829  -6.21640598
  -2.78914275  -6.21729349
  -2.78961979  -6.23224718
  -2.79147264  -6.24709842
  -2.79239201  -6.26187023
  -2.79204227  -6.27660149
  -2.78829371  -6.28836571
  -2.78735141  -6.29115363
  -2.77667412  -6.30576900
  -2.77395601  -6.30925734
  -2.76366085  -6.32033168
  -2.75902300  -6.32498439
  -2.74881972  -6.33522050
  -2.74413507  -6.33998578
  -2.73407155  -6.35020250
  -2.72934263  -6.35569491
  -2.72006691  -6.36500100
  -2.71450147  -6.37058473
  -2.70522573  -6.37989108
  -2.69962854  -6.38558354
  -2.69047660  -6.39487343
  -2.68491104  -6.40045737
  -2.67647280  -6.40967409
  -2.67006952  -6.41534816
  -2.66163156  -6.42456545
  -2.65513851  -6.43108056
  -2.64679030  -6.43945724
  -2.64027697  -6.44607794
  -2.63208040  -6.45429619
  -2.62538236  -6.46172202
  -2.61708186  -6.46939690
  -2.61061649  -6.47669016
  -2.60319582  -6.48413675
  -2.59577513  -6.49158346
  -2.58835444  -6.49903028
  -2.58093374  -6.50647720
  -2.57351303  -6.51392424
  -2.56609231  -6.52137139
  -2.55867158  -6.52881864
  -2.55135611  -6.53531402
  -2.54042165  -6.54361464
  -2.53672156  -6.54635710
  -2.52194647  -6.55553758
  -2.51729155  -6.55830377
  -2.50705968  -6.56402983
  -2.49232979  -6.57252112
  -2.49135211  -6.57336871
  -2.47748690  -6.58158825
  -2.46618240  -6.58816104
  -2.46251546  -6.59009394
  -2.44768003  -6.59924658
  -2.44107589  -6.60304438
  -2.43284847  -6.60774776
  -2.41797399  -6.61691824
  -2.41612621  -6.61786420
  -2.40316651  -6.62529235
  -2.39008874  -6.63280269
  -2.38825101  -6.63376359
  -2.37351333  -6.64204112
  -2.36402310  -6.64768719
  -2.35854628  -6.65133085
  -2.34378614  -6.65891449
  -2.33905170  -6.66246964
  -2.32881846  -6.66819556
  -2.31408369  -6.67668044
  -2.31311121  -6.67753698
  -2.29924806  -6.68576137
  -2.28882404  -6.69226172
  -2.28419545  -6.69507297
  -2.26944104  -6.70342478
  -2.26283565  -6.70722257
  -2.25460853  -6.71192701
  -2.23993949  -6.71927714
  -2.23524319  -6.72194314
  -2.22514852  -6.72659402
  -2.21046597  -6.73061711
  -2.19551954  -6.73591171
  -2.19181832  -6.73688512
  -2.18073106  -6.74058993
  -2.16579836  -6.74519635
  -2.15089081  -6.74997457
  -2.14623845  -6.75180882
  -2.13610189  -6.75542479
  -2.12133024  -6.75918566
  -2.10630966  -6.76390302
  -2.09807417  -6.76674240
  -2.09151016  -6.76931810
  -2.07663796  -6.77398680
  -2.06187777  -6.77822926
  -2.05338379  -6.78175811
  -2.04696249  -6.78443384
  -2.03227899  -6.78862604
  -2.01760477  -6.79297890
  -2.00469905  -6.79786130
  -2.00268980  -6.79948296
  -1.99154185  -6.81105813
         
