0.000000 0.000000 0.000000
0.970716 3.245853 -6.069337
0.968843 3.239590 -6.061865
0.966973 3.233339 -6.054394
0.964552 3.225242 -6.043183
0.963569 3.221957 -6.039224
0.960428 3.211453 -6.025052
0.960176 3.210612 -6.024050
0.956631 3.198757 -6.009347
0.956036 3.196767 -6.006775
0.953154 3.187130 -5.994409
0.951812 3.182643 -5.988839
0.949421 3.174649 -5.979469
0.947531 3.168329 -5.971113
0.945947 3.163031 -5.964532
0.943321 3.154252 -5.953201
0.942482 3.151445 -5.949592
0.939266 3.140692 -5.934662
0.939009 3.139833 -5.933725
0.935533 3.128208 -5.919725
0.934670 3.125323 -5.916220
0.931982 3.116334 -5.905018
0.930434 3.111158 -5.898312
0.928324 3.104104 -5.889854
0.926226 3.097088 -5.880410
0.924857 3.092510 -5.874917
0.921962 3.082831 -5.862652
0.921193 3.080260 -5.859759
0.917908 3.069276 -5.845056
0.917647 3.068402 -5.844118
0.914437 3.057668 -5.830124
0.913357 3.054058 -5.825495
0.910703 3.045182 -5.815189
0.909130 3.039925 -5.807640
0.907305 3.033820 -5.800027
0.904823 3.025523 -5.790013
0.903757 3.021959 -5.785331
0.900480 3.011002 -5.771562
0.900226 3.010150 -5.770628
0.896817 2.998751 -5.755472
0.896261 2.996893 -5.752729
0.893348 2.987153 -5.740542
0.892003 2.982655 -5.734976
0.889804 2.975304 -5.725843
0.887726 2.968354 -5.717262
0.886142 2.963056 -5.710685
0.883519 2.954286 -5.699362
0.882674 2.951460 -5.695754
0.879387 2.940472 -5.681061
0.879136 2.939632 -5.680128
0.875732 2.928247 -5.665907
0.874980 2.925734 -5.662972
0.872190 2.916404 -5.651210
0.870584 2.911036 -5.644679
0.868526 2.904153 -5.636056
0.866377 2.896966 -5.626769
0.865057 2.892553 -5.621131
0.862170 2.882901 -5.608869
0.861588 2.880954 -5.606202
0.858118 2.869352 -5.591284
0.857852 2.868460 -5.590346
0.854649 2.857752 -5.576362
0.853569 2.854139 -5.571736
0.851106 2.845906 -5.561668
0.849412 2.840239 -5.554673
0.847444 2.833660 -5.546512
0.845030 2.825589 -5.536296
0.843976 2.822065 -5.531597
0.840838 2.811573 -5.517443
0.840573 2.810683 -5.516438
0.837037 2.798861 -5.501750
0.836504 2.797078 -5.499885
0.833380 2.786634 -5.486604
0.832291 2.782992 -5.482007
0.829836 2.774782 -5.471916
0.827952 2.768483 -5.463570
0.826367 2.763183 -5.456996
0.823687 2.754222 -5.445842
0.822713 2.750965 -5.441851
0.819617 2.740613 -5.427391
0.819361 2.739756 -5.426458
0.815886 2.728137 -5.412473
0.815128 2.725602 -5.408609
0.812491 2.716786 -5.397324
0.810824 2.711211 -5.391030
0.808685 2.704058 -5.382640
0.806669 2.697318 -5.373925
0.805103 2.692081 -5.367265
0.802347 2.682867 -5.355409
0.801561 2.680239 -5.352584
0.798353 2.669511 -5.337663
0.798086 2.668620 -5.336731
0.794813 2.657673 -5.322982
0.793809 2.654315 -5.319071
0.791155 2.645443 -5.307838
0.789546 2.640061 -5.301342
0.787509 2.633251 -5.292704
0.785401 2.626203 -5.283315
0.784031 2.621621 -5.277782
0.781011 2.611523 -5.264995
0.780490 2.609780 -5.263102
0.777209 2.598810 -5.248420
0.776731 2.597213 -5.246409
0.773560 2.586610 -5.233286
0.772531 2.583169 -5.228533
0.770090 2.575005 -5.218371
0.768207 2.568709 -5.210030
0.766356 2.562519 -5.203459
0.763877 2.554230 -5.192506
0.762893 2.550941 -5.188554
0.759757 2.540455 -5.174411
0.759482 2.539534 -5.173405
0.756224 2.528641 -5.158736
0.755473 2.526130 -5.155804
0.752489 2.516151 -5.143825
0.751145 2.511657 -5.138267
0.749025 2.504568 -5.128919
0.746943 2.497606 -5.120389
0.745294 2.492094 -5.114013
0.742610 2.483119 -5.101951
0.741907 2.480768 -5.098879
0.738616 2.469765 -5.084196
0.738350 2.468874 -5.083264
0.734896 2.457324 -5.069296
0.734080 2.454595 -5.065615
0.731425 2.445720 -5.054388
0.729817 2.440340 -5.047895
0.727884 2.433879 -5.039713
0.725547 2.426065 -5.029300
0.724420 2.422295 -5.024809
0.721284 2.411810 -5.011588
0.720954 2.410707 -5.009906
0.717487 2.399114 -4.995004
0.717014 2.397533 -4.992998
0.713835 2.386900 -4.979873
0.712755 2.383291 -4.975254
0.710291 2.375052 -4.965199
0.708490 2.369028 -4.957573
0.706643 2.362854 -4.950073
0.704225 2.354767 -4.938950
0.703180 2.351273 -4.935173
0.700045 2.340792 -4.921038
0.699763 2.339848 -4.920033
0.696250 2.328103 -4.905374
0.695760 2.326463 -4.903399
0.692777 2.316488 -4.890467
0.691433 2.311996 -4.884913
0.689057 2.304050 -4.875577
0.687231 2.297945 -4.867096
0.685588 2.292449 -4.860673
0.682970 2.283695 -4.849371
0.681935 2.280235 -4.845546
0.678840 2.269887 -4.831104
0.678576 2.269004 -4.830173
0.675193 2.257693 -4.815980
0.674443 2.255183 -4.813051
0.671532 2.245449 -4.800849
0.670180 2.240931 -4.795320
0.668004 2.233653 -4.786191
0.665915 2.226668 -4.776770
0.664605 2.222287 -4.771058
0.661654 2.212419 -4.759016
0.660884 2.209846 -4.756167
0.657589 2.198827 -4.741495
0.657322 2.197936 -4.740564
0.653953 2.186669 -4.726376
0.653127 2.183909 -4.722729
0.650479 2.175055 -4.711478
0.648798 2.169432 -4.704287
0.646947 2.163243 -4.696817
0.644536 2.155182 -4.686616
0.643480 2.151650 -4.681923
0.640273 2.140927 -4.668922
0.639763 2.139223 -4.667038
0.636340 2.127777 -4.651903
0.636074 2.126886 -4.650973
0.632901 2.116278 -4.637018
0.631814 2.112642 -4.632430
0.629368 2.104463 -4.622359
0.627552 2.098391 -4.614778
0.625723 2.092275 -4.607244
0.623290 2.084140 -4.596174
0.622440 2.081299 -4.592578
0.619024 2.069874 -4.578381
0.618771 2.069030 -4.577485
