# shadow point cont 2D ind 95  size 1151
# norm  0.7343225 -0.6788007  0.0000000
# angle  0.7461283
   3.22946833  -6.83849896
   3.24427854  -6.83533094
   3.25906251  -6.83149719
   3.26831850  -6.82863250
   3.27391318  -6.82683078
   3.28890601  -6.82235850
   3.30362292  -6.81844386
   3.31837819  -6.81426670
   3.31934246  -6.81344876
   3.33353336  -6.80845398
   3.34841058  -6.80475283
   3.36303565  -6.80069433
   3.36771106  -6.79891270
   3.37804450  -6.79532064
   3.39293116  -6.79134374
   3.40771466  -6.78758320
   3.41796836  -6.78402208
   3.42267475  -6.78235187
   3.43756233  -6.77837564
   3.45254865  -6.77418180
   3.46718419  -6.77002608
   3.46907698  -6.76919810
   3.48218312  -6.76475104
   3.49707195  -6.76077572
   3.51181382  -6.75638303
   3.51822407  -6.75428402
   3.52682689  -6.75150993
   3.54169357  -6.74715251
   3.55658384  -6.74317877
   3.56854604  -6.73965435
   3.57131633  -6.73867622
   3.58619266  -6.73311041
   3.60088448  -6.72679672
   3.60369379  -6.72501700
   3.61589428  -6.71771071
   3.62894595  -6.71035871
   3.63077631  -6.70937937
   3.64573505  -6.70029601
   3.65392788  -6.69545133
   3.66050780  -6.69168057
   3.67539392  -6.68332804
   3.68006586  -6.68061105
   3.69044977  -6.67437198
   3.70494449  -6.66631678
   3.70595810  -6.66553087
   3.72012146  -6.65740996
   3.73127544  -6.65106026
   3.73511605  -6.64847527
   3.74989671  -6.63993794
   3.75623915  -6.63617025
   3.76460923  -6.63126208
   3.77961020  -6.62302083
   3.78317272  -6.62110477
   3.79455229  -6.61395645
   3.80828022  -6.60623641
   3.80928932  -6.60543570
   3.82407894  -6.59685912
   3.83346758  -6.59143137
   3.83916871  -6.58793384
   3.85376339  -6.58008478
   3.85933965  -6.57648192
   3.86891291  -6.57027537
   3.88183688  -6.56204634
   3.88377107  -6.56027626
   3.89778263  -6.54741133
   3.89871132  -6.54648042
   3.91264165  -6.53251685
   3.91357034  -6.53158596
   3.92726676  -6.51738960
   3.92819546  -6.51645874
   3.94212584  -6.50249597
   3.94305454  -6.50156514
   3.95628838  -6.48783359
   3.95814578  -6.48597197
   3.97095305  -6.47269366
   3.97308060  -6.47019473
   3.98507616  -6.45804606
   3.98786226  -6.45525379
   3.99923874  -6.44338493
   4.00287713  -6.43960489
   4.01384761  -6.42827432
   4.01749056  -6.42448512
   4.02848937  -6.41313586
   4.03220419  -6.40941316
   4.04265202  -6.39847597
   4.04729556  -6.39382272
   4.05681469  -6.38381649
   4.06228652  -6.37815253
   4.07144014  -6.36869338
   4.07701241  -6.36310979
   4.08626735  -6.35383126
   4.09187061  -6.34734381
   4.09929783  -6.33891001
   4.10638529  -6.32683652
   4.10803391  -6.32408064
   4.11162150  -6.30949266
   4.11303205  -6.29466871
   4.11434168  -6.27985468
   4.11441068  -6.26478886
   4.11528030  -6.24992106
   4.11527218  -6.23495316
   4.11523773  -6.22003473
   4.11610755  -6.20516606
   4.11653700  -6.19027527
   4.11699601  -6.17528673
   4.11696184  -6.16036995
   4.11692776  -6.14545358
   4.11689375  -6.13053763
   4.11154245  -6.11493863
   4.10798809  -6.11014792
   4.10055671  -6.09972384
   4.09285893  -6.09047363
   4.08754564  -6.08480646
   4.07800634  -6.07270379
   4.07528663  -6.06980745
   4.06361817  -6.05536621
   4.06274740  -6.05438384
   4.05018284  -6.03996156
   4.04842614  -6.03800604
   4.03736847  -6.02475387
   4.03350193  -6.02020442
   4.02485019  -6.01003230
   4.01838624  -6.00265793
   4.01193288  -5.99514120
   4.00335658  -5.98496659
   3.99884499  -5.98018982
   3.98854405  -5.96728563
   3.98669538  -5.96524562
   3.97434839  -5.95055787
   3.97345461  -5.94959137
   3.96135660  -5.93566080
   3.95878332  -5.93269249
   3.94865246  -5.92017328
   3.94400506  -5.91472846
   3.93628371  -5.90549104
   3.92890960  -5.89717393
   3.92334313  -5.89059463
   3.91388087  -5.87948874
   3.91026873  -5.87565219
   3.89880046  -5.86192815
   3.89791919  -5.86096911
   3.88488746  -5.84604878
   3.88378415  -5.84431988
   3.87276265  -5.83111596
   3.86924524  -5.82721190
   3.85985595  -5.81590694
   3.85452251  -5.81021153
   3.84695618  -5.80103404
   3.83946003  -5.79171865
   3.83399587  -5.78581699
   3.82440739  -5.77498220
   3.82150915  -5.77140546
   3.80960701  -5.75721018
   3.80866064  -5.75621372
   3.79565114  -5.74130096
   3.79475491  -5.74033717
   3.78329577  -5.72662226
   3.77955048  -5.72197282
   3.77124664  -5.71175387
   3.76485169  -5.70404954
   3.75828763  -5.69649587
   3.74977266  -5.68649118
   3.74539687  -5.68163474
   3.73524460  -5.66934996
   3.73251615  -5.66643623
   3.72084681  -5.65199198
   3.71995363  -5.65102628
   3.70782296  -5.63708199
   3.70518606  -5.63415548
   3.69493802  -5.62188340
   3.69027725  -5.61639607
   3.68206112  -5.60703545
   3.67566647  -5.59939076
   3.66978719  -5.59204286
   3.66037310  -5.58108775
   3.65681633  -5.57714719
   3.64558262  -5.56416743
   3.64381202  -5.56224400
   3.63141909  -5.54754842
   3.63052612  -5.54658298
   3.61841908  -5.53266169
   3.61562403  -5.52893297
   3.60645263  -5.51745065
   3.60110439  -5.51175744
   3.59341508  -5.50253320
   3.58601864  -5.49422077
   3.58046179  -5.48764947
   3.57101412  -5.47655655
   3.56745898  -5.47275158
   3.55621637  -5.45879678
   3.55528178  -5.45780317
   3.54227440  -5.44290098
   3.54137875  -5.44193794
   3.52991997  -5.42823196
   3.52617726  -5.42358606
   3.51705820  -5.41304402
   3.51147411  -5.40661761
   3.50413475  -5.39818111
   3.49648460  -5.38895592
   3.49176066  -5.38351109
   3.48164594  -5.37121728
   3.47893829  -5.36832786
   3.46725207  -5.35389442
   3.46636264  -5.35292435
   3.45384771  -5.33853132
   3.45209091  -5.33658181
   3.44164576  -5.32357665
   3.43685921  -5.31815298
   3.42846757  -5.30898414
   3.42211349  -5.30129943
   3.41566634  -5.29379560
   3.40712501  -5.28364386
   3.40327918  -5.27910639
   3.39204311  -5.26611926
   3.39026131  -5.26421156
   3.37814995  -5.24929554
   3.37702705  -5.24759711
   3.36514314  -5.23441608
   3.36257391  -5.23145319
   3.35321801  -5.21922204
   3.34775617  -5.21273749
   3.34119606  -5.20435525
   3.33274270  -5.19500072
   3.32722540  -5.18944103
   3.31778801  -5.17835701
   3.31418130  -5.17452752
   3.30272113  -5.16082627
   3.30182927  -5.15986223
   3.28879576  -5.14495221
   3.28793707  -5.14399420
   3.27669194  -5.13004424
   3.27319737  -5.12616880
   3.26388017  -5.11489213
   3.25851170  -5.10920201
   3.25085367  -5.09998954
   3.24343441  -5.09168189
   3.23788671  -5.08511794
   3.22822134  -5.07331172
   3.22551686  -5.07044033
   3.21365758  -5.05629266
   3.21273878  -5.05530251
   3.20041332  -5.04067258
   3.19847740  -5.03793539
   3.18781755  -5.02525550
   3.18428726  -5.02146795
   3.17479336  -5.01035605
   3.16885306  -5.00329685
   3.16224460  -4.99593638
   3.15398954  -4.98652215
   3.14922238  -4.98104063
   3.13915722  -4.96879969
   3.13713173  -4.96615099
   3.12479156  -4.95146365
   3.12388142  -4.95052339
   3.11137039  -4.93614283
   3.10938695  -4.93344996
   3.09921144  -4.92120643
   3.09474835  -4.91645518
   3.08618988  -4.90631056
   3.07943866  -4.89821164
   3.07322409  -4.89145059
   3.06470180  -4.88131044
   3.06085285  -4.87677171
   3.04988547  -4.86358416
   3.04808520  -4.86164463
   3.03574531  -4.84700528
   3.03485082  -4.84602946
   3.02271357  -4.83207347
   3.01986328  -4.82844322
   3.00992625  -4.81694865
   3.00533607  -4.81140792
   2.99713929  -4.80182434
   2.99039984  -4.79375341
   2.98485858  -4.78719450
   2.97543437  -4.77612163
   2.97183038  -4.77229576
   2.96037362  -4.75860624
   2.95948204  -4.75764265
   2.94672841  -4.74252067
   2.94560353  -4.74082878
   2.93437230  -4.72783772
   2.93063679  -4.72323395
   2.92158744  -4.71271634
   2.91596851  -4.70629632
   2.90862082  -4.69786977
   2.90115179  -4.68858129
   2.89578676  -4.68270698
   2.88593739  -4.67117235
   2.88323489  -4.66830361
   2.87180081  -4.65365720
   2.87091669  -4.65268953
   2.85904645  -4.63857518
   2.85632260  -4.63568547
   2.84511914  -4.62362428
   2.84146323  -4.61896282
   2.83326545  -4.60850749
   2.82672805  -4.60114765
   2.81963053  -4.59342562
   2.81200821  -4.58424449
   2.80726249  -4.57876042
   2.79670755  -4.56602516
   2.79491429  -4.56410681
   2.78282271  -4.54923739
   2.78193649  -4.54826379
   2.76982369  -4.53431842
   2.76717873  -4.53143233
   2.75707566  -4.51924069
   2.75256077  -4.51445429
   2.74333445  -4.50408731
   2.73775852  -4.49850550
   2.72751505  -4.48895452
   2.72290629  -4.48533173
   2.70904543  -4.47406001
   2.70807095  -4.47318633
   2.69316055  -4.46114649
   2.69047816  -4.45917251
   2.67838436  -4.44900769
   2.67353414  -4.44450866
   2.66347086  -4.43693447
   2.65419288  -4.42939781
   2.64864536  -4.42482106
   2.63659782  -4.41443813
   2.63364352  -4.41187039
   2.61878091  -4.40070483
   2.61783579  -4.39985658
   2.60391811  -4.38861061
   2.59927490  -4.38497623
   2.58913525  -4.37647081
   2.58159209  -4.37008398
   2.57431718  -4.36435534
   2.56294937  -4.35501306
   2.55940397  -4.35228778
   2.54535935  -4.34031565
   2.54438209  -4.33944714
   2.52970413  -4.32809040
   2.52604172  -4.32520661
   2.51503208  -4.31666464
   2.50748857  -4.31032578
   2.49999604  -4.30389965
   2.48971933  -4.29544568
   2.48509788  -4.29182786
   2.47199037  -4.28078865
   2.47026898  -4.27968816
   2.45536383  -4.26765415
   2.45338477  -4.26590115
   2.44060135  -4.25644388
   2.43413150  -4.25080372
   2.42591011  -4.24410919
   2.41641456  -4.23591985
   2.41073116  -4.23141861
   2.39845776  -4.22152788
   2.39580012  -4.21948709
   2.38101482  -4.20724055
   2.38003043  -4.20638507
   2.36606086  -4.19533885
   2.36150391  -4.19152083
   2.35137284  -4.18301894
   2.34308679  -4.17640773
   2.33649605  -4.17094227
   2.32532429  -4.16178480
   2.32165215  -4.15884716
   2.30742632  -4.14708414
   2.30645604  -4.14624024
   2.29175567  -4.13491562
   2.28887158  -4.13224162
   2.27717213  -4.12346966
   2.26975212  -4.11690484
   2.26249011  -4.11114007
   2.25121953  -4.10181338
   2.24737076  -4.09841517
   2.23406001  -4.08755028
   2.23213341  -4.08586848
   2.21745316  -4.07450633
   2.21477190  -4.07250578
   2.20288184  -4.06304790
   2.19633264  -4.05740377
   2.18782239  -4.05027456
   2.17871559  -4.04253163
   2.17303401  -4.03803246
   2.15999663  -4.02788716
   2.15804927  -4.02614163
   2.14315041  -4.01411477
   2.14217675  -4.01324203
   2.12836643  -4.00197016
   2.12381091  -3.99815381
   2.11362134  -3.98969930
   2.10527138  -3.98330037
   2.09881760  -3.97758376
   2.08763250  -3.96843052
   2.08391667  -3.96553468
   2.06960305  -3.95397297
   2.06861216  -3.95311051
   2.05431535  -3.94223449
   2.05045194  -3.93866055
   2.03958491  -3.93085012
   2.03019160  -3.92356394
   2.02460261  -3.91976440
   2.00988381  -3.91040197
   2.00786928  -3.90869189
   1.99501032  -3.90018822
   1.98567841  -3.89361969
   1.98011945  -3.88998436
   1.96546288  -3.88037984
   1.96341885  -3.87874520
   1.95039966  -3.87047786
   1.94185346  -3.86430349
   1.93550801  -3.86028040
   1.92056377  -3.85028872
   1.91877491  -3.84920991
   1.90613610  -3.84133286
   1.89658828  -3.83413933
   1.89096383  -3.83054173
   1.87601832  -3.82055118
   1.87423083  -3.81947224
   1.86131062  -3.81100156
   1.85200177  -3.80460528
   1.84642168  -3.80080524
   1.83147489  -3.79081581
   1.83047386  -3.78995141
   1.81676913  -3.78126667
   1.80745941  -3.77487106
   1.80188153  -3.77107092
   1.78693345  -3.76108258
   1.78593375  -3.76021803
   1.77222961  -3.75153393
   1.76291902  -3.74513897
   1.75734334  -3.74133872
   1.74239396  -3.73135147
   1.74061055  -3.73027214
   1.72769203  -3.72180330
   1.71913167  -3.71562489
   1.71280708  -3.71160864
   1.69785639  -3.70162246
   1.69687285  -3.70076795
   1.68315635  -3.69207476
   1.67384400  -3.68568109
   1.66827270  -3.68188065
   1.65332069  -3.67189551
   1.65233720  -3.67104106
   1.63847591  -3.66260567
   1.62930930  -3.65595524
   1.62374017  -3.65215472
   1.60878683  -3.64217061
   1.60780339  -3.64131622
   1.59409054  -3.63262386
   1.58552686  -3.62644376
   1.57900093  -3.62183626
   1.56425478  -3.61244773
   1.56327138  -3.61159339
   1.54956034  -3.60290146
   1.54099702  -3.59672176
   1.53447201  -3.59211442
   1.51972450  -3.58272685
   1.51874114  -3.58187256
   1.50503190  -3.57318104
   1.49646893  -3.56700175
   1.48994484  -3.56239456
   1.47528976  -3.55371716
   1.47248090  -3.55192736
   1.46055001  -3.54506096
   1.44646521  -3.53707022
   1.44544776  -3.53631026
   1.43094069  -3.52923681
   1.41788212  -3.52183994
   1.41602702  -3.52091106
   1.40127041  -3.51344232
   1.39172549  -3.50735090
   1.38616029  -3.50456436
   1.37145594  -3.49702125
   1.36404256  -3.49228643
   1.35666534  -3.48840432
   1.34189604  -3.48094125
   1.33620596  -3.47743036
   1.32679991  -3.47205902
   1.31203894  -3.46455610
   1.30837404  -3.46257370
   1.29730605  -3.45682818
   1.28241250  -3.44873023
   1.28054492  -3.44771691
   1.26744187  -3.44048424
   1.25354246  -3.43305322
   1.25252517  -3.43229346
   1.23801763  -3.42522266
   1.22496528  -3.41782645
   1.22311042  -3.41689783
   1.20840002  -3.40941590
   1.19816458  -3.40292806
   1.19337457  -3.40022037
   1.17853529  -3.39301675
   1.17112854  -3.38828220
   1.16375666  -3.38439985
   1.14878520  -3.37636192
   1.14411460  -3.37362712
   1.13408055  -3.36861573
   1.11933439  -3.36114645
   1.11464769  -3.35838175
   1.10440499  -3.35283223
   1.08950334  -3.34473849
   1.08764361  -3.34372410
   1.07454462  -3.33649260
   1.06145270  -3.32931699
   1.05962773  -3.32830459
   1.04491993  -3.32065813
   1.03290785  -3.31402658
   1.03003323  -3.31235565
   1.01538153  -3.30548550
   1.00134855  -3.29884147
   1.00033954  -3.29824078
   0.98554300  -3.29559972
   0.97055154  -3.29433992
   0.95571380  -3.29455785
   0.94087662  -3.29433039
   0.92603924  -3.29432573
   0.91120190  -3.29432115
   0.89636462  -3.29431664
   0.88152738  -3.29431220
   0.86679183  -3.29422302
   0.85185311  -3.29360933
   0.83701601  -3.29360668
   0.82217895  -3.29360410
   0.80734193  -3.29360159
   0.79250495  -3.29359915
   0.77766836  -3.29335531
   0.76283112  -3.29359450
   0.74799463  -3.29334770
   0.73315782  -3.29334401
   0.71832104  -3.29334039
   0.70348431  -3.29333684
   0.68864761  -3.29333337
   0.67381094  -3.29332997
   0.65897431  -3.29332665
   0.64413772  -3.29332340
   0.62930115  -3.29332022
   0.61446462  -3.29331712
   0.59962856  -3.29285016
   0.58488940  -3.29323977
   0.56995521  -3.29264333
   0.55511925  -3.29237756
   0.54028239  -3.29264084
   0.52544602  -3.29263970
   0.51061017  -3.29236959
   0.49577386  -3.29236708
   0.48093757  -3.29236464
   0.46610130  -3.29236228
   0.45126506  -3.29236000
   0.43642884  -3.29235778
   0.42159263  -3.29235564
   0.40675645  -3.29235358
   0.39198761  -3.29181456
   0.37708466  -3.29142178
   0.36224853  -3.29141994
   0.34741242  -3.29141817
   0.33257632  -3.29141647
   0.31774023  -3.29141485
   0.30290416  -3.29141331
   0.28806810  -3.29141184
   0.27323205  -3.29141044
   0.25839601  -3.29140911
   0.24355997  -3.29140786
   0.22872395  -3.29140669
   0.21388793  -3.29140558
   0.19905192  -3.29140455
   0.18421655  -3.29093966
   0.16937992  -3.29140272
   0.15454457  -3.29093797
   0.13970858  -3.29093724
   0.12493652  -3.29086347
   0.11003655  -3.29047205
   0.09520056  -3.29047154
   0.08036457  -3.29047111
   0.06552858  -3.29047074
   0.05069259  -3.29047045
   0.03585660  -3.29047024
   0.02102060  -3.29047010
   0.00618459  -3.29047003
  -0.00865142  -3.29047004
  -0.02348671  -3.29000618
  -0.03832346  -3.29047028
  -0.05315876  -3.29000656
  -0.06799554  -3.29047081
  -0.08283084  -3.29000724
  -0.09760535  -3.28993447
  -0.11250307  -3.28954428
  -0.12733916  -3.28954488
  -0.14217527  -3.28954555
  -0.15701138  -3.28954630
  -0.17192758  -3.28962923
  -0.18662296  -3.28993864
  -0.20151984  -3.28954898
  -0.21635602  -3.28955003
  -0.23110320  -3.28947959
  -0.24614147  -3.28909709
  -0.26086387  -3.28908965
  -0.27570098  -3.28955494
  -0.29053642  -3.28909240
  -0.30531340  -3.28902047
  -0.32020920  -3.28863151
  -0.33504557  -3.28863314
  -0.34988196  -3.28863485
  -0.36471838  -3.28863663
  -0.37955482  -3.28863849
  -0.39439130  -3.28864042
  -0.40922781  -3.28864242
  -0.42406434  -3.28864450
  -0.43890000  -3.28818269
  -0.45373752  -3.28864888
  -0.46848766  -3.28857933
  -0.48341005  -3.28772566
  -0.49824675  -3.28772811
  -0.51308349  -3.28773063
  -0.52792027  -3.28773322
  -0.54275709  -3.28773589
  -0.55759394  -3.28773863
  -0.57243084  -3.28774145
  -0.58726777  -3.28774434
  -0.60210475  -3.28774730
  -0.61694177  -3.28775034
  -0.63177784  -3.28728949
  -0.64653135  -3.28768451
  -0.66152706  -3.28691407
  -0.67623391  -3.28722532
  -0.69112671  -3.28683874
  -0.70596400  -3.28684222
  -0.72080134  -3.28684578
  -0.73563873  -3.28684940
  -0.75047618  -3.28685311
  -0.76531367  -3.28685688
  -0.78015015  -3.28639676
  -0.79498774  -3.28640068
  -0.80982647  -3.28686866
  -0.82466309  -3.28640875
  -0.83950085  -3.28641290
  -0.85433867  -3.28641711
  -0.86861664  -3.28608029
  -0.88425765  -3.28574561
  -0.89876359  -3.28631478
  -0.91369100  -3.28545007
  -0.92852912  -3.28545603
  -0.94336730  -3.28546207
  -0.95831353  -3.28519224
  -0.97279117  -3.28620526
  -0.98788105  -3.28506656
  -1.00286221  -3.28566173
  -1.01782306  -3.28767965
  -1.03295357  -3.29132506
  -1.04730068  -3.29733271
  -1.04837967  -3.29796016
  -1.06292548  -3.30598685
  -1.07591350  -3.31249064
  -1.07776894  -3.31341977
  -1.09291029  -3.32118838
  -1.10412216  -3.32684444
  -1.10808918  -3.32917225
  -1.12230105  -3.33664779
  -1.13187585  -3.34163028
  -1.13775454  -3.34472477
  -1.15228722  -3.35278048
  -1.16048640  -3.35679799
  -1.16713145  -3.36021470
  -1.18168002  -3.36823964
  -1.18832062  -3.37166554
  -1.19726933  -3.37648800
  -1.21137050  -3.38403654
  -1.21615543  -3.38653367
  -1.22668642  -3.39254912
  -1.24105291  -3.39962799
  -1.24483175  -3.40133290
  -1.25639638  -3.40764751
  -1.27075351  -3.41563231
  -1.27182685  -3.41627169
  -1.28589697  -3.42364301
  -1.30023547  -3.43092134
  -1.30125680  -3.43166462
  -1.31558865  -3.43944309
  -1.32825636  -3.44620623
  -1.33013681  -3.44708163
  -1.34528038  -3.45500877
  -1.35648725  -3.46066869
  -1.36012811  -3.46265476
  -1.37468099  -3.47139563
  -1.38477694  -3.47626508
  -1.38952797  -3.47883192
  -1.40437178  -3.48699007
  -1.41273974  -3.49067096
  -1.41945435  -3.49438848
  -1.43407091  -3.50207032
  -1.43993219  -3.50520396
  -1.44940859  -3.51056674
  -1.46376743  -3.51787296
  -1.46855155  -3.52037468
  -1.47907788  -3.52639868
  -1.49375165  -3.53429051
  -1.49556249  -3.53529907
  -1.50891422  -3.54323939
  -1.51927350  -3.54980253
  -1.52370944  -3.55287678
  -1.53801958  -3.56171835
  -1.54300355  -3.56482832
  -1.55367760  -3.57186803
  -1.56619965  -3.57983395
  -1.56799116  -3.58087119
  -1.58282908  -3.59025380
  -1.58953292  -3.59457225
  -1.59776367  -3.60039343
  -1.61181214  -3.60930797
  -1.61287880  -3.61000104
  -1.62738232  -3.61907309
  -1.63514142  -3.62411937
  -1.64242925  -3.62910371
  -1.65711133  -3.63840868
  -1.65892284  -3.63941682
  -1.67193758  -3.64789439
  -1.68222980  -3.65437590
  -1.68709807  -3.65775545
  -1.70140113  -3.66682745
  -1.70524365  -3.66940200
  -1.71652499  -3.67649718
  -1.72886860  -3.68379213
  -1.73165349  -3.68565182
  -1.74620028  -3.69531517
  -1.75258907  -3.69920922
  -1.76126292  -3.70513430
  -1.77518000  -3.71362381
  -1.77623153  -3.71436072
  -1.79076108  -3.72414191
  -1.79818791  -3.72879175
  -1.80615213  -3.73365921
  -1.82047494  -3.74270885
  -1.82225875  -3.74375702
  -1.83532298  -3.75204181
  -1.84485267  -3.75816020
  -1.85048006  -3.76190994
  -1.86504889  -3.77148574
  -1.86789781  -3.77324020
  -1.87988808  -3.78087270
  -1.89119149  -3.78805510
  -1.89507241  -3.79057893
  -1.90938562  -3.79969549
  -1.91433595  -3.80287075
  -1.92464133  -3.80951555
  -1.93752969  -3.81805239
  -1.93928999  -3.81912718
  -1.95395965  -3.82852281
  -1.96072407  -3.83270507
  -1.96932657  -3.83824130
  -1.98367311  -3.84717008
  -1.98468649  -3.84795554
  -1.99873844  -3.85714617
  -2.00721573  -3.86253629
  -2.01371112  -3.86648353
  -2.02824272  -3.87607198
  -2.03106083  -3.87788033
  -2.04331176  -3.88598495
  -2.05359898  -3.89247377
  -2.05850299  -3.89588902
  -2.07282620  -3.90487183
  -2.07746973  -3.90766255
  -2.08788861  -3.91482399
  -2.09923041  -3.92215827
  -2.10299393  -3.92488136
  -2.11756275  -3.93557362
  -2.11953261  -3.93728493
  -2.13267556  -3.94733211
  -2.13842172  -3.95175315
  -2.14775469  -3.95923946
  -2.15704292  -3.96668197
  -2.16230589  -3.97067419
  -2.17645428  -3.98182656
  -2.17742251  -3.98271268
  -2.19186930  -3.99421035
  -2.19556792  -3.99702341
  -2.20698522  -4.00594327
  -2.21441626  -4.01152603
  -2.22200091  -4.01790486
  -2.23300769  -4.02652977
  -2.23664755  -4.02941186
  -2.25130753  -4.04078434
  -2.25228219  -4.04165785
  -2.26621616  -4.05273847
  -2.27093573  -4.05635910
  -2.28125800  -4.06471676
  -2.28954892  -4.07131646
  -2.29624781  -4.07658690
  -2.30903310  -4.08628863
  -2.31072671  -4.08741052
  -2.32567172  -4.09929237
  -2.32764217  -4.10100434
  -2.34076251  -4.11109061
  -2.34650664  -4.11551832
  -2.35576244  -4.12320380
  -2.36549129  -4.13091488
  -2.37047430  -4.13448542
  -2.38436997  -4.14564850
  -2.38534954  -4.14651457
  -2.39999797  -4.15795274
  -2.40369764  -4.16076695
  -2.41506234  -4.16985792
  -2.42238260  -4.17558137
  -2.43010681  -4.18169546
  -2.44114326  -4.19028584
  -2.44476367  -4.19315142
  -2.45950267  -4.20439258
  -2.46049264  -4.20524026
  -2.47454801  -4.21636143
  -2.47919498  -4.22008409
  -2.48940942  -4.22848823
  -2.49770280  -4.23509063
  -2.50438038  -4.24039759
  -2.51645770  -4.24983923
  -2.51911427  -4.25185393
  -2.53384138  -4.26307741
  -2.53581246  -4.26479008
  -2.54884769  -4.27514395
  -2.55437881  -4.27985070
  -2.56362731  -4.28713696
  -2.57399784  -4.29454672
  -2.57865200  -4.29828590
  -2.59249712  -4.30963597
  -2.59345571  -4.31053378
  -2.60822850  -4.32164240
  -2.61120666  -4.32417116
  -2.62325416  -4.33367314
  -2.63057666  -4.33939900
  -2.63827811  -4.34555014
  -2.64934149  -4.35410988
  -2.65320556  -4.35760866
  -2.66765752  -4.36837577
  -2.66937996  -4.36947723
  -2.68275925  -4.38019630
  -2.68740767  -4.38392054
  -2.69762436  -4.39232833
  -2.70592034  -4.39893353
  -2.71260357  -4.40424229
  -2.72540944  -4.41391896
  -2.72733507  -4.41570433
  -2.74201678  -4.42707248
  -2.74395972  -4.42883328
  -2.75699844  -4.43889485
  -2.76276771  -4.44327498
  -2.77219514  -4.45073802
  -2.78149334  -4.45818794
  -2.78713630  -4.46279340
  -2.80005229  -4.47310205
  -2.80204437  -4.47479508
  -2.81654255  -4.48658461
  -2.81844489  -4.48840054
  -2.83153269  -4.50251611
  -2.83241218  -4.50348848
  -2.84381134  -4.51815388
  -2.84650481  -4.52110578
  -2.85521534  -4.53307088
  -2.86163156  -4.54135444
  -2.86712633  -4.54794224
  -2.87638877  -4.55915972
  -2.87923727  -4.56283805
  -2.89049384  -4.57774061
  -2.89134116  -4.57873196
  -2.90246298  -4.59262787
  -2.90623323  -4.59723027
  -2.91476366  -4.60754668
  -2.92109845  -4.61596453
  -2.92645829  -4.62264932
  -2.93591696  -4.63460729
  -2.93852315  -4.63754610
  -2.94977128  -4.65244703
  -2.95060804  -4.65344373
  -2.96113234  -4.66711414
  -2.96572876  -4.67274659
  -2.97317434  -4.68205834
  -2.98058594  -4.69144018
  -2.98509047  -4.69713892
  -2.99544642  -4.71007198
  -2.99653538  -4.71181305
  -3.00835982  -4.72693778
  -3.01028875  -4.72961848
  -3.01980328  -4.74139519
  -3.02552507  -4.74799512
  -3.03209787  -4.75633154
  -3.04024007  -4.76686540
  -3.04378589  -4.77164388
  -3.05489518  -4.78557055
  -3.05577510  -4.78654352
  -3.06718523  -4.80121852
  -3.07009438  -4.80486727
  -3.07876999  -4.81590048
  -3.08498801  -4.82357547
  -3.09057437  -4.83102669
  -3.09977213  -4.84224740
  -3.10262213  -4.84592792
  -3.11387482  -4.86083655
  -3.11472256  -4.86182851
  -3.12586445  -4.87573649
  -3.12961738  -4.88041085
  -3.13797804  -4.89090843
  -3.14420133  -4.89930716
  -3.14956397  -4.90599599
  -3.15922553  -4.91778284
  -3.16123442  -4.92045416
  -3.17311839  -4.93558607
  -3.17419785  -4.93730589
  -3.18456053  -4.95026696
  -3.18915937  -4.95590287
  -3.19596302  -4.96499271
  -3.20387861  -4.97474597
  -3.20825808  -4.98052629
  -3.21861977  -4.99346449
  -3.21970087  -4.99521596
  -3.23180658  -5.01012548
  -3.23374778  -5.01281053
  -3.24328072  -5.02481146
  -3.24864465  -5.03150215
  -3.25508987  -5.03994458
  -3.26317923  -5.05040640
  -3.26688412  -5.05508218
  -3.27837637  -5.06879699
  -3.27925674  -5.06977058
  -3.29001683  -5.08422505
  -3.29357744  -5.08816468
  -3.30204274  -5.09937573
  -3.30827703  -5.10693578
  -3.31400667  -5.11427818
  -3.32311409  -5.12567215
  -3.32588877  -5.12941494
  -3.33709159  -5.14432733
  -3.33792911  -5.14532512
  -3.34913343  -5.15924522
  -3.35290117  -5.16384589
  -3.36073848  -5.17377136
  -3.36807389  -5.18322656
  -3.37269652  -5.18884858
  -3.38290371  -5.20199625
  -3.38459025  -5.20398672
  -3.39601987  -5.21867954
  -3.39774537  -5.22062806
  -3.40796122  -5.23382288
  -3.41250096  -5.23937841
  -3.42013190  -5.24854890
  -3.42742484  -5.25808664
  -3.43180683  -5.26387065
  -3.44218317  -5.27682033
  -3.44326496  -5.27857288
  -3.45474534  -5.29326785
  -3.45732031  -5.29622105
  -3.46661292  -5.30840805
  -3.47202753  -5.31501423
  -3.47863854  -5.32333557
  -3.48726044  -5.33434275
  -3.49075947  -5.33825527
  -3.50176270  -5.35239890
  -3.50261125  -5.35339198
  -3.51404152  -5.36810058
  -3.51690416  -5.37179363
  -3.52538372  -5.38281445
  -3.53201911  -5.39124012
  -3.53738701  -5.39793648
  -3.54655200  -5.40922715
  -3.54945285  -5.41286972
  -3.56071653  -5.42777918
  -3.56155453  -5.42877764
  -3.57277923  -5.44271142
  -3.57650765  -5.44737537
  -3.58419326  -5.45745384
  -3.59159762  -5.46684696
  -3.59610908  -5.47255567
  -3.60626164  -5.48475461
  -3.60821679  -5.48748356
  -3.62004692  -5.50263115
  -3.62115937  -5.50433526
  -3.63189218  -5.51690550
  -3.63640114  -5.52185149
  -3.64450873  -5.53232096
  -3.65103306  -5.54071568
  -3.65577029  -5.54718999
  -3.66587733  -5.56036338
  -3.66695985  -5.56211706
  -3.67816681  -5.57704138
  -3.68077820  -5.57996238
  -3.68970786  -5.59154585
  -3.69616258  -5.59921617
  -3.70175796  -5.60668057
  -3.71058767  -5.61731600
  -3.71421661  -5.62205563
  -3.72545275  -5.63602126
  -3.72632804  -5.63700012
  -3.73713493  -5.65147885
  -3.74064853  -5.65540284
  -3.74916023  -5.66643547
  -3.75554274  -5.67409636
  -3.76113906  -5.68156213
  -3.77036815  -5.69376614
  -3.77296220  -5.69672256
  -3.78380394  -5.71120527
  -3.78554095  -5.71313169
  -3.79600529  -5.72613825
  -3.80037658  -5.73192822
  -3.80748265  -5.74150632
  -3.81514039  -5.75069487
  -3.81985678  -5.75625035
  -3.82978396  -5.76864819
  -3.83172487  -5.77139232
  -3.84343933  -5.78589413
  -3.84523074  -5.78786140
  -3.85534323  -5.80104259
  -3.86002192  -5.80661685
  -3.86699747  -5.81556857
  -3.87513434  -5.82611931
  -3.87868813  -5.83090946
  -3.88965906  -5.84414635
  -3.89077088  -5.84586788
  -3.90200180  -5.86079016
  -3.90486420  -5.86445739
  -3.91353752  -5.87550807
  -3.91983752  -5.88310189
  -3.92622694  -5.89068717
  -3.93466966  -5.90186447
  -3.93807706  -5.90583752
  -3.94932945  -5.91981618
  -3.95020527  -5.92079575
  -3.96102371  -5.93528594
  -3.96476122  -5.93996623
  -3.97307722  -5.95025646
  -3.97929268  -5.95801476
  -3.98473465  -5.96559407
  -3.99426974  -5.97760109
  -3.99622714  -5.98033335
  -4.00771550  -5.99505315
  -4.00944699  -5.99703076
  -4.02044423  -6.01026758
  -4.02421565  -6.01490063
  -4.03191120  -6.02499334
  -4.03931134  -6.03439547
  -4.04382853  -6.04011230
  -4.05394696  -6.05330197
  -4.05566371  -6.05528263
  -4.06686455  -6.07021879
  -4.06883932  -6.07295948
  -4.07762711  -6.08476666
  -4.08360329  -6.09537718
  -4.08608897  -6.10018484
  -4.09025073  -6.11489602
  -4.09250254  -6.12970573
  -4.09319675  -6.14463381
  -4.09323063  -6.15955146
  -4.09279928  -6.17446668
  -4.09283331  -6.18938509
  -4.09153056  -6.20426660
  -4.09150576  -6.21922165
  -4.09154001  -6.23414121
  -4.09110899  -6.24905830
  -4.09116978  -6.26393263
  -4.09162137  -6.27892645
  -4.09034038  -6.29372390
  -4.08898598  -6.30858534
  -4.08569507  -6.32298422
  -4.08328573  -6.32636200
  -4.07417718  -6.33742772
  -4.06871815  -6.34297762
  -4.05943811  -6.35228074
  -4.05387009  -6.35786268
  -4.04459011  -6.36716604
  -4.03902213  -6.37274812
  -4.02974221  -6.38205171
  -4.02417427  -6.38763394
  -4.01489441  -6.39693777
  -4.00932651  -6.40252014
  -3.99929966  -6.41200542
  -3.99447884  -6.41740671
  -3.98519910  -6.42671102
  -3.97980758  -6.43153983
  -3.96959750  -6.44177239
  -3.96495656  -6.44642361
  -3.95468730  -6.45646369
  -3.94984045  -6.46197292
  -3.93972621  -6.47137163
  -3.93508643  -6.47602421
  -3.92487897  -6.48626000
  -3.92023922  -6.49091270
  -3.91003182  -6.50114876
  -3.90539210  -6.50580158
  -3.89518476  -6.51603791
  -3.89054506  -6.52069085
  -3.88033778  -6.53092745
  -3.87569811  -6.53558052
  -3.86549087  -6.54581739
  -3.86092660  -6.55035827
  -3.84971346  -6.56070560
  -3.84600176  -6.56442826
  -3.83232382  -6.57545574
  -3.83136735  -6.57634639
  -3.81689781  -6.58410971
  -3.80652081  -6.59028992
  -3.80184284  -6.59301657
  -3.78716645  -6.60082831
  -3.77968313  -6.60523828
  -3.77224920  -6.60895177
  -3.75724394  -6.61720669
  -3.75258151  -6.61996287
  -3.74241167  -6.62558314
  -3.72765161  -6.63309908
  -3.72478923  -6.63480579
  -3.71269574  -6.64138380
  -3.69865272  -6.64970788
  -3.69768905  -6.65057890
  -3.68305476  -6.65798529
  -3.67160472  -6.66455721
  -3.66795210  -6.66651067
  -3.65332635  -6.67397004
  -3.64379706  -6.67951771
  -3.63847076  -6.68256046
  -3.62359806  -6.69069284
  -3.61694783  -6.69431839
  -3.60861441  -6.69897288
  -3.59391601  -6.70671883
  -3.58923406  -6.70944030
  -3.57910596  -6.71513162
  -3.56414015  -6.72320788
  -3.56228188  -6.72413657
  -3.54919914  -6.73150967
  -3.53531733  -6.73875394
  -3.53435296  -6.73960103
  -3.51962080  -6.74535375
  -3.50494401  -6.75019288
  -3.49460807  -6.75374937
  -3.48993702  -6.75553635
  -3.47535226  -6.75940742
  -3.46032345  -6.76315556
  -3.44545110  -6.76778772
  -3.44265443  -6.76868797
  -3.43060617  -6.77245655
  -3.41583379  -6.77631082
  -3.40073865  -6.78137595
  -3.39333901  -6.78332289
  -3.38596105  -6.78536590
  -3.37108885  -6.79001762
  -3.35634504  -6.79390930
  -3.34223224  -6.79821977
  -3.34125142  -6.79898016
  -3.32642487  -6.80292496
  -3.31172930  -6.80687638
  -3.29672754  -6.81131802
  -3.29202352  -6.81298806
  -3.28185873  -6.81590270
  -3.26711478  -6.81984472
  -3.25211290  -6.82428654
  -3.24098810  -6.82776871
  -3.23726998  -6.82869429
  -3.22232446  -6.83349571
  -3.20763146  -6.83744886
  -3.19263470  -6.84213022
  -3.19073854  -6.84295705
  -3.18181824  -6.84653314
         
