0.000000 0.000000 0.000000
2.656862 3.061763 -6.068942
2.653840 3.058280 -6.063610
2.648495 3.052120 -6.054024
2.643961 3.046895 -6.045900
2.640234 3.042601 -6.039445
2.634234 3.035686 -6.029083
2.631737 3.032808 -6.024525
2.624328 3.024270 -6.010564
2.623752 3.023607 -6.009584
2.615254 3.013813 -5.994667
2.614696 3.013170 -5.993668
2.606843 3.004120 -5.979465
2.604890 3.001870 -5.975887
2.598762 2.994808 -5.964809
2.595025 2.990501 -5.958182
2.590144 2.984876 -5.949858
2.585279 2.979270 -5.941373
2.581648 2.975086 -5.934946
2.575335 2.967811 -5.923711
2.573056 2.965185 -5.920004
2.565503 2.956480 -5.906331
2.564929 2.955819 -5.905352
2.556576 2.946193 -5.890154
2.556018 2.945550 -5.889155
2.548168 2.936503 -5.874958
2.546217 2.934256 -5.871380
2.540088 2.927193 -5.860303
2.536358 2.922893 -5.853681
2.531475 2.917267 -5.845358
2.526439 2.911463 -5.836180
2.522979 2.907476 -5.830449
2.516925 2.900500 -5.819128
2.514563 2.897778 -5.815138
2.507002 2.889064 -5.801542
2.506414 2.888387 -5.800578
2.498334 2.879075 -5.785906
2.497182 2.877747 -5.783954
2.489820 2.869264 -5.770680
2.487387 2.866460 -5.766195
2.481851 2.860080 -5.756059
2.477706 2.855303 -5.749208
2.472831 2.849685 -5.740874
2.467806 2.843895 -5.731687
2.464328 2.839886 -5.725977
2.457913 2.832494 -5.714009
2.456222 2.830545 -5.711296
2.448573 2.821730 -5.697728
2.447786 2.820823 -5.696096
2.439280 2.811021 -5.681197
2.438708 2.810363 -5.680216
2.431467 2.802017 -5.666368
2.428838 2.798989 -5.661530
2.422803 2.792033 -5.651359
2.419086 2.787749 -5.644740
2.414644 2.782631 -5.636640
2.409176 2.776329 -5.626443
2.406240 2.772946 -5.621471
2.399638 2.765337 -5.610229
2.397734 2.763143 -5.606572
2.389759 2.753953 -5.592606
2.389171 2.753276 -5.591642
2.381092 2.743966 -5.576976
2.379940 2.742638 -5.575026
2.372594 2.734172 -5.561763
2.370153 2.731359 -5.557278
2.364192 2.724490 -5.546917
2.360582 2.720330 -5.540298
2.355804 2.714824 -5.531679
2.350750 2.709000 -5.522584
2.347229 2.704942 -5.516760
2.340881 2.697627 -5.505060
2.339131 2.695609 -5.502143
2.331158 2.686422 -5.488180
2.330571 2.685745 -5.487217
2.322527 2.676475 -5.472585
2.321404 2.675181 -5.470609
2.314611 2.667353 -5.457348
2.311719 2.664021 -5.452665
2.305785 2.657182 -5.442215
2.302076 2.652908 -5.435642
2.297608 2.647758 -5.427556
2.292159 2.641479 -5.418177
2.289047 2.637893 -5.412633
2.282291 2.630107 -5.400658
2.280973 2.628589 -5.397972
2.272701 2.619056 -5.383513
2.272107 2.618371 -5.382558
2.263905 2.608920 -5.368160
2.262604 2.607420 -5.365465
2.256048 2.599865 -5.353329
2.253136 2.596510 -5.348277
2.247184 2.589650 -5.337853
2.243317 2.585193 -5.330575
2.239029 2.580252 -5.323175
2.233581 2.573974 -5.313798
2.230471 2.570390 -5.308256
2.223714 2.562603 -5.296283
2.222397 2.561086 -5.293597
2.214482 2.551964 -5.278704
2.213906 2.551301 -5.277729
2.206065 2.542265 -5.263575
2.204305 2.540236 -5.260688
2.197465 2.532355 -5.248598
2.194566 2.529013 -5.243915
2.189029 2.522633 -5.233743
2.184750 2.517702 -5.226218
2.180026 2.512257 -5.218588
2.175016 2.506484 -5.209446
2.171959 2.502961 -5.203937
2.164985 2.494925 -5.191070
2.163834 2.493597 -5.189250
2.155643 2.484158 -5.174876
2.155067 2.483495 -5.173902
2.147506 2.474781 -5.159236
2.145746 2.472753 -5.156349
2.138912 2.464878 -5.144263
2.135858 2.461358 -5.138844
2.130374 2.455039 -5.129359
2.126130 2.450148 -5.122069
2.121909 2.445284 -5.114492
2.116312 2.438834 -5.104391
2.113833 2.435976 -5.099841
2.106592 2.427632 -5.087447
2.104888 2.425668 -5.084725
2.097369 2.417003 -5.070042
2.096793 2.416340 -5.069067
2.088959 2.407312 -5.054922
2.087049 2.405111 -5.051305
2.080515 2.397581 -5.040044
2.077476 2.394079 -5.034341
2.071987 2.387754 -5.024822
2.067504 2.382587 -5.016862
2.063425 2.377886 -5.010230
2.057940 2.371566 -4.999888
2.054980 2.368154 -4.995048
2.047944 2.360047 -4.981628
2.047349 2.359361 -4.980631
2.038831 2.349545 -4.965749
2.038256 2.348882 -4.964775
2.030834 2.340329 -4.950799
2.028515 2.337656 -4.947018
2.022393 2.330602 -4.935982
2.018713 2.326361 -4.929348
2.013397 2.320234 -4.920823
2.008975 2.315138 -4.912583
2.005312 2.310917 -4.906178
1.999135 2.303799 -4.894941
1.996762 2.301065 -4.891267
1.989230 2.292385 -4.877486
1.988661 2.291729 -4.876612
1.980327 2.282125 -4.861507
1.979767 2.281479 -4.860520
1.972011 2.272541 -4.846071
1.970088 2.270326 -4.842565
1.963868 2.263158 -4.831721
1.960422 2.259186 -4.825798
1.955402 2.253401 -4.816519
1.950403 2.247641 -4.807546
1.946924 2.243631 -4.801656
1.940623 2.236370 -4.790691
1.938245 2.233629 -4.787017
1.930899 2.225164 -4.773110
1.930308 2.224483 -4.772114
1.922208 2.215148 -4.757451
1.921066 2.213833 -4.755520
1.913962 2.205646 -4.742512
1.911427 2.202725 -4.737612
1.905355 2.195727 -4.727483
1.901687 2.191500 -4.720856
1.896797 2.185865 -4.712563
1.892043 2.180387 -4.704064
1.888418 2.176209 -4.697427
1.882088 2.168915 -4.685670
1.880343 2.166903 -4.682787
1.872525 2.157894 -4.669484
1.871371 2.156565 -4.667662
1.863287 2.147248 -4.653019
1.862563 2.146414 -4.651301
1.855312 2.138058 -4.638084
1.852982 2.135373 -4.634302
1.846853 2.128309 -4.623270
1.843263 2.124172 -4.616614
1.838468 2.118646 -4.608118
1.833466 2.112882 -4.598959
1.830363 2.109306 -4.593454
1.823745 2.101680 -4.582200
1.821848 2.099494 -4.578585
