# shadow point cont 2D ind 134  size 1195
# norm  0.4954587 -0.8686315  0.0000000
# angle  1.0524335
   3.53248151  -6.83581948
   3.54252181  -6.83397980
   3.55728801  -6.83027674
   3.56093986  -6.82916424
   3.57228024  -6.82564760
   3.58703716  -6.82175173
   3.60199660  -6.81724201
   3.61297668  -6.81402558
   3.61666362  -6.81299442
   3.63179735  -6.80805144
   3.64667806  -6.80435285
   3.66129676  -6.80011578
   3.66320273  -6.79932694
   3.67632913  -6.79558282
   3.69119416  -6.79119359
   3.70593686  -6.78715397
   3.71433727  -6.78436928
   3.72095372  -6.78193056
   3.73595808  -6.77749697
   3.75077102  -6.77368376
   3.76537476  -6.77011822
   3.76635367  -6.76934742
   3.78060078  -6.76453764
   3.79548920  -6.76013472
   3.81010623  -6.75599625
   3.81371632  -6.75480644
   3.82513554  -6.75113974
   3.84001823  -6.74744293
   3.85491008  -6.74309224
   3.86505714  -6.74009317
   3.86976486  -6.73842422
   3.88464634  -6.73379431
   3.89941247  -6.72901824
   3.90609001  -6.72585090
   3.91437625  -6.72129709
   3.92919356  -6.71365776
   3.93374366  -6.71095719
   3.94425363  -6.70473483
   3.95899458  -6.69711765
   3.96165252  -6.69595321
   3.97382025  -6.68950155
   3.98783419  -6.68144889
   3.98884012  -6.68063877
   4.00357075  -6.67277606
   4.01566719  -6.66640961
   4.01851327  -6.66465062
   4.03335974  -6.65623793
   4.04261999  -6.65140842
   4.04838409  -6.64806327
   4.06318267  -6.64053034
   4.06962321  -6.63684629
   4.07800717  -6.63210739
   4.09289780  -6.62376317
   4.09655414  -6.62181649
   4.10788934  -6.61555034
   4.12254681  -6.60794224
   4.12354768  -6.60711915
   4.13745674  -6.59938768
   4.15139699  -6.59208595
   4.15241071  -6.59130038
   4.16739640  -6.58304039
   4.17849020  -6.57743281
   4.18215223  -6.57547537
   4.19690169  -6.56696263
   4.20350638  -6.56253060
   4.21213264  -6.55551479
   4.22137967  -6.54807481
   4.22705282  -6.54259732
   4.23717353  -6.53318410
   4.24190754  -6.52862707
   4.25296774  -6.51829379
   4.25676090  -6.51465527
   4.26804359  -6.50363835
   4.27175897  -6.49991538
   4.28362436  -6.48851207
   4.28647451  -6.48578963
   4.29869753  -6.47385781
   4.30125213  -6.47176562
   4.31518695  -6.45873863
   4.31611580  -6.45780796
   4.33051363  -6.44431716
   4.33144249  -6.44338651
   4.34514718  -6.42918454
   4.34607324  -6.42826075
   4.36070975  -6.41497040
   4.36163404  -6.41407343
   4.37556706  -6.40011471
   4.37649593  -6.39918414
   4.39041266  -6.38610285
   4.39228881  -6.38429782
   4.40525747  -6.37212951
   4.40808177  -6.36941190
   4.42015722  -6.35731530
   4.42294387  -6.35452381
   4.43501938  -6.34242754
   4.43710903  -6.33986692
   4.44548047  -6.32562997
   4.44819298  -6.31024880
   4.44818141  -6.29522703
   4.44814379  -6.28030507
   4.44856019  -6.26545980
   4.44807275  -6.25041344
   4.44848533  -6.23561674
   4.44845962  -6.22061999
   4.44842240  -6.20570014
   4.44885071  -6.19078473
   4.44834821  -6.17586169
   4.44877668  -6.16094709
   4.44827434  -6.14602491
   4.44574655  -6.13054980
   4.43840360  -6.11488722
   4.43638080  -6.11221024
   4.42635275  -6.09987678
   4.42152256  -6.09424017
   4.41317902  -6.08493007
   4.40663326  -6.07742084
   4.40021682  -6.06999216
   4.39125009  -6.05902484
   4.38770117  -6.05531493
   4.37666030  -6.04206268
   4.37489358  -6.04010858
   4.36253127  -6.02543684
   4.36165099  -6.02445999
   4.34960957  -6.01031811
   4.34669490  -6.00668215
   4.33643851  -5.99528758
   4.33209341  -5.99056550
   4.32358241  -5.98035445
   4.31678763  -5.97213915
   4.31046549  -5.96541786
   4.30191646  -5.95532359
   4.29813439  -5.95072750
   4.28676605  -5.93762990
   4.28504890  -5.93578227
   4.27269071  -5.92108542
   4.27181067  -5.92010887
   4.25915192  -5.90570454
   4.25712611  -5.90304308
   4.24692501  -5.89100510
   4.24235433  -5.88603979
   4.23377408  -5.87604027
   4.22722635  -5.86851142
   4.22000543  -5.86086208
   4.21234604  -5.85170169
   4.20767756  -5.84617310
   4.19732337  -5.83320403
   4.19551070  -5.83123048
   4.18273204  -5.81705480
   4.18185222  -5.81607855
   4.16962098  -5.80116161
   4.16782730  -5.79923315
   4.15713802  -5.78641264
   4.15248044  -5.78095896
   4.14359195  -5.77127519
   4.13793784  -5.76470306
   4.13048505  -5.75633230
   4.12282769  -5.74717455
   4.11740130  -5.74139599
   4.10774903  -5.72962704
   4.10507679  -5.72670947
   4.09321862  -5.71253717
   4.09233903  -5.71156119
   4.08011340  -5.69664889
   4.07808870  -5.69398893
   4.06694112  -5.68167031
   4.06320700  -5.67718931
   4.05389166  -5.66674242
   4.04833873  -5.66038986
   4.04098781  -5.65183247
   4.03356415  -5.64340709
   4.02790845  -5.63690053
   4.01848572  -5.62587529
   4.01492512  -5.62198687
   4.00341306  -5.60825159
   4.00251663  -5.60728787
   3.98952088  -5.59237586
   3.98864154  -5.59140020
   3.97661850  -5.57727330
   3.97371001  -5.57364505
   3.96372098  -5.56230469
   3.95895291  -5.55665964
   3.95126680  -5.54759568
   3.94384054  -5.53914409
   3.93827464  -5.53268736
   3.92877709  -5.52146395
   3.92519711  -5.51775652
   3.91369207  -5.50403424
   3.91283008  -5.50307235
   3.89999904  -5.48790737
   3.89910038  -5.48694584
   3.88650423  -5.47259153
   3.88448216  -5.46993033
   3.87403844  -5.45782058
   3.86938089  -5.45240601
   3.86115120  -5.44292263
   3.85462246  -5.43543066
   3.84807233  -5.42799712
   3.83953157  -5.41791309
   3.83568350  -5.41330847
   3.82471413  -5.40111917
   3.82202374  -5.39816900
   3.81033389  -5.38372292
   3.80945497  -5.38274780
   3.79748968  -5.36859795
   3.79480185  -5.36570865
   3.78458673  -5.35368260
   3.77982740  -5.34801229
   3.77147239  -5.33874371
   3.76494797  -5.33122754
   3.75848054  -5.32384395
   3.74991617  -5.31355380
   3.74540570  -5.30891894
   3.73528867  -5.29671657
   3.73260147  -5.29376756
   3.72091245  -5.27932499
   3.72003373  -5.27835014
   3.70740901  -5.26397282
   3.70538647  -5.26131580
   3.69497008  -5.24924590
   3.69051587  -5.24453482
   3.68123611  -5.23410107
   3.67553021  -5.22777709
   3.66816324  -5.21946841
   3.66067642  -5.21006222
   3.65593531  -5.20452491
   3.64583677  -5.19327819
   3.64294117  -5.18962509
   3.63078522  -5.17567486
   3.62988965  -5.17471223
   3.61754680  -5.16004435
   3.61578981  -5.15809522
   3.60465368  -5.14488182
   3.60110979  -5.14110642
   3.59176649  -5.13000521
   3.58614409  -5.12342030
   3.57868859  -5.11508575
   3.57127521  -5.10664402
   3.56563179  -5.10017408
   3.55619220  -5.08913226
   3.55329544  -5.08550879
   3.54140740  -5.07133125
   3.54051202  -5.07036887
   3.52751956  -5.05547560
   3.52641295  -5.05375577
   3.51458980  -5.04031245
   3.51173818  -5.03677151
   3.50225657  -5.02564262
   3.49664812  -5.01925930
   3.48932194  -5.01075739
   3.48191156  -5.00231788
   3.47626938  -4.99584957
   3.46683050  -4.98481040
   3.46327779  -4.98095787
   3.45199927  -4.96789724
   3.45027135  -4.96606410
   3.43811925  -4.95114945
   3.43699052  -4.94946054
   3.42506060  -4.93628124
   3.42237521  -4.93339504
   3.41214768  -4.92137817
   3.40742365  -4.91571784
   3.39906142  -4.90645798
   3.39255504  -4.89895078
   3.38607108  -4.89157226
   3.37771857  -4.88124751
   3.37388646  -4.87664969
   3.36290498  -4.86447400
   3.36085112  -4.86175020
   3.34854458  -4.84710076
   3.34766665  -4.84612693
   3.33571297  -4.83198000
   3.33304276  -4.82911140
   3.32265835  -4.81705427
   3.31818187  -4.81234756
   3.30963371  -4.80215864
   3.30310295  -4.79483959
   3.29668163  -4.78727798
   3.28814367  -4.77718250
   3.28431500  -4.77261170
   3.27331146  -4.76040405
   3.27065010  -4.75749431
   3.25922522  -4.74283746
   3.25834747  -4.74186386
   3.24571294  -4.72747985
   3.24388586  -4.72558705
   3.23261794  -4.71286547
   3.22878183  -4.70811562
   3.21951252  -4.69793374
   3.21391484  -4.69135727
   3.20651946  -4.68305456
   3.19907028  -4.67366419
   3.19433987  -4.66813414
   3.18405704  -4.65695474
   3.18108154  -4.65348286
   3.16923712  -4.63937022
   3.16831540  -4.63835850
   3.15532429  -4.62347902
   3.15444674  -4.62250568
   3.14313495  -4.60856518
   3.13933475  -4.60406137
   3.13011554  -4.59367650
   3.12448353  -4.58729888
   3.11716797  -4.57880574
   3.10976952  -4.57037492
   3.10413215  -4.56391296
   3.09492584  -4.55361701
   3.09042821  -4.54879069
   3.07997094  -4.53765713
   3.07613541  -4.53411829
   3.06514059  -4.52461244
   3.05939018  -4.51922620
   3.05021000  -4.51160239
   3.04094197  -4.50410663
   3.03531995  -4.49950943
   3.02240638  -4.48916041
   3.02046207  -4.48740423
   3.00543829  -4.47538205
   3.00380259  -4.47431875
   2.99074258  -4.46319737
   2.98610727  -4.45943105
   2.97583907  -4.45111160
   2.96754688  -4.44453786
   2.96101597  -4.43899554
   2.94896576  -4.42945624
   2.94611337  -4.42690993
   2.93131518  -4.41562959
   2.93033746  -4.41476073
   2.91631973  -4.40289732
   2.91270653  -4.39987016
   2.90169957  -4.39127262
   2.89415109  -4.38497996
   2.88666118  -4.37851353
   2.87641334  -4.37010043
   2.87171179  -4.36645265
   2.85771940  -4.35543485
   2.85675946  -4.35454000
   2.84220249  -4.34289339
   2.83857263  -4.34008988
   2.82721632  -4.33012303
   2.82161563  -4.32543719
   2.81231355  -4.31804190
   2.80305058  -4.31054953
   2.79743072  -4.30595462
   2.78452100  -4.29561106
   2.78257746  -4.29385574
   2.76757208  -4.28183520
   2.76662169  -4.28100692
   2.75266006  -4.26992072
   2.74809364  -4.26612454
   2.73819934  -4.25822697
   2.72968047  -4.25101103
   2.72309531  -4.24549413
   2.71190325  -4.23636622
   2.70825671  -4.23339133
   2.69349994  -4.22213668
   2.69253813  -4.22124499
   2.67874632  -4.20985894
   2.67486174  -4.20636490
   2.66386215  -4.19777071
   2.65630990  -4.19148263
   2.64876692  -4.18504374
   2.63851496  -4.17684075
   2.63388778  -4.17296196
   2.61989071  -4.16195193
   2.61893114  -4.16105749
   2.60438904  -4.14941407
   2.60143529  -4.14684745
   2.58941518  -4.13757542
   2.58294208  -4.13196343
   2.57473307  -4.12522687
   2.56524698  -4.11708677
   2.55962912  -4.11249404
   2.54672289  -4.10215564
   2.54478008  -4.10040112
   2.52979255  -4.08838203
   2.52883355  -4.08755743
   2.51509927  -4.07713951
   2.51026314  -4.07268023
   2.50004388  -4.06436812
   2.49189987  -4.05757689
   2.48537165  -4.05204023
   2.47336070  -4.04250032
   2.47071279  -4.04061424
   2.45584120  -4.02845797
   2.45485351  -4.02760889
   2.44055843  -4.01605946
   2.43694115  -4.01318241
   2.42610866  -4.00436007
   2.41855253  -3.99807634
   2.41124401  -3.99227589
   2.40075297  -3.98344217
   2.39614685  -3.97956192
   2.38212431  -3.96855626
   2.38115045  -3.96768345
   2.36624903  -3.95565578
   2.36353051  -3.95368159
   2.35184698  -3.94579181
   2.34165650  -3.93816368
   2.33683196  -3.93467199
   2.32229279  -3.92534007
   2.32013865  -3.92350951
   2.30719511  -3.91512714
   2.29866619  -3.90884249
   2.29233013  -3.90490385
   2.27747725  -3.89456745
   2.27646694  -3.89377459
   2.26247849  -3.88472658
   2.25429330  -3.87886937
   2.24771385  -3.87424420
   2.23297161  -3.86482860
   2.23197185  -3.86400643
   2.21804809  -3.85471082
   2.21050754  -3.84934338
   2.20294950  -3.84390308
   2.18898706  -3.83469083
   2.18798736  -3.83386872
   2.17356579  -3.82495067
   2.16613986  -3.81937468
   2.15885661  -3.81442161
   2.14476071  -3.80440620
   2.14375425  -3.80360218
   2.12898205  -3.79428601
   2.12244383  -3.78964924
   2.11413145  -3.78406311
   2.10098353  -3.77485908
   2.09920398  -3.77386128
   2.08429804  -3.76387951
   2.07876373  -3.75992923
   2.06936169  -3.75370293
   2.05642035  -3.74511095
   2.05470939  -3.74410720
   2.03962820  -3.73328278
   2.03507747  -3.73038458
   2.02501509  -3.72366311
   2.01292905  -3.71530573
   2.01010967  -3.71345792
   1.99517651  -3.70349006
   1.99142520  -3.70065648
   1.98046956  -3.69392844
   1.96916954  -3.68578620
   1.96535703  -3.68312890
   1.95063095  -3.67375719
   1.94688201  -3.67092317
   1.93574864  -3.66355588
   1.92559640  -3.65604962
   1.92102374  -3.65306336
   1.90627633  -3.64374817
   1.90249916  -3.64097489
   1.89141172  -3.63353186
   1.88110288  -3.62612793
   1.87627522  -3.62273870
   1.86167064  -3.61332214
   1.85884628  -3.61125907
   1.84665098  -3.60317891
   1.83746500  -3.59659240
   1.83194591  -3.59267741
   1.81691898  -3.58277056
   1.81592438  -3.58195008
   1.80231320  -3.57315364
   1.79300932  -3.56665768
   1.78740999  -3.56295160
   1.77259736  -3.55365266
   1.76971338  -3.55183162
   1.75773445  -3.54529651
   1.74379866  -3.53679739
   1.74277807  -3.53605429
   1.72799991  -3.52859034
   1.71680187  -3.52211837
   1.71309103  -3.52026014
   1.69837587  -3.51277621
   1.68914045  -3.50702756
   1.68340470  -3.50353873
   1.66868854  -3.49605574
   1.66216095  -3.49220516
   1.65376700  -3.48772260
   1.63900194  -3.47933600
   1.63612293  -3.47751348
   1.62403423  -3.47102606
   1.60993931  -3.46303894
   1.60892175  -3.46227897
   1.59440360  -3.45520903
   1.58136345  -3.44780433
   1.57950823  -3.44687541
   1.56455682  -3.43880378
   1.55453672  -3.43290994
   1.55001072  -3.43071420
   1.53507494  -3.42268688
   1.52756320  -3.41808305
   1.51999001  -3.41376977
   1.50537401  -3.40597637
   1.50069686  -3.40320665
   1.49050597  -3.39762893
   1.47562025  -3.38929286
   1.47376518  -3.38836408
   1.46085088  -3.38183041
   1.44695979  -3.37331999
   1.44593949  -3.37257718
   1.43115800  -3.36511985
   1.41996932  -3.35864738
   1.41625932  -3.35679000
   1.40148898  -3.34932891
   1.39214466  -3.34378943
   1.38642495  -3.34040670
   1.37178950  -3.33262290
   1.36528627  -3.32891354
   1.35694377  -3.32426888
   1.34206176  -3.31593328
   1.33918666  -3.31426198
   1.32726498  -3.30848388
   1.31227512  -3.30023033
   1.30865738  -3.29911601
   1.29744698  -3.29575609
   1.28256186  -3.29440514
   1.26762472  -3.29393862
   1.25278602  -3.29393315
   1.23794739  -3.29392776
   1.22310883  -3.29392244
   1.20827034  -3.29391719
   1.19343191  -3.29391201
   1.17859363  -3.29348728
   1.16375526  -3.29390188
   1.14891703  -3.29389692
   1.13407896  -3.29346997
   1.11933831  -3.29341161
   1.10428347  -3.29305277
   1.08956483  -3.29345333
   1.07482408  -3.29339527
   1.05988917  -3.29294073
   1.04505137  -3.29293628
   1.03021361  -3.29293190
   1.01525729  -3.29302541
   1.00063483  -3.29336949
   0.98570069  -3.29291921
   0.97086315  -3.29291513
   0.95602567  -3.29291111
   0.94118823  -3.29290717
   0.92635085  -3.29290331
   0.91151372  -3.29246552
   0.89667623  -3.29289579
   0.88183899  -3.29289214
   0.86700203  -3.29245222
   0.85216466  -3.29288506
   0.83732756  -3.29288163
   0.82249075  -3.29243958
   0.80765374  -3.29243551
   0.79281677  -3.29243152
   0.77807508  -3.29237534
   0.76314304  -3.29193764
   0.74830619  -3.29193465
   0.73335277  -3.29201776
   0.71872739  -3.29236047
   0.70379588  -3.29192610
   0.68895918  -3.29192340
   0.67412252  -3.29192078
   0.65928589  -3.29191822
   0.64444930  -3.29191574
   0.62961273  -3.29191333
   0.61477620  -3.29191099
   0.59994005  -3.29145848
   0.58510358  -3.29145553
   0.57026714  -3.29145265
   0.55543073  -3.29144984
   0.54059435  -3.29144711
   0.52585161  -3.29139241
   0.51092209  -3.29051397
   0.49608539  -3.29096702
   0.48124910  -3.29096534
   0.46641284  -3.29096374
   0.45157660  -3.29096220
   0.43662562  -3.29103108
   0.42196863  -3.29091019
   0.40706799  -3.29095804
   0.39223227  -3.29049597
   0.37739568  -3.29095564
   0.36255955  -3.29095454
   0.34772343  -3.29095352
   0.33288780  -3.29048874
   0.31805172  -3.29048712
   0.30321516  -3.29094951
   0.28837959  -3.29048410
   0.27363555  -3.29043076
   0.25859386  -3.29008221
   0.24396330  -3.29042818
   0.22892199  -3.29007976
   0.21419944  -3.29047784
   0.19945498  -3.29042487
   0.18452742  -3.29001191
   0.16957834  -3.29007575
   0.15494671  -3.29042222
   0.14001943  -3.29000949
   0.12518344  -3.29000883
   0.11034745  -3.29000824
   0.09551204  -3.28954379
   0.08067547  -3.29000729
   0.06584007  -3.28954299
   0.05100349  -3.29000664
   0.03625861  -3.28949053
   0.02133205  -3.28907840
   0.00638399  -3.28914294
  -0.00833991  -3.28954228
  -0.02317593  -3.28954236
  -0.03801195  -3.28954251
  -0.05275802  -3.28949075
  -0.06779567  -3.28914370
  -0.08243030  -3.28949141
  -0.09735620  -3.28907993
  -0.11219228  -3.28908045
  -0.12702837  -3.28908105
  -0.14186447  -3.28908172
  -0.15670059  -3.28908247
  -0.17153603  -3.28861934
  -0.18637288  -3.28908418
  -0.20120834  -3.28862120
  -0.21604524  -3.28908619
  -0.23088073  -3.28862336
  -0.24571695  -3.28862455
  -0.26055320  -3.28862581
  -0.27538947  -3.28862714
  -0.29022576  -3.28862856
  -0.30506207  -3.28863004
  -0.31989841  -3.28863160
  -0.33464658  -3.28858104
  -0.34968108  -3.28823559
  -0.36431958  -3.28858449
  -0.37924414  -3.28817464
  -0.39408062  -3.28817657
  -0.40891713  -3.28817857
  -0.42375367  -3.28818065
  -0.43859024  -3.28818280
  -0.45342685  -3.28818502
  -0.46826349  -3.28818732
  -0.48309933  -3.28772573
  -0.49784887  -3.28767581
  -0.51288167  -3.28733140
  -0.52760955  -3.28773329
  -0.54244637  -3.28773595
  -0.55719643  -3.28768625
  -0.57212026  -3.28727758
  -0.58695720  -3.28728047
  -0.60179329  -3.28681947
  -0.61663120  -3.28728647
  -0.63146737  -3.28682561
  -0.64630538  -3.28729276
  -0.66114162  -3.28683205
  -0.67597882  -3.28683538
  -0.69081606  -3.28683879
  -0.70565336  -3.28684227
  -0.72049070  -3.28684582
  -0.73532809  -3.28684945
  -0.75016553  -3.28685315
  -0.76500303  -3.28685692
  -0.77984057  -3.28686077
  -0.79467720  -3.28640072
  -0.80942474  -3.28681270
  -0.82435291  -3.28548092
  -0.83919067  -3.28548507
  -0.85402849  -3.28548928
  -0.86886637  -3.28549358
  -0.88370431  -3.28549794
  -0.89854231  -3.28550238
  -0.91338037  -3.28550689
  -0.92821849  -3.28551148
  -0.94305667  -3.28551614
  -0.95789492  -3.28552087
  -0.97273323  -3.28552568
  -0.98757160  -3.28553056
  -1.00241005  -3.28553552
  -1.01724748  -3.28507656
  -1.03208605  -3.28508166
  -1.04692469  -3.28508684
  -1.06176340  -3.28509209
  -1.07660218  -3.28509741
  -1.09144103  -3.28510281
  -1.10627995  -3.28510828
  -1.12111895  -3.28511383
  -1.13595802  -3.28511945
  -1.15079603  -3.28466114
  -1.16563638  -3.28513091
  -1.18039285  -3.28508309
  -1.19541958  -3.28474414
  -1.21007187  -3.28509492
  -1.22531429  -3.28527759
  -1.24064591  -3.28891489
  -1.25548988  -3.29449129
  -1.26123988  -3.29679209
  -1.27084162  -3.30182326
  -1.28526108  -3.30973334
  -1.29004366  -3.31223503
  -1.30039744  -3.31751620
  -1.31524300  -3.32495023
  -1.31895442  -3.32680877
  -1.33031262  -3.33332936
  -1.34463374  -3.34122671
  -1.34650766  -3.34211718
  -1.35978239  -3.34911001
  -1.37433841  -3.35619408
  -1.37540931  -3.35683828
  -1.38981867  -3.36455601
  -1.40327346  -3.37182696
  -1.40434058  -3.37250183
  -1.41917017  -3.38070652
  -1.43039484  -3.38635176
  -1.43403697  -3.38833562
  -1.44886515  -3.39650581
  -1.45814470  -3.40115309
  -1.46373401  -3.40418946
  -1.47827150  -3.41195324
  -1.48676586  -3.41631649
  -1.49342995  -3.42008547
  -1.50796821  -3.42775336
  -1.51460662  -3.43118757
  -1.52356182  -3.43601540
  -1.53766566  -3.44355418
  -1.54244805  -3.44605927
  -1.55286700  -3.45151479
  -1.56734150  -3.45916698
  -1.57111941  -3.46087645
  -1.58267810  -3.46695656
  -1.59736221  -3.47470209
  -1.59919806  -3.47566970
  -1.61220042  -3.48295011
  -1.62632605  -3.49035745
  -1.62739101  -3.49105310
  -1.64190032  -3.49875397
  -1.65493549  -3.50537143
  -1.65676372  -3.50635238
  -1.67160101  -3.51455855
  -1.68273861  -3.52013724
  -1.68645117  -3.52199683
  -1.70130250  -3.53036387
  -1.70980569  -3.53471437
  -1.71648353  -3.53878955
  -1.73099987  -3.54765811
  -1.73482266  -3.55028277
  -1.74587328  -3.55754351
  -1.75895694  -3.56515785
  -1.76103881  -3.56668006
  -1.77590031  -3.57582069
  -1.78227279  -3.57973999
  -1.79076007  -3.58532948
  -1.80502999  -3.59430859
  -1.80604303  -3.59509365
  -1.82013095  -3.60423780
  -1.82860738  -3.60962286
  -1.83549799  -3.61400535
  -1.84960011  -3.62319295
  -1.85241746  -3.62500037
  -1.86469329  -3.63306075
  -1.87494565  -3.63950574
  -1.87953152  -3.64249101
  -1.89441252  -3.65144853
  -1.89911266  -3.65413526
  -1.90980392  -3.66117511
  -1.92164242  -3.66896028
  -1.92442778  -3.67082007
  -1.93896798  -3.68048445
  -1.94536692  -3.68436428
  -1.95390894  -3.68969853
  -1.96844943  -3.69854409
  -1.96945490  -3.69935351
  -1.98329988  -3.70861391
  -1.99188586  -3.71378767
  -1.99889481  -3.71816029
  -2.01302190  -3.72732510
  -2.01503946  -3.72892535
  -2.02811933  -3.73700434
  -2.03880481  -3.74325608
  -2.04324832  -3.74632474
  -2.05758994  -3.75510894
  -2.06253483  -3.75829460
  -2.07320635  -3.76557340
  -2.08547225  -3.77365239
  -2.08730742  -3.77462207
  -2.10239364  -3.78465153
  -2.10880548  -3.78851367
  -2.11733555  -3.79386944
  -2.13138276  -3.80297035
  -2.13243247  -3.80371093
  -2.14696896  -3.81255904
  -2.15544692  -3.81794963
  -2.16202538  -3.82259881
  -2.17647070  -3.83139105
  -2.17931441  -3.83315134
  -2.19154773  -3.84139774
  -2.20253497  -3.84803378
  -2.20642438  -3.85052074
  -2.22128628  -3.85979342
  -2.22598747  -3.86248292
  -2.23632218  -3.86911867
  -2.24921587  -3.87765604
  -2.25098886  -3.87871301
  -2.26585134  -3.88884603
  -2.27227468  -3.89269287
  -2.28079318  -3.89806973
  -2.29536461  -3.90688141
  -2.29637051  -3.90769126
  -2.31045647  -3.91747988
  -2.31804160  -3.92185939
  -2.32563063  -3.92779133
  -2.33770453  -3.93705515
  -2.34040552  -3.93903027
  -2.35481261  -3.94978769
  -2.35780159  -3.95228827
  -2.37042329  -3.96205977
  -2.37668404  -3.96700971
  -2.38526823  -3.97398371
  -2.39554380  -3.98160148
  -2.40009441  -3.98536516
  -2.41448989  -3.99606624
  -2.41547965  -3.99691360
  -2.42955724  -4.00803142
  -2.43420344  -4.01175276
  -2.44446238  -4.01998044
  -2.45290993  -4.02638102
  -2.45971043  -4.03177895
  -2.47220835  -4.04155533
  -2.47419592  -4.04324476
  -2.48881531  -4.05384183
  -2.49175949  -4.05643077
  -2.50369257  -4.06589635
  -2.51112691  -4.07147962
  -2.51895840  -4.07754605
  -2.53071753  -4.08640295
  -2.53362062  -4.08905697
  -2.54830931  -4.10027665
  -2.55006689  -4.10134577
  -2.56319041  -4.11135370
  -2.56899033  -4.11568274
  -2.57849471  -4.12310360
  -2.58846884  -4.13085977
  -2.59312822  -4.13459865
  -2.60702700  -4.14559474
  -2.60805600  -4.14638369
  -2.62283494  -4.15795336
  -2.62646453  -4.16084961
  -2.63775169  -4.16982818
  -2.64518710  -4.17541345
  -2.65270608  -4.18092810
  -2.66478645  -4.19040117
  -2.66744338  -4.19241596
  -2.68236868  -4.20426808
  -2.68411552  -4.20534804
  -2.69724132  -4.21543874
  -2.70298259  -4.21987537
  -2.71232706  -4.22736862
  -2.72231907  -4.23510704
  -2.72697856  -4.23884710
  -2.74088365  -4.24984745
  -2.74190205  -4.25065205
  -2.75652098  -4.26131425
  -2.76124343  -4.26493744
  -2.77158333  -4.27330530
  -2.77987941  -4.27990965
  -2.78655655  -4.28520709
  -2.79938148  -4.29489540
  -2.80130710  -4.29668051
  -2.81601586  -4.30790187
  -2.81874888  -4.30983871
  -2.83111609  -4.31970849
  -2.83756817  -4.32443891
  -2.84593947  -4.33092125
  -2.85649836  -4.33907473
  -2.86106147  -4.34283844
  -2.87549422  -4.35363532
  -2.87646972  -4.35450964
  -2.89040887  -4.36559650
  -2.89513232  -4.36922071
  -2.90550274  -4.37744208
  -2.91485986  -4.38426153
  -2.92021613  -4.38886705
  -2.93404950  -4.39923426
  -2.93503555  -4.40009103
  -2.94990341  -4.41130961
  -2.95284979  -4.41390091
  -2.96501749  -4.42307759
  -2.97174824  -4.42837233
  -2.98001389  -4.43510225
  -2.99181291  -4.44374126
  -2.99479254  -4.44627124
  -3.00944652  -4.45778619
  -3.01120524  -4.45885642
  -3.02451261  -4.46977018
  -3.02916309  -4.47349600
  -3.03938684  -4.48190813
  -3.04694244  -4.48828795
  -3.05455247  -4.49591713
  -3.06119629  -4.50324475
  -3.06942753  -4.51292306
  -3.07330031  -4.51839671
  -3.08416665  -4.53156443
  -3.08593608  -4.53350303
  -3.09730112  -4.54843859
  -3.09910626  -4.55107742
  -3.10866890  -4.56308622
  -3.11410943  -4.56956563
  -3.12085698  -4.57774526
  -3.12888094  -4.58756418
  -3.13325868  -4.59334070
  -3.14359170  -4.60625359
  -3.14467225  -4.60800384
  -3.15665649  -4.62288755
  -3.15868115  -4.62556866
  -3.16824242  -4.63757892
  -3.17360424  -4.64426509
  -3.18004679  -4.65270176
  -3.18846521  -4.66386544
  -3.19186540  -4.66782759
  -3.20329718  -4.68151919
  -3.20417723  -4.68249212
  -3.21557889  -4.69715970
  -3.21851090  -4.70088376
  -3.22751331  -4.71206043
  -3.23334142  -4.71966526
  -3.23938451  -4.72744208
  -3.24770488  -4.73765708
  -3.25140878  -4.74233037
  -3.26262793  -4.75625577
  -3.26350204  -4.75723278
  -3.27442992  -4.77170584
  -3.27781033  -4.77560493
  -3.28631518  -4.78668578
  -3.29270549  -4.79427430
  -3.29892542  -4.80195024
  -3.30740341  -4.81298007
  -3.31030172  -4.81661819
  -3.32180731  -4.83130145
  -3.32268153  -4.83227862
  -3.33376962  -4.84646550
  -3.33737680  -4.85102151
  -3.34605968  -4.86145712
  -3.35233209  -4.86965379
  -3.35783197  -4.87624731
  -3.36687324  -4.88767632
  -3.36969020  -4.89138575
  -3.38115178  -4.90606717
  -3.38201846  -4.90704920
  -3.39323817  -4.92097297
  -3.39696394  -4.92563206
  -3.40464388  -4.93569997
  -3.41184163  -4.94433260
  -3.41657454  -4.95079905
  -3.42660332  -4.96301698
  -3.42860433  -4.96569802
  -3.44067687  -4.98060650
  -3.44157512  -4.98156749
  -3.45220861  -4.99529629
  -3.45673102  -5.00111026
  -3.46382859  -5.01067370
  -3.47137598  -5.01979502
  -3.47608691  -5.02534159
  -3.48629270  -5.03851446
  -3.48800647  -5.04049054
  -3.49948531  -5.05517978
  -3.50118067  -5.05710972
  -3.51159670  -5.07009379
  -3.51620424  -5.07562807
  -3.52317113  -5.08456532
  -3.53153570  -5.09498247
  -3.53518837  -5.09969904
  -3.54592186  -5.11308517
  -3.54700363  -5.11483727
  -3.55902354  -5.12974132
  -3.56104521  -5.13242492
  -3.57059748  -5.14444557
  -3.57596468  -5.15113928
  -3.58241384  -5.15958536
  -3.59075677  -5.16983418
  -3.59448444  -5.17449590
  -3.60578508  -5.18843272
  -3.60664222  -5.18942111
  -3.61866751  -5.20432834
  -3.62069503  -5.20706434
  -3.63001645  -5.21927592
  -3.63539349  -5.22584796
  -3.64200569  -5.23416891
  -3.65037658  -5.24539288
  -3.65321427  -5.24909037
  -3.66509055  -5.26325946
  -3.66596552  -5.26423762
  -3.67740963  -5.27892804
  -3.68028555  -5.28263030
  -3.68873291  -5.29363914
  -3.69518800  -5.30131956
  -3.70078189  -5.30877992
  -3.71003277  -5.31999981
  -3.71351343  -5.32392512
  -3.72412928  -5.33863370
  -3.72496747  -5.33963216
  -3.73616729  -5.35354211
  -3.73966778  -5.35745561
  -3.74822993  -5.36851193
  -3.75489128  -5.37678931
  -3.76039684  -5.38339063
  -3.76943793  -5.39483127
  -3.77225793  -5.39854501
  -3.78373372  -5.41324404
  -3.78460127  -5.41422725
  -3.79583785  -5.42816842
  -3.79956759  -5.43283302
  -3.80790245  -5.44314095
  -3.81444977  -5.45155338
  -3.81982049  -5.45825196
  -3.82907194  -5.47043577
  -3.83101228  -5.47317836
  -3.84334357  -5.48787481
  -3.84424273  -5.48883699
  -3.85551821  -5.50280827
  -3.85915383  -5.50761175
  -3.86647821  -5.51796904
  -3.87407428  -5.52710992
  -3.87879019  -5.53266327
  -3.88875617  -5.54508295
  -3.89069685  -5.54782602
  -3.90236743  -5.56229406
  -3.90420129  -5.56428873
  -3.91431281  -5.57746501
  -3.91882718  -5.58317632
  -3.92614035  -5.59262044
  -3.93363922  -5.60190672
  -3.93824598  -5.60755229
  -3.94860188  -5.62053578
  -3.95036524  -5.62248599
  -3.96181568  -5.63718933
  -3.96360184  -5.63916604
  -3.97313838  -5.65214340
  -3.97854940  -5.65873021
  -3.98516791  -5.66705993
  -3.99357169  -5.67732940
  -3.99730350  -5.68199686
  -4.00810149  -5.69539617
  -4.00917423  -5.69716164
  -4.02126563  -5.71209720
  -4.02327453  -5.71477403
  -4.03284417  -5.72682335
  -4.03838923  -5.73427893
  -4.04462151  -5.74197197
  -4.05302728  -5.75222586
  -4.05673918  -5.75691031
  -4.06798888  -5.77087036
  -4.06886479  -5.77184977
  -4.08032936  -5.78655977
  -4.08296995  -5.78950977
  -4.09237471  -5.80150289
  -4.09810923  -5.80897542
  -4.10434259  -5.81666993
  -4.11275101  -5.82692611
  -4.11646357  -5.83161145
  -4.12744007  -5.84579446
  -4.12830844  -5.84677876
  -4.13914706  -5.86126616
  -4.14288046  -5.86593582
  -4.15121724  -5.87624715
  -4.15766543  -5.88379578
  -4.16340709  -5.89115326
  -4.17253024  -5.90255801
  -4.17528705  -5.90632503
  -4.18676342  -5.92104287
  -4.18762449  -5.92201677
  -4.19888652  -5.93598753
  -4.20262059  -5.94065810
  -4.21031802  -5.95075063
  -4.21750879  -5.95939967
  -4.22288577  -5.96610685
  -4.23199252  -5.97748530
  -4.23472127  -5.98127179
  -4.24622723  -5.99600031
  -4.24709646  -5.99697475
  -4.25836392  -6.01094905
  -4.26216319  -6.01554696
  -4.27004274  -6.02547044
  -4.27732962  -6.03504938
  -4.28172127  -6.04084556
  -4.29184606  -6.05402688
  -4.29356042  -6.05603146
  -4.30530222  -6.07051929
  -4.30700364  -6.07259136
  -4.31505817  -6.08593507
  -4.32017336  -6.10082496
  -4.32020873  -6.11563118
  -4.31932304  -6.13050461
  -4.31842795  -6.14542027
  -4.31753293  -6.16033629
  -4.31709394  -6.17529626
  -4.31574489  -6.19016314
  -4.31484828  -6.20508658
  -4.31395352  -6.22000408
  -4.31261524  -6.23482047
  -4.31126209  -6.24968166
  -4.30854321  -6.26449747
  -4.30602456  -6.26963991
  -4.30056097  -6.27867453
  -4.29139537  -6.28885428
  -4.28757792  -6.29330928
  -4.27643787  -6.30446920
  -4.27272452  -6.30818922
  -4.26158455  -6.31934941
  -4.25787123  -6.32306951
  -4.24673134  -6.33422996
  -4.24301804  -6.33795014
  -4.23187823  -6.34911086
  -4.22816496  -6.35283113
  -4.21702523  -6.36399211
  -4.21331199  -6.36771247
  -4.20228641  -6.37907375
  -4.19932478  -6.38263039
  -4.18732207  -6.39468813
  -4.18453717  -6.39747853
  -4.17246935  -6.40957047
  -4.16968448  -6.41236094
  -4.15761674  -6.42445318
  -4.15483188  -6.42724371
  -4.14276482  -6.43933685
  -4.13998050  -6.44212798
  -4.12791513  -6.45422302
  -4.12513083  -6.45701421
  -4.11306554  -6.46910956
  -4.11028125  -6.47190082
  -4.09821604  -6.48399648
  -4.09543177  -6.48678781
  -4.08336664  -6.49888378
  -4.08058239  -6.50167518
  -4.06862246  -6.51395969
  -4.06588758  -6.51679718
  -4.05387929  -6.52776442
  -4.04939842  -6.53149486
  -4.03918368  -6.53856032
  -4.02791041  -6.54595520
  -4.02424707  -6.54789605
  -4.00961215  -6.55532302
  -4.00097470  -6.56081582
  -3.99455652  -6.56456991
  -3.97993169  -6.57231934
  -3.97422411  -6.57582342
  -3.96490031  -6.58129303
  -3.95019668  -6.58903570
  -3.94817489  -6.59060175
  -3.93519794  -6.59801605
  -3.92128481  -6.60536592
  -3.92031627  -6.60621523
  -3.90547204  -6.61380481
  -3.89508914  -6.62026847
  -3.89045097  -6.62306740
  -3.87580842  -6.63054983
  -3.86811253  -6.63521765
  -3.86097547  -6.63917707
  -3.84607565  -6.64726889
  -3.84138026  -6.64995569
  -3.83103695  -6.65578941
  -3.81639543  -6.66426818
  -3.81538017  -6.66504354
  -3.80166136  -6.67178974
  -3.78832664  -6.67982269
  -3.78649914  -6.68080297
  -3.77189006  -6.68823159
  -3.76126482  -6.69467511
  -3.75665344  -6.69751342
  -3.74189997  -6.70577577
  -3.73539895  -6.70947519
  -3.72701939  -6.71413741
  -3.71228207  -6.72158222
  -3.70759329  -6.72428218
  -3.69738406  -6.73017266
  -3.68273526  -6.73774485
  -3.67985556  -6.73941736
  -3.66800467  -6.74381593
  -3.65309961  -6.74841963
  -3.63822499  -6.75305019
  -3.63725109  -6.75383301
  -3.62336006  -6.75763787
  -3.60860604  -6.76180429
  -3.59373190  -6.76643526
  -3.58715886  -6.76885241
  -3.57875425  -6.77149690
  -3.56398406  -6.77569761
  -3.54912577  -6.78004653
  -3.53780521  -6.78355202
  -3.53410433  -6.78453493
  -3.51934074  -6.78926957
  -3.50448756  -6.79329092
  -3.48963031  -6.79764078
  -3.48863980  -6.79831938
  -3.47456770  -6.80304357
  -3.45988476  -6.80690529
  -3.44499344  -6.81088645
  -3.43927795  -6.81321995
  -3.42999549  -6.81601289
  -3.41524852  -6.82015159
  -3.40039279  -6.82450290
  -3.39089859  -6.82790294
  -3.38531528  -6.82973573
  -3.37053439  -6.83394967
  -3.35590986  -6.83763504
  -3.34090054  -6.84116963
  -3.33212858  -6.84219795
  -3.33207911  -6.84235465
         
