# shadow point cont 3D ind 147  size 1200
# norm  0.4043436 -0.9146072  0.0000000
# angle  1.1545353
   3.25190471308835    1.43765203445000   -6.83639244389444
   3.26020413895051    1.44132117224100   -6.83431366076339
   3.27373874923591    1.44730476085415   -6.83203036067435
   3.27464954984938    1.44770742159315   -6.83146592943394
   3.28763302113001    1.45344735420116   -6.82673379094287
   3.30095527104677    1.45933705927746   -6.82255208230159
   3.31466660776338    1.46539877782853   -6.81813793818493
   3.32140958589447    1.46837981727578   -6.81607617383809
   3.32837209857123    1.47145791193038   -6.81366850947470
   3.34186864262132    1.47742467163695   -6.80909871297704
   3.35560208775659    1.48349616421767   -6.80467123559074
   3.36487265169171    1.48759463765946   -6.80176923657823
   3.36919175987830    1.48950409541401   -6.80019068571591
   3.38281235525684    1.49552569763918   -6.79541035160933
   3.39629910630049    1.50148812790289   -6.79128754046660
   3.40979777309257    1.50745582606388   -6.78731665569482
   3.41154685469784    1.50822908695253   -6.78659152824345
   3.42350194358358    1.51351437645976   -6.78224946064154
   3.43723715514216    1.51958664996806   -6.77782332434697
   3.45071592583141    1.52554555215400   -6.77392288524183
   3.45669395411667    1.52818841081210   -6.77218227830636
   3.46443271985901    1.53160968335702   -6.76923350565285
   3.47793688180335    1.53757981089941   -6.76444204931909
   3.49143692695700    1.54354811842767   -6.76052774612917
   3.50093501074015    1.54774717734206   -6.75733687145949
   3.50525452593544    1.54965681503327   -6.75575877390208
   3.51887759762131    1.55567951202246   -6.75098028733401
   3.53236595300105    1.56164265155573   -6.74685877145622
   3.54586509429814    1.56761055949319   -6.74288863194392
   3.54679125692631    1.56802001170784   -6.74227772417616
   3.55969860074646    1.57372628871765   -6.73709404685531
   3.57318745124712    1.57968964714160   -6.73297291557697
   3.58677866703488    1.58569826078556   -6.72809945423969
   3.58851160538229    1.58646438481457   -6.72726499151465
   3.60047170673238    1.59175189030911   -6.72068782121922
   3.61403664942755    1.59774888874034   -6.71311987445023
   3.61572044406361    1.59849328656183   -6.71215879465308
   3.62767054444472    1.60377637067424   -6.70490137567985
   3.64047654368405    1.60943784371356   -6.69749970151849
   3.64140589592644    1.60984870604191   -6.69672779419652
   3.65486987005083    1.61580106673496   -6.68911562486362
   3.66524621883384    1.62038840254403   -6.68284820579673
   3.66863617510840    1.62188708653536   -6.68081974161856
   3.68206712694179    1.62782484822627   -6.67239765732321
   3.68988535550279    1.63128125091583   -6.66781755807608
   3.69572549674622    1.63386315035043   -6.66398438944415
   3.70914401141946    1.63979541363036   -6.65642692356183
   3.71524004530208    1.64249044201731   -6.65307950193468
   3.72308044353759    1.64595664581744   -6.64757306775823
   3.73629764551971    1.65179990968765   -6.64045574531680
   3.73986615195484    1.65337752987921   -6.63804044004376
   3.75019885903951    1.65794557189528   -6.63170249689907
   3.76363333125478    1.66388488993074   -6.62397320680497
   3.76531730649839    1.66462936759800   -6.62301235475345
   3.77721855803275    1.66989085586117   -6.61556497818085
   3.78993214682456    1.67551147466902   -6.60814211441685
   3.79086629793940    1.67592445855668   -6.60739860023319
   3.80446612939655    1.68193688114824   -6.59904130107509
   3.81392264169471    1.68611756150137   -6.59351606730986
   3.81817482655531    1.68799743276300   -6.59068053533557
   3.83149820386401    1.69388763625405   -6.58288611737204
   3.83923377324751    1.69730749570351   -6.57843062635030
   3.84542191962069    1.70004324659654   -6.57415619382831
   3.85877307091653    1.70594572883886   -6.56620631986316
   3.86227397465207    1.70749346218958   -6.56360014938683
   3.87233895660002    1.71194314416087   -6.55580763930769
   3.88015450472218    1.71539836184082   -6.54848230693757
   3.88596471383629    1.71796702841947   -6.54278002397340
   3.89522097219900    1.72205917743386   -6.53338030334564
   3.89954240316034    1.72396966207638   -6.52881837078345
   3.90966601808461    1.72844526541534   -6.51848634657035
   3.91306238636397    1.72994678412433   -6.51476524271652
   3.92336737831355    1.73450257340735   -6.50386727477265
   3.92690342563662    1.73606584357559   -6.50021197266371
   3.93790230464218    1.74092839711702   -6.48895385221131
   3.94044961108131    1.74205454951313   -6.48616316129696
   3.95211345027699    1.74721107887935   -6.47385452643539
   3.95385028789500    1.74797892675785   -6.47204060085093
   3.96656317214769    1.75359923409221   -6.45895845563896
   3.96741228870170    1.75397462459380   -6.45802826832971
   3.98076995580880    1.75987998744614   -6.44476553920348
   3.98163852266850    1.76026397683792   -6.44384699605349
   3.99454309582730    1.76596902895116   -6.43011630255323
   3.99543819555160    1.76636474839967   -6.42919788542250
   4.00796394297087    1.77190232340543   -6.41594499669574
   4.00966220989987    1.77265311936070   -6.41408474722368
   4.02169852087726    1.77797431677903   -6.40125779881551
   4.02346208601022    1.77875398076828   -6.39943635062721
   4.03527223904572    1.78397519480642   -6.38728757806232
   4.03790000623757    1.78513691852920   -6.38455731450814
   4.04893897044139    1.79001719355139   -6.37246640607479
   4.05213235864712    1.79142897570856   -6.36947790396422
   4.06263773459461    1.79607335383034   -6.35868078607148
   4.06610521823020    1.79760631230943   -6.35504522928577
   4.07590338144113    1.80193803495105   -6.34433658922506
   4.08012424745838    1.80380406029688   -6.33963172495773
   4.08845924984187    1.80748892630342   -6.32465621083750
   4.08899180135647    1.80772436486511   -6.32275090526646
   4.09093778327143    1.80858467447006   -6.30975004570283
   4.09090309774967    1.80856934016130   -6.29482636427655
   4.09086848788353    1.80855403929954   -6.27990306961698
   4.09083395367944    1.80853877188763   -6.26498016086753
   4.09079949514381    1.80852353792839   -6.25005763717162
   4.09076511228309    1.80850833742467   -6.23513549767266
   4.09073080510368    1.80849317037932   -6.22021374151407
   4.09069657361201    1.80847803679516   -6.20529236783927
   4.09066241781450    1.80846293667505   -6.19037137579167
   4.09062833771759    1.80844787002181   -6.17545076451467
   4.09057721058264    1.80842526695190   -6.16058846462025
   4.09011384828868    1.80822041662467   -6.14578452980920
   4.08839852002006    1.80746207793006   -6.13104619871058
   4.08767298748103    1.80714132334995   -6.12930202388528
   4.08233490694015    1.80478138263005   -6.11669381022630
   4.07391677038917    1.80105976339254   -6.10354506787208
   4.07238979172955    1.80038469318899   -6.10153943489121
   4.06105337908751    1.79537291758788   -6.08708118331705
   4.06020630646161    1.79499843069746   -6.08613930669439
   4.04987279465245    1.79043003291641   -6.07208316013558
   4.04652845368756    1.78895151524254   -6.06826134928148
   4.03727782204280    1.78486185377413   -6.05699074132430
   4.03279703333289    1.78288091780795   -6.05062039474587
   4.02597667323592    1.77986566815146   -6.04219742737624
   4.01927637474383    1.77690349717523   -6.03350978616202
   4.01429911663068    1.77470307438192   -6.02710788398188
   4.00556953330732    1.77084376596669   -6.01592214435392
   4.00224493623649    1.76937397697707   -6.01169108502282
   3.99196056025053    1.76482730191622   -5.99813639432223
   3.99113710798266    1.76446325747684   -5.99717282577988
   3.97988793683474    1.75949005093681   -5.98243156472453
   3.97809661979165    1.75869811795643   -5.98040081166793
   3.96804484334966    1.75425427407826   -5.96725677881291
   3.96456833718755    1.75271732678192   -5.96284443262318
   3.95606307835408    1.74895719118623   -5.95229242484984
   3.95083423485250    1.74664554365621   -5.94491009748652
   3.94492310940836    1.74403226243477   -5.93762223081469
   3.93733458146663    1.74067740932668   -5.92791749030121
   3.93317072251007    1.73883658653874   -5.92245334742679
   3.92345016760251    1.73453917416912   -5.90955171268642
   3.92177347979722    1.73379791824465   -5.90765410442729
   3.91039387653660    1.72876704827081   -5.89301922086526
   3.90960858856925    1.72841987609219   -5.89202899661042
   3.89889621429548    1.72368398496768   -5.87757231037532
   3.89645128477973    1.72260309293593   -5.87465006065972
   3.88698844197569    1.71841961389543   -5.86264217721962
   3.88263979854319    1.71649709874525   -5.85708770968192
   3.87564906512464    1.71340652783122   -5.84790062313377
   3.86882728145182    1.71039064881843   -5.83951929265557
   3.86366226066673    1.70810721701620   -5.83293394363552
   3.85519884275646    1.70436557909916   -5.82159971897014
   3.85270147803966    1.70326150570752   -5.81806273721235
   3.84162782021896    1.69836589279775   -5.80381114907315
   3.84082268000491    1.69800994403268   -5.80283426360366
   3.82953383551984    1.69301919809378   -5.78813254996955
   3.82769899949945    1.69220802557480   -5.78528384778152
   3.81779371025282    1.68782894300823   -5.77295653480013
   3.81432744892005    1.68629652490356   -5.76836129431781
   3.80588829584032    1.68256561435588   -5.75803149452904
   3.80080344876991    1.68031762698214   -5.75137321487172
   3.79414986382625    1.67737610784963   -5.74284295531049
   3.78721350264848    1.67430957465179   -5.73361531920875
   3.78292342079176    1.67241294930344   -5.72817435142578
   3.77317271802421    1.66810220870435   -5.71532304467458
   3.77152208044530    1.66737246946448   -5.71340251862187
   3.76017667815520    1.66235671958153   -5.69875974002820
   3.75939175296798    1.66200970778634   -5.69777002862701
   3.74867654997401    1.65727256609770   -5.68331822110969
   3.74623374833299    1.65619261478953   -5.68039776197255
   3.73677004427675    1.65200875499341   -5.66839494674589
   3.73242534591179    1.65008798393935   -5.66284371156818
   3.72480731625596    1.64672008825990   -5.65344897115557
   3.71890991231795    1.64411287325285   -5.64585759418363
   3.71306809629552    1.64153023340620   -5.63825870173233
   3.70531041673913    1.63810059915156   -5.62810572119816
   3.70185356222132    1.63657233975628   -5.62360349391647
   3.69143733985320    1.63196737601963   -5.60959555601348
   3.69063255970522    1.63161158643810   -5.60861917434054
   3.67924228552078    1.62657599889819   -5.59410861535761
   3.67739260103665    1.62575826194206   -5.59199412072309
   3.66756729445377    1.62141453934124   -5.57873172644889
   3.66414591165650    1.61990196182957   -5.57416277330144
   3.65570804572477    1.61617162032407   -5.56383778223407
   3.65053687140132    1.61388546807099   -5.55735516518791
   3.64374465138074    1.61088265901213   -5.54889371622410
   3.63681944642881    1.60782105793014   -5.53962962873027
   3.63258044451694    1.60594701478917   -5.53392145168519
   3.62321215776959    1.60180533854403   -5.52189263874829
   3.62077414634251    1.60072750496729   -5.51902887399789
   3.61018753383129    1.59604721253638   -5.50431088463900
   3.60938294351385    1.59569150687806   -5.50333476966559
   3.59828780674165    1.59078639822317   -5.48939531234760
   3.59583382830902    1.58970150570711   -5.48643685939428
   3.58597156910211    1.58534144652210   -5.47399216361446
   3.58249206332276    1.58380317310885   -5.46942832492628
   3.57452830541986    1.58028243257027   -5.45956757199645
   3.56854333484867    1.57763650475967   -5.45190878400012
   3.56269912904248    1.57505280840067   -5.44436449854839
   3.55495481847596    1.57162908451461   -5.43417557697692
   3.55150310771264    1.57010309914941   -5.42936454816759
   3.54119668292464    1.56554667641514   -5.41664714301759
   3.53952202339045    1.56480631717994   -5.41474963450806
   3.52853314154807    1.55994818333812   -5.39954838896250
   3.52783213991777    1.55963827375931   -5.39868588304801
   3.51665612291532    1.55469740832868   -5.38465484463831
   3.51400561255518    1.55352562995637   -5.38099575810460
   3.50536683022843    1.54970646424182   -5.36997435306905
   3.50029406263599    1.54746381714942   -5.36327460647494
   3.49363940624733    1.54452182433603   -5.35480458754773
   3.48693007770592    1.54155566121676   -5.34628660153606
   3.48178401441455    1.53928061043484   -5.33990985096251
   3.47324606021964    1.53550602037107   -5.32857498904928
   3.47069765698074    1.53437938308485   -5.32498526870416
   3.45951439049042    1.52943531268915   -5.31099430124073
   3.45869221276417    1.52907183171874   -5.31003249560682
   3.44756410172677    1.52415214529369   -5.29508591537265
   3.44575420782076    1.52335199956813   -5.29237914858935
   3.43630898609908    1.51917631072665   -5.28042571673754
   3.43225810965813    1.51738543698635   -5.27542379275935
   3.42458823155055    1.51399461934616   -5.26526205883187
   3.41858785013071    1.51134187847064   -5.25785275653675
   3.41263101799378    1.50870839053169   -5.25032651576280
   3.40488903706729    1.50528569656872   -5.24014225476400
   3.40078582558423    1.50347168574834   -5.23544211869437
   3.39161439342916    1.49941703800805   -5.22297217149563
   3.38984052149509    1.49863281742969   -5.22023103281470
   3.37835789693132    1.49355640221417   -5.20581989891503
   3.37752093580183    1.49318638556955   -5.20487165367566
   3.36641738482038    1.48827755703166   -5.19089605881774
   3.36392230136697    1.48717449217602   -5.18792294948739
   3.35465992246005    1.48307963729734   -5.17571594396238
   3.35046490984435    1.48122504162077   -5.17003266952352
   3.34299367518052    1.47792204332839   -5.16057807345244
   3.33676525002735    1.47516848537301   -5.15247153329031
   3.33104695739441    1.47264045464559   -5.14564391496146
   3.32328613415201    1.46920943058190   -5.13550064993815
   3.31991374131345    1.46771851130440   -5.13065422108781
   3.30948688047344    1.46310884434853   -5.11701917832967
   3.30866503405988    1.46274550984992   -5.11605783626382
   3.29754769021196    1.45783058354955   -5.10111945665742
   3.29594003650353    1.45711984728003   -5.09930229255034
   3.28563460555978    1.45256386391972   -5.08621228226073
   3.28216704084711    1.45103086959682   -5.08162348919143
   3.27373187516678    1.44730172185998   -5.07131017890962
   3.26868005342401    1.44506833483085   -5.06466868802807
   3.26202704304298    1.44212706970982   -5.05615067445181
   3.25544398827424    1.43921673164147   -5.04753882475996
   3.25034818947077    1.43696390255718   -5.04102495290063
   3.24134033225660    1.43298157054177   -5.02940184661407
   3.23884435331342    1.43187810979424   -5.02658614105525
   3.22827634552028    1.42720604242316   -5.01185813771556
   3.22741676361590    1.42682602523857   -5.01078644706634
   3.21601767533038    1.42178654102534   -4.99649625910877
   3.21413187175192    1.42095283598465   -4.99396285990432
   3.20408485467957    1.41651109620178   -4.98157580066414
   3.20059758411482    1.41496939001282   -4.97701514851746
   3.19277865932154    1.41151267952219   -4.96690690501392
   3.18690620230791    1.40891649343503   -4.95933161352478
   3.18090398667313    1.40626294166157   -4.95201961761339
   3.17309540675428    1.40281080459208   -4.94180564595739
   3.16915411811060    1.40106837911014   -4.93683660089752
   3.15968657081268    1.39688282023465   -4.92387694578514
   3.15808282319579    1.39617381083013   -4.92193216977339
   3.14677073185076    1.39117278756195   -4.90725966800376
   3.14593845036866    1.39080483976780   -4.90623683353337
   3.13568190737086    1.38627046954229   -4.89234158998531
   3.13221385619297    1.38473726015537   -4.88775451883597
   3.12377953185189    1.38100848437072   -4.87744557701799
   3.11861597941431    1.37872570171814   -4.87097386714604
   3.11184248011559    1.37573116900384   -4.86252804934368
   3.10514493081643    1.37277021343309   -4.85402101125670
   3.09997240168467    1.37048346222553   -4.84764851023239
   3.09148209664257    1.36672993763185   -4.83633170169129
   3.08889779057905    1.36558742787290   -4.83274123159245
   3.07796371595924    1.36075352405071   -4.81853887805157
   3.07718612694522    1.36040975554376   -4.81760110638891
   3.06584819488243    1.35539730821376   -4.80289724927742
   3.06401898744400    1.35458862406484   -4.80017784700139
   3.05394435746174    1.35013467674220   -4.78800227064284
   3.05044854140024    1.34858919262864   -4.78339772339684
   3.04224371169731    1.34496187536216   -4.77284582433132
   3.03699384849188    1.34264093511828   -4.76551810657091
   3.03098026737557    1.33998235871800   -4.75820799968452
   3.02333494450236    1.33660239683336   -4.74783180610321
   3.01926276484921    1.33480210504147   -4.74305885687725
   3.00963771526652    1.33054691513429   -4.73121105210897
   3.00713585414521    1.32944085390301   -4.72839710281062
   2.99683102056682    1.32488513463516   -4.71343553797093
   2.99606236279987    1.32454531459123   -4.71256348375396
   2.98494286750555    1.31962943714636   -4.69855919764528
   2.98251029504863    1.31855400811317   -4.69564687464168
   2.97304002715131    1.31436724647326   -4.68366824331771
   2.96883143981000    1.31250664947329   -4.67797342746212
   2.96134955629701    1.30919894337394   -4.66852109127720
   2.95547338637987    1.30660111582932   -4.66099369933022
   2.94967501431556    1.30403768235564   -4.65339578605653
   2.94188219942707    1.30059251493316   -4.64327374937739
   2.93835967243767    1.29903522204191   -4.63871329256177
   2.92809391874695    1.29449677981166   -4.62478706498475
   2.92730253258668    1.29414691165016   -4.62384825155517
   2.91597944971668    1.28914102907962   -4.60915152543417
   2.91436415410499    1.28842691436001   -4.60718333727285
   2.90407609137685    1.28387860940749   -4.59426251172081
   2.90058558903754    1.28233547446594   -4.58966043372946
   2.89215234624473    1.27860717682878   -4.57935793799888
   2.88712344692790    1.27638392369814   -4.57272704663331
   2.88047047956061    1.27344267759330   -4.56421963853032
   2.87354522921446    1.27038105644273   -4.55501407564992
   2.86855904346600    1.26817668678313   -4.54934831156604
   2.85983464700925    1.26431967145765   -4.53933672321896
   2.85557945534886    1.26243847090374   -4.53468011044883
   2.84611795400031    1.25825558491451   -4.52557626563252
   2.84013694483171    1.25561140842167   -4.52002997956299
   2.83233213119158    1.25216093640658   -4.51280720675200
   2.82460333679805    1.24874407214885   -4.50535190054556
   2.81888363946660    1.24621542041071   -4.50042817091564
   2.80780643995603    1.24131824173623   -4.49022261881970
   2.80517020096993    1.24015277267239   -4.48740753711154
   2.79186934335911    1.23427252503563   -4.47596950754791
   2.79097687835681    1.23387797038553   -4.47509488781508
   2.77792504363455    1.22810781461613   -4.46343856522492
   2.77518410573322    1.22689605864607   -4.46062789700404
   2.76444543889712    1.22214854370135   -4.45105988249051
   2.75846495743328    1.21950460050434   -4.44551474287327
   2.75086909427077    1.21614650452907   -4.43894069006144
   2.74161169758263    1.21205385226628   -4.43037642909809
   2.73721568817050    1.21011039683556   -4.42591667828604
   2.72613945005060    1.20521364318745   -4.41571322186942
   2.72368476303365    1.20412843740954   -4.41378105734576
   2.71017232699189    1.19815465192695   -4.40147500636779
   2.70929345386867    1.19776610618373   -4.40057930612803
   2.69646537826551    1.19209487328606   -4.38956799969261
   2.69216155338813    1.19019217221183   -4.38591715835544
   2.68295029078302    1.18611991561379   -4.37724827025558
   2.67602004598893    1.18305608644088   -4.37101945882128
   2.66936019973910    1.18011179921388   -4.36513126506388
   2.65995645021736    1.17595444504019   -4.35587852472754
   2.65577151088990    1.17410430271777   -4.35208215044496
   2.64366808949496    1.16875343609422   -4.34122204768232
   2.64207428172524    1.16804882105017   -4.34003145568669
   2.62873279040969    1.16215060944046   -4.32764764030797
   2.62697874303669    1.16137515320886   -4.32583343805392
   2.61501788179735    1.15608731177080   -4.31571161906759
   2.60981296264810    1.15378624108630   -4.31120489397922
   2.60135802078480    1.15004835039043   -4.30365361438466
   2.59362853540915    1.14663118065269   -4.29629398630776
   2.58757909520628    1.14395675111608   -4.29088026298668
   2.57746191528534    1.13948399266233   -4.28139210330302
   2.57393383213270    1.13792424341701   -4.27786169450599
   2.56104379540621    1.13222561779327   -4.26696373019602
   2.56013910139301    1.13182565675400   -4.26611345090826
   2.54652840751943    1.12580843193838   -4.25393149165046
   2.54406968614781    1.12472144259093   -4.25181805182074
   2.53310221686186    1.11987277514128   -4.24156008458524
   2.52799588357802    1.11761528881195   -4.23694960842013
   2.51938086966565    1.11380663100347   -4.22972768233695
   2.51095171638493    1.11008014132068   -4.22204605030911
   2.50589321354356    1.10784380060876   -4.21735758921639
   2.49481951772961    1.10294817090236   -4.20715983052102
   2.49215287728412    1.10176926149392   -4.20459751157213
   2.47903570221335    1.09597021905862   -4.19270556038187
   2.47817586718218    1.09559008996786   -4.19178092602194
   2.46531654012994    1.08990504094907   -4.17983833811424
   2.46200212896717    1.08843975510230   -4.17694105692387
   2.45155582953959    1.08382149443676   -4.16799598768601
   2.44550582498665    1.08114681540359   -4.16248447665798
   2.43770154976878    1.07769658142249   -4.15526918526040
   2.42933002400824    1.07399556859987   -4.14758762834491
   2.42427128085574    1.07175912164751   -4.14290010950723
   2.41237610892145    1.06650032114741   -4.13270924892948
   2.41058867870249    1.06571010651400   -4.13082008667904
   2.39724396342957    1.05981046960765   -4.11847587026199
   2.39634957620422    1.05941506515163   -4.11755980974276
   2.38353031434932    1.05374772877131   -4.10658002942797
   2.37922882162788    1.05184605873243   -4.10293186817608
   2.36987851654156    1.04771233209648   -4.09450378208081
   2.36303355408545    1.04468620585079   -4.08803346020179
   2.35610319344623    1.04162232546329   -4.08175320592200
   2.34686681991623    1.03753896744148   -4.07314040217887
   2.34267557253714    1.03568603635860   -4.06938084197144
   2.33073491497407    1.03040712687238   -4.05825993191624
   2.32917415386809    1.02971712160554   -4.05723533318264
   2.31548695698743    1.02366607516430   -4.04518418716157
   2.31368556654613    1.02286968878116   -4.04335126117220
   2.30168573454828    1.01756461855098   -4.03243919380975
   2.29743588748623    1.01568578081928   -4.02871750410983
   2.28807486664359    1.01154731679701   -4.02034322061577
   2.28077099338676    1.00831830820867   -4.01338238310441
   2.27470649781722    1.00563722276407   -4.00796106980328
   2.26444639616507    1.00110127927393   -3.99871802377707
   2.26109489642905    0.99961959674045   -3.99587213629526
   2.24828410111257    0.99395600337760   -3.98382901712872
   2.24739156003543    0.99356141509517   -3.98287903406598
   2.23409875832606    0.98768472893518   -3.97140791496600
   2.23142992271701    0.98650484905508   -3.96895830449970
   2.22047893613028    0.98166346853053   -3.95933552007230
   2.21435820467415    0.97895752146055   -3.95407668896782
   2.20655661351477    0.97550847408930   -3.94778086924899
   2.19632721363227    0.97098610370954   -3.93940916619954
   2.19292807086237    0.96948335841111   -3.93661831999794
   2.17957183924564    0.96357863018242   -3.92699709081614
   2.17611868770899    0.96205200785799   -3.92430588529422
   2.16597395655388    0.95756706913103   -3.91676500771691
   2.15656283532225    0.95340645595850   -3.90941893198514
   2.15219541419519    0.95147563927640   -3.90591441900448
   2.13858723728631    0.94545952719924   -3.89568251922127
   2.13693146271009    0.94472751691661   -3.89449899324162
   2.12520326290948    0.93954253402461   -3.88605648641781
   2.11746102267439    0.93611972542251   -3.87964652727098
   2.11143850809356    0.93345719957887   -3.87521218423321
   2.09812900033902    0.92757312775357   -3.86539222978463
   2.09721499341665    0.92716904952024   -3.86449907479347
   2.08425018561311    0.92143736794912   -3.85474801929604
   2.07824719678999    0.91878347435267   -3.85010286185428
   2.07063014395358    0.91541601052057   -3.84451982829830
   2.05870679414101    0.91014475271079   -3.83522072752386
   2.05714503010723    0.90945430405421   -3.83426266125021
   2.04363061547197    0.90347964384459   -3.82467232433971
   2.03843584051864    0.90118305786219   -3.82011060806291
   2.02986950721669    0.89739592152644   -3.81382405939824
   2.01891144139490    0.89255141130481   -3.80523483339130
   2.01641397049855    0.89144729097168   -3.80330047324435
   2.00269127730960    0.88538055177670   -3.79336211432270
   1.99921993320511    0.88384588660216   -3.79057691193382
   1.98923036007066    0.87942954251858   -3.78283981742133
   1.97984947554744    0.87528229685499   -3.77547913236232
   1.97548104231263    0.87335103272474   -3.77197642570972
   1.96191517427925    0.86735362520576   -3.76267282680608
   1.95939074084825    0.86623758486076   -3.76056269486797
   1.94847323607153    0.86141100648957   -3.75214079642526
   1.93993534357270    0.85763644370135   -3.74572319273219
   1.93488236425675    0.85540254491447   -3.74191171357915
   1.92114126488136    0.84932766842959   -3.73198595197522
   1.92010787026487    0.84887080944882   -3.73103747721297
   1.90769281831410    0.84338217239774   -3.72145980907322
   1.90084830946402    0.84035624668919   -3.71596347227083
   1.89428904766135    0.83745642738109   -3.71095411704969
   1.88133229923861    0.83172830882496   -3.70109254159245
   1.88040194555782    0.83131700376532   -3.70012148535019
   1.86697037935292    0.82537897046361   -3.69074041896596
   1.86107217653518    0.82277140227553   -3.68600599283204
   1.85337564488230    0.81936880122623   -3.68051726352869
   1.84223371691877    0.81444300640205   -3.67133032670673
   1.83973682117158    0.81333914033970   -3.66939661254237
   1.82600946218178    0.80727033841575   -3.65946376989935
   1.82200256529589    0.80549890783334   -3.65624319913129
   1.81278316749081    0.80142305470101   -3.64954193575845
   1.80234516544920    0.79680846227144   -3.64159033921120
   1.79884499616832    0.79526105361973   -3.63900884646769
   1.78521001418472    0.78923309114299   -3.62878736748851
   1.78273995656408    0.78814109009227   -3.62667322902025
   1.77164478214883    0.78323596479557   -3.61856004491565
   1.76324599321808    0.77952289905148   -3.61182807903974
   1.75822158584725    0.77730163178940   -3.60802895450046
   1.74477507027907    0.77135698944331   -3.59758772578462
   1.74320944053001    0.77066483177188   -3.59642811060325
   1.73108107738109    0.76530293851424   -3.58754972684497
   1.72348766472526    0.76194592589664   -3.58187960405994
   1.71747768349497    0.75928894098931   -3.57733913301745
   1.70402221173725    0.75334033915326   -3.56782918642466
   1.70313338208653    0.75294739167528   -3.56694845112955
   1.69012810286151    0.74719781787590   -3.55720952726130
   1.68343568651426    0.74423913155945   -3.55234436769067
   1.67671787649808    0.74126921881941   -3.54759470420339
   1.66317042908743    0.73527995497255   -3.53919018250583
   1.66132239141785    0.73446294606552   -3.53767542240117
   1.64958254188816    0.72927281288217   -3.53082743195560
   1.63676799268150    0.72360755994183   -3.52261162969726
   1.63585042623387    0.72320190805884   -3.52187287697816
   1.62226671603256    0.71719661259994   -3.51443554315107
   1.61285917737669    0.71303758326758   -3.50794322655168
   1.60863140694488    0.71116850551200   -3.50515284052514
   1.59509787756499    0.70518539476217   -3.49770444627619
   1.58834744303777    0.70220105887668   -3.49285228447999
   1.58148525800892    0.69916731861123   -3.48841801725824
   1.56792980152655    0.69317451399081   -3.48097413913760
   1.56437226059829    0.69160174159912   -3.47840200561990
   1.55447357371133    0.68722557790522   -3.47229192539437
   1.54076247974599    0.68116396667336   -3.46424461667093
   1.53971289042796    0.68069994808993   -3.46330602392210
   1.52716308106970    0.67515173541223   -3.45588462789006
   1.51608826008851    0.67025560827458   -3.44845703360152
   1.51351867713698    0.66911960753536   -3.44660012248564
   1.50001289343319    0.66314876302062   -3.43915179314741
   1.49157887776992    0.65942012370100   -3.43337463237609
   1.48657998917793    0.65721013817303   -3.43044638407180
   1.47284742154580    0.65113903353239   -3.42242421019035
   1.46696784450944    0.64853969971611   -3.41850952116127
   1.45926495866471    0.64513428950798   -3.41406070649716
   1.44565447766492    0.63911715880288   -3.40570429934467
   1.44306309236490    0.63797151934622   -3.40385072614283
   1.43208328537787    0.63311739745598   -3.39733884700613
   1.41932320819572    0.62747622634577   -3.38898100892956
   1.41833438433584    0.62703907189036   -3.38803182864036
   1.40493689869224    0.62111610544718   -3.38060859701839
   1.39471445269217    0.61659680934669   -3.37411255159874
   1.39135532794154    0.61511175582950   -3.37224604236280
   1.37774709088133    0.60909561715971   -3.36389004684435
   1.37020143773111    0.60575971879867   -3.35903923527205
   1.36433143712122    0.60316461867625   -3.35519769076558
   1.35078249550262    0.59717469424696   -3.34771686369626
   1.34559741152980    0.59488239260223   -3.34418177086959
   1.33701177278437    0.59108672141920   -3.33880240696056
   1.32342432301188    0.58507977271318   -3.33044203162893
   1.32183287004651    0.58437619871724   -3.32931795318216
   1.31003310124416    0.57915957550056   -3.32264544218994
   1.29805217887545    0.57386286512997   -3.31443786271071
   1.29642016279675    0.57314135836923   -3.31340175016724
   1.28287977625149    0.56715521609831   -3.30590963381289
   1.27252457914813    0.56257723134898   -3.29977781406901
   1.26912979912283    0.56107641479976   -3.29791966600046
   1.25552071197373    0.55505990030960   -3.29408985485664
   1.24205759692216    0.54910791940868   -3.29266182283309
   1.22857772920825    0.54314853223321   -3.29262918177367
   1.21500476927126    0.53714798941645   -3.29262251917494
   1.20143188852461    0.53114748160937   -3.29261593059623
   1.18785908615117    0.52514700845072   -3.29260941603742
   1.17428636133381    0.51914656957926   -3.29260297549839
   1.16071371325541    0.51314616463374   -3.29259660897904
   1.14714114109884    0.50714579325290   -3.29259031647926
   1.13356864404697    0.50114545507551   -3.29258409799893
   1.11999622128267    0.49514514974031   -3.29257795353793
   1.10642387198882    0.48914487688605   -3.29257188309616
   1.09285159534828    0.48314463615149   -3.29256588667350
   1.07921451435678    0.47711574571307   -3.29212346460605
   1.06579503825939    0.47118305739197   -3.29251627536791
   1.05213417437467    0.46514365264645   -3.29191169048307
   1.03856218478344    0.45914353881506   -3.29190735199290
   1.02489940525881    0.45310328717399   -3.29163456341319
   1.01141964097123    0.44714394572282   -3.29206752370104
   0.99784784786157    0.44114391875503   -3.29206204569930
   0.98427504619349    0.43514344590822   -3.29159264658011
   0.97070339058449    0.42914347972883   -3.29158731766140
   0.95713179945778    0.42314354205676   -3.29158206274216
   0.94356027199620    0.41714363253075   -3.29157688182229
   0.92998880738264    0.41114375078956   -3.29157177490167
   0.91641740479997    0.40514389647193   -3.29156674198019
   0.90284606343104    0.39914406921663   -3.29156178305774
   0.88927478245873    0.39314426866238   -3.29155689813421
   0.87570356106591    0.38714449444796   -3.29155208720949
   0.86213239843544    0.38114474621210   -3.29154735028346
   0.84856129375020    0.37514502359355   -3.29154268735601
   0.83499024619304    0.36914532623106   -3.29153809842704
   0.82141925494683    0.36314565376339   -3.29153358349642
   0.80784738549972    0.35714559304716   -3.29091665337049
   0.79427650926970    0.35114597142761   -3.29091361110969
   0.78070661090258    0.34514678211673   -3.29152048269362
   0.76713583672884    0.33914720561579   -3.29151626375534
   0.75356420054623    0.33314724802471   -3.29090491649351
   0.73990546553881    0.32710878444600   -3.29060524247652
   0.72642304546984    0.32114826888617   -3.29057614065296
   0.71295634078292    0.31519470102405   -3.29087813430810
   0.69928183832931    0.30914926673030   -3.29089433249198
   0.68562382699414    0.30311112308374   -3.29058965780141
   0.67214107095179    0.29715045899163   -3.29056089667539
   0.65857069562928    0.29115105882097   -3.29055727062755
   0.64500036599530    0.28515167884900   -3.29055371855812
   0.63143008123270    0.27915231871447   -3.29055024046698
   0.61785984052437    0.27315297805612   -3.29054683635401
   0.60387299649007    0.26696945899404   -3.28992034804347
   0.59071948800192    0.26115435372296   -3.29054025006219
   0.57714937455353    0.25515506932564   -3.29053706788310
   0.56357930189085    0.24915580295950   -3.29053395968175
   0.55000926919674    0.24315655426327   -3.29053092545803
   0.53643844138841    0.23715695405073   -3.28994159063589
   0.52278251841726    0.23111973366024   -3.28962210931201
   0.50929868689318    0.22515859410263   -3.28959437079512
   0.49572799097797    0.21915905219942   -3.28900910178874
   0.48226186814227    0.21320574157105   -3.28991676954187
   0.46850360587480    0.20712327745095   -3.28961128795193
   0.45501939068866    0.20116196827812   -3.28958386404463
   0.44144965226001    0.19516284967529   -3.28958142225286
   0.42787994644606    0.18916374549128   -3.28957905441921
   0.41431027242969    0.18316465536482   -3.28957676054358
   0.40084318493581    0.17721091826553   -3.28990993343481
   0.38708624632624    0.17112903932847   -3.28959728687765
   0.37360143299461    0.16516746571828   -3.28957032266365
   0.36003187799713    0.15916842820953   -3.28956832461897
   0.34646235071152    0.15316940295206   -3.28956640053175
   0.33289209386762    0.14717005516025   -3.28899730370858
   0.31932337600735    0.14117138774599   -3.28956277422927
   0.30575318107100    0.13517206732322   -3.28899634980790
   0.29218450234497    0.12917341721002   -3.28955944375532
   0.27861510136159    0.12317444779019   -3.28955788945378
   0.26504572318724    0.11717548845413   -3.28955640910905
   0.25147636700475    0.11117653884056   -3.28955500272102
   0.23790631274557    0.10517728061052   -3.28899523173263
   0.22433700345732    0.09917835172868   -3.28899522534084
   0.21068472199842    0.09314274123392   -3.28864821248898
   0.19719852059381    0.08718055396309   -3.28862223291501
   0.18362926605481    0.08118164928564   -3.28862119657195
   0.17006002860529    0.07518275216337   -3.28862023416643
   0.15649080742810    0.06918386223503   -3.28861934569832
   0.14292160170610    0.06318497913935   -3.28861853116753
   0.12935241062215    0.05718610251508   -3.28861779057394
   0.11578323335910    0.05118723200097   -3.28861712391744
   0.10221406909981    0.04518836723577   -3.28861653119794
   0.08864491702713    0.03918950785820   -3.28861601241531
   0.07507512221712    0.03319036432944   -3.28807205445751
   0.06150599756632    0.02719151707497   -3.28807291838512
   0.04793752575731    0.02119295843883   -3.28861489968761
   0.03436777668759    0.01519383513163   -3.28807486381827
   0.02079867882531    0.00919499972024   -3.28807594534170
   0.00722958825820    0.00319616753400   -3.28807709941486
  -0.00642042869573   -0.00283844183358   -3.28771151520419
  -0.01990852099283   -0.00880146505924   -3.28768664291413
  -0.03339979144479   -0.01476589333247   -3.28857886440850
  -0.04704671740199   -0.02079913618469   -3.28808244138020
  -0.06069620378927   -0.02683351099121   -3.28771229449073
  -0.07408429841824   -0.03275232571026   -3.28806614535275
  -0.08783407388189   -0.03883103785363   -3.28771313010017
  -0.10132292839976   -0.04479439805357   -3.28768863133895
  -0.11489199177945   -0.05079321822037   -3.28768922145231
  -0.12846105604635   -0.05679203877940   -3.28768988548231
  -0.14203012201761   -0.06279086009192   -3.28769062342884
  -0.15559919051037   -0.06878968251919   -3.28769143529179
  -0.16916826234180   -0.07478850642247   -3.28769232107105
  -0.18281715064557   -0.08082261681904   -3.28679047568884
  -0.19620697120549   -0.08674219456417   -3.28715568683000
  -0.20987550603949   -0.09278499060089   -3.28769542190563
  -0.22352401060627   -0.09881893134911   -3.28679384662611
  -0.23701419901837   -0.10478288125752   -3.28676997587754
  -0.25048358975054   -0.11073763660781   -3.28716530317496
  -0.26415244049796   -0.11678057230839   -3.28718755469343
  -0.27772156267631   -0.12277941846981   -3.28719023430051
  -0.29136893660376   -0.12881285936761   -3.28680095103232
  -0.30485982310839   -0.13477711789950   -3.28677735957468
  -0.31842898163797   -0.14077598013163   -3.28677905800440
  -0.33199815331142   -0.14677484817460   -3.28678083033063
  -0.34556733894589   -0.15277372238967   -3.28678267655327
  -0.35913653935854   -0.15877260313811   -3.28678459667221
  -0.37270575536651   -0.16477149078117   -3.28678659068735
  -0.38627498778696   -0.17077038568011   -3.28678865859857
  -0.39984423743703   -0.17676928819619   -3.28679080040577
  -0.41341350513389   -0.18276819869067   -3.28679301610885
  -0.42698279169468   -0.18876711752480   -3.28679530570769
  -0.43291979684212   -0.19139184004339   -3.28629818256330
  -0.44055297355260   -0.19476643216565   -3.28556948505322
  -0.44988143853878   -0.19889050339434   -3.28630267428070
  -0.45412142467666   -0.20076498165707   -3.28680010659226
  -0.46769077273216   -0.20676392767773   -3.28680261787777
  -0.48131015520104   -0.21278499368116   -3.28636854879943
  -0.49482954673218   -0.21876185415343   -3.28634390117856
  -0.49567804759875   -0.21913697246245   -3.28588013829669
  -0.50839978014779   -0.22476119158770   -3.28539116689743
  -0.52196921169724   -0.23076017452065   -3.28539515577113
  -0.53553866863652   -0.23675916867833   -3.28539921744137
  -0.54910815178279   -0.24275817442199   -3.28540335191449
  -0.56267766195323   -0.24875719211292   -3.28540755919673
  -0.57632274584580   -0.25478962059689   -3.28499520807541
  -0.58971864174262   -0.26071188422037   -3.28539596710629
  -0.60346165235623   -0.26678760565483   -3.28500168776537
  -0.61695601755999   -0.27275340210351   -3.28497932361206
  -0.63042773704500   -0.27870918698467   -3.28540909374914
  -0.64417024119752   -0.28478468451502   -3.28501196433392
  -0.65756741440839   -0.29070751283313   -3.28541608527726
  -0.67130946266168   -0.29678280881254   -3.28501918673503
  -0.68480464327349   -0.30274896574935   -3.28499704381740
  -0.69837447076463   -0.30874812372629   -3.28500080942876
  -0.71194433427861   -0.31474729762876   -3.28500464889665
  -0.72551423463258   -0.32074648781802   -3.28500856222095
  -0.73908417264369   -0.32674569465533   -3.28501254940156
  -0.75265414912910   -0.33274491850195   -3.28501661043838
  -0.76627147548039   -0.33876507550529   -3.28458460191204
  -0.77972420966269   -0.34471246707192   -3.28498904740391
  -0.79336459762001   -0.35074281950464   -3.28456234347871
  -0.80698138051530   -0.35676273624859   -3.28459754819128
  -0.82050496549601   -0.36274145062553   -3.28411011237623
  -0.83407518600651   -0.36874078235451   -3.28411461542264
  -0.84764545071068   -0.37474013362131   -3.28411919230602
  -0.86121576042568   -0.38073950478719   -3.28412384302624
  -0.87478587260799   -0.38673878862478   -3.28459249906668
  -0.88835651815674   -0.39273830826120   -3.28413336597685
  -0.90192696780712   -0.39873774129187   -3.28413823820702
  -0.91549746573694   -0.40473719566665   -3.28414318427362
  -0.92906801276336   -0.41073667174681   -3.28414820417656
  -0.94263860970352   -0.41673616989360   -3.28415329791573
  -0.95620925737460   -0.42273569046830   -3.28415846549103
  -0.96977995659374   -0.42873523383216   -3.28416370690234
  -0.98335070817810   -0.43473480034644   -3.28416902214958
  -0.99692151294484   -0.44073439037240   -3.28417441123263
  -1.01049237171112   -0.44673400427131   -3.28417987415138
  -1.02413226778595   -0.45276413924505   -3.28334323700820
  -1.03763461265565   -0.45873346346714   -3.28279909519712
  -1.05097137018634   -0.46462958229245   -3.28400612865120
  -1.06477652167947   -0.47073277592236   -3.28373852938017
  -1.07845252965803   -0.47677887580173   -3.28287235565416
  -1.09191905449409   -0.48273236415261   -3.28282226565491
  -1.10549031220642   -0.48873215442372   -3.28282824278840
  -1.11906163045414   -0.49473197145725   -3.28283429372930
  -1.13263301005443   -0.50073181561447   -3.28284041847752
  -1.14620445182443   -0.50673168725663   -3.28284661703294
  -1.15967708257824   -0.51268787500550   -3.28373962907685
  -1.17303616326854   -0.51859386279644   -3.28579763450504
  -1.17531820720638   -0.51960274386751   -3.28658698205404
  -1.18629374489003   -0.52445497831847   -3.29045290258087
  -1.19944649081248   -0.53026974646278   -3.29758481069015
  -1.20644187397477   -0.53336237300702   -3.30159903911388
  -1.21322723632470   -0.53636215032140   -3.30531450275109
  -1.22657602784839   -0.54226358931936   -3.31265645671389
  -1.23188696525203   -0.54461153018382   -3.31646005472761
  -1.24043176408474   -0.54838914623031   -3.32189451862664
  -1.25388118387439   -0.55433507251927   -3.32939802072066
  -1.25644741346206   -0.55546959075184   -3.33121265706889
  -1.26757420493876   -0.56038869380520   -3.33768464518771
  -1.28088683861544   -0.56627414758622   -3.34520307436819
  -1.28175728678031   -0.56665896869431   -3.34609320027537
  -1.29478408709035   -0.57241805686585   -3.35354652195793
  -1.30723853549097   -0.57792411090520   -3.36095329008904
  -1.30811255391771   -0.57831051040956   -3.36183583506684
  -1.32200136045096   -0.58445068754583   -3.37008103841914
  -1.33190521346381   -0.58882913516008   -3.37573657995356
  -1.33526977175213   -0.59031659081915   -3.37764653026667
  -1.34900488807111   -0.59638882222246   -3.38598671564443
  -1.35657744310293   -0.59973661378095   -3.39056703056915
  -1.36252034293059   -0.60236394231040   -3.39427297008460
  -1.37598687595681   -0.60831743428211   -3.40179969928550
  -1.38287149600583   -0.61136109296622   -3.40563666697355
  -1.38972226579547   -0.61438978660721   -3.41013995273586
  -1.40315796230928   -0.62032964589939   -3.41762820671402
  -1.40742028482612   -0.62221399897196   -3.42040166976219
  -1.41681168892771   -0.62636589529250   -3.42678712953061
  -1.43027848727250   -0.63231950456032   -3.43431555893716
  -1.43196151002877   -0.63306356113732   -3.43526956982130
  -1.44401424946821   -0.63839202150274   -3.44265591595472
  -1.45663357018399   -0.64397096483014   -3.45005141513406
  -1.45751534967426   -0.64436079546479   -3.45091730625601
  -1.47116124310069   -0.65039358183994   -3.45845091961813
  -1.48291088537347   -0.65558804434972   -3.46499345177130
  -1.48459790652977   -0.65633386860089   -3.46594127153159
  -1.49831644873027   -0.66239877266307   -3.47505625168919
  -1.50760636760708   -0.66650580283507   -3.47989719996640
  -1.51188290031427   -0.66839643816708   -3.48260868640508
  -1.52545385381158   -0.67439609394614   -3.49086041306740
  -1.53224428033255   -0.67739811010712   -3.49468814706986
  -1.53903151605309   -0.68039871562998   -3.49840537656946
  -1.55239344140525   -0.68630596103277   -3.50670732247236
  -1.55763024099365   -0.68862112591198   -3.50970087663660
  -1.56618073986552   -0.69240126191942   -3.51513080330689
  -1.57957377000941   -0.69832225860678   -3.52255703313720
  -1.58293226928423   -0.69980703560400   -3.52447750923531
  -1.59333069803096   -0.70440413286292   -3.53092887796923
  -1.60651473982487   -0.71023273676728   -3.53844254232914
  -1.60737974710760   -0.71061515248654   -3.53934643910842
  -1.62040854154842   -0.71637512225407   -3.54944738673452
  -1.62796521552809   -0.71971589287285   -3.55409920162038
  -1.63395875028009   -0.72236560686818   -3.55864982855390
  -1.64734923360562   -0.72828547761892   -3.56722581112742
  -1.64909289940830   -0.72905634420629   -3.56900693571313
  -1.66102536383814   -0.73433163154620   -3.57821046259769
  -1.66959102711240   -0.73811847166581   -3.58391069096127
  -1.67473143607537   -0.74039102269529   -3.58753167048818
  -1.68812184868825   -0.74631086218430   -3.59678108549409
  -1.69065543391610   -0.74743094849637   -3.59865795882706
  -1.70184123619367   -0.75237613995188   -3.60696687299744
  -1.71108952310922   -0.75646476482634   -3.61352121553214
  -1.71530448396563   -0.75832817952787   -3.61635498416701
  -1.72885321086078   -0.76431800902891   -3.62651645270676
  -1.73217938041076   -0.76578849320430   -3.62848000913815
  -1.74261589959955   -0.77040243007149   -3.63585273090441
  -1.75270595434527   -0.77486319661072   -3.64325350403990
  -1.75614562680909   -0.77638385989939   -3.64596415374363
  -1.76954777100748   -0.78230888586810   -3.65521893776382
  -1.77387669343729   -0.78422268245419   -3.65824396340665
  -1.78330827330477   -0.78839234029502   -3.66550896974320
  -1.79421570745188   -0.79321446648744   -3.67300098984504
  -1.79675505617674   -0.79433710081487   -3.67487014332097
  -1.81038645363517   -0.80036347858961   -3.68341932322513
  -1.81637246596269   -0.80300986695587   -3.68804037378662
  -1.82424903749106   -0.80649206280148   -3.69408176467709
  -1.83659993353653   -0.81195233682353   -3.70274513769965
  -1.83747251471348   -0.81233810092640   -3.70363832830036
  -1.85113252725859   -0.81837712929862   -3.71305546520581
  -1.85790299902832   -0.82137032355636   -3.71771219256608
  -1.86478835478266   -0.82441430749239   -3.72312103825510
  -1.87814547549870   -0.83031942878777   -3.73168305864666
  -1.87901639816965   -0.83070445967281   -3.73257756747365
  -1.89190155866450   -0.83640092953709   -3.74185511751446
  -1.89952082199724   -0.83976937061940   -3.74740374805045
  -1.90553121089514   -0.84242653575469   -3.75193020995204
  -1.91898388166600   -0.84837389928742   -3.76134731460878
  -1.92065425381005   -0.84911236308727   -3.76232175278122
  -1.93259343915040   -0.85439062171063   -3.77152452793572
  -1.94115572948455   -0.85817597066901   -3.77723182966055
  -1.94630031862476   -0.86045036973553   -3.78084948667544
  -1.95969947690190   -0.86637407564226   -3.79010458894291
  -1.96223314902379   -0.86749420036978   -3.79198340419573
  -1.97346181121443   -0.87245833999464   -3.79944358924143
  -1.98345375805814   -0.87687573348411   -3.80685871495066
  -1.98686202253595   -0.87838251144742   -3.80962765380035
  -2.00046915415114   -0.88439816140508   -3.81898733948968
  -2.00473007853081   -0.88628189636768   -3.82184878350198
  -2.01418837680141   -0.89046336629096   -3.82907454562607
  -2.02506984717045   -0.89527401401717   -3.83650802941476
  -2.02759174835787   -0.89638893486900   -3.83840359887860
  -2.04132567642764   -0.90246064095283   -3.84781888992297
  -2.04635522015801   -0.90468417897570   -3.85154815502629
  -2.05512945907505   -0.90856322942237   -3.85848652447662
  -2.06671138409656   -0.91368354491102   -3.86623658228771
  -2.06834906026018   -0.91440755396913   -3.86725717392870
  -2.08200757644139   -0.92044592080578   -3.87668142638128
  -2.08798566909502   -0.92308880792084   -3.88124430442630
  -2.09569054884074   -0.92649509962338   -3.88671091429499
  -2.10822464526629   -0.93203636568621   -3.89612062575686
  -2.10909898329261   -0.93242290648406   -3.89701204626103
  -2.12296612324136   -0.93855350492352   -3.90624773885016
  -2.12955001432462   -0.94146421272266   -3.91092396962769
  -2.13644198289493   -0.94451112015405   -3.91634391163287
  -2.14897645000731   -0.95005255009580   -3.92587803610343
  -2.14985106883497   -0.95043921503463   -3.92676917350193
  -2.16342356804826   -0.95643955416758   -3.93781507752128
  -2.16678674373619   -0.95792639858541   -3.94064976019129
  -2.17705235624546   -0.96246477839999   -3.94984240785319
  -2.18380510104296   -0.96545013564529   -3.95556237527295
  -2.19079476561847   -0.96854023402876   -3.96178356459695
  -2.20086669765144   -0.97299298860049   -3.97019709431108
  -2.20419410554597   -0.97446402024227   -3.97307735636563
  -2.21766628814976   -0.98042000986610   -3.98448365995254
  -2.21853487225199   -0.98080400688072   -3.98538601739882
  -2.23135632348542   -0.98647231117517   -3.99647501379900
  -2.23535390500430   -0.98823962347690   -4.00012293617883
  -2.24513806846303   -0.99256515689282   -4.00837777333147
  -2.25271915140945   -0.99591671860291   -4.01480471062825
  -2.25874730423480   -0.99858173708837   -4.02026937548074
  -2.26968041687361   -1.00341521562321   -4.02968944991279
  -2.27213375389740   -1.00449982457538   -4.03167565147490
  -2.28573523328436   -1.01051297570909   -4.04369144226310
  -2.28661463686268   -1.01090175596405   -4.04458277436019
  -2.29925520985557   -1.01649009482487   -4.05508009264169
  -2.30512347924268   -1.01908442958171   -4.05987733178999
  -2.31288857225344   -1.02251734129025   -4.06713933903236
  -2.32212162982623   -1.02659923334271   -4.07455100824061
  -2.32650613927378   -1.02853760469226   -4.07902429495100
  -2.33918827071747   -1.03414431635199   -4.08941539385034
  -2.34007917937593   -1.03453818294967   -4.09028846063129
  -2.35367991865966   -1.04055100688716   -4.10231451970736
  -2.35612376102719   -1.04163141829571   -4.10431164719069
  -2.36716726338634   -1.04651369961539   -4.11368930405292
  -2.37315592554455   -1.04916125945954   -4.11927244941746
  -2.38084145671566   -1.05255899724672   -4.12572329034817
  -2.39093200795543   -1.05701998328368   -4.13407661184186
  -2.39445917204532   -1.05857932621561   -4.13762915033960
  -2.40789869226484   -1.06452087595040   -4.14817402494268
  -2.40876847455732   -1.06490540267939   -4.14907541149043
  -2.42161627425825   -1.07058535550947   -4.16013469606039
  -2.42559868455279   -1.07234596068308   -4.16381810109761
  -2.43539945972510   -1.07667883806074   -4.17204043471412
  -2.44299107254240   -1.08003505497805   -4.17846791521000
  -2.44902102839356   -1.08270087057289   -4.18393472377639
  -2.45989656243068   -1.08750889387421   -4.19354293126303
  -2.46239414593868   -1.08861306399243   -4.19547787715086
  -2.47598752017405   -1.09462263187609   -4.20756922917960
  -2.47688814427151   -1.09502079362443   -4.20842490113356
  -2.48972772163991   -1.10069711139932   -4.21942074561316
  -2.49388019268903   -1.10253289964605   -4.22330741928781
  -2.50337894180599   -1.10673225270143   -4.23145620657446
  -2.51173577856950   -1.11042677158640   -4.23802373452121
  -2.51680399271326   -1.11266740562020   -4.24271269428452
  -2.52934307112837   -1.11821087419757   -4.25327206787449
  -2.53021008715552   -1.11859417797345   -4.25417902932022
  -2.54383929208318   -1.12461958644047   -4.26548861612972
  -2.54647110617090   -1.12578309927720   -4.26815247849473
  -2.55765143651695   -1.13072587161710   -4.27807319746286
  -2.56344984846441   -1.13328932272293   -4.28299369416694
  -2.57114814218679   -1.13669270277501   -4.28943203559407
  -2.58049075758624   -1.14082302983596   -4.29775421731317
  -2.58475424211201   -1.14270789662731   -4.30145514290984
  -2.59746414786484   -1.14832688718065   -4.31264851162125
  -2.59835544796291   -1.14872092683198   -4.31352204975333
  -2.61195160620282   -1.15473172551117   -4.32468796157447
  -2.61530928138983   -1.15621613818299   -4.32753605294821
  -2.62559004820970   -1.16076121764820   -4.33672664431557
  -2.63233097845455   -1.16374135173441   -4.34246536346024
  -2.63933362881097   -1.16683719107156   -4.34868092317620
  -2.65005237218485   -1.17157589794578   -4.35750022450448
  -2.65273240023226   -1.17276072595112   -4.36010599027399
  -2.66616316474716   -1.17869840482939   -4.37133834969222
  -2.66703947877098   -1.17908581920660   -4.37223573711084
  -2.67992184162539   -1.18478105224698   -4.38340887373198
  -2.68422220355764   -1.18668222236919   -4.38705691011203
  -2.69372399786295   -1.19088292168825   -4.39520917774635
  -2.70131081493951   -1.19423701843077   -4.40175160123523
  -2.70713572740519   -1.19681218529315   -4.40657521676931
  -2.71896674586712   -1.20204262383981   -4.41687879751776
  -2.72074257217209   -1.20282770843651   -4.41863843136417
  -2.73415009337758   -1.20875511155519   -4.43000337204964
  -2.73662547155113   -1.20984946479774   -4.43196011805858
  -2.74771959989879   -1.21475412763280   -4.44135864570637
  -2.75306530446054   -1.21711743889707   -4.44653504584965
  -2.76153949547839   -1.22086383955515   -4.45401570834402
  -2.77086336437789   -1.22498587887517   -4.46153504269653
  -2.77512825182290   -1.22687136589063   -4.46523756783393
  -2.78770293613901   -1.23243057567216   -4.47648009618178
  -2.78857426840524   -1.23281578763738   -4.47738493161361
  -2.80202569263385   -1.23876260007954   -4.49046455713220
  -2.80287598097980   -1.23913850862492   -4.49139504913144
  -2.81419173912704   -1.24414115296940   -4.50583021210799
  -2.81580009875741   -1.24485220132375   -4.50777398081990
  -2.82464011087549   -1.24876032979841   -4.52048676966250
  -2.82963992256706   -1.25097072342444   -4.52708998538484
  -2.83560931824965   -1.25360976564882   -4.53536750852648
  -2.84285136057696   -1.25681143906918   -4.54591321482508
  -2.84646474912110   -1.25840890143357   -4.55070152368569
  -2.85647772104325   -1.26283559001298   -4.56461345617606
  -2.85726946565404   -1.26318561664380   -4.56559409452731
  -2.86773442784358   -1.26781212803009   -4.58025388673382
  -2.87010144706041   -1.26885857627901   -4.58320124865741
  -2.87850277817695   -1.27257276591168   -4.59536209298294
  -2.88360774312648   -1.27482964730674   -4.60280518634872
  -2.88882720945492   -1.27713714923189   -4.61011496449570
  -2.89700397461153   -1.28075205929223   -4.62154002825372
  -2.89968126657708   -1.28193567768842   -4.62535338472034
  -2.91006678465573   -1.28652706720070   -4.64003197732368
  -2.91107993167815   -1.28697497481377   -4.64174746485065
  -2.92051422400258   -1.29114583181928   -4.65469176540443
  -2.92471637819612   -1.29300358475438   -4.66032070897863
  -2.93152654868200   -1.29601432963093   -4.66957812977531
  -2.93819779775107   -1.29896365799159   -4.67899556239531
  -2.94231625609970   -1.30078440938073   -4.68469095750024
  -2.95176994617049   -1.30496384204019   -4.69860325941254
  -2.95256187901621   -1.30531395188880   -4.69958417909403
  -2.96302996534864   -1.30994184444421   -4.71424821526219
  -2.96560349012042   -1.31107958784394   -4.71795340446472
  -2.97407364366599   -1.31482420355420   -4.72913815466348
  -2.97917992262424   -1.31708166586644   -4.73658332687180
  -2.98416991668801   -1.31928771916462   -4.74415971006887
  -2.99273636845968   -1.32307490787528   -4.75621054944819
  -2.99517463341438   -1.32415285353542   -4.75915183910641
  -3.00496828514537   -1.32848258167262   -4.77358782600372
  -3.00651855121248   -1.32916794713132   -4.77557048596194
  -3.01582144396414   -1.33328071299339   -4.78870670579787
  -3.02002465535308   -1.33513893330969   -4.79433727272745
  -3.02677995982886   -1.33812542217692   -4.80359031156370
  -3.03326488388293   -1.34099237711015   -4.81314299708015
  -3.03704507942219   -1.34266358407564   -4.81870855688342
  -3.04708649537918   -1.34710284763132   -4.83263108605961
  -3.04787862284137   -1.34745304351897   -4.83361229572140
  -3.05840545837585   -1.35210690882491   -4.84828137103867
  -3.06083287775142   -1.35318005970467   -4.85118924824596
  -3.06881916139987   -1.35671075877118   -4.86295094552346
  -3.07450519245085   -1.35922452680242   -4.87062262902521
  -3.08024549642293   -1.36176228864107   -4.87823261728496
  -3.08785211768624   -1.36512514072295   -4.88944830963512
  -3.09049934522323   -1.36629546777433   -4.89319655688737
  -3.10093758013286   -1.37091016315377   -4.90786430931848
  -3.10173681427198   -1.37126350087043   -4.90884097662907
  -3.11199147694606   -1.37579703981352   -4.92276181508656
  -3.11537781166392   -1.37729412273137   -4.92743346115556
  -3.12223007437243   -1.38032347638489   -4.93765855042898
  -3.12907229463276   -1.38334839031850   -4.94694156140283
  -3.13316981330900   -1.38515988437532   -4.95254607779849
  -3.14250088059789   -1.38928510607000   -4.96672176667910
  -3.14332187592135   -1.38964806430561   -4.96768202101948
  -3.15374701086969   -1.39425696825276   -4.98235232899453
  -3.15617503994166   -1.39533038867648   -4.98526110127339
  -3.16474679504746   -1.39911992196664   -4.99725190798492
  -3.16985583131472   -1.40137860327244   -5.00470142839834
  -3.17505756390769   -1.40367826519514   -5.01210693535344
  -3.18346772059627   -1.40739635657240   -5.02337377058411
  -3.18596189693377   -1.40849902039629   -5.02704368123192
  -3.19629250294836   -1.41306613353900   -5.04195349925685
  -3.19709194229574   -1.41341956197728   -5.04293046948322
  -3.20715998805846   -1.41787059844690   -5.05708295608833
  -3.21063574434424   -1.41940721422639   -5.06167435522114
  -3.21777701722643   -1.42256433794109   -5.07153399286882
  -3.22426552666490   -1.42543287795618   -5.08109233638551
  -3.22857554409779   -1.42733831673056   -5.08687318095014
  -3.23784264624044   -1.43143525972991   -5.09981098746814
  -3.23883087883075   -1.43187215278777   -5.10156151063626
  -3.24932284345177   -1.43651060182414   -5.11624131381383
  -3.25167315529565   -1.43754966382074   -5.11920404967483
  -3.26012216840904   -1.44128493344370   -5.13136907754518
  -3.26523264948840   -1.44354425349425   -5.13882086628424
  -3.27043293828629   -1.44584327712183   -5.14622785053582
  -3.27884539820265   -1.44956238674543   -5.15749819285499
  -3.28145244686097   -1.45071495090036   -5.16117898012796
  -3.29167382379474   -1.45523377437159   -5.17608362247929
  -3.29247347481152   -1.45558729638793   -5.17706090423791
  -3.30273538591137   -1.46012403982653   -5.19099073701994
  -3.30612358817789   -1.46162194837901   -5.19566525831754
  -3.31293112996586   -1.46463153112038   -5.20589618058815
  -3.31960961184165   -1.46758405707144   -5.21532486796495
  -3.32395539543947   -1.46950530790192   -5.22101604515331
  -3.33324489789884   -1.47361215397770   -5.23396957793418
  -3.33422712548047   -1.47404639224899   -5.23571101796660
  -3.34534906138181   -1.47896334867494   -5.25061916910040
  -3.34716888150335   -1.47976788273448   -5.25331046349134
  -3.35576604056249   -1.48356864699492   -5.26530789978611
  -3.36053477115310   -1.48567688073490   -5.27208918506856
  -3.36642689555604   -1.48828176168391   -5.28061885959740
  -3.37425017857097   -1.49174039892418   -5.29166452925446
  -3.37685798157734   -1.49289329657289   -5.29534648311512
  -3.38733171554014   -1.49752368591957   -5.31003135795520
  -3.38812458893024   -1.49787421157850   -5.31101367068177
  -3.39814789516786   -1.50230546891099   -5.32516793706390
  -3.40153707435140   -1.50380380935397   -5.32984395575202
  -3.40862036455726   -1.50693529919562   -5.33985580106967
  -3.41509579053302   -1.50979805507236   -5.34852412897158
  -3.41936556143490   -1.51168570104151   -5.35498760229517
  -3.42866727532294   -1.51579794573343   -5.36816080198964
  -3.43032561527487   -1.51653109015679   -5.37012970914601
  -3.44017595802017   -1.52088588112923   -5.38458563757635
  -3.44259252098047   -1.52195423243801   -5.38750720678752
  -3.45119990112711   -1.52575951539397   -5.39951102695908
  -3.45597004917080   -1.52786837578340   -5.40629450545047
  -3.46185727054038   -1.53047108912403   -5.41482465869417
  -3.46947449752860   -1.53383862994785   -5.42512443225147
  -3.47288314277872   -1.53534557624884   -5.42978547009056
  -3.48314860422348   -1.53988388927850   -5.44371835534173
  -3.48394170182451   -1.54023451406005   -5.44470099686481
  -3.49362464246700   -1.54451529733703   -5.45938466859677
  -3.49709054928667   -1.54604755871310   -5.46399325006158
  -3.50464513670347   -1.54938740687208   -5.47430667024563
  -3.51054355234537   -1.55199506914874   -5.48275300749699
  -3.51564889758539   -1.55425211866847   -5.48943189961590
  -3.52410679303421   -1.55799131513084   -5.50236959056844
  -3.52577186120925   -1.55872743407052   -5.50436409993553
  -3.53622373264308   -1.56334815809426   -5.51905476073787
  -3.53804466793364   -1.56415318516487   -5.52174780142682
  -3.54670168287375   -1.56798041143346   -5.53374684861683
  -3.55171167254233   -1.57019530469606   -5.54036548693033
  -3.55776581119081   -1.57287181139375   -5.54867255746977
  -3.56523356901875   -1.57617327259306   -5.55909776636323
  -3.56857542812907   -1.57765069305051   -5.56381613784996
  -3.57861534983407   -1.58208929600428   -5.57797833517242
  -3.57940867796363   -1.58244002270143   -5.57896131472272
  -3.58909081234727   -1.58672044953510   -5.59364884569646
  -3.59255776320513   -1.58825317247562   -5.59825899648465
  -3.59954111782971   -1.59134048125897   -5.60835243136954
  -3.60602040545883   -1.59420494435480   -5.61702658764510
  -3.61111378236770   -1.59645670273067   -5.62370530626083
  -3.61965542904391   -1.60023292522335   -5.63570324610301
  -3.62148010223162   -1.60103960480100   -5.63841623349771
  -3.63236086999604   -1.60584994190896   -5.65356358013912
  -3.63340219822840   -1.60631030830461   -5.65524313740197
  -3.64277878357119   -1.61045565332041   -5.66826540474171
  -3.64719839521909   -1.61240954319041   -5.67465771575640
  -3.65325731417119   -1.61508816323822   -5.68296854621530
  -3.66072740547888   -1.61839065605813   -5.69339732001707
  -3.66407031549130   -1.61986854111454   -5.69811730324533
  -3.67373273051513   -1.62414025011044   -5.71281274396911
  -3.67452629549399   -1.62449108151756   -5.71379607080910
  -3.68481585303258   -1.62904004731887   -5.72774080635310
  -3.68818588603761   -1.63052992332488   -5.73243998394121
  -3.69531758481819   -1.63368281437353   -5.74244584203577
  -3.70179888757304   -1.63654816834713   -5.75112302296719
  -3.70677634788367   -1.63874868053101   -5.75776382343028
  -3.71517683784510   -1.64246249829289   -5.76999557555081
  -3.71698697157629   -1.64326275004406   -5.77274165451010
  -3.72746615684623   -1.64789554938842   -5.78744536793076
  -3.72906755665824   -1.64860352083926   -5.78940299125283
  -3.73770230943543   -1.65242090510858   -5.80237297025649
  -3.74271539099494   -1.65463716528186   -5.80899623311878
  -3.74877913696884   -1.65731791933368   -5.81731093245083
  -3.75625162617486   -1.66062147225336   -5.82774335961723
  -3.75959561604312   -1.66209983470904   -5.83246499448797
  -3.76963870077686   -1.66653983602319   -5.84663589707781
  -3.77043250955899   -1.66689077521462   -5.84761957852589
  -3.78095899623671   -1.67154448629260   -5.86231876236685
  -3.78360196690752   -1.67271293140312   -5.86597519067935
  -3.79143234890746   -1.67617470707183   -5.87703434456136
  -3.79733642444848   -1.67878487156371   -5.88548939227319
  -3.80212291879984   -1.68090095858017   -5.89218793666766
  -3.81070424021256   -1.68469472109037   -5.90440080922680
  -3.81252472210359   -1.68549954771514   -5.90711416418357
  -3.82357007804183   -1.69038264849357   -5.92205904454154
  -3.82455074665595   -1.69081619755253   -5.92382404200191
  -3.83384096106836   -1.69492335837945   -5.93698536907275
  -3.83826348834903   -1.69687853723721   -5.94338217050001
  -3.84433210574408   -1.69956144492180   -5.95170085098417
  -3.85160154633097   -1.70277523098601   -5.96137261334528
  -3.85515215624581   -1.70434493920872   -5.96686034618570
  -3.86522854333287   -1.70879966333926   -5.98104985852568
  -3.86605129089444   -1.70916339623123   -5.98201262879988
  -3.87651785170898   -1.71379061436225   -5.99672332568544
  -3.87916169982410   -1.71495944738684   -6.00038107995088
  -3.88699946327284   -1.71842448635992   -6.01144577540639
  -3.89290552791184   -1.72103553022283   -6.01990386920848
  -3.89789982348977   -1.72324348520052   -6.02656761969463
  -3.90629430723280   -1.72695464764103   -6.03879072237708
  -3.90809418571186   -1.72775036559266   -6.04153489039039
  -3.91914929516622   -1.73263777835545   -6.05648738424688
  -3.92013033248665   -1.73307149041777   -6.05825299245470
  -3.92935114077045   -1.73714796711622   -6.07143334238280
  -3.93362211312235   -1.73903614424087   -6.07890058199126
  -3.93732520620455   -1.74067326456667   -6.08617975486084
  -3.94147272983486   -1.74250686558242   -6.10113574964716
  -3.94105606349873   -1.74232265932219   -6.11612943472941
  -3.94023730570953   -1.74196069029013   -6.13104419783748
  -3.93938121543996   -1.74158221674114   -6.14604783867097
  -3.93775145934141   -1.74086170910717   -6.16081994840930
  -3.93693286999807   -1.74049981454424   -6.17573592849408
  -3.93565933181051   -1.73993678920130   -6.19072940930613
  -3.93487160359236   -1.73958853819909   -6.20554162157321
  -3.93442009309832   -1.73938892749779   -6.20649734546839
  -3.93319908186693   -1.73884912407925   -6.22050875359326
  -3.93235256344810   -1.73847488220121   -6.23548048174009
  -3.93064921677763   -1.73772184051573   -6.25044650544770
  -3.92740541920255   -1.73628777260950   -6.26570376146802
  -3.92169199141990   -1.73376189260990   -6.27622793696092
  -3.91816715152778   -1.73220357719505   -6.28112570129651
  -3.90787971113095   -1.72765554737232   -6.29321441594241
  -3.90533130272896   -1.72652890780353   -6.29600574778010
  -3.89428816994902   -1.72164678987310   -6.30810167583606
  -3.89182835236812   -1.72055931589660   -6.31090180917813
  -3.88052078193742   -1.71556029130374   -6.32366273846701
  -3.87885743864256   -1.71482493492560   -6.32555947560969
  -3.86710700828109   -1.70963012400546   -6.33881038313315
  -3.86540808326391   -1.70887903711245   -6.34067142702803
  -3.85335418554501   -1.70355006467703   -6.35439076488615
  -3.85252115910515   -1.70318178754050   -6.35533791557199
  -3.83998835423561   -1.69764109246862   -6.36951287214978
  -3.83915416288248   -1.69727230032931   -6.37045894732298
  -3.82659247202975   -1.69171883489784   -6.38469112561228
  -3.82574321152015   -1.69134338075416   -6.38562193494823
  -3.81338244268449   -1.68587874201723   -6.40000210400864
  -3.81253299060945   -1.68550320318334   -6.40093272879234
  -3.79979121218788   -1.67987012187055   -6.41489224813970
  -3.79894176275219   -1.67949458420352   -6.41582289850470
  -3.78620002336954   -1.67386152014965   -6.42978280232300
  -3.78535057648246   -1.67348598360934   -6.43071347837715
  -3.77260887477814   -1.66785293621288   -6.44467376828377
  -3.77175943034896   -1.66747740075920   -6.44560447013485
  -3.75914313488562   -1.66189979488192   -6.45957549336890
  -3.75832402635709   -1.66153767078962   -6.46053508400632
  -3.74649183072582   -1.65630671182184   -6.47469263790314
  -3.74479295059823   -1.65555564477430   -6.47655414664538
  -3.73290079177273   -1.65029817635566   -6.48958484261646
  -3.73120191602051   -1.64954711124246   -6.49144640360212
  -3.71937500271674   -1.64431848756724   -6.50446868569274
  -3.71770666707967   -1.64358092409770   -6.50636130065723
  -3.70575937735268   -1.63829908256248   -6.51968658011234
  -3.70395350275574   -1.63750071375487   -6.52140471139877
  -3.69018008049025   -1.63141154746976   -6.53349645215572
  -3.68926473383834   -1.63100687694819   -6.53431949702808
  -3.67658640190144   -1.62540184503285   -6.54295247194517
  -3.66801184927041   -1.62161107496973   -6.54919186518180
  -3.66262728657295   -1.61923058470337   -6.55269293108706
  -3.64930622952822   -1.61334140699029   -6.56033874636693
  -3.64409098842290   -1.61103577301675   -6.56398355328827
  -3.63570576308261   -1.60732870367327   -6.56893208767080
  -3.62209246685325   -1.60131032836820   -6.57725298949053
  -3.61874856713226   -1.59983200576621   -6.57921998497694
  -3.60851505211477   -1.59530781610430   -6.58566524657365
  -3.59554177350187   -1.58957238962755   -6.59375729755823
  -3.59460673927177   -1.58915901531871   -6.59450131105103
  -3.58123676084851   -1.58324820969043   -6.60211696061780
  -3.57104301810722   -1.57874160316789   -6.60879660784433
  -3.56750628013250   -1.57717802766575   -6.61132103199707
  -3.55410107755700   -1.57125164960267   -6.61911491204178
  -3.54793942785436   -1.56852761276515   -6.62339106703828
  -3.54019193840868   -1.56510248351132   -6.62795150772256
  -3.52685538184879   -1.55920645353427   -6.63573694618379
  -3.52258918574633   -1.55732038796741   -6.63849642388719
  -3.51335865393649   -1.55323961254306   -6.64425525886378
  -3.49978198916645   -1.54723743183675   -6.65298654154178
  -3.49880045158735   -1.54680349861238   -6.65362893831649
  -3.48611525098979   -1.54119543009392   -6.66095633345633
  -3.47414320328237   -1.53590264317005   -6.66831256514927
  -3.47246550147794   -1.53516093896125   -6.66928576134609
  -3.45901218994724   -1.52921329215156   -6.67776107326246
  -3.45126100185076   -1.52578652774132   -6.68316431139875
  -3.44526174979443   -1.52313428615218   -6.68694823892699
  -3.43163719675296   -1.51711093426253   -6.69521780466709
  -3.42737116809063   -1.51522494272018   -6.69797774110967
  -3.41793453829033   -1.51105305232740   -6.70359987936560
  -3.40430208252641   -1.50502620668071   -6.71181387837686
  -3.40261341900085   -1.50427965634568   -6.71276707750646
  -3.39076344966371   -1.49904083970473   -6.72012034404575
  -3.37872609491921   -1.49371918084180   -6.72772023339936
  -3.37700597268333   -1.49295872275643   -6.72860017596676
  -3.36352129337919   -1.48699720839918   -6.73519349782993
  -3.35038453950865   -1.48118951026705   -6.74215435691977
  -3.34945152740162   -1.48077702992947   -6.74279285998223
  -3.33596328338088   -1.47481393962749   -6.74691692366836
  -3.32243203593987   -1.46883183771229   -6.75164507508369
  -3.30886848049209   -1.46283545257671   -6.75660654510370
  -3.30630949379969   -1.46170413639465   -6.75750679660940
  -3.29514126404649   -1.45676671367089   -6.76110248827383
  -3.28165163612199   -1.45080301155146   -6.76493758901766
  -3.26792843277861   -1.44473604681956   -6.77020055015914
  -3.26279360198514   -1.44246596187302   -6.77193099122380
  -3.25431647864410   -1.43871826484842   -6.77471033570269
  -3.24096799974527   -1.43281696406046   -6.77898107915072
  -3.22738897542728   -1.42681374020890   -6.78391989446495
  -3.21876074474634   -1.42299923932816   -6.78722174590095
  -3.21349574374083   -1.42067160673287   -6.78889794862804
  -3.20000779611148   -1.41470864746416   -6.79273442465731
  -3.18654199385730   -1.40875547856339   -6.79751856686834
  -3.17360938654307   -1.40303803267968   -6.80224061569619
  -3.17267458243499   -1.40262476010673   -6.80279762999615
  -3.15896768263426   -1.39656500309564   -6.80699141587379
  -3.14564895606544   -1.39067685567518   -6.81105403478020
  -3.13197447346604   -1.38463143015888   -6.81590245858671
  -3.13104145887553   -1.38421894872336   -6.81654117630715
  -3.11824682468728   -1.37856250012057   -6.82039914133295
  -3.10479888549128   -1.37261722839521   -6.82492621301378
  -3.09115957150086   -1.36658735075829   -6.83021820637052
  -3.08598207525164   -1.36429840361107   -6.83174191160578
  -3.07732908767297   -1.36047295782034   -6.83479560844195
  -3.06371157455879   -1.35445271824999   -6.83784602195918
  -3.05000999419041   -1.34839531293534   -6.84043963456639
      
      
