# shadow point cont 3D ind 270  size 1195
# norm -0.5224986 -0.8526402  0.0000000
# angle  2.1205750
   3.06036714272638   -1.87539539706028   -6.84316354833404
   3.07310458638804   -1.88320091257503   -6.84085797887577
   3.08580198393596   -1.89098188779972   -6.83735254181281
   3.09855209404652   -1.89879516532434   -6.83400990625355
   3.10803203742488   -1.90460448209813   -6.83099922796716
   3.11129061711935   -1.90660134230311   -6.82934362321328
   3.12386501282919   -1.91430694190449   -6.82532311837891
   3.13664545125854   -1.92213880464677   -6.82113105056365
   3.14925822111980   -1.92986791995838   -6.81708337714639
   3.15164405623379   -1.93132996159660   -6.81618318599957
   3.16207106768257   -1.93771964243035   -6.81196761740474
   3.17470879774779   -1.94546405337462   -6.80816978644309
   3.18739761473552   -1.95323977042526   -6.80447199027072
   3.19609178517341   -1.95856756492183   -6.80151580183654
   3.20010082632892   -1.96102430850161   -6.79972250381530
   3.21268120217066   -1.96873357273253   -6.79570346912019
   3.22538569066003   -1.97651889329173   -6.79116257987170
   3.23805857128398   -1.98428484452608   -6.78737532313796
   3.24046084854713   -1.98575696192627   -6.78655867941125
   3.25088806836456   -1.99214677044851   -6.78235048832567
   3.26352848572202   -1.99989282816757   -6.77855406396873
   3.27614070845262   -2.00762160819708   -6.77450720237956
   3.28485365965483   -2.01296091156082   -6.77167573565187
   3.28886370003454   -2.01541826746598   -6.76999279790026
   3.30151775259008   -2.02317268084518   -6.76524681562896
   3.31425791337369   -2.03097986141440   -6.76181824921542
   3.32689785332429   -2.03872562657817   -6.75785402734971
   3.32852588404817   -2.03972328508888   -6.75708491894502
   3.33960477729744   -2.04651243960375   -6.75329350982473
   3.35227595358281   -2.05427734641809   -6.74859474771036
   3.36507694556268   -2.06212180439232   -6.74345764656592
   3.36750736305081   -2.06361116614456   -6.74252372928218
   3.37789267649143   -2.06997529440605   -6.73620699438634
   3.39057745102044   -2.07774853423481   -6.72877709687998
   3.39216305313725   -2.07872019246167   -6.72784836716718
   3.40329033134944   -2.08553899731995   -6.72044151653781
   3.41578792909907   -2.09319753507078   -6.71354385822139
   3.41665972645839   -2.09373177317966   -6.71279972386363
   3.42851356347536   -2.10099581384614   -6.70525164099795
   3.44112585204842   -2.10872463422397   -6.69861557111410
   3.44200022447093   -2.10926045033361   -6.69790521432613
   3.45402485529892   -2.11662915358209   -6.68978731833284
   3.46504719677208   -2.12338365312399   -6.68311724450201
   3.46662182234750   -2.12434858491764   -6.68216438367388
   3.47921143520150   -2.13206350959694   -6.67453176314307
   3.48959740171782   -2.13842803806374   -6.66821636200650
   3.49205490537919   -2.13993399824428   -6.66654377632906
   3.50461615665737   -2.14763154292758   -6.65880373068075
   3.51414599564408   -2.15347143576948   -6.65330643895301
   3.51754785234156   -2.15555609623483   -6.65085342627433
   3.53011074449358   -2.16325464644691   -6.64332597861882
   3.53869829915453   -2.16851710671133   -6.63835803483054
   3.54269346061345   -2.17096534480211   -6.63562024179783
   3.55532346538250   -2.17870502167879   -6.62809664162500
   3.56318814322055   -2.18352450245641   -6.62331160386670
   3.56804686041987   -2.18650192818551   -6.61980617094801
   3.58069447768149   -2.19425239801152   -6.61230854844061
   3.58632368023139   -2.19770197777070   -6.60877947100753
   3.59344848300968   -2.20206806252858   -6.60406516687850
   3.60603861359737   -2.20978330447550   -6.59738563376900
   3.61165468721815   -2.21322483881656   -6.59380901055744
   3.61894896555802   -2.21769477833215   -6.58857373876875
   3.63143924201665   -2.22534882959008   -6.58166791521379
   3.63476802907932   -2.22738871292563   -6.57918000630496
   3.64437575671400   -2.23327633599240   -6.57190035719955
   3.65377483557643   -2.23903609892709   -6.56421226438373
   3.65689506049508   -2.24094817521641   -6.56130285983629
   3.66810026248468   -2.24781473182690   -6.54938268898386
   3.66974067817225   -2.24881997985312   -6.54759797557704
   3.68161156163760   -2.25609446659661   -6.53452505679728
   3.68241684882540   -2.25658794721997   -6.53361090413302
   3.69504521319662   -2.26432661885957   -6.52054432972005
   3.69586197235051   -2.26482712951279   -6.51964662443865
   3.70795066394556   -2.27223508924982   -6.50592630007625
   3.70875595683047   -2.27272857336438   -6.50501219778103
   3.72046299575649   -2.27990265604503   -6.49174210614261
   3.72204700447203   -2.28087333783433   -6.48988069803551
   3.73313683387123   -2.28766919403050   -6.47778439451974
   3.73551466234560   -2.28912632919365   -6.47510104501045
   3.74596348573782   -2.29552937640354   -6.46405037603352
   3.74977251405471   -2.29786355195818   -6.46010709615361
   3.75863345623638   -2.30329354431077   -6.45009204541361
   3.76323850997256   -2.30611552486973   -6.44521959082398
   3.77135651050536   -2.31109024199435   -6.43521353734108
   3.77600179319117   -2.31393687488535   -6.43050327379881
   3.78397082478229   -2.31882030372509   -6.42217531934222
   3.79017070889451   -2.32261959759544   -6.41544581152906
   3.79663751118003   -2.32658245913275   -6.40821655787294
   3.80304267729249   -2.33050754997463   -6.40079023113997
   3.80930203931444   -2.33434329195494   -6.39425706866129
   3.81710319419668   -2.33912384581518   -6.38567366178783
   3.82185539976163   -2.34203600113078   -6.38009055807645
   3.83052209921569   -2.34734696138680   -6.37075365049214
   3.83452973867832   -2.34980284600808   -6.36613572673898
   3.84399294565740   -2.35560190670319   -6.35587163837625
   3.84732066980833   -2.35764113868559   -6.35130751722165
   3.85443273312374   -2.36199941669058   -6.34106292380702
   3.85809082044096   -2.36424109548166   -6.32608378093638
   3.85907394586452   -2.36484355551605   -6.31099693360795
   3.85909721111366   -2.36485781247906   -6.29599810812490
   3.85905836133055   -2.36483400530136   -6.28107574874520
   3.85827795354461   -2.36435577079506   -6.26607033820038
   3.85818711476067   -2.36430010471667   -6.25122957242262
   3.85769984107124   -2.36400150301575   -6.23626875085174
   3.85804921119707   -2.36421559730421   -6.22145675224856
   3.85763534654856   -2.36396198072141   -6.20642925365840
   3.85724008706361   -2.36371976539752   -6.19154501948739
   3.85720212488306   -2.36369650214336   -6.17662560481628
   3.85642234470656   -2.36321865223663   -6.16163147260151
   3.85469593470459   -2.36216070682676   -6.14653090877267
   3.84827167809832   -2.35822391731523   -6.13088566211854
   3.84727367082384   -2.35761233767086   -6.12939814387398
   3.83792127871767   -2.35188118441720   -6.11594532467145
   3.83451962685227   -2.34979664947311   -6.11164503665347
   3.82731754399363   -2.34538320742109   -6.10140860527259
   3.82176106485950   -2.34197819262841   -6.09388595084480
   3.81568876827133   -2.33825708449336   -6.08610643398438
   3.80884706678060   -2.33406448442762   -6.07634195632578
   3.80503285634617   -2.33172713326727   -6.07150594099994
   3.79625226403495   -2.32634637937862   -6.05930980820462
   3.79386615846544   -2.32488417200504   -6.05650676322083
   3.78379615375967   -2.31871326518477   -6.04217711564471
   3.78308710899766   -2.31827876199578   -6.04132579649283
   3.77265286676473   -2.31188465013180   -6.02630638393893
   3.77088100440884   -2.31079885148364   -6.02385779769422
   3.76230560073012   -2.30554383735070   -6.01137024961216
   3.75836824299337   -2.30313102142643   -6.00673533887651
   3.75091951880047   -2.29856643737038   -5.99677098321454
   3.74537883799359   -2.29517110380510   -5.98928222382542
   3.73978580807043   -2.29174369066009   -5.98183701603294
   3.73260748782128   -2.28734481035389   -5.97152631285007
   3.72863151829571   -2.28490833309500   -5.96685581134523
   3.71987998002535   -2.27954538354549   -5.95378591436003
   3.71828965477344   -2.27857083097772   -5.95191780359665
   3.70819468735954   -2.27238462699023   -5.93669146342354
   3.70742593411867   -2.27191353439835   -5.93578183477386
   3.69682326520446   -2.26541621053133   -5.92206424331880
   3.69479142353214   -2.26417109635315   -5.91912266687953
   3.68569002106174   -2.25859374974611   -5.90712939622718
   3.68173453737970   -2.25616982622829   -5.90151232465852
   3.67455752889295   -2.25177174977112   -5.89219659390674
   3.66901749775951   -2.24837681432623   -5.88470982294290
   3.66342596434888   -2.24495031824528   -5.87726684110276
   3.65631210818235   -2.24059094157972   -5.86698303572484
   3.65309142907064   -2.23861730688172   -5.86235428327088
   3.64353003922412   -2.23275807964806   -5.84922497697089
   3.64253557920673   -2.23214867376563   -5.84759189346537
   3.63190396390935   -2.22563361153219   -5.83227324968291
   3.63107173551450   -2.22512362131591   -5.83127991830820
   3.62068840367982   -2.21876070738410   -5.81723335233290
   3.61834040802345   -2.21732185379533   -5.81447564154889
   3.61014589162063   -2.21230024768526   -5.80261260924501
   3.60539264698069   -2.20938745562368   -5.79603581982044
   3.59845052182609   -2.20513331585757   -5.78740952375538
   3.59267961164362   -2.20159689754947   -5.77923886556951
   3.58788091469428   -2.19865625227688   -5.77273479251565
   3.57997221860804   -2.19380979708207   -5.76244574563266
   3.57675240598619   -2.19183669336973   -5.75781832242418
   3.56719901793045   -2.18598236963977   -5.74376327304573
   3.56640425449002   -2.18549533797709   -5.74282978709485
   3.55552423717868   -2.17882805479373   -5.72773802719259
   3.55468633479507   -2.17831458755267   -5.72674004786839
   3.54494733220478   -2.17234651908964   -5.71301635063318
   3.54202362123856   -2.17055486670525   -5.70910574628373
   3.53381604181821   -2.16552525556774   -5.69806841329783
   3.52928425920376   -2.16274817560992   -5.69227023768799
   3.52268822672793   -2.15870612171013   -5.68314497928540
   3.51635821422345   -2.15482708505846   -5.67472743012895
   3.51156075635865   -2.15188719909783   -5.66822522241962
   3.50366017978134   -2.14704571954450   -5.65701298421942
   3.50122648999956   -2.14555435252814   -5.65332736778354
   3.49088931862352   -2.13921972576177   -5.63926297822168
   3.49009474848120   -2.13873281255232   -5.63832976875588
   3.47976437563103   -2.13240235192795   -5.62346995929636
   3.47820568455383   -2.13144718480738   -5.62155291639315
   3.46807075694125   -2.12523649317865   -5.60829162236552
   3.46570978408132   -2.12378968714931   -5.60461206480303
   3.45751156976205   -2.11876581495312   -5.59358043757987
   3.45276509442871   -2.11585717112796   -5.58703351767341
   3.44638587250766   -2.11194797890702   -5.57866105871431
   3.44005639389895   -2.10806926942709   -5.57024560829014
   3.43526014795159   -2.10513012613044   -5.56374523013875
   3.42735832227055   -2.10028788112535   -5.55253499331909
   3.42492527275704   -2.09879690646588   -5.54885038305500
   3.41482671289088   -2.09260850102082   -5.53554066831996
   3.41407374794996   -2.09214708351158   -5.53385947228263
   3.40290323679183   -2.08530178546996   -5.51874718130455
   3.40191320005070   -2.08469509017471   -5.51708577434584
   3.39234784327241   -2.07883343200213   -5.50406005762508
   3.38918891941614   -2.07689764097334   -5.49936157567678
   3.38122633958371   -2.07201816577640   -5.48912161316927
   3.37648035751705   -2.06910982422545   -5.48257633663790
   3.37010269753617   -2.06520158916268   -5.47420621403706
   3.36374904773870   -2.06130806755922   -5.46485054486861
   3.35957861605980   -2.05875242373951   -5.45948811115058
   3.35088124083939   -2.05342266534969   -5.44733648841051
   3.34864311100712   -2.05205113762452   -5.44440235370690
   3.33872369619351   -2.04597251240885   -5.42988537330833
   3.33792949959363   -2.04548582810651   -5.42895270137228
   3.32719286188342   -2.03890640805571   -5.41456179748921
   3.32586042612265   -2.03808989037137   -5.41262240463424
   3.31608134764323   -2.03209726337190   -5.39960498098992
   3.31293433080806   -2.03016876897502   -5.39493732862973
   3.30574526365451   -2.02576330295733   -5.38472083930024
   3.30001642220261   -2.02225266440048   -5.37742486068399
   3.29383826901412   -2.01846668725732   -5.36977987164057
   3.28751126681580   -2.01458949532363   -5.36043980112412
   3.28350686621806   -2.01213559548131   -5.35487948273714
   3.27442296109486   -2.00656897126242   -5.34216672205358
   3.27293122816311   -2.00565483614615   -5.34021116407100
   3.26265252770116   -1.99935604040201   -5.32525240237107
   3.26187488940210   -1.99887950303946   -5.32430705858993
   3.25117340770025   -1.99232162661830   -5.30992305257149
   3.24938465417684   -1.99122547704937   -5.30730763870872
   3.24061543716400   -1.98585169395253   -5.29522344622727
   3.23668088217649   -1.98344059555520   -5.29053138749788
   3.22949355505041   -1.97903619582772   -5.28031759041504
   3.22359005757099   -1.97541852791955   -5.27225854910774
   3.21836983209580   -1.97221956963409   -5.26541536101595
   3.21126487877930   -1.96786564864204   -5.25604334757277
   3.20726143185510   -1.96541233321161   -5.25048449390632
   3.19856933879262   -1.96008581173234   -5.23834784900337
   3.19691695769291   -1.95907323129213   -5.23560876715182
   3.18604870992926   -1.95241316049687   -5.22136074876741
   3.18524455173433   -1.95192037172122   -5.22038555361587
   3.17470655715384   -1.94546268033688   -5.20574685436570
   3.17314730642974   -1.94450717026425   -5.20292509477792
   3.16438014488637   -1.93913464676072   -5.19084405553764
   3.16024975064706   -1.93660353791554   -5.18541296840709
   3.15325979856915   -1.93232008977314   -5.17594180102030
   3.14793665024489   -1.92905806028465   -5.16829004938466
   3.14217156613252   -1.92552521219690   -5.16098219382634
   3.13483977367899   -1.92103228400289   -5.15094061408266
   3.13159844767378   -1.91904599687228   -5.14634796145670
   3.12214800047863   -1.91325475538282   -5.13321855990099
   3.12068700312820   -1.91235945505500   -5.13124315236412
   3.11019626750656   -1.90593072399790   -5.11650112626674
   3.10942370938740   -1.90545729977359   -5.11556233197934
   3.09926595374148   -1.89923261910803   -5.10141142887242
   3.09692115331187   -1.89779572355674   -5.09855983106116
   3.08816243700492   -1.89242837530075   -5.08649162257554
   3.08403193710517   -1.88989720170677   -5.08106164194240
   3.07704356588873   -1.88561472231752   -5.07159289357316
   3.07152520536108   -1.88223306663693   -5.06410033177215
   3.06594336933597   -1.87881251312148   -5.05667111936317
   3.05882538401283   -1.87445060610549   -5.04640602407490
   3.05561034187422   -1.87248042574905   -5.04178450961436
   3.04593506423268   -1.86655140798484   -5.02887910427482
   3.04447439394028   -1.86565630807845   -5.02690419734305
   3.03399122149100   -1.85923221173932   -5.01216764798488
   3.03322423038041   -1.85876219898225   -5.01123001350641
   3.02306099740745   -1.85253416180637   -4.99708103594373
   3.02072444996513   -1.85110232369220   -4.99423177416732
   3.01252637036265   -1.84607853405056   -4.98239660335820
   3.00782837600362   -1.84319959940467   -4.97582171696292
   3.00086438026864   -1.83893205732967   -4.96724852950137
   2.99532831812468   -1.83553955408466   -4.95977989015669
   2.99032055607275   -1.83247079355242   -4.95258498371844
   2.98243365605976   -1.82763769500848   -4.94137961909217
   2.97985474083018   -1.82605733372324   -4.93788728077509
   2.96973694749447   -1.81985714199288   -4.92368635135732
   2.96894358581806   -1.81937096933230   -4.92275489225189
   2.95821412625190   -1.81279594805385   -4.90746985564606
   2.95743727907000   -1.81231989548851   -4.90645959110796
   2.94690823161435   -1.80586768690933   -4.89274275255680
   2.94452840127206   -1.80440932499993   -4.88901756238492
   2.93637594552904   -1.79941349369533   -4.87807971617112
   2.93164768106834   -1.79651600950728   -4.87152347601023
   2.92526094569363   -1.79260221303602   -4.86318501604151
   2.91895063644673   -1.78873525055611   -4.85473431850015
   2.91432660276540   -1.78590163907181   -4.84809167895977
   2.90625567260359   -1.78095576670763   -4.83705690855238
   2.90379709884643   -1.77944915077154   -4.83340947805827
   2.89355847414063   -1.77317491348236   -4.81932694752618
   2.89285639906128   -1.77274468132040   -4.81832421435569
   2.88204636553506   -1.76612028425571   -4.80316611755621
   2.88127100130083   -1.76564514044188   -4.80217859394063
   2.87074154697463   -1.75919268253210   -4.78846480065288
   2.86817054335965   -1.75761716949053   -4.78490986638017
   2.86037627018356   -1.75284083274525   -4.77361018800589
   2.85547794988310   -1.74983913820456   -4.76723038364254
   2.84928236060344   -1.74604247621099   -4.75870709241886
   2.84279744918129   -1.74206851738048   -4.74958185162657
   2.83863336615536   -1.73951676402031   -4.74422895313207
   2.83009335917317   -1.73428344101091   -4.73279129719306
   2.82707644150260   -1.73243467148463   -4.72891494106774
   2.81741518773577   -1.72651424756189   -4.71514103189969
   2.81662214188735   -1.72602826844095   -4.71421003649811
   2.80604188468696   -1.71954467848983   -4.69955188414021
   2.80452651142726   -1.71861605656196   -4.69768886901667
   2.79509923180482   -1.71283901217931   -4.68447156909811
   2.79202590636081   -1.71095567592501   -4.67975833176605
   2.78406211752440   -1.70607545984948   -4.66955532521018
   2.77932551951690   -1.70317286885739   -4.66298097513752
   2.77313120271277   -1.69937698663782   -4.65445966544066
   2.76664303129315   -1.69540103007829   -4.64624474698472
   2.76240652972784   -1.69280489858011   -4.64001333282659
   2.75394676423727   -1.68762074762001   -4.62855011179870
   2.75093044392692   -1.68577234415655   -4.62467466441075
   2.74127795692814   -1.67985729251619   -4.61090512124872
   2.74048506271445   -1.67937140631712   -4.60997434965774
   2.72990161607475   -1.67288586187508   -4.59531873282451
   2.72839188035028   -1.67196069463324   -4.59345699416159
   2.71895883413468   -1.66618011647776   -4.58024120936665
   2.71590180481628   -1.66430676650208   -4.57554558181418
   2.70718059812538   -1.65896240416837   -4.56530802480311
   2.70322673949031   -1.65653947648060   -4.56066671115520
   2.69236453851961   -1.64988311116482   -4.55013799812929
   2.69092985200078   -1.64900393413535   -4.54901739513920
   2.67791898336487   -1.64103086358088   -4.53743445783528
   2.67567186859832   -1.63965382988089   -4.53528457710105
   2.66522146520466   -1.63324981444488   -4.52532275607185
   2.65975225572625   -1.62989827856601   -4.52053408572113
   2.65255109957681   -1.62548540440211   -4.51415626820585
   2.64448691686433   -1.62054366688020   -4.50590321580131
   2.63980598853322   -1.61767519030967   -4.50107483507871
   2.62802121637135   -1.61045347264082   -4.49080514226496
   2.62718111832499   -1.60993865989590   -4.48994885243603
   2.61450673376497   -1.60217178704833   -4.47878041689824
   2.61137522375776   -1.60025279524785   -4.47587956901654
   2.60180890262502   -1.59439054611810   -4.46666952640106
   2.59554669755321   -1.59055306191461   -4.46097117914267
   2.58931602053462   -1.58673489812697   -4.45521958893346
   2.57906611289919   -1.58045374664961   -4.44584544194452
   2.57660240782055   -1.57894398623568   -4.44313082187274
   2.56443639323752   -1.57148864291068   -4.43153347877149
   2.56353508709710   -1.57093632179747   -4.43055685520304
   2.55148367300955   -1.56355120574642   -4.42049000770669
   2.54735031733246   -1.56101828212984   -4.41608430941828
   2.53844777445850   -1.55556279684022   -4.40804964574468
   2.53147453868936   -1.55128959246501   -4.40121952975962
   2.52592356034719   -1.54788794856198   -4.39565696450413
   2.51556012124966   -1.54153722491517   -4.38647983400885
   2.51300968940128   -1.53997431826839   -4.38380176044382
   2.50040032852639   -1.53224729198631   -4.37267952017635
   2.49953959127774   -1.53171983152196   -4.37170363830060
   2.48771732729781   -1.52447513883746   -4.36058000100588
   2.48371486271381   -1.52202242538589   -4.35693518807069
   2.47520499497416   -1.51680757172806   -4.34913180169634
   2.46722036531293   -1.51191458437865   -4.34182363082080
   2.46249758875867   -1.50902046318400   -4.33704240935674
   2.45213279928539   -1.50266891202587   -4.32696500779694
   2.44982058046254   -1.50125198250887   -4.32494698761159
   2.43704455890063   -1.49342282642644   -4.31406701441743
   2.43536190869544   -1.49239169705454   -4.31215258494601
   2.42434601063760   -1.48564114604262   -4.30196383548055
   2.41960000195792   -1.48273278818319   -4.29722549450858
   2.41186157038591   -1.47799067121690   -4.29050157895803
   2.40378510127369   -1.47304140457954   -4.28232209368196
   2.39899660590907   -1.47010701084610   -4.27777555913618
   2.38781179962626   -1.46325295274080   -4.26769039276834
   2.38632278312321   -1.46234048225418   -4.26661083738560
   2.37363012302213   -1.45456241014064   -4.25450984172368
   2.37133112967272   -1.45315358520420   -4.25253565164740
   2.36098459037300   -1.44681321776681   -4.24335671166582
   2.35542467774220   -1.44340609892467   -4.23769163853791
   2.34831668162194   -1.43905031330007   -4.23126583523455
   2.33961317440733   -1.43371679721938   -4.22279081250497
   2.33574224976537   -1.43134469154796   -4.21889104431957
   2.32379576944541   -1.42402387899239   -4.20793271897812
   2.32295616545724   -1.42350936900671   -4.20707704987791
   2.31029099824769   -1.41574814455877   -4.19591664257380
   2.30778536262870   -1.41421268907667   -4.19323768143802
   2.29778481481448   -1.40808434549428   -4.18446162905918
   2.29133264103052   -1.40413044831425   -4.17812152942649
   2.28510114731707   -1.40031178405536   -4.17237436389640
   2.27550358263610   -1.39443038885464   -4.16323306596624
   2.27237546834295   -1.39251347795041   -4.16029288656888
   2.25978724658509   -1.38479940573591   -4.14911264952470
   2.25896546356514   -1.38429581645360   -4.14827510846405
   2.24691775179315   -1.37691296918444   -4.13731701464155
   2.24297805057407   -1.37449871717236   -4.13350614024396
   2.23443512814713   -1.36926360757611   -4.12586609014990
   2.22716920030150   -1.36481104126574   -4.11860904111238
   2.22156267393659   -1.36137535749059   -4.11313395330900
   2.21146778323288   -1.35518920051118   -4.10351890138764
   2.20904630479981   -1.35370531661893   -4.10106272366817
   2.19660420832877   -1.34608079009536   -4.09025350739022
   2.19494533531721   -1.34506423140646   -4.08854318349413
   2.18375731059729   -1.33820820104036   -4.07843955888527
   2.17891884248471   -1.33524318396758   -4.07393618530693
   2.17090549177522   -1.33033259633716   -4.06664591039531
   2.16313332622664   -1.32556980716344   -4.05890332244707
   2.15840586480025   -1.32267281507544   -4.05426855457644
   2.14712733349142   -1.31576132220034   -4.04443154313327
   2.14549583306435   -1.31476153745277   -4.04265398702036
   2.13287490588880   -1.30702742333254   -4.03130630031670
   2.13057681655581   -1.30561915237806   -4.02933321609873
   2.12019774836584   -1.29925885121110   -4.01921707649317
   2.11485090876338   -1.29598230368865   -4.01426213163224
   2.10775218686799   -1.29163220131637   -4.00777293112965
   2.09893161491824   -1.28622694787372   -3.99956573492360
   2.09478856224602   -1.28368808193088   -3.99500624555362
   2.08298131658238   -1.27645259248244   -3.98495472373615
   2.08216787313629   -1.27595411369757   -3.98406228355461
   2.06957863273861   -1.26823941725978   -3.97367476088301
   2.06490464028563   -1.26537519100083   -3.96980289030564
   2.05708290487582   -1.26058202537708   -3.96314609666534
   2.04676946881821   -1.25426194363255   -3.95486883772127
   2.04439462512504   -1.25280663754567   -3.95300921107872
   2.03163206108515   -1.24498572824333   -3.94299760449461
   2.02839672707519   -1.24300311301214   -3.94023048649243
   2.01912439549916   -1.23732102091445   -3.93337624830567
   2.00886407823018   -1.23103349040545   -3.92493144511614
   2.00654205059305   -1.22961055003934   -3.92309419726699
   1.99363695774228   -1.22170229896936   -3.91324550847788
   1.99041836107829   -1.21972994039697   -3.91034387756538
   1.98098829709126   -1.21395118975350   -3.90301922072859
   1.97162402331952   -1.20821275540583   -3.89521167097126
   1.96864724881270   -1.20638858564193   -3.89307801886515
   1.95564366391512   -1.19841997856805   -3.88256738657072
   1.95324500880411   -1.19695008082555   -3.88070295292061
   1.94299625066791   -1.19066963376223   -3.87327013042031
   1.93427425671723   -1.18532478899510   -3.86568854967773
   1.93029419271261   -1.18288580263622   -3.86210660093073
   1.91765502704727   -1.17514051195507   -3.85281531203647
   1.91524983280624   -1.17366660702853   -3.85083220740851
   1.90498675768359   -1.16737738650464   -3.84258579467194
   1.89709124882250   -1.16253901245179   -3.83593212168061
   1.89241403796827   -1.15967281395403   -3.83236153105853
   1.87963575867205   -1.15184227433023   -3.82212127745594
   1.87813240034631   -1.15092101516336   -3.82114817195362
   1.86712268144088   -1.14417425074091   -3.81254198813370
   1.85918038366080   -1.13930720440164   -3.80612999501763
   1.85444753852964   -1.13640691317512   -3.80232236139968
   1.84168717933503   -1.12858735500372   -3.79238263963688
   1.84080880393327   -1.12804908586523   -3.79145819208594
   1.82916817675826   -1.12091570035795   -3.78278686225892
   1.82188168423416   -1.11645053199640   -3.77657052581785
   1.81629923440775   -1.11302960234302   -3.77190360020528
   1.80370625984935   -1.10531261760861   -3.76263364865195
   1.80282770768426   -1.10477424014942   -3.76170836442514
   1.79102268367641   -1.09754011213340   -3.75240013454202
   1.78464581307200   -1.09363236080115   -3.74683319048204
   1.77840151263649   -1.08980584857289   -3.74218763724793
   1.76643360065465   -1.08247190267803   -3.73203093126780
   1.76562362184042   -1.08197554702229   -3.73113376076922
   1.75302996106057   -1.07425814177083   -3.72171993145135
   1.74677443360665   -1.07042474961684   -3.71693910090434
   1.74038496734220   -1.06650927965419   -3.71150113729908
   1.72849726646544   -1.05922448718774   -3.70229694594391
   1.72768419745792   -1.05872623785912   -3.70140891856927
   1.71506007846915   -1.05099016779323   -3.69213022565149
   1.70943046055805   -1.04754033350038   -3.68734505789282
   1.70240892523637   -1.04323753112130   -3.68175755757178
   1.69055628208860   -1.03597422205881   -3.67241389641102
   1.68973898177611   -1.03547337978317   -3.67152947116218
   1.67710633404390   -1.02773208329658   -3.66224397445733
   1.67153347438846   -1.02431703050753   -3.65750848321125
   1.66454781222082   -1.02003621122552   -3.65177615234719
   1.65262480350818   -1.01272978208941   -3.64267022918738
   1.65180151153152   -1.01222526811725   -3.64180164668084
   1.63909670175102   -1.00443975067059   -3.63170613304940
   1.63428962642618   -1.00149397112288   -3.62786211813948
   1.62643576523309   -0.99668111879381   -3.62133718262781
   1.61539417513364   -0.98991482367855   -3.61302598253399
   1.61382991413009   -0.98895624330272   -3.61206278357443
   1.60114841203431   -0.98118500882363   -3.60183227777578
   1.59640213798997   -0.97827648834852   -3.59811512940762
   1.58846496131291   -0.97341258022522   -3.59159944859787
   1.57821511648278   -0.96713146723500   -3.58316148924995
   1.57587152053301   -0.96569530978990   -3.58125581252899
   1.56324352095365   -0.95795686169504   -3.57211525842953
   1.55916027499459   -0.95545464535316   -3.56838693210965
   1.55054785089277   -0.95017694507577   -3.56188359419685
   1.53871215085685   -0.94292401876557   -3.55346488964845
   1.53789196768119   -0.94242140986910   -3.55259087059971
   1.52542729256397   -0.93478304713337   -3.54487976759001
   1.51659097074820   -0.92936814216040   -3.53861550442013
   1.51266332890733   -0.92696128014479   -3.53588017904525
   1.50000798484065   -0.91920607532654   -3.52844423470808
   1.49285139680294   -0.91482051253664   -3.52374991094813
   1.48735289474367   -0.91145102614113   -3.52008039120052
   1.47464224826512   -0.90366193196130   -3.51184732220138
   1.47059309158088   -0.90118060555390   -3.50897517820084
   1.46199422543070   -0.89591121359997   -3.50334444640678
   1.44938850269288   -0.88818641677115   -3.49591793130736
   1.44694820646390   -0.88669100131874   -3.49408896050447
   1.43669551930142   -0.88040814654502   -3.48754829460447
   1.42415611272898   -0.87272398831462   -3.47986271753623
   1.42329120384094   -0.87219397146636   -3.47908837465606
   1.41142554987750   -0.86492268936577   -3.47175696787451
   1.40030172048535   -0.85810599794713   -3.46433301381671
   1.39872812656160   -0.85714169835044   -3.46338666131409
   1.38611765514333   -0.84941399152651   -3.45595980929413
   1.37658733704590   -0.84357380508518   -3.44933196909626
   1.37352538731582   -0.84169743987734   -3.44728820632858
   1.36081051239986   -0.83390575450774   -3.43923532708603
   1.35365259804496   -0.82951937894962   -3.43454356072357
   1.34815717647312   -0.82615178027924   -3.43087333849237
   1.33550384276067   -0.81839780740765   -3.42343946268094
   1.33066575809718   -0.81543302531277   -3.41975702081224
   1.32283530014379   -0.81063451450744   -3.41488113716498
   1.31019792688287   -0.80289032221313   -3.40671630074825
   1.30700409500048   -0.80093313951841   -3.40480844414897
   1.29761195301366   -0.79517762750657   -3.39905173286692
   1.28489244909873   -0.78738310548275   -3.39092171055071
   1.28407346549921   -0.78688123168749   -3.39005946745864
   1.27220756284889   -0.77960979719138   -3.38255516714920
   1.26111725895208   -0.77281365022270   -3.37513681718292
   1.25954340248573   -0.77184918973971   -3.37419164603496
   1.24693540628599   -0.76412299973164   -3.36676704579633
   1.23738975756998   -0.75827341867516   -3.36022400457897
   1.23425611459921   -0.75635311979293   -3.35830834954491
   1.22163155455243   -0.74861677944634   -3.35004614026767
   1.21447242693409   -0.74422966039943   -3.34535666783864
   1.20897984697773   -0.74086380307325   -3.34168592926966
   1.19632808118588   -0.73311079102464   -3.33425372749524
   1.19149069490198   -0.73014643689733   -3.33056844488453
   1.18367665398078   -0.72535798646226   -3.32589382729110
   1.17097575059320   -0.71757486285626   -3.31765040996735
   1.16774750782348   -0.71559659314267   -3.31570815918694
   1.15837400744522   -0.70985250472324   -3.31010232649373
   1.14567384275247   -0.70206983379002   -3.30185813110175
   1.14259009200850   -0.70018010890369   -3.30084870559229
   1.13333606740200   -0.69450923533136   -3.29762795443995
   1.12077691939615   -0.68681297953501   -3.29557415181291
   1.10817197648930   -0.67908866058723   -3.29502045073147
   1.09550902789657   -0.67132879570943   -3.29492373480747
   1.08285691212962   -0.66357556919581   -3.29491735928205
   1.07020485585699   -0.65582237914034   -3.29491105780201
   1.05755285831684   -0.64806922507620   -3.29490483036745
   1.04490112484552   -0.64031623283363   -3.29443473501409
   1.03224924815075   -0.63256315282363   -3.29442865603993
   1.01960700124174   -0.62481597395393   -3.29404910680216
   1.00695144774897   -0.61706064079921   -3.29432652620195
   0.99430316130073   -0.60930976089512   -3.29403736100926
   0.98164236194264   -0.60155121307000   -3.29394107849815
   0.96899075793396   -0.59379830016224   -3.29393537080844
   0.95633920656240   -0.58604541951056   -3.29392973714645
   0.94368770706615   -0.57829257064810   -3.29392417751229
   0.93103625868337   -0.57053975310802   -3.29391869190604
   0.91838512348948   -0.56278712749034   -3.29344934206896
   0.90573351221094   -0.55503421012761   -3.29390794277770
   0.89308221259764   -0.54728148375359   -3.29390267925578
   0.88043096105053   -0.53952878683456   -3.29389748976217
   0.86778004229652   -0.53177629385141   -3.29342843707559
   0.85512889025888   -0.52402365791187   -3.29342339587444
   0.84247778400183   -0.51627105002671   -3.29341842869237
   0.82982642028744   -0.50851828437148   -3.29387747207269
   0.81718236531543   -0.50076999751935   -3.29303550451203
   0.80453334256846   -0.49301866641080   -3.29331304514842
   0.79187380154327   -0.48526088969308   -3.29339930015686
   0.77922291276194   -0.47750841507721   -3.29339470307167
   0.76657206519031   -0.46975596571468   -3.29339018000616
   0.75392701180916   -0.46200706703664   -3.29301258753819
   0.74127051753274   -0.45425115736896   -3.29291737377031
   0.72861978707887   -0.44649877977628   -3.29291307369599
   0.71596909478684   -0.43874642556921   -3.29290884763272
   0.70331843989484   -0.43099409428091   -3.29290469558059
   0.69066782164106   -0.42324178544453   -3.29290061753970
   0.67801723926367   -0.41548949859324   -3.29289661351015
   0.66536669200088   -0.40773723326020   -3.29289268349203
   0.65271617909085   -0.39998498897856   -3.29288882748545
   0.64006569977178   -0.39223276528148   -3.29288504549049
   0.62741525328186   -0.38448056170214   -3.29288133750726
   0.61476483885926   -0.37672837777368   -3.29287770353585
   0.60211445574219   -0.36897621302926   -3.29287414357637
   0.58946410316882   -0.36122406700205   -3.29287065762890
   0.57681419612995   -0.35347219399873   -3.29240331193026
   0.56416390801782   -0.34572008747342   -3.29239997402458
   0.55151651697320   -0.33796975627337   -3.29202375873880
   0.53887571994825   -0.33022346589376   -3.29230180897186
   0.52621571970239   -0.32246540776525   -3.29201746399465
   0.51356302238026   -0.31471182487415   -3.29192339608682
   0.50091546561629   -0.30696139212115   -3.29108360790752
   0.48825109358053   -0.29920065495634   -3.29182748719238
   0.47561262579614   -0.29145579193718   -3.29191471670473
   0.46296254046717   -0.28370380967755   -3.29191197156621
   0.45031247730140   -0.27595184099954   -3.29190930042226
   0.43766243553702   -0.26819988543633   -3.29190670327300
   0.42501241441222   -0.26044794252106   -3.29190418011852
   0.41236241316520   -0.25269601178692   -3.29190173095892
   0.39971243103416   -0.24494409276706   -3.29189935579429
   0.38706246725729   -0.23719218499465   -3.29189705462474
   0.37441252107279   -0.22944028800286   -3.29189482745036
   0.36176310369874   -0.22168871506654   -3.29142873996311
   0.34911267843368   -0.21393652449380   -3.29189059508751
   0.33646278045546   -0.20618465704286   -3.29188858989925
   0.32381342597460   -0.19843312264753   -3.29142272394216
   0.31116356198234   -0.19068127602321   -3.29142086657427
   0.29851371101166   -0.18292943737852   -3.29141908319278
   0.28586297948941   -0.17517705913114   -3.29104449788823
   0.27321399974890   -0.16742575437699   -3.29095178552829
   0.26056418131145   -0.15967393566869   -3.29095022470209
   0.24791437284780   -0.15192212307235   -3.29094873785353
   0.23526457359617   -0.14417031612114   -3.29094732498272
   0.22261478279474   -0.13641851434822   -3.29094598608976
   0.20996499968174   -0.12866671728677   -3.29094472117474
   0.19731522349535   -0.12091492446996   -3.29094353023777
   0.18466545347379   -0.11316313543096   -3.29094241327895
   0.17201568885526   -0.10541134970294   -3.29094137029837
   0.15936592887797   -0.09765956681907   -3.29094040129613
   0.14671617278012   -0.08990778631253   -3.29093950627234
   0.13406641979992   -0.08215600771649   -3.29093868522709
   0.12141728864720   -0.07440461017682   -3.29047399997756
   0.10876754527347   -0.06665283746763   -3.29047332656908
   0.09611780273206   -0.05890106526848   -3.29047272713012
   0.08346806026118   -0.05114929311256   -3.29047220166078
   0.07083839561209   -0.04340982466166   -3.29056452267674
   0.05818754286000   -0.03565737212454   -3.29037869945331
   0.04551454576792   -0.02789134951841   -3.29009810543323
   0.03286899313574   -0.02014214489894   -3.29000689680624
   0.02021923761976   -0.01239036474898   -3.29000674160780
   0.00756947760303   -0.00463858184095   -3.29000666037038
  -0.00508028767624    0.00311320429198   -3.29000665309409
  -0.01773005897985    0.01086499411662   -3.29000671977903
  -0.03037983706957    0.01861678809979   -3.29000686042531
  -0.04302962270719    0.02636858670833   -3.29000707503301
  -0.05567871800743    0.03411996227757   -3.28954342052069
  -0.06832851537003    0.04187176807118   -3.28954378260055
  -0.08097903252534    0.04962401495434   -3.29000816262570
  -0.09361044864403    0.05736455670719   -3.28963737723026
  -0.10625671536889    0.06511419892322   -3.28945243427164
  -0.11891048568573    0.07286843934632   -3.28963858720646
  -0.13157777331031    0.08063096318626   -3.28908276480950
  -0.14420575031422    0.08836939744686   -3.28945460225192
  -0.15687741489644    0.09613460348990   -3.28954838783395
  -0.16953461627349    0.10389094646940   -3.28917617447895
  -0.18217734184808    0.11163841866574   -3.28908643286290
  -0.19480466830079    0.11937645426806   -3.28945853401847
  -0.20748493989677    0.12714693469591   -3.28917942307415
  -0.22010422872591    0.13488004483617   -3.28946094609900
  -0.23278524542087    0.14265098186126   -3.28918195644991
  -0.24542718375280    0.15039797163468   -3.28909268167323
  -0.25807721058253    0.15814991804593   -3.28909415326879
  -0.27071134117577    0.16589212323093   -3.28872418066774
  -0.28337666053214    0.17365344091456   -3.28816943207918
  -0.29602755585029    0.18140591953619   -3.28863507788078
  -0.30867767427635    0.18915792207775   -3.28863684543689
  -0.32130261061000    0.19689449301322   -3.28854563829549
  -0.33398663838150    0.20466727522839   -3.28826718571456
  -0.34662734972776    0.21241351310402   -3.28817863635866
  -0.35927756429947    0.22016557456371   -3.28818069899494
  -0.37192780622618    0.22791765278656   -3.28818283555825
  -0.38457807626966    0.23566974823939   -3.28818504604870
  -0.39722837519168    0.24342186138900   -3.28818733046638
  -0.40987870375400    0.25117399270222   -3.28818968881140
  -0.42252906271839    0.25892614264586   -3.28819212108386
  -0.43517945284662    0.26667831168671   -3.28819462728387
  -0.44782900098590    0.27442996475608   -3.28773324691639
  -0.46048032964169    0.28218270892737   -3.28819986146691
  -0.47311774754435    0.28992692857817   -3.28783070896073
  -0.48578061333336    0.29768674271378   -3.28727749696159
  -0.49843116704144    0.30543901199650   -3.28728037207720
  -0.51108175648432    0.31319130317753   -3.28728332110245
  -0.52373238242377    0.32094361672369   -3.28728634403744
  -0.53638304562155    0.32869595310178   -3.28728944088227
  -0.54903374683943    0.33644831277862   -3.28729261163706
  -0.56168448683915    0.34420069622101   -3.28729585630190
  -0.57433526638250    0.35195310389575   -3.28729917487689
  -0.58698608623122    0.35970553626966   -3.28730256736214
  -0.59963694714708    0.36745799380955   -3.28730603375775
  -0.61228784989184    0.37521047698222   -3.28730957406382
  -0.62493879522725    0.38296298625448   -3.28731318828045
  -0.63758882520135    0.39071493459260   -3.28685290432094
  -0.65024081671710    0.39846808496499   -3.28732063844583
  -0.66290517614400    0.40622881440309   -3.28648643276459
  -0.67553843476000    0.41397048523975   -3.28723721795057
  -0.68819320607300    0.42172533907408   -3.28686839238385
  -0.70085920432036    0.42948707278264   -3.28649827527238
  -0.71349587635728    0.43723083536633   -3.28641264791880
  -0.72614718618229    0.44498356799810   -3.28641685236677
  -0.73879854545408    0.45273633093090   -3.28642113070772
  -0.75144995493441    0.46048912463153   -3.28642548294174
  -0.76410141538504    0.46824194956679   -3.28642990906896
  -0.77675292756771    0.47599480620349   -3.28643440908946
  -0.78939588767183    0.48374242211972   -3.28606633623021
  -0.80204973536183    0.49149670995715   -3.28635253335821
  -0.81470778212549    0.49925357099023   -3.28644835251174
  -0.82737504427982    0.50701607922198   -3.28561464990657
  -0.84001151107269    0.51475971603196   -3.28599408443518
  -0.85266229681740    0.52251212750691   -3.28553503982574
  -0.86531524929362    0.53026586675663   -3.28600404464247
  -0.87796720476311    0.53801899503985   -3.28600913557310
  -0.89063706784634    0.54578309712288   -3.28685310234369
  -0.90342721621286    0.55362091012230   -3.28993903712812
  -0.91631738986242    0.56152001869402   -3.29525445178282
  -0.92123642434652    0.56453440690276   -3.29793659258120
  -0.92936754069297    0.56951716140832   -3.30344802269766
  -0.94171636090521    0.57708452816698   -3.31006220112544
  -0.94588689015710    0.57964023177950   -3.31281913306764
  -0.95462525184382    0.58499510670817   -3.31925359941850
  -0.96703032495219    0.59259694528592   -3.32585845547030
  -0.97029460086188    0.59459729613608   -3.32779944598413
  -0.97984618011341    0.60045051142940   -3.33414686716275
  -0.99242865767819    0.60816106359785   -3.34161077876681
  -0.99467473534811    0.60953746176420   -3.34283708731444
  -1.00494232442254    0.61582944844131   -3.34953274058671
  -1.01765918557259    0.62362235097672   -3.35652444179028
  -1.01858620773046    0.62419043088569   -3.35709070088610
  -1.03045884529612    0.63146599254323   -3.36481956948962
  -1.04283268206473    0.63904868946735   -3.37187306263983
  -1.04372133840224    0.63959325877136   -3.37257441748484
  -1.05582096090575    0.64700791697770   -3.38060336873392
  -1.06678972630521    0.65372958505941   -3.38714876003604
  -1.06837189956945    0.65469914208271   -3.38807820039297
  -1.08102936455802    0.66245564660356   -3.39551382774128
  -1.09210476412143    0.66924266018499   -3.40202012996125
  -1.09368697359899    0.67021223939984   -3.40294960858865
  -1.10638742814681    0.67799508795648   -3.41129627687094
  -1.11645156079816    0.68416239637717   -3.41735633196409
  -1.11890604674576    0.68566650730033   -3.41903758945072
  -1.13144706360274    0.69335165231437   -3.42668823303049
  -1.14023966976597    0.69873976830100   -3.43205500546864
  -1.14432045047917    0.70124047393828   -3.43455131796054
  -1.15697880569767    0.70899752399273   -3.44198789041916
  -1.16551300645144    0.71422728894078   -3.44708411802255
  -1.16955592174008    0.71670479061605   -3.44985519798033
  -1.18229677432231    0.72451239512001   -3.45779005250744
  -1.18929296266074    0.72879966484778   -3.46179927947780
  -1.19495559394860    0.73226972976392   -3.46522710168126
  -1.20761456203254    0.74002715538280   -3.47266431091980
  -1.21390205612258    0.74388013671660   -3.47656686936042
  -1.22039154579538    0.74785690110272   -3.48098859985774
  -1.23272828517636    0.75541686471846   -3.48801826607303
  -1.23834861044616    0.75886100447339   -3.49154594145547
  -1.24559323046848    0.76330051333285   -3.49590548175072
  -1.25825282620442    0.77105832357737   -3.50334333627625
  -1.26233447618151    0.77355956190024   -3.50597804613885
  -1.27099537590852    0.77886696807895   -3.51167837575665
  -1.28337255174933    0.78645171118914   -3.51868748186490
  -1.28740887235647    0.78892517163839   -3.52128986179138
  -1.29649757497810    0.79449473576809   -3.52689887990253
  -1.30874205282043    0.80199816144023   -3.53445913602615
  -1.31186145262619    0.80390973209973   -3.53634638984668
  -1.32166662055323    0.80991834673326   -3.54328147935454
  -1.33402025207262    0.81748866186473   -3.55028807867027
  -1.33489132902297    0.81802245850644   -3.55103162758456
  -1.34700434736343    0.82544532569222   -3.56001343007195
  -1.35487424516109    0.83026800526521   -3.56567441886150
  -1.35971858181643    0.83323661858562   -3.56930117007256
  -1.37233780381802    0.84096968777391   -3.57860547180418
  -1.37475414965534    0.84245042640743   -3.58045782799411
  -1.38507483002758    0.84877494747368   -3.58882160053617
  -1.39441591849802    0.85449917385045   -3.59545409223480
  -1.39797658890643    0.85668115548303   -3.59815818339800
  -1.41026017959397    0.86420854953755   -3.60651518946790
  -1.41511394809787    0.86718294270219   -3.61021057389452
  -1.42307329906267    0.87206043924650   -3.61671483372130
  -1.43475428534879    0.87921855684888   -3.62528942459301
  -1.43565038250452    0.87976768589217   -3.62602345506409
  -1.44814531667203    0.88742459139777   -3.63572520653571
  -1.45443743368727    0.89128040566378   -3.64033336668709
  -1.46101704825040    0.89531239865372   -3.64554310177572
  -1.47357836717988    0.90300998479379   -3.65393537681914
  -1.47518721305841    0.90399588681615   -3.65507247009313
  -1.48634322693782    0.91083230091395   -3.66414131062856
  -1.49475511539733    0.91598711279168   -3.67023703802244
  -1.49882659223560    0.91848211700707   -3.67383246080394
  -1.51157203166077    0.92629253233200   -3.68276162513512
  -1.51404475650597    0.92780782006599   -3.68460019615390
  -1.52412631409883    0.93398580650458   -3.69243417500487
  -1.53438912434971    0.94027486471484   -3.69982912461409
  -1.53679910175873    0.94175170077049   -3.70162023520255
  -1.54941119523361    0.94948040159199   -3.71104631649992
  -1.55420579273845    0.95241853472177   -3.71468168998965
  -1.56215414755707    0.95728929281903   -3.72124668441658
  -1.57400917469497    0.96455406279256   -3.72946301673325
  -1.57489828082811    0.96509890773169   -3.73019053992988
  -1.58746542133633    0.97280006133980   -3.73984808058958
  -1.59376472026119    0.97666027668567   -3.74445658425211
  -1.60010374307617    0.98054483486273   -3.74915591313421
  -1.61274567618874    0.98829182143773   -3.75846491826923
  -1.61360452612939    0.98881812535825   -3.75926936252227
  -1.62560990434480    0.99617503059057   -3.76831163408985
  -1.63348412664396    1.00100036022149   -3.77397245642027
  -1.63831915423281    1.00396326893861   -3.77760677102387
  -1.65059962822986    1.01148875308274   -3.78666156256813
  -1.65383098125622    1.01346892876405   -3.78929454271585
  -1.66342374264937    1.01934738050621   -3.79658686561636
  -1.67298052067969    1.02520378161527   -3.80393063428243
  -1.67617682690180    1.02716248058731   -3.80648000748867
  -1.68875357089641    1.03486951921944   -3.81518940043511
  -1.69354902719736    1.03780817862016   -3.81882578828605
  -1.70149226482527    1.04267580089892   -3.82539330050685
  -1.71335944108072    1.04994801586126   -3.83361030067092
  -1.71423431370798    1.05048413849676   -3.83436801267134
  -1.72680984131837    1.05819043172769   -3.84399990218512
  -1.73311641996314    1.06205510809167   -3.84860868339611
  -1.73945292703735    1.06593812462080   -3.85331010408777
  -1.75209939966074    1.07368789301160   -3.86262134034760
  -1.75364455118906    1.07463476308595   -3.86364863428809
  -1.76476375436141    1.08144861955346   -3.87192527522779
  -1.77351520797118    1.08681151722290   -3.87835858832773
  -1.77765759846101    1.08934997737984   -3.88180015902031
  -1.78995685787959    1.09688697324509   -3.89082660834732
  -1.79319359688846    1.09887044946073   -3.89345938054356
  -1.80278613196723    1.10474876251726   -3.90075427384442
  -1.81241021677633    1.11064640927340   -3.90793252125402
  -1.81585969740334    1.11276025372031   -3.91067963775076
  -1.82799534082620    1.12019698557442   -3.92056350382917
  -1.83051479082342    1.12174090651839   -3.92313048477495
  -1.84085894984807    1.12807981532134   -3.93235703948752
  -1.84716579776101    1.13194465669308   -3.93799849707910
  -1.85338510816850    1.13575585501247   -3.94377577596208
  -1.86384920477242    1.14216826165853   -3.95272695395304
  -1.86653472292966    1.14381394930184   -3.95533697233875
  -1.87907476379783    1.15149849622917   -3.96646563585786
  -1.88055746129988    1.15240709442700   -3.96755383529786
  -1.89158947998195    1.15916752417014   -3.97792549768574
  -1.89711839767945    1.16255564929273   -3.98249229182030
  -1.90427282453248    1.16693988770696   -3.98908672198009
  -1.91379523517304    1.17277522845249   -3.99734249069882
  -1.91700178917221    1.17474020727039   -4.00024732631754
  -1.92957389962291    1.18244440646316   -4.01142294981485
  -1.93041385722371    1.18295913314294   -4.01227879293979
  -1.94225671833205    1.19021644776396   -4.02258423014532
  -1.94709691149015    1.19318252194599   -4.02708930534749
  -1.95497600006291    1.19801083363320   -4.03466910727185
  -1.96434679148052    1.20375326199941   -4.04222898488741
  -1.96749731896546    1.20568390772524   -4.04513403597821
  -1.98024605227965    1.21349634154796   -4.05608902558648
  -1.98116167653841    1.21405743681537   -4.05699692259073
  -1.99312190575630    1.22138667470642   -4.06787168105177
  -1.99779748120564    1.22425187102679   -4.07174754965833
  -2.00567473109589    1.22907905596791   -4.07932823659946
  -2.01364339430999    1.23396225906593   -4.08663362277711
  -2.01849256653994    1.23693383563027   -4.09113705014174
  -2.03078612360044    1.24446733708599   -4.10103771563299
  -2.03162622693044    1.24498215306873   -4.10189374656176
  -2.04366795264961    1.25236133208000   -4.11283249995199
  -2.04761525909135    1.25478024457853   -4.11659587479523
  -2.05635108972469    1.26013356847570   -4.12492706530185
  -2.06419401308466    1.26493971809201   -4.13153272799288
  -2.06902782606420    1.26790188249559   -4.13609395412450
  -2.08099634740975    1.27523620180901   -4.14612885987464
  -2.08184682357888    1.27575737427575   -4.14696076785186
  -2.09438208778655    1.28343899406176   -4.15842870688432
  -2.09756205344913    1.28538767952604   -4.16113167589890
  -2.10705961684598    1.29120779386104   -4.16959657238392
  -2.11490470634500    1.29601527088906   -4.17620286678205
  -2.11973741234455    1.29897675693444   -4.18076476536687
  -2.13170932474514    1.30631315428906   -4.19080055925218
  -2.13255987785688    1.30683437390629   -4.19163256314881
  -2.14509380569438    1.31451517476360   -4.20310213798781
  -2.14758787608016    1.31604354306169   -4.20572384238883
  -2.15777971811682    1.32228911189435   -4.21519931328915
  -2.16415286893883    1.32619458374101   -4.22067304855305
  -2.17058923348656    1.33013879300861   -4.22606672385156
  -2.18150746999490    1.33682949694603   -4.23573574808658
  -2.18297581264349    1.33772929847834   -4.23683684555442
  -2.19560320527880    1.34546737463741   -4.24808275026946
  -2.19812426374799    1.34701228125427   -4.25065180148728
  -2.20847461320000    1.35335498355599   -4.25988606661655
  -2.21478098616064    1.35721953387657   -4.26553263813051
  -2.22118945498749    1.36114664862444   -4.27197724541529
  -2.23139302234886    1.36739940274533   -4.28045810395557
  -2.23375299055841    1.36884559312412   -4.28227842080215
  -2.24634137206013    1.37655976322978   -4.29367279091933
  -2.24868408684312    1.37799538069519   -4.29559461124814
  -2.25936606982670    1.38454130828642   -4.30519517178681
  -2.26486128865692    1.38790878271658   -4.30999304006576
  -2.27191101501475    1.39222886058483   -4.31666415806342
  -2.28135252734488    1.39801462678197   -4.32511784625300
  -2.28453635600854    1.39996567949636   -4.32785725077019
  -2.29741004029178    1.40785468337140   -4.33871193349276
  -2.29889435711389    1.40876427388984   -4.33993668173070
  -2.30993104428879    1.41552756448907   -4.35018993380819
  -2.31530736904567    1.41882218053738   -4.35510616388143
  -2.32261708641637    1.42330158110323   -4.36229241864535
  -2.33138367565684    1.42867375389908   -4.36963154203094
  -2.33535497392397    1.43110736860712   -4.37345529238977
  -2.34778366467015    1.43872368009193   -4.38401049665238
  -2.34862425713749    1.43923879581841   -4.38486714783530
  -2.36047405160135    1.44650035920517   -4.39517147369326
  -2.36535126492788    1.44948911937559   -4.39963570298352
  -2.37334932850595    1.45439033903982   -4.40699029168491
  -2.38201449316751    1.45970035877379   -4.41451782265561
  -2.38602615114122    1.46215870594183   -4.41816840590745
  -2.39806130180096    1.46953385575150   -4.42912037826864
  -2.39890197642575    1.47004902182414   -4.42997713233933
  -2.41121349777992    1.47759353181318   -4.44079813227143
  -2.41594763619502    1.48049461556511   -4.44457776936014
  -2.42389803782135    1.48536662794776   -4.45197452644098
  -2.43204981784322    1.49036204516990   -4.45905008324197
  -2.43695642522355    1.49336881803966   -4.46350628231530
  -2.44880107169193    1.50062722673072   -4.47382651104483
  -2.44964182983787    1.50114244398519   -4.47468336870935
  -2.46216344572709    1.50881570007089   -4.48707832693489
  -2.46446934634364    1.51022875778609   -4.48902505477478
  -2.47489368729414    1.51661680213639   -4.50196996720543
  -2.47646569251145    1.51758012817252   -4.50383321308809
  -2.48703138700868    1.52405479408767   -4.51849759615452
  -2.48777183550596    1.52450854151038   -4.51942736771183
  -2.49720660231092    1.53029017404438   -4.53356943676883
  -2.50050419541554    1.53231094169785   -4.53810665487157
  -2.50751076095930    1.53660457058522   -4.54846804483964
  -2.51319790079232    1.54008965435716   -4.55672325973506
  -2.51782093286621    1.54292265205563   -4.56336547264218
  -2.52549726092314    1.54762671193894   -4.57384290726633
  -2.52867548366660    1.54957432934102   -4.57849337770046
  -2.53838067192161    1.55552167635273   -4.59227745379504
  -2.53915142649337    1.55599399536177   -4.59321027647385
  -2.54877948119234    1.56189407486955   -4.60805108300532
  -2.55105599757910    1.56328912590557   -4.61090072319612
  -2.55927476701989    1.56832559429643   -4.62274118262858
  -2.56397492501287    1.57120585481891   -4.62933563738760
  -2.56961655723580    1.57466305149152   -4.63763301478663
  -2.57648322213586    1.57887094915416   -4.64721478664979
  -2.58047148294494    1.58131495852128   -4.65276881733717
  -2.58917123539230    1.58664617367764   -4.66490776081864
  -2.59137341701296    1.58799567231041   -4.66786983156988
  -2.60129797213668    1.59407744751216   -4.68237135787059
  -2.60204697475603    1.59453643690762   -4.68330272096893
  -2.61146827175332    1.60030981513286   -4.69744579474591
  -2.61457950311854    1.60221638016556   -4.70215774104069
  -2.62175029393046    1.60661064642669   -4.71236375964410
  -2.62726346336163    1.60998912099925   -4.71985312971886
  -2.63209084595614    1.61294734485782   -4.72725298920649
  -2.64016074257008    1.61789258386305   -4.73828954895598
  -2.64262023044127    1.61939975996894   -4.74193869594103
  -2.65266988736218    1.62555819765061   -4.75617628915475
  -2.65344222692979    1.62603148794635   -4.75711143692780
  -2.66305692591255    1.63192338306071   -4.77195352283188
  -2.66535051678680    1.63332889735612   -4.77480807702262
  -2.67412660609782    1.63870689180270   -4.78688173701907
  -2.67806800478722    1.64112218402594   -4.79250269890382
  -2.68446006359461    1.64503924270095   -4.80177625528467
  -2.69077114213169    1.64890667660248   -4.81113193257745
  -2.69476607985208    1.65135477758611   -4.81668964534595
  -2.70346690302677    1.65668664888502   -4.82883251713707
  -2.70566392826915    1.65803298768512   -4.83179362366674
  -2.71559968312562    1.66412162609193   -4.84630295373974
  -2.71635729895422    1.66458589366880   -4.84723594417960
  -2.72576513118789    1.67035102067629   -4.86138011583172
  -2.72887735828714    1.67225819589557   -4.86609373066561
  -2.73605622495468    1.67665741104740   -4.87630547217635
  -2.74177029220234    1.68015899596024   -4.88455187457504
  -2.74639618395576    1.68299374607259   -4.89119879959434
  -2.75408279201560    1.68770410554978   -4.90168567550650
  -2.75726049629359    1.68965140523581   -4.90633864060843
  -2.76697952111934    1.69560723130898   -4.92013489185767
  -2.76776876219081    1.69609087885961   -4.92107127737496
  -2.77814158011552    1.70244734985911   -4.93593109985662
  -2.77987925009462    1.70351219539182   -4.93858700573239
  -2.78791705953383    1.70843777135109   -4.95060896063385
  -2.79258114849643    1.71129592874333   -4.95724061821298
  -2.79855528611215    1.71495688498270   -4.96594874385488
  -2.80509352041354    1.71896352011563   -4.97511225978746
  -2.80909680608647    1.72141673673115   -4.98066976393642
  -2.81779878476299    1.72674931612251   -4.99281668798393
  -2.82017966295604    1.72820832015567   -4.99561915107440
  -2.82952706441594    1.73393641513736   -5.01066496225029
  -2.83030774318248    1.73441481570078   -5.01169259057527
  -2.83984206400281    1.74025745501385   -5.02561304359332
  -2.84321407702180    1.74232382724951   -5.03009959305685
  -2.85039872379037    1.74672658445179   -5.04030711097093
  -2.85572686666302    1.74999167460348   -5.04796485887761
  -2.86071322498815    1.75304731891506   -5.05523037491342
  -2.86862573975605    1.75789611420100   -5.06644134906538
  -2.87180604717894    1.75984500909628   -5.07017824602478
  -2.88114108623922    1.76556552838973   -5.08430898981139
  -2.88193409592538    1.76605148535042   -5.08532347988894
  -2.89225774488045    1.77237782556656   -5.10018157067992
  -2.89403996719650    1.77346997280648   -5.10279138274971
  -2.90203626615871    1.77837011111272   -5.11485999583856
  -2.90693466045091    1.78137185099560   -5.12126966778981
  -2.91291078092364    1.78503402233131   -5.12998104945355
  -2.91946069037047    1.78904781200257   -5.13915020938977
  -2.92346489449597    1.79150159144655   -5.14471094874048
  -2.93216299445022    1.79683179395384   -5.15685666968334
  -2.93435482084558    1.79817494689638   -5.15982120778662
  -2.94431340698701    1.80427757633261   -5.17434676954723
  -2.94508839827745    1.80475249160619   -5.17528318975042
  -2.95446938085089    1.81050116512072   -5.18942970498460
  -2.95758370278472    1.81240962405629   -5.19414680671097
  -2.96454311121482    1.81667435502725   -5.20456944983342
  -2.97010744823355    1.82008418513780   -5.21207177568327
  -2.97509982821023    1.82314351952220   -5.21930015458660
  -2.98281535142095    1.82787159822665   -5.22976921859035
  -2.98620421992642    1.82994829951770   -5.23425510443530
  -2.99552466467100    1.83565987540299   -5.24838650066732
  -2.99633573872574    1.83615690222298   -5.24940608295843
  -3.00665072676438    1.84247793502271   -5.26426741468630
  -3.00843168510465    1.84356930769727   -5.26687757270539
  -3.01697837137351    1.84880672377881   -5.27917772978491
  -3.02095404872163    1.85124302199113   -5.28478987004578
  -3.02730869731956    1.85513715566030   -5.29410328133336
  -3.03366572639176    1.85903274808597   -5.30342859758921
  -3.03764111752369    1.86146887090478   -5.30903602517176
  -3.04638241394238    1.86682554423952   -5.32116487939767
  -3.04878176790094    1.86829587023635   -5.32401105978059
  -3.05829524645251    1.87412573739071   -5.33884874456532
  -3.05911518889371    1.87462819876490   -5.33986462733954
  -3.06862994833856    1.88045885085167   -5.35379020335387
  -3.07199467908156    1.88252076050286   -5.35826740627477
  -3.07895653582494    1.88678699180212   -5.36869408160462
  -3.08453145902803    1.89020330913479   -5.37620235557348
  -3.08952559237728    1.89326371798729   -5.38343358310101
  -3.09723986118377    1.89799102799183   -5.39390569549494
  -3.10041701027045    1.89993798745618   -5.39856270908036
  -3.11009681701600    1.90586978065890   -5.41232448830891
  -3.11073269626487    1.90625944796377   -5.41335037307592
  -3.12052917435148    1.91226273745624   -5.42818860703723
  -3.12286291148887    1.91369285341334   -5.43102785878445
  -3.13086485817879    1.91859645265158   -5.44310579842403
  -3.13558343066235    1.92148799758840   -5.44968638729405
  -3.14174757886663    1.92526539246619   -5.45826472463396
  -3.14828326004361    1.92927046304248   -5.46740170465832
  -3.15206986981620    1.93159090049550   -5.47315620077832
  -3.16083120478417    1.93695985346903   -5.48533819014318
  -3.16239774896482    1.93791983297759   -5.48806164352421
  -3.17318124301087    1.94452796662791   -5.50264671127152
  -3.17397494892202    1.94501435023581   -5.50358342449974
  -3.18332929976352    1.95074670380402   -5.51773225848750
  -3.18646408500598    1.95266770267125   -5.52246333676708
  -3.19365799611242    1.95707613706708   -5.53268925861513
  -3.19919405271214    1.96046863691458   -5.54112876155466
  -3.20399175671058    1.96340867370609   -5.54763242435583
  -3.21189663772449    1.96825279102157   -5.55885109731785
  -3.21488187733660    1.97008214820865   -5.56276608682520
  -3.22442308517930    1.97592900789447   -5.57676328276582
  -3.22525849953080    1.97644095046749   -5.57776522317480
  -3.23555641202596    1.98275151936072   -5.59263312263352
  -3.23733489352389    1.98384137422434   -5.59524399134312
  -3.24533979738204    1.98874678561760   -5.60732678488840
  -3.25006106914987    1.99163998467795   -5.61391046111277
  -3.25567616068963    1.99508091719900   -5.62226415562817
  -3.26258904803455    1.99931714001229   -5.63182511407040
  -3.26657191070262    2.00175784139433   -5.63743868522967
  -3.27532116699390    2.00711939254526   -5.64957798126433
  -3.27714727352208    2.00823843206496   -5.65219668374792
  -3.28722918257608    2.01441663387920   -5.66727097548366
  -3.28808200251491    2.01493924260986   -5.66829560917764
  -3.29782080504370    2.02090718847504   -5.68202437269285
  -3.30096260216025    2.02283248422424   -5.68671809296150
  -3.30815915222603    2.02724253577644   -5.69694824796110
  -3.31366981566709    2.03061947467630   -5.70444694223365
  -3.31849766045751    2.03357798176888   -5.71186394617372
  -3.32608846193869    2.03822963089916   -5.72244012169484
  -3.32942068409350    2.04027161926189   -5.72708399166558
  -3.33893328072801    2.04610094597678   -5.74103970360196
  -3.33975664142354    2.04660550205992   -5.74201538943771
  -3.34951730731796    2.05258684581279   -5.75668746564944
  -3.35184888293222    2.05401563718682   -5.75952771561294
  -3.35985683327273    2.05892291546687   -5.77161548965997
  -3.36458085465376    2.06181779949235   -5.77820233855022
  -3.37019807748312    2.06526003806934   -5.78655949873790
  -3.37732574367792    2.06962787753111   -5.79595184765258
  -3.38133563240473    2.07208514050325   -5.80152166019801
  -3.38983536250288    2.07729378180638   -5.81384861418910
  -3.39139908692733    2.07825203336611   -5.81659702080579
  -3.40184146680777    2.08465113198691   -5.83167306140721
  -3.40258369467810    2.08510596981082   -5.83254130852658
  -3.41212862891085    2.09095511303139   -5.84653637981112
  -3.41534495437387    2.09292607981005   -5.85124805854943
  -3.42271027779226    2.09743955580574   -5.86130291838740
  -3.42821191260865    2.10081096195728   -5.86877635416620
  -3.43304164351745    2.10377062486470   -5.87619645219112
  -3.44076530978591    2.10850369364134   -5.88759429767177
  -3.44389426313506    2.11042111871975   -5.89147148339330
  -3.45357602986960    2.11635411300527   -5.90543405448588
  -3.45431386960626    2.11680626177741   -5.90629874598080
  -3.46464287569310    2.12313588484813   -5.92121067069575
  -3.46626575944254    2.12413038928885   -5.92405356271083
  -3.47442393512984    2.12912972577981   -5.93599751024788
  -3.47914404356251    2.13202221194746   -5.94256376147694
  -3.48535538444080    2.13582852653308   -5.95111511952043
  -3.49173514242996    2.13973804725698   -5.96046792559450
  -3.49571949087434    2.14217965912391   -5.96607678369061
  -3.50452481210471    2.14757556691372   -5.97827409784421
  -3.50627695617212    2.14864928217916   -5.98088951264852
  -3.51637333725833    2.15483635246615   -5.99589464007037
  -3.51704749564107    2.15524947725442   -5.99673816198668
  -3.52615447544748    2.16083024165737   -6.01073322191159
  -3.52994599070813    2.16315368519734   -6.01556321248327
  -3.53649540123571    2.16716716913049   -6.02566586464746
  -3.54269951831996    2.17096905696943   -6.03425954187133
  -3.54746834825650    2.17389139971305   -6.04078848152507
  -3.55540261351393    2.17875352371611   -6.05195910129415
  -3.55776610968764    2.18020187603413   -6.05565276985422
  -3.56637254096348    2.18547590390303   -6.07054547122277
  -3.56801935579900    2.18648507333216   -6.07518311262637
  -3.57044179858522    2.18796954818078   -6.08524768471463
  -3.57049298579667    2.18800091574430   -6.09988188546430
  -3.57052779236060    2.18802224523411   -6.11479894451914
  -3.56978677179383    2.18756814724676   -6.12965678701978
  -3.56902808253204    2.18710322186918   -6.14457213617330
  -3.56820033737888    2.18659597898695   -6.15292924912650
  -3.56748544363398    2.18615789153664   -6.15946029694525
  -3.56658743330222    2.18560759009757   -6.17432449157995
  -3.56594241875984    2.18521232467765   -6.18937721571463
  -3.56476168023727    2.18448876718043   -6.20425833082460
  -3.56354572167337    2.18374362681413   -6.21900854519291
  -3.55980332347273    2.18145028224724   -6.23390472632621
  -3.55634024874847    2.17932810732682   -6.24045591515787
  -3.55096746695495    2.17603566240925   -6.24893810776098
  -3.54392748662260    2.17172155691310   -6.25738030775694
  -3.53838721026483    2.16832647119454   -6.26389005954705
  -3.53106712091077    2.16384071466912   -6.27295873530841
  -3.52631834108849    2.16093065865132   -6.27853865892642
  -3.51825392887116    2.15598878048866   -6.28761512020394
  -3.51345591220146    2.15304855209196   -6.29318543006358
  -3.50568899613834    2.14828897980706   -6.30269095047180
  -3.50099172002389    2.14541048530202   -6.30829909361193
  -3.49288029584164    2.14043979817019   -6.31829847925166
  -3.48892305233577    2.13801479623094   -6.32294875216008
  -3.48036887018635    2.13277278666788   -6.33338755780817
  -3.47645901946981    2.13037682706728   -6.33806311904110
  -3.46775317321410    2.12504187762035   -6.34829408637788
  -3.46379597816064    2.12261690537277   -6.35294457981908
  -3.45493803769285    2.11718875247281   -6.36295037569190
  -3.45093391562562    2.11473502331420   -6.36759314472705
  -3.44237855872998    2.10949229386573   -6.37803325949697
  -3.43847012064290    2.10709719992557   -6.38270858431244
  -3.42976442764893    2.10176234439757   -6.39294029812968
  -3.42580730143576    2.09933741433537   -6.39759113180953
  -3.41710165746701    2.09400258885005   -6.40782309705439
  -3.41314455326298    2.09157767227507   -6.41247404532933
  -3.40443895728771    2.08624287620020   -6.42270626330308
  -3.40048187462370    2.08381797282496   -6.42735732676459
  -3.39157935456626    2.07836250151732   -6.43828893891468
  -3.38841370239739    2.07642258737327   -6.44200988695401
  -3.37891678373552    2.07060286813237   -6.45317286838192
  -3.37575114803475    2.06866296407997   -6.45689390952519
  -3.36640649376009    2.06293655257557   -6.46826873384886
  -3.36328778249715    2.06102540385566   -6.47201154308796
  -3.35379096432742    2.05520574619642   -6.48317508654862
  -3.35062536062995    2.05326586175568   -6.48689631195283
  -3.34112858920079    2.04744623273910   -6.49806013823612
  -3.33796300084542    2.04550635770000   -6.50178145816811
  -3.32855632600553    2.03974193994435   -6.51114017652271
  -3.32227019867953    2.03588979616462   -6.51676015120083
  -3.31593535061175    2.03200779627594   -6.52233792666998
  -3.30323918599817    2.02422757659439   -6.53051218832285
  -3.30165449445152    2.02325647636564   -6.53144039287952
  -3.29068617688506    2.01653508271634   -6.53917947417825
  -3.27959551840147    2.00973871845661   -6.54660969655060
  -3.27803529769755    2.00878261397957   -6.54758823948453
  -3.26521405036916    2.00092574351180   -6.55558774499234
  -3.25733950389530    1.99610021522637   -6.56137548224331
  -3.25254151699268    1.99316000507096   -6.56487924135854
  -3.23999034246307    1.98546863542714   -6.57262205973237
  -3.23450701386687    1.98210844734176   -6.57647232923279
  -3.22734888742881    1.97772194181890   -6.58103861429996
  -3.21464063364440    1.96993431388394   -6.58934062431019
  -3.21220338126571    1.96844076370538   -6.59111878232155
  -3.20197936387794    1.96217547779220   -6.59772146546841
  -3.19006291688632    1.95487306968391   -6.60603083595071
  -3.18920149913382    1.95434519220626   -6.60682399081679
  -3.17665138502254    1.94665447238762   -6.61447740667376
  -3.16779175398595    1.94122528350577   -6.62070425365365
  -3.16382891612012    1.93879685333831   -6.62358020655888
  -3.15105061698377    1.93096630155647   -6.63142559741955
  -3.14546530143492    1.92754361578613   -6.63543244848555
  -3.13847247299951    1.92325840500958   -6.64011746895905
  -3.12575196327474    1.91546326662470   -6.64843928659710
  -3.12262485107144    1.91354696980192   -6.65041376704762
  -3.11309079577422    1.90770449320161   -6.65681004439107
  -3.10057177900353    1.90003282985780   -6.66458326492255
  -3.09970624506145    1.89950242997592   -6.66535868039582
  -3.08791533773881    1.89227695267573   -6.67297063922709
  -3.07756899230230    1.88593670403787   -6.68033589571622
  -3.07516017449104    1.88446057858464   -6.68215772324780
  -3.06255271147069    1.87673471530932   -6.69060026447097
  -3.05612743400782    1.87279730021606   -6.69505534901316
  -3.04987356212400    1.86896492259673   -6.69895435409754
  -3.03708418376159    1.86112758145643   -6.70700861234230
  -3.03305539459589    1.85865873628044   -6.70981561484230
  -3.02450824565446    1.85342103667277   -6.71565480855568
  -3.01189488534219    1.84569155953232   -6.72317415926783
  -3.00943982991941    1.84418709963432   -6.72484680560304
  -2.99926309332061    1.83795078742588   -6.72976044136804
  -2.98662564797161    1.83020655095594   -6.73452103105593
  -2.97394463314332    1.82243561507475   -6.73915272156113
  -2.97307601329012    1.82190332414411   -6.73979102547902
  -2.96118098470653    1.81461404125314   -6.74434365654447
  -2.94858297196849    1.80689396911827   -6.74841651986657
  -2.93590232392007    1.79912325800007   -6.75304862828811
  -2.93189330270882    1.79666652664215   -6.75473688266068
  -2.92311914409194    1.79128971532647   -6.75820201765365
  -2.91054138864552    1.78358205687586   -6.76231326522204
  -2.89786109971672    1.77581156582645   -6.76694579435570
  -2.89147457899643    1.77189790089559   -6.76956105754251
  -2.88508739197435    1.76798382765447   -6.77211579964890
  -2.87250087501842    1.76027080014393   -6.77621127550955
  -2.85993165942512    1.75256837492206   -6.78033679752314
  -2.84952017991841    1.74618821207464   -6.78455672847332
  -2.84713428536142    1.74472613400970   -6.78545092906600
  -2.83457214997095    1.73702804754170   -6.78960311581464
  -2.82179911722383    1.72920072300733   -6.79389733098670
  -2.80910013331279    1.72141877565806   -6.79844448468995
  -2.80823152034154    1.72088648894470   -6.79908295849158
  -2.79633969921420    1.71359917158544   -6.80363803694201
  -2.78374151881966    1.70587899671054   -6.80771194862500
  -2.77106237751420    1.69810920892562   -6.81234589588153
  -2.76706066267622    1.69565695491899   -6.81409138005379
  -2.75839729170913    1.69034803436241   -6.81703457422927
  -2.74570442252133    1.68256983412037   -6.82161422252536
  -2.73302560712784    1.67480024605456   -6.82624860253376
  -2.72665906264476    1.67089882257760   -6.82895159133715
  -2.72032069319705    1.66701466478452   -6.83173532848145
  -2.70764402679233    1.65924639362072   -6.83730292357839
  -2.70426119084898    1.65717338908849   -6.83933284004789
      
      
