-1.727151 -2.226630 -4.577566
-1.734077 -2.235559 -4.592226
-1.735171 -2.236969 -4.594154
-1.741058 -2.244559 -4.607059
-1.744488 -2.248981 -4.613594
-1.748435 -2.254069 -4.622028
-1.753521 -2.260625 -4.632262
-1.755802 -2.263566 -4.636917
-1.762601 -2.272331 -4.650072
-1.763650 -2.273684 -4.652046
-1.770305 -2.282264 -4.666478
-1.771864 -2.284273 -4.669457
-1.777559 -2.291616 -4.681545
-1.780990 -2.296038 -4.688080
-1.784937 -2.301127 -4.696516
-1.790024 -2.307685 -4.706752
-1.792306 -2.310627 -4.711408
-1.798946 -2.319188 -4.724778
-1.799985 -2.320527 -4.726762
-1.806681 -2.329160 -4.740975
-1.808322 -2.331274 -4.743867
-1.814065 -2.338679 -4.756042
-1.817340 -2.342901 -4.762696
-1.821387 -2.348119 -4.771007
-1.826437 -2.354628 -4.781316
-1.828766 -2.357630 -4.785907
-1.835591 -2.366429 -4.800052
-1.836110 -2.367099 -4.801043
-1.843049 -2.376045 -4.815711
-1.844688 -2.378158 -4.818654
-1.850432 -2.385562 -4.830714
-1.853993 -2.390154 -4.837953
-1.857503 -2.394678 -4.845290
-1.862895 -2.401630 -4.855976
-1.865165 -2.404556 -4.860650
-1.872036 -2.413415 -4.874577
-1.872572 -2.414105 -4.875554
-1.879566 -2.423122 -4.890230
-1.881343 -2.425413 -4.893927
-1.886948 -2.432639 -4.905235
-1.890339 -2.437011 -4.912702
-1.893849 -2.441536 -4.920041
-1.899464 -2.448774 -4.931308
-1.901240 -2.451064 -4.934947
-1.908457 -2.460368 -4.949311
-1.908970 -2.461030 -4.950308
-1.915538 -2.469497 -4.964544
-1.918008 -2.472681 -4.969280
-1.923356 -2.479575 -4.979959
-1.926818 -2.484039 -4.987352
-1.930243 -2.488454 -4.994805
-1.935923 -2.495776 -5.006003
-1.937649 -2.498002 -5.009713
-1.944670 -2.507054 -5.024396
-1.945201 -2.507738 -5.025378
-1.952072 -2.516596 -5.039304
-1.954357 -2.519542 -5.043897
-1.959564 -2.526255 -5.054050
-1.963345 -2.531129 -5.061898
-1.966770 -2.535545 -5.069353
-1.972451 -2.542869 -5.080553
-1.974177 -2.545094 -5.084263
-1.981126 -2.554052 -5.098948
-1.981676 -2.554761 -5.099909
-1.988034 -2.562959 -5.113644
-1.990887 -2.566635 -5.118520
-1.995989 -2.573214 -5.128818
-2.000015 -2.578403 -5.137221
-2.003303 -2.582642 -5.143913
-2.008985 -2.589968 -5.155115
-2.010712 -2.592194 -5.158826
-2.017736 -2.601249 -5.173514
-2.018267 -2.601934 -5.174497
-2.025140 -2.610795 -5.188428
-2.027424 -2.613739 -5.193089
-2.032527 -2.620319 -5.203389
-2.036491 -2.625429 -5.211924
-2.039687 -2.629548 -5.218707
-2.045505 -2.637049 -5.230660
-2.046693 -2.638581 -5.233401
-2.054116 -2.648150 -5.248318
-2.054779 -2.649005 -5.250070
-2.061151 -2.657220 -5.263011
-2.063953 -2.660832 -5.268557
-2.068630 -2.666861 -5.277728
-2.073167 -2.672711 -5.287290
-2.075852 -2.676173 -5.293074
-2.082050 -2.684162 -5.305248
-2.083238 -2.685694 -5.307989
-2.090602 -2.695188 -5.322913
-2.091292 -2.696077 -5.324614
-2.097532 -2.704121 -5.337622
-2.100462 -2.707899 -5.343311
-2.104939 -2.713672 -5.352748
-2.109576 -2.719649 -5.361896
-2.112464 -2.723372 -5.367446
-2.118600 -2.731282 -5.379849
-2.119788 -2.732814 -5.382590
-2.126751 -2.741790 -5.397287
-2.128009 -2.743413 -5.400015
-2.134116 -2.751286 -5.412438
-2.136869 -2.754834 -5.418061
-2.141460 -2.760753 -5.427359
-2.146071 -2.766698 -5.436640
-2.148892 -2.770335 -5.442282
-2.155130 -2.778377 -5.455439
-2.156170 -2.779718 -5.457426
-2.163310 -2.788922 -5.471906
-2.164405 -2.790334 -5.473838
-2.170300 -2.797933 -5.486841
-2.173569 -2.802149 -5.493429
-2.178021 -2.807887 -5.501982
-2.182479 -2.813635 -5.511470
-2.184891 -2.816744 -5.516906
-2.191774 -2.825619 -5.530855
-2.192311 -2.826310 -5.531834
-2.199722 -2.835865 -5.546764
-2.200951 -2.837449 -5.549478
-2.206703 -2.844865 -5.561558
-2.210135 -2.849289 -5.568064
-2.214189 -2.854515 -5.576390
-2.219185 -2.860956 -5.586863
-2.221458 -2.863886 -5.591545
-2.228343 -2.872763 -5.605497
-2.228879 -2.873454 -5.606476
-2.235804 -2.882382 -5.621402
-2.237355 -2.884381 -5.624309
-2.243325 -2.892077 -5.636361
-2.246535 -2.896216 -5.642940
-2.250590 -2.901443 -5.651268
-2.255671 -2.907994 -5.661654
-2.257877 -2.910837 -5.666414
-2.264755 -2.919704 -5.680371
-2.265287 -2.920390 -5.681354
-2.272314 -2.929449 -5.696063
-2.273933 -2.931536 -5.698969
-2.279895 -2.939223 -5.711016
-2.283254 -2.943553 -5.718350
-2.286770 -2.948086 -5.725703
-2.292385 -2.955324 -5.737094
-2.294073 -2.957501 -5.740858
-2.301335 -2.966863 -5.755040
-2.301867 -2.967549 -5.756024
-2.308895 -2.976610 -5.770735
-2.310645 -2.978866 -5.774424
-2.315896 -2.985635 -5.785489
-2.319778 -2.990640 -5.793135
-2.323209 -2.995063 -5.800603
-2.328903 -3.002404 -5.811825
-2.331023 -3.005137 -5.815768
-2.337921 -3.014029 -5.829723
-2.338453 -3.014715 -5.830707
-2.345483 -3.023779 -5.845422
-2.347234 -3.026035 -5.849111
-2.352485 -3.032805 -5.860178
-2.356505 -3.037988 -5.868590
-2.359798 -3.042234 -5.875294
-2.365427 -3.049490 -5.886586
-2.367198 -3.051774 -5.890244
-2.374343 -3.060985 -5.904633
-2.374869 -3.061663 -5.905623
-2.381527 -3.070246 -5.920115
-2.383825 -3.073209 -5.924723
-2.389058 -3.079955 -5.934874
-2.393025 -3.085069 -5.943417
-2.396225 -3.089195 -5.950212
-2.401929 -3.096549 -5.961431
-2.403645 -3.098761 -5.965166
-2.410809 -3.107996 -5.979673
-2.411360 -3.108707 -5.980636
-2.417738 -3.116929 -5.994605
-2.420368 -3.120320 -5.999556
-2.424990 -3.126279 -6.009773
-2.429442 -3.132018 -6.018323
-2.432804 -3.136352 -6.024953
-2.438614 -3.143843 -6.036975
-2.440236 -3.145933 -6.039903
-2.447296 -3.155035 -6.054611
-2.447958 -3.155889 -6.056360
-2.454229 -3.163972 -6.069369
-2.456974 -3.167512 -6.074285
