# shadow point cont 2D ind 324  size 1125
# norm -0.8270806 -0.5620834  0.0000000
# angle  2.5446900
   3.17415725  -6.84438036
   3.18742881  -6.83440594
   3.20024487  -6.82912439
   3.20214211  -6.82829723
   3.21689142  -6.82405767
   3.23203738  -6.82007085
   3.24690467  -6.81647127
   3.25234658  -6.81444532
   3.26148240  -6.81126210
   3.27666465  -6.80709862
   3.29142336  -6.80399287
   3.30524418  -6.79932479
   3.30626897  -6.79864936
   3.32115213  -6.79390333
   3.33605037  -6.79008867
   3.35088938  -6.78630162
   3.35735381  -6.78420533
   3.36580346  -6.78175331
   3.38078907  -6.77755883
   3.39555825  -6.77435187
   3.40952511  -6.76990410
   3.41054192  -6.76928131
   3.42528848  -6.76519729
   3.44018905  -6.76138406
   3.45506705  -6.75768397
   3.46331390  -6.75477250
   3.46977605  -6.75278025
   3.48482101  -6.74841752
   3.49967444  -6.74389718
   3.50711452  -6.74049901
   3.51473630  -6.73622264
   3.52942318  -6.72934913
   3.53685945  -6.72563258
   3.54448129  -6.72135643
   3.55916837  -6.71448326
   3.56576794  -6.71095162
   3.57406807  -6.70624142
   3.58872699  -6.69924437
   3.59527047  -6.69570513
   3.60380679  -6.69042619
   3.61881843  -6.68317867
   3.62242563  -6.68135057
   3.63335751  -6.67525893
   3.64849102  -6.66724186
   3.65036212  -6.66633849
   3.66346052  -6.65909892
   3.67803837  -6.65206290
   3.67899687  -6.65131559
   3.69302039  -6.64386267
   3.70770849  -6.63699124
   3.70873081  -6.63624704
   3.72295297  -6.62844139
   3.73665890  -6.62157754
   3.73767024  -6.62078386
   3.75251364  -6.61320659
   3.76385445  -6.60707440
   3.76744503  -6.60507782
   3.78226010  -6.59741302
   3.79352497  -6.59201248
   3.79715259  -6.59008963
   3.81219379  -6.58199400
   3.82124865  -6.57698589
   3.82690732  -6.57340395
   3.84187648  -6.56337057
   3.84287723  -6.56254739
   3.85697622  -6.55067978
   3.85988674  -6.54799829
   3.87172728  -6.53659645
   3.87632095  -6.53276665
   3.88677161  -6.52282825
   3.89146514  -6.51821412
   3.90162844  -6.50886375
   3.90725439  -6.50332270
   3.91654117  -6.49401430
   3.92280974  -6.48819854
   3.93134403  -6.48000564
   3.93859908  -6.47330798
   3.94596856  -6.46671590
   3.95457297  -6.45861412
   3.96089102  -6.45283566
   3.97017787  -6.44352816
   3.97574999  -6.43794374
   3.98595222  -6.42860781
   3.99052773  -6.42480056
   4.00195653  -6.41395712
   4.00547339  -6.41096038
   4.01754640  -6.39886163
   4.02044678  -6.39618008
   4.03403259  -6.38374285
   4.03496129  -6.38281221
   4.04911676  -6.36906463
   4.05009987  -6.36815250
   4.06489421  -6.35509675
   4.06583849  -6.35418278
   4.07955142  -6.34004378
   4.08046343  -6.33909772
   4.08944958  -6.32471953
   4.09292085  -6.30988638
   4.09307613  -6.29473109
   4.09304157  -6.27981111
   4.09163763  -6.26478631
   4.09157679  -6.24996607
   4.09063849  -6.23494751
   4.09014107  -6.22006029
   4.08961290  -6.20520633
   4.08914243  -6.19022402
   4.08861426  -6.17536943
   4.08814413  -6.16038943
   4.08671253  -6.14543884
   4.08285196  -6.12992257
   4.08117066  -6.12702895
   4.07271281  -6.11455115
   4.06601523  -6.10534090
   4.06125139  -6.09988929
   4.05185083  -6.08715917
   4.04898390  -6.08391730
   4.03675773  -6.07050803
   4.03599517  -6.06946066
   4.02321227  -6.05477811
   4.02123284  -6.05206906
   4.01101324  -6.03980454
   4.00628504  -6.03426077
   3.99793561  -6.02485618
   3.99135790  -6.01743358
   3.98499553  -6.00997367
   3.97673409  -5.99960278
   3.97284630  -5.99502412
   3.96188983  -5.98176702
   3.96004868  -5.97979542
   3.94773400  -5.96519029
   3.94665169  -5.96343648
   3.93550855  -5.95019978
   3.93196182  -5.94630981
   3.92251253  -5.93529348
   3.91704326  -5.92866078
   3.90943023  -5.92034268
   3.90188040  -5.91108710
   3.89727958  -5.90539653
   3.88695524  -5.89332590
   3.88428079  -5.89048935
   3.87258155  -5.87639642
   3.87181588  -5.87535194
   3.86002438  -5.86062000
   3.85713610  -5.85696442
   3.84693876  -5.84567096
   3.84221279  -5.84013017
   3.83394255  -5.83076643
   3.82731621  -5.82245305
   3.82160089  -5.81610787
   3.81264261  -5.80464615
   3.80965869  -5.80088678
   3.79743973  -5.78685137
   3.79658468  -5.78599260
   3.78367721  -5.77109259
   3.78259548  -5.76933964
   3.77146775  -5.75611329
   3.76766355  -5.75151500
   3.75847227  -5.74121331
   3.75299468  -5.73459277
   3.74631823  -5.72626768
   3.73784855  -5.71607817
   3.73335642  -5.71139097
   3.72356131  -5.69892409
   3.72085082  -5.69585725
   3.70892553  -5.68144622
   3.70799417  -5.68051325
   3.69576054  -5.66682181
   3.69313615  -5.66388707
   3.68294010  -5.65163940
   3.67821625  -5.64610147
   3.66994439  -5.63674122
   3.66332111  -5.62843206
   3.65713945  -5.62157313
   3.64840965  -5.61068002
   3.64479647  -5.60690276
   3.63356461  -5.59295939
   3.63255784  -5.59193372
   3.62058530  -5.57707174
   3.61883605  -5.57511570
   3.60816352  -5.56235840
   3.60346807  -5.55679700
   3.59515291  -5.54746164
   3.58880319  -5.53986649
   3.58236189  -5.53229639
   3.57389597  -5.52211201
   3.56939648  -5.51742433
   3.55929850  -5.50426247
   3.55743033  -5.50225621
   3.54499920  -5.48749963
   3.54406823  -5.48656716
   3.53142473  -5.47240789
   3.52942444  -5.46972649
   3.51908430  -5.45774783
   3.51452434  -5.45208009
   3.50688407  -5.44278135
   3.49938929  -5.43443383
   3.49388493  -5.42788566
   3.48449690  -5.41676675
   3.48153109  -5.41321929
   3.46965404  -5.39905375
   3.46898646  -5.39828668
   3.45654583  -5.38310610
   3.45445095  -5.38054319
   3.44360604  -5.36823773
   3.43980517  -5.36364401
   3.43125750  -5.35357795
   3.42491048  -5.34598650
   3.41847626  -5.33842127
   3.41001393  -5.32824182
   3.40550700  -5.32355368
   3.39518948  -5.30963482
   3.39417376  -5.30855733
   3.38114283  -5.29364821
   3.38021222  -5.29271620
   3.36821477  -5.27879141
   3.36533036  -5.27514124
   3.35521856  -5.26390691
   3.35066054  -5.25824185
   3.34281358  -5.24921076
   3.33554456  -5.24068045
   3.33003714  -5.23406107
   3.32065298  -5.22294745
   3.31796371  -5.21917346
   3.30598718  -5.20490797
   3.30505674  -5.20397617
   3.29272587  -5.18930444
   3.29086504  -5.18744092
   3.28044066  -5.17467228
   3.27574912  -5.16911623
   3.26742992  -5.15978711
   3.26108547  -5.15219920
   3.25465819  -5.14463866
   3.24619929  -5.13446394
   3.24168486  -5.12977535
   3.23181929  -5.11738864
   3.22974053  -5.11461561
   3.21805043  -5.10012184
   3.21618991  -5.09825872
   3.20441563  -5.08503622
   3.20153241  -5.08138770
   3.19203377  -5.07035182
   3.18641838  -5.06386164
   3.17901086  -5.05545405
   3.17152842  -5.04619867
   3.16693122  -5.04057623
   3.15687475  -5.02921847
   3.15388006  -5.02564407
   3.14203545  -5.01151985
   3.14130557  -5.01072047
   3.12897102  -4.99559236
   3.12687787  -4.99303185
   3.11668350  -4.98097244
   3.11198847  -4.97541162
   3.10364788  -4.96605837
   3.09732504  -4.95850092
   3.09090457  -4.95094488
   3.08244894  -4.94077472
   3.07850840  -4.93623830
   3.06784161  -4.92294177
   3.06595125  -4.92087839
   3.05362735  -4.90621632
   3.05269742  -4.90528520
   3.04133294  -4.89159456
   3.03758420  -4.88783038
   3.02831651  -4.87670837
   3.02269336  -4.87020439
   3.01528601  -4.86179762
   3.00780373  -4.85254802
   3.00320655  -4.84692756
   2.99292900  -4.83484307
   2.99015426  -4.83198128
   2.97903037  -4.81716044
   2.97806367  -4.81616059
   2.96527814  -4.80196623
   2.96318580  -4.79940684
   2.95298065  -4.78735057
   2.94851961  -4.78252565
   2.93995482  -4.77244405
   2.93362609  -4.76488800
   2.92721228  -4.75733629
   2.91875976  -4.74717049
   2.91483398  -4.74263785
   2.90414866  -4.72934253
   2.90297825  -4.72751766
   2.89067366  -4.71289442
   2.88879960  -4.71100043
   2.87765871  -4.69801129
   2.87389476  -4.69340073
   2.86463740  -4.68310885
   2.85902836  -4.67663078
   2.85162361  -4.66822760
   2.84413882  -4.65898070
   2.83954159  -4.65336213
   2.82927298  -4.64128401
   2.82651145  -4.63842503
   2.81496075  -4.62414404
   2.81396123  -4.62307496
   2.80164413  -4.60842242
   2.79955255  -4.60586411
   2.78933652  -4.59381080
   2.78464924  -4.58825567
   2.77632021  -4.57891151
   2.76998554  -4.57135675
   2.76330130  -4.56400125
   2.75491736  -4.55474035
   2.74953738  -4.54884984
   2.74009301  -4.54065786
   2.73186164  -4.53395034
   2.72523263  -4.52852770
   2.71328813  -4.51906446
   2.71059163  -4.51708956
   2.69568085  -4.50504888
   2.69476965  -4.50421574
   2.68064467  -4.49403708
   2.67517760  -4.48927642
   2.66577598  -4.48198069
   2.65643284  -4.47461789
   2.65112704  -4.47060869
   2.63716616  -4.45954894
   2.63623697  -4.45861877
   2.62140834  -4.44725454
   2.61773735  -4.44438738
   2.60632428  -4.43544575
   2.59901988  -4.42973402
   2.59167916  -4.42403810
   2.57971353  -4.41462537
   2.57681232  -4.41197202
   2.56190036  -4.40079941
   2.56098811  -4.40000209
   2.54687388  -4.38893749
   2.54154266  -4.38484005
   2.53202050  -4.37773550
   2.52360016  -4.37043749
   2.51715156  -4.36568019
   2.50349848  -4.35507543
   2.50251390  -4.35421969
   2.48743050  -4.34242427
   2.48477073  -4.34042430
   2.47278732  -4.33100907
   2.46540577  -4.32530677
   2.45771474  -4.31915509
   2.44670056  -4.31066538
   2.44306172  -4.30778361
   2.42843519  -4.29614722
   2.42743502  -4.29532441
   2.41335626  -4.28445802
   2.40936185  -4.28108658
   2.39849526  -4.27331420
   2.38928232  -4.26578548
   2.38363536  -4.26123207
   2.37052737  -4.25112522
   2.36855860  -4.24941417
   2.35409958  -4.23782797
   2.35223725  -4.23606339
   2.33885713  -4.22612317
   2.33321423  -4.22160316
   2.32399213  -4.21499045
   2.31371433  -4.20672410
   2.30910738  -4.20296746
   2.29533346  -4.19162941
   2.29429225  -4.19077249
   2.27964037  -4.18030248
   2.27585770  -4.17678177
   2.26457073  -4.16848852
   2.25706905  -4.16210627
   2.24969803  -4.15644294
   2.23776049  -4.14699250
   2.23506242  -4.14501588
   2.22016168  -4.13298635
   2.21918790  -4.13211342
   2.20558676  -4.12235924
   2.19968182  -4.11722768
   2.19028640  -4.10993878
   2.18094390  -4.10258345
   2.17539687  -4.09791753
   2.16178521  -4.08725580
   2.16080111  -4.08640060
   2.14574357  -4.07549874
   2.14215350  -4.07265306
   2.13085959  -4.06347989
   2.12356831  -4.05774788
   2.11603429  -4.05226800
   2.10419069  -4.04262715
   2.10119156  -4.04016027
   2.08670320  -4.02951454
   2.08482532  -4.02780214
   2.07146090  -4.01698079
   2.06676393  -4.01333717
   2.05660904  -4.00582666
   2.04745128  -3.99826799
   2.04175724  -3.99374440
   2.02870334  -3.98360050
   2.02703713  -3.98249117
   2.01207707  -3.97139437
   2.00751471  -3.96848290
   1.99724970  -3.96204264
   1.98618261  -3.95363873
   1.98238390  -3.95092994
   1.96754785  -3.94160174
   1.96296538  -3.93873834
   1.95267589  -3.93142929
   1.94148189  -3.92407122
   1.93778384  -3.92127717
   1.92300116  -3.91185906
   1.91841817  -3.90899602
   1.90815592  -3.90255638
   1.89708373  -3.89415443
   1.89328976  -3.89144566
   1.87865030  -3.88185203
   1.87477943  -3.87922009
   1.86360242  -3.87191049
   1.85174399  -3.86417269
   1.84896005  -3.86231407
   1.83410662  -3.85211398
   1.83023929  -3.84948128
   1.81927136  -3.84277317
   1.80798906  -3.83465790
   1.80420382  -3.83197022
   1.78937337  -3.82264428
   1.78572081  -3.81984819
   1.77451996  -3.81243778
   1.76344833  -3.80492332
   1.75966383  -3.80223574
   1.74483475  -3.79291036
   1.74117670  -3.79011440
   1.72998168  -3.78270465
   1.71812355  -3.77496874
   1.71533998  -3.77311053
   1.70008947  -3.76258388
   1.69733054  -3.76061523
   1.68544531  -3.75297364
   1.67437268  -3.74546053
   1.67080381  -3.74338027
   1.65595156  -3.73318327
   1.65209832  -3.73054770
   1.64091082  -3.72324472
   1.62983768  -3.71573227
   1.62605537  -3.71304504
   1.61123030  -3.70372129
   1.60755586  -3.70092556
   1.59637818  -3.69351788
   1.58530451  -3.68600608
   1.58173704  -3.68392599
   1.56666875  -3.67311731
   1.56387395  -3.67127960
   1.55167995  -3.66408092
   1.54076756  -3.65630333
   1.53699227  -3.65359492
   1.52213834  -3.64339399
   1.51934698  -3.64155558
   1.50731826  -3.63407032
   1.49701869  -3.62677816
   1.49224932  -3.62326594
   1.47764220  -3.61455073
   1.47383881  -3.61190562
   1.46276453  -3.60438825
   1.45238028  -3.59724487
   1.44786047  -3.59424483
   1.43329922  -3.58456642
   1.42946342  -3.58192758
   1.41826528  -3.57463075
   1.40796458  -3.56733977
   1.40341072  -3.56443478
   1.38859208  -3.55511365
   1.38400263  -3.55225461
   1.37379433  -3.54667523
   1.35904602  -3.53816959
   1.35725276  -3.53718511
   1.34415387  -3.53077817
   1.33020882  -3.52252138
   1.32920454  -3.52171313
   1.31447441  -3.51498889
   1.30238055  -3.50766715
   1.29976559  -3.50645554
   1.28479556  -3.49920028
   1.27363165  -3.49279792
   1.26993127  -3.49091116
   1.25525935  -3.48319194
   1.24665215  -3.47809582
   1.24018685  -3.47431555
   1.22541369  -3.46676643
   1.21891026  -3.46308181
   1.21055225  -3.45845578
   1.19573598  -3.45098005
   1.19107664  -3.44824180
   1.18087806  -3.44266289
   1.16605884  -3.43519432
   1.16249754  -3.43321196
   1.15105837  -3.42718217
   1.13644985  -3.41930304
   1.13544067  -3.41851127
   1.12154431  -3.41105305
   1.10762828  -3.40363744
   1.10660804  -3.40285195
   1.09172737  -3.39558799
   1.08058394  -3.38902063
   1.07697375  -3.38701201
   1.06205285  -3.37980431
   1.05196255  -3.37396336
   1.04722213  -3.37144078
   1.03233317  -3.36407357
   1.02413106  -3.35912048
   1.01765002  -3.35540478
   1.00270540  -3.34823883
   0.99617756  -3.34446983
   0.98782231  -3.33993662
   0.97313411  -3.33220294
   0.96849977  -3.32940289
   0.95817847  -3.32412369
   0.94346036  -3.31642207
   0.94062338  -3.31468696
   0.92847610  -3.30837464
   0.91382496  -3.30150505
   0.91011588  -3.29964850
   0.89905476  -3.29576144
   0.88428441  -3.29403858
   0.86933150  -3.29384523
   0.85449436  -3.29384093
   0.83972108  -3.29300012
   0.82474612  -3.29374983
   0.81007512  -3.29345765
   0.79514667  -3.29289656
   0.78030975  -3.29289263
   0.76547287  -3.29288877
   0.75063603  -3.29288499
   0.73579923  -3.29288129
   0.72096246  -3.29287765
   0.70612573  -3.29287409
   0.69128950  -3.29240668
   0.67645285  -3.29240326
   0.66170569  -3.29249316
   0.64670741  -3.29277745
   0.63200373  -3.29202099
   0.61710608  -3.29239033
   0.60227008  -3.29192335
   0.58743362  -3.29192039
   0.57259719  -3.29191750
   0.55776078  -3.29191468
   0.54292440  -3.29191193
   0.52808805  -3.29190926
   0.51333967  -3.29153604
   0.49841540  -3.29144019
   0.48357967  -3.29097380
   0.46874285  -3.29143536
   0.45390718  -3.29096913
   0.43915793  -3.29059632
   0.42432209  -3.28966632
   0.40930100  -3.29041686
   0.39449398  -3.29087700
   0.37972631  -3.29095874
   0.36489019  -3.29095689
   0.35013986  -3.29058451
   0.33521794  -3.29048944
   0.32038186  -3.29048781
   0.30554579  -3.29048625
   0.29070974  -3.29048477
   0.27587434  -3.29001942
   0.26103831  -3.29001808
   0.24628669  -3.28964624
   0.23129994  -3.28993169
   0.21661428  -3.28964392
   0.20169421  -3.28954953
   0.18685821  -3.28954856
   0.17202222  -3.28954766
   0.15718623  -3.28954685
   0.14235025  -3.28954610
   0.12751426  -3.28954543
   0.11267900  -3.28908089
   0.09795363  -3.28917547
   0.08300697  -3.28861598
   0.06817099  -3.28861560
   0.05333500  -3.28861530
   0.03849902  -3.28861507
   0.02366303  -3.28861492
   0.00882703  -3.28861484
  -0.00600897  -3.28861483
  -0.02073522  -3.28824600
  -0.03568111  -3.28812617
  -0.05051633  -3.28768738
  -0.06535236  -3.28768767
  -0.08018841  -3.28768803
  -0.09502446  -3.28768847
  -0.10986053  -3.28768898
  -0.12469661  -3.28768957
  -0.13953270  -3.28769022
  -0.15426082  -3.28732196
  -0.16920506  -3.28721723
  -0.18404035  -3.28676477
  -0.19887650  -3.28676572
  -0.21371268  -3.28676675
  -0.22854887  -3.28676785
  -0.24338508  -3.28676903
  -0.25822132  -3.28677028
  -0.27305758  -3.28677160
  -0.28789386  -3.28677300
  -0.30273016  -3.28677447
  -0.31756649  -3.28677602
  -0.33209907  -3.28597235
  -0.34723860  -3.28538752
  -0.36225111  -3.28611151
  -0.37677404  -3.28552008
  -0.39174791  -3.28539304
  -0.40658346  -3.28493108
  -0.42142094  -3.28539709
  -0.43625750  -3.28539923
  -0.45109409  -3.28540144
  -0.46592973  -3.28493977
  -0.48062382  -3.28486169
  -0.49560433  -3.28471496
  -0.51052532  -3.28486436
  -0.52517349  -3.28458019
  -0.54019850  -3.28486960
  -0.55484753  -3.28458552
  -0.56978728  -3.28449389
  -0.58462420  -3.28449677
  -0.59946230  -3.28474715
  -0.61445867  -3.28555129
  -0.62996050  -3.29059645
  -0.64419544  -3.29618830
  -0.64528556  -3.29668529
  -0.66034205  -3.30492767
  -0.67317033  -3.31136640
  -0.67530577  -3.31242849
  -0.69014201  -3.31985806
  -0.70208006  -3.32591873
  -0.70520078  -3.32756060
  -0.71953198  -3.33621238
  -0.73045956  -3.34121238
  -0.73424018  -3.34291015
  -0.74910762  -3.35103099
  -0.76094945  -3.35635236
  -0.76392369  -3.35777432
  -0.77884756  -3.36684726
  -0.78874512  -3.37129350
  -0.79360850  -3.37356746
  -0.80836706  -3.38165611
  -0.81679415  -3.38599012
  -0.82343979  -3.38940290
  -0.83805060  -3.39652149
  -0.84647829  -3.40085592
  -0.85312390  -3.40426917
  -0.86779170  -3.41233232
  -0.87429847  -3.41541671
  -0.88365166  -3.42006294
  -0.89741123  -3.42718025
  -0.90322551  -3.43043297
  -0.91270147  -3.43595951
  -0.92703844  -3.44296281
  -0.93180514  -3.44533594
  -0.94237837  -3.45082346
  -0.95702437  -3.45816288
  -0.96151133  -3.46032361
  -0.97186767  -3.46559732
  -0.98689482  -3.47312051
  -0.99047807  -3.47515735
  -1.00155552  -3.48139521
  -1.01639927  -3.48883012
  -1.01903125  -3.49006099
  -1.03170144  -3.49666188
  -1.04589390  -3.50432247
  -1.04764522  -3.50522372
  -1.06093230  -3.51206437
  -1.07547863  -3.51916454
  -1.07663739  -3.51986969
  -1.09076183  -3.52793116
  -1.10438817  -3.53467115
  -1.10546676  -3.53530010
  -1.12020888  -3.54339506
  -1.13045621  -3.54983519
  -1.13529378  -3.55302369
  -1.14992494  -3.56199426
  -1.15377867  -3.56454131
  -1.16487203  -3.57227944
  -1.17604715  -3.57937670
  -1.17999110  -3.58194521
  -1.19475853  -3.59117910
  -1.19937200  -3.59400971
  -1.20996819  -3.60085966
  -1.22269698  -3.60871369
  -1.22452957  -3.60982960
  -1.23934218  -3.62002483
  -1.24495922  -3.62366630
  -1.25461231  -3.62978209
  -1.26806231  -3.63882866
  -1.26907137  -3.63957346
  -1.28361141  -3.64939960
  -1.29098100  -3.65387325
  -1.29870619  -3.65904422
  -1.31322278  -3.66793931
  -1.31499893  -3.66899631
  -1.32814206  -3.67820707
  -1.33663438  -3.68318052
  -1.34368813  -3.68765438
  -1.35790796  -3.69685416
  -1.35993799  -3.69848209
  -1.37261923  -3.70698238
  -1.38214592  -3.71309789
  -1.38761992  -3.71656632
  -1.40233942  -3.72558916
  -1.40619283  -3.72814055
  -1.41749785  -3.73620682
  -1.42774926  -3.74264783
  -1.43240452  -3.74555526
  -1.44690002  -3.75534595
  -1.45148883  -3.75789124
  -1.46248676  -3.76458986
  -1.47421758  -3.77251433
  -1.47704988  -3.77448579
  -1.49143787  -3.78416056
  -1.49707737  -3.78770389
  -1.50660031  -3.79385594
  -1.52039796  -3.80242471
  -1.52150603  -3.80320604
  -1.53632723  -3.81340534
  -1.54265679  -3.81738547
  -1.55115450  -3.82268358
  -1.56577135  -3.83164392
  -1.56679567  -3.83243972
  -1.58052020  -3.84272447
  -1.58809122  -3.84672673
  -1.59635595  -3.85160838
  -1.61070476  -3.86097161
  -1.61238553  -3.86213535
  -1.62506434  -3.87154516
  -1.63441515  -3.87689878
  -1.64047737  -3.88073331
  -1.65476989  -3.89014611
  -1.65761713  -3.89190296
  -1.67005060  -3.89995484
  -1.68007072  -3.90674364
  -1.68445973  -3.90966635
  -1.69948070  -3.92001893
  -1.70221037  -3.92195288
  -1.71430723  -3.93114837
  -1.72182374  -3.93660463
  -1.72952975  -3.94281962
  -1.74133970  -3.95153609
  -1.74430240  -3.95387391
  -1.75898703  -3.96473694
  -1.76092165  -3.96650676
  -1.77376980  -3.97673878
  -1.77949402  -3.98118595
  -1.78895309  -3.98839614
  -1.79907922  -3.99595413
  -1.80381918  -3.99974569
  -1.81840487  -4.01028378
  -1.81937188  -4.01116795
  -1.83318796  -4.02228788
  -1.83792921  -4.02587412
  -1.84841784  -4.03404265
  -1.85670449  -4.04064258
  -1.86323916  -4.04607050
  -1.87606670  -4.05560364
  -1.87778630  -4.05671689
  -1.89260681  -4.06783838
  -1.89636566  -4.07056648
  -1.90783874  -4.07961018
  -1.91516796  -4.08531938
  -1.92236904  -4.09113067
  -1.93449970  -4.10035802
  -1.93745908  -4.10271473
  -1.95209146  -4.11345526
  -1.95407572  -4.11514764
  -1.96690985  -4.12550128
  -1.97272381  -4.12980613
  -1.98211024  -4.13725015
  -1.99224002  -4.14480921
  -1.99693288  -4.14856907
  -2.01126223  -4.15929251
  -2.01226249  -4.16011522
  -2.02638858  -4.17111260
  -2.03111399  -4.17472348
  -2.04158391  -4.18291278
  -2.05059019  -4.18977830
  -2.05613242  -4.19438933
  -2.07001096  -4.20469835
  -2.07099603  -4.20555433
  -2.08587791  -4.21674217
  -2.08956886  -4.21956566
  -2.10098862  -4.22842776
  -2.10846556  -4.23394991
  -2.11586206  -4.23961865
  -2.12870742  -4.24913811
  -2.13072460  -4.25078792
  -2.14531970  -4.26231365
  -2.14805083  -4.26424925
  -2.16046312  -4.27408235
  -2.16683987  -4.27889977
  -2.17505201  -4.28557739
  -2.18620144  -4.29395307
  -2.18970473  -4.29655213
  -2.20483049  -4.30798068
  -2.20579802  -4.30886548
  -2.21963769  -4.31999223
  -2.22513169  -4.32382591
  -2.23454737  -4.33122019
  -2.24458660  -4.33889260
  -2.24912812  -4.34261220
  -2.26405334  -4.35291155
  -2.26502822  -4.35378551
  -2.27887130  -4.36495748
  -2.28362719  -4.36852482
  -2.29398078  -4.37677311
  -2.30243328  -4.38316814
  -2.30910376  -4.38856318
  -2.32274235  -4.39827128
  -2.32372779  -4.39912769
  -2.33859817  -4.41122834
  -2.34133000  -4.41316470
  -2.35347793  -4.42241547
  -2.36012258  -4.42782105
  -2.36830080  -4.43444943
  -2.37961633  -4.44259215
  -2.38353437  -4.44563884
  -2.39811845  -4.45691360
  -2.39982412  -4.45802770
  -2.41271555  -4.46830252
  -2.41843361  -4.47276423
  -2.42784603  -4.48016205
  -2.43788799  -4.48783746
  -2.44279491  -4.49247278
  -2.45215937  -4.50264916
  -2.45791317  -4.50917727
  -2.46508507  -4.51776292
  -2.47279234  -4.52682149
  -2.47741681  -4.53242641
  -2.48744128  -4.54465666
  -2.49011574  -4.54754755
  -2.50209925  -4.56167649
  -2.50295466  -4.56266304
  -2.51451753  -4.57713365
  -2.51750128  -4.58083206
  -2.52650413  -4.59222429
  -2.53231059  -4.59947964
  -2.53857348  -4.60711629
  -2.54673210  -4.61650678
  -2.55146923  -4.62201539
  -2.56161885  -4.63422706
  -2.56361696  -4.63690531
  -2.57578679  -4.65158964
  -2.57671674  -4.65252077
  -2.58788981  -4.66669511
  -2.59161373  -4.67124495
  -2.60012736  -4.68136340
  -2.60649722  -4.68896297
  -2.61291681  -4.69648755
  -2.62137801  -4.70670269
  -2.62506699  -4.71138275
  -2.63602352  -4.72444180
  -2.63788364  -4.72630437
  -2.65005174  -4.74127444
  -2.65114292  -4.74283165
  -2.66159335  -4.75584830
  -2.66603554  -4.76062845
  -2.67455050  -4.77074884
  -2.68091183  -4.77842432
  -2.68649486  -4.78587315
  -2.69557691  -4.79620861
  -2.69939752  -4.80077848
  -2.71046236  -4.81394690
  -2.71220929  -4.81590027
  -2.72360315  -4.83061841
  -2.72534707  -4.83246139
  -2.73574416  -4.84547437
  -2.74047012  -4.85096747
  -2.74806773  -4.86014975
  -2.75533939  -4.86877834
  -2.76002072  -4.87527694
  -2.77001662  -4.88655681
  -2.77292366  -4.89018394
  -2.78489639  -4.90431819
  -2.78575230  -4.90530547
  -2.79734172  -4.91979195
  -2.80007291  -4.92268201
  -2.80953779  -4.93466291
  -2.81513247  -4.94120025
  -2.82166817  -4.94956736
  -2.82979905  -4.95906430
  -2.83439563  -4.96469894
  -2.84469788  -4.97671624
  -2.84737427  -4.97960986
  -2.85893715  -4.99428553
  -2.85979321  -4.99527300
  -2.87113327  -5.00899312
  -2.87475830  -5.01291891
  -2.88376820  -5.02432162
  -2.88958340  -5.03158514
  -2.89585114  -5.03922889
  -2.90402634  -5.04869719
  -2.90858381  -5.05436261
  -2.91892779  -5.06636911
  -2.92092755  -5.06904984
  -2.93317682  -5.08395629
  -2.93421601  -5.08574771
  -2.94514860  -5.09886561
  -2.94895326  -5.10342334
  -2.95747356  -5.11355146
  -2.96384155  -5.12115672
  -2.97026614  -5.12868850
  -2.97872226  -5.13891011
  -2.98241422  -5.14359457
  -2.99342369  -5.15667425
  -2.99458861  -5.15830547
  -3.00687658  -5.17344862
  -3.00834144  -5.17534897
  -3.01891361  -5.18810941
  -3.02341474  -5.19388972
  -3.03082281  -5.20324213
  -3.03832109  -5.21157247
  -3.04383147  -5.21815943
  -3.05323286  -5.22923717
  -3.05682453  -5.23308160
  -3.06811100  -5.24700915
  -3.06898515  -5.24798680
  -3.08103434  -5.26294667
  -3.08306753  -5.26559932
  -3.09318796  -5.27781784
  -3.09790501  -5.28337659
  -3.10531440  -5.29273092
  -3.11278059  -5.30113861
  -3.11746598  -5.30764339
  -3.12749775  -5.31894294
  -3.13040723  -5.32257363
  -3.14236688  -5.33671536
  -3.14322348  -5.33770361
  -3.15484751  -5.35221134
  -3.15779128  -5.35590375
  -3.16680726  -5.36731537
  -3.17243199  -5.37376510
  -3.17911967  -5.38201586
  -3.18711664  -5.39165385
  -3.19186056  -5.39717215
  -3.20223485  -5.41014197
  -3.20400564  -5.41208358
  -3.21625174  -5.42680248
  -3.21718295  -5.42773532
  -3.22891397  -5.44213969
  -3.23182394  -5.44575340
  -3.24058190  -5.45662216
  -3.24694867  -5.46423228
  -3.25337756  -5.47177017
  -3.26183001  -5.48199733
  -3.26552452  -5.48668554
  -3.27657697  -5.49978271
  -3.27774278  -5.50141527
  -3.29055312  -5.51657262
  -3.29176365  -5.51826079
  -3.30276806  -5.53146233
  -3.30655955  -5.53607917
  -3.31424252  -5.54615748
  -3.32166613  -5.55460716
  -3.32703294  -5.56130442
  -3.33617147  -5.57261234
  -3.33974399  -5.57647603
  -3.35105547  -5.58943520
  -3.35280493  -5.59139212
  -3.36421651  -5.60613639
  -3.36602389  -5.60804463
  -3.37638081  -5.62102045
  -3.38113064  -5.62652779
  -3.38873985  -5.63572674
  -3.39597230  -5.64435553
  -3.40128681  -5.65108783
  -3.41072207  -5.66218170
  -3.41363365  -5.66581541
  -3.42558342  -5.67996350
  -3.42644062  -5.68095259
  -3.43809286  -5.69547828
  -3.44079388  -5.69840306
  -3.45004142  -5.71058893
  -3.45564489  -5.71710726
  -3.46278553  -5.72574871
  -3.47057523  -5.73481624
  -3.47517898  -5.74046122
  -3.48551869  -5.75250660
  -3.48819905  -5.75540569
  -3.49948874  -5.77030856
  -3.50031319  -5.77131356
  -3.51152875  -5.78526235
  -3.51512455  -5.78909923
  -3.52455317  -5.80020858
  -3.53021457  -5.80670794
  -3.53671887  -5.81512541
  -3.54513742  -5.82536985
  -3.54883468  -5.83006202
  -3.55993079  -5.84317800
  -3.56179475  -5.84504572
  -3.57406227  -5.85991925
  -3.57488688  -5.86092447
  -3.58611137  -5.87487924
  -3.58990353  -5.87949941
  -3.59823874  -5.88981438
  -3.60478743  -5.89727516
  -3.61101583  -5.90496779
  -3.61955414  -5.91512632
  -3.62338334  -5.91970844
  -3.63429807  -5.93304184
  -3.63616237  -5.93491002
  -3.64782261  -5.94938434
  -3.64969282  -5.95133881
  -3.65951774  -5.96470849
  -3.66434397  -5.97019564
  -3.67279394  -5.97948227
  -3.67943646  -5.98780108
  -3.68495577  -5.99440070
  -3.69415321  -6.00571452
  -3.69706703  -6.00935142
  -3.70900748  -6.02350610
  -3.70986531  -6.02449606
  -3.72154633  -6.03904088
  -3.72445483  -6.04272733
  -3.73348428  -6.05415837
  -3.73891281  -6.06082919
  -3.74623649  -6.06935101
  -3.75380025  -6.07860075
  -3.75836760  -6.08428039
  -3.76848363  -6.09746019
  -3.76956701  -6.09921583
  -3.77442147  -6.11421739
  -3.77541375  -6.12894515
  -3.77637520  -6.14386341
  -3.77600248  -6.15862932
  -3.77599857  -6.17363403
  -3.77646931  -6.18861476
  -3.77652644  -6.20346732
  -3.77655793  -6.21838485
  -3.77658949  -6.23330276
  -3.77662112  -6.24822106
  -3.77665282  -6.26313974
  -3.77414090  -6.27761539
  -3.76790036  -6.29000333
  -3.76691714  -6.29182476
  -3.75334204  -6.30566657
  -3.75241398  -6.30659668
  -3.73867979  -6.32082427
  -3.73788734  -6.32156575
  -3.72364198  -6.33449853
  -3.72178588  -6.33635883
  -3.70879321  -6.34938112
  -3.70624017  -6.35147260
  -3.69402995  -6.36324905
  -3.69120512  -6.36599296
  -3.67909714  -6.37728895
  -3.67538589  -6.38101073
  -3.66447375  -6.39146759
  -3.65977699  -6.39592233
  -3.64947218  -6.40606312
  -3.64398036  -6.41079956
  -3.63455734  -6.42008703
  -3.62899055  -6.42567013
  -3.61977392  -6.43491330
  -3.61333930  -6.44056310
  -3.60486535  -6.44893177
  -3.59837082  -6.45544575
  -3.59001819  -6.46288847
  -3.58259591  -6.47033320
  -3.57537418  -6.47704825
  -3.56691214  -6.48521068
  -3.56032660  -6.49173550
  -3.55197660  -6.50011128
  -3.54576570  -6.50546592
  -3.53620191  -6.51499999
  -3.53082509  -6.51984348
  -3.51961289  -6.52972566
  -3.51592551  -6.53254793
  -3.50116386  -6.54270928
  -3.49763394  -6.54458768
  -3.48656512  -6.55094567
  -3.47170192  -6.55837634
  -3.47057592  -6.55931969
  -3.45684139  -6.56673987
  -3.44462401  -6.57410237
  -3.44189598  -6.57513622
  -3.42722525  -6.58286944
  -3.41600829  -6.58928704
  -3.41234211  -6.59123300
  -3.39755897  -6.59865839
  -3.38814416  -6.60424417
  -3.38219954  -6.60811998
  -3.36776732  -6.61503241
  -3.36110420  -6.61875035
  -3.35236895  -6.62368911
  -3.33795307  -6.63085675
  -3.33318906  -6.63367703
  -3.32309340  -6.63922200
  -3.30815563  -6.64743089
  -3.30617205  -6.64845526
  -3.29331746  -6.65535712
  -3.27860279  -6.66242618
  -3.27728652  -6.66347306
  -3.26372953  -6.67112928
  -3.25064909  -6.67825636
  -3.24879137  -6.67918554
  -3.23393223  -6.68755196
  -3.22364656  -6.69319245
  -3.21898625  -6.69595120
  -3.20421169  -6.70335255
  -3.19575578  -6.70811915
  -3.18897374  -6.71218390
  -3.17458527  -6.71912687
  -3.16711718  -6.72275825
  -3.15965306  -6.72639866
  -3.14515065  -6.73062034
  -3.13029922  -6.73486697
  -3.12181559  -6.73761393
  -3.11532213  -6.73950507
  -3.10063489  -6.74362583
  -3.08583616  -6.74772961
  -3.07172655  -6.75274106
  -3.07071876  -6.75341463
  -3.05593789  -6.75749689
  -3.04120434  -6.76085137
  -3.02611156  -6.76545955
  -3.02052885  -6.76729009
  -3.01124437  -6.77009679
  -2.99656500  -6.77421252
  -2.98175697  -6.77831281
  -2.96956158  -6.78223960
  -2.96675107  -6.78307446
  -2.95182111  -6.78771208
  -2.93715302  -6.79128878
  -2.92225074  -6.79554054
  -2.91740704  -6.79724697
  -2.90649375  -6.80357916
  -2.89273360  -6.81208008
         
