# shadow point cont 2D ind 250  size 1206
# norm -0.3826834 -0.9238795  0.0000000
# angle  1.9634954
   3.64805350  -6.84195805
   3.64806190  -6.84182527
   3.65045245  -6.84217150
   3.66475005  -6.83998209
   3.67956965  -6.83633576
   3.69440301  -6.83253655
   3.70650738  -6.82882438
   3.70932369  -6.82800777
   3.72414983  -6.82343374
   3.73907839  -6.81968033
   3.75391454  -6.81509506
   3.75759211  -6.81407601
   3.76878192  -6.81047674
   3.78381647  -6.80623018
   3.79844176  -6.80233241
   3.80870977  -6.79918965
   3.81341550  -6.79752096
   3.82829273  -6.79289160
   3.84322073  -6.78913877
   3.85795018  -6.78504271
   3.85982944  -6.78430485
   3.87292834  -6.77993742
   3.88785611  -6.77618486
   3.90253692  -6.77214514
   3.91006168  -6.76955238
   3.91756551  -6.76698445
   3.93249305  -6.76323215
   3.94712892  -6.75905275
   3.96124024  -6.75457654
   3.96224990  -6.75397559
   3.97695387  -6.74991195
   3.99183301  -6.74528405
   4.00450906  -6.73966598
   4.00635303  -6.73870978
   4.02147330  -6.73151780
   4.03342654  -6.72500575
   4.03628849  -6.72328619
   4.05117759  -6.71581146
   4.06214873  -6.70996860
   4.06584094  -6.70806358
   4.08112465  -6.70033938
   4.09027188  -6.69562608
   4.09576294  -6.69269045
   4.11054563  -6.68502327
   4.11893433  -6.68034499
   4.12553286  -6.67681690
   4.14021900  -6.66901772
   4.14681764  -6.66548975
   4.15527539  -6.66103368
   4.16990902  -6.65338988
   4.17553925  -6.65045051
   4.18501851  -6.64525113
   4.19965641  -6.63854048
   4.20444794  -6.63578583
   4.21494873  -6.62984319
   4.22941316  -6.62271518
   4.23233286  -6.62093237
   4.24469304  -6.61406196
   4.25916584  -6.60690974
   4.26100311  -6.60594207
   4.27445591  -6.59915254
   4.28808591  -6.59140147
   4.28909647  -6.59060858
   4.30420078  -6.58337253
   4.31682098  -6.57637868
   4.31864650  -6.57539265
   4.33305438  -6.56524178
   4.33682144  -6.56147854
   4.34794694  -6.55122809
   4.35268138  -6.54660186
   4.36300417  -6.53742589
   4.36944703  -6.53179009
   4.37783421  -6.52438344
   4.38538148  -6.51713929
   4.39270280  -6.51051348
   4.40188878  -6.50202982
   4.40755912  -6.49655595
   4.41779460  -6.48734873
   4.42243685  -6.48269767
   4.43348019  -6.47227466
   4.43727147  -6.46863853
   4.44927869  -6.45739874
   4.45212741  -6.45467801
   4.46507978  -6.44252428
   4.46676249  -6.44139995
   4.48148877  -6.42837587
   4.48241697  -6.42744547
   4.49673120  -6.41388038
   4.49765969  -6.41295027
   4.51135907  -6.40063036
   4.51414456  -6.39784011
   4.52644870  -6.38598260
   4.52997976  -6.38292136
   4.54110645  -6.37267390
   4.54577982  -6.36806385
   4.55617624  -6.35803065
   4.56134956  -6.35322508
   4.57074039  -6.34161818
   4.57211783  -6.33885994
   4.57540711  -6.32440645
   4.57624329  -6.30954949
   4.57620447  -6.29462517
   4.57565036  -6.27973870
   4.57519594  -6.26477537
   4.57515739  -6.24985221
   4.57511892  -6.23492943
   4.57444980  -6.22018251
   4.57364560  -6.20508353
   4.57360740  -6.19016190
   4.57352285  -6.17533368
   4.57249716  -6.16060467
   4.57009871  -6.15025888
   4.56860687  -6.14569769
   4.56076153  -6.13054886
   4.55613434  -6.12490650
   4.54858920  -6.11562533
   4.54091702  -6.10645065
   4.53618559  -6.10087230
   4.52602650  -6.08862073
   4.52339594  -6.08567952
   4.51145650  -6.07148868
   4.51055587  -6.07052484
   4.49876826  -6.05604297
   4.49613792  -6.05310203
   4.48596538  -6.04089994
   4.48116783  -6.03537433
   4.47293766  -6.02588478
   4.46618423  -6.01766743
   4.46053564  -6.01113524
   4.45151398  -6.00060298
   4.44772678  -5.99597422
   4.43619129  -5.98219758
   4.43533237  -5.98120705
   4.42339369  -5.96612441
   4.42156013  -5.96422393
   4.41014465  -5.95126570
   4.40644962  -5.94660797
   4.39730781  -5.93616452
   4.39177831  -5.92956519
   4.38447314  -5.92100585
   4.37679437  -5.91184842
   4.37209847  -5.90626598
   4.36176152  -5.89418744
   4.35901811  -5.89132598
   4.34756780  -5.87656291
   4.34670910  -5.87557267
   4.33491615  -5.86125825
   4.33216456  -5.85842453
   4.32161446  -5.84654231
   4.31683477  -5.84102363
   4.30866363  -5.83149796
   4.30209446  -5.82311096
   4.29644939  -5.81661074
   4.28696407  -5.80552861
   4.28340856  -5.80164388
   4.27217133  -5.78766498
   4.27129093  -5.78668808
   4.25909185  -5.77179662
   4.25729685  -5.76986680
   4.24600148  -5.75687376
   4.24215125  -5.75230342
   4.23301500  -5.74186589
   4.22740647  -5.73533063
   4.21992841  -5.72693859
   4.21226368  -5.71777358
   4.20757101  -5.71217657
   4.19747000  -5.69990686
   4.19477420  -5.69702936
   4.18283145  -5.68284828
   4.18193165  -5.68188548
   4.17017029  -5.66742372
   4.16754240  -5.66448589
   4.15744884  -5.65221230
   4.15274328  -5.64662878
   4.14435286  -5.63729310
   4.13759982  -5.62908247
   4.13197397  -5.62256284
   4.12295415  -5.61203911
   4.11916805  -5.60741428
   4.10790427  -5.59345961
   4.10698828  -5.59251034
   4.09437866  -5.57795788
   4.09266249  -5.57597897
   4.08191504  -5.56257626
   4.07840227  -5.55863969
   4.06893677  -5.54749566
   4.06318668  -5.54113329
   4.05641976  -5.53294080
   4.04830017  -5.52337440
   4.04295753  -5.51756905
   4.03325482  -5.50572572
   4.03057913  -5.50285436
   4.01906860  -5.48817936
   4.01816919  -5.48721706
   4.00598650  -5.47326351
   4.00335978  -5.47032716
   3.99327084  -5.45805965
   3.98855676  -5.45247579
   3.98017502  -5.44314612
   3.97354194  -5.43484916
   3.96802129  -5.42823126
   3.95855756  -5.41716400
   3.95504732  -5.41326398
   3.94396980  -5.40004812
   3.94282010  -5.39838380
   3.92960156  -5.38361961
   3.92851872  -5.38186620
   3.91777617  -5.36847000
   3.91417646  -5.36455679
   3.90465753  -5.35356510
   3.89914568  -5.34697923
   3.89182429  -5.33842467
   3.88416535  -5.32928364
   3.87948294  -5.32371180
   3.86911340  -5.31164102
   3.86707519  -5.30902339
   3.85451088  -5.29460380
   3.85361185  -5.29364197
   3.84189097  -5.27919131
   3.83933716  -5.27621522
   3.82925364  -5.26383566
   3.82444327  -5.25841831
   3.81615987  -5.24906572
   3.80979467  -5.24140802
   3.80324464  -5.23395332
   3.79469502  -5.22386657
   3.79090978  -5.21924545
   3.77987340  -5.20601550
   3.77804295  -5.20411888
   3.76549088  -5.18961962
   3.76438225  -5.18789753
   3.75346993  -5.17465837
   3.74993924  -5.17071548
   3.74069708  -5.15953013
   3.73520978  -5.15281543
   3.72775450  -5.14442236
   3.72010193  -5.13528644
   3.71542386  -5.12971790
   3.70504317  -5.11764975
   3.70240750  -5.11478975
   3.69092999  -5.10010412
   3.69005093  -5.09912893
   3.67738693  -5.08480525
   3.67536887  -5.08214005
   3.66513160  -5.07003771
   3.66063352  -5.06517443
   3.65203550  -5.05513507
   3.64551491  -5.04766014
   3.63904364  -5.04020356
   3.63067173  -5.02991964
   3.62622809  -5.02507003
   3.61591244  -5.01209894
   3.61415464  -5.01014898
   3.60188641  -4.99528043
   3.60097158  -4.99433261
   3.58948110  -4.98074125
   3.58593337  -4.97679283
   3.57658694  -4.96563986
   3.57096231  -4.95911046
   3.56360035  -4.95071392
   3.55618252  -4.94215607
   3.55058874  -4.93579606
   3.54104158  -4.92374890
   3.53842578  -4.92089423
   3.52647406  -4.90673144
   3.52557575  -4.90577053
   3.51321859  -4.89111732
   3.51124121  -4.88841287
   3.50051910  -4.87593480
   3.49665824  -4.87129870
   3.48817996  -4.86124340
   3.48179501  -4.85358474
   3.47524554  -4.84613591
   3.46671585  -4.83606162
   3.46227269  -4.83121389
   3.45188738  -4.81822247
   3.45005835  -4.81632765
   3.43753973  -4.80184730
   3.43666120  -4.80087280
   3.42495125  -4.78669667
   3.42199421  -4.78295829
   3.41199772  -4.77158116
   3.40725672  -4.76600556
   3.39903707  -4.75666703
   3.39241024  -4.74829478
   3.38685432  -4.74176903
   3.37734019  -4.73063401
   3.37386407  -4.72685833
   3.36261917  -4.71293010
   3.36174079  -4.71195580
   3.34949830  -4.69712493
   3.34748194  -4.69446206
   3.33636631  -4.68219388
   3.33261880  -4.67768372
   3.32350570  -4.66725086
   3.31787782  -4.66073733
   3.31055078  -4.65233891
   3.30284610  -4.64307236
   3.29819978  -4.63765911
   3.28831035  -4.62523159
   3.28567568  -4.62230927
   3.27404334  -4.60767660
   3.27312919  -4.60672965
   3.26081823  -4.59305470
   3.25821098  -4.59011544
   3.24791378  -4.57787868
   3.24313913  -4.57247430
   3.23300944  -4.56282675
   3.22827010  -4.55835162
   3.21620431  -4.54802343
   3.21355202  -4.54600045
   3.19873075  -4.53364067
   3.19774425  -4.53278350
   3.18362184  -4.52182599
   3.17891444  -4.51817356
   3.16867787  -4.50992608
   3.16030839  -4.50326744
   3.15373946  -4.49784005
   3.14278642  -4.48844587
   3.13903785  -4.48546944
   3.12430758  -4.47401728
   3.12332121  -4.47316024
   3.10920060  -4.46220456
   3.10536824  -4.45871549
   3.09446875  -4.45004934
   3.08686498  -4.44362591
   3.07941163  -4.43725477
   3.06854375  -4.42845256
   3.06484026  -4.42555961
   3.05057469  -4.41394985
   3.04961552  -4.41305159
   3.03493650  -4.40152188
   3.03124881  -4.39868657
   3.02002720  -4.38951774
   3.01325324  -4.38409269
   3.00500856  -4.37764699
   2.99487817  -4.36907526
   2.99019690  -4.36532443
   2.97632913  -4.35408523
   2.97535619  -4.35320665
   2.96050344  -4.34104979
   2.95780492  -4.33907372
   2.94584501  -4.32960080
   2.93906015  -4.32424467
   2.93083017  -4.31779534
   2.92145196  -4.30946377
   2.91577449  -4.30480638
   2.90359957  -4.29464952
   2.90086633  -4.29271260
   2.88611183  -4.28145716
   2.88416085  -4.27970868
   2.87118894  -4.26941037
   2.86559588  -4.26479838
   2.85627756  -4.25731775
   2.84779871  -4.25010624
   2.84125544  -4.24453537
   2.83003871  -4.23532992
   2.82642741  -4.23241327
   2.81186860  -4.22067346
   2.81085369  -4.21985568
   2.79672762  -4.20892436
   2.79217123  -4.20520797
   2.78185185  -4.19682330
   2.77364990  -4.19028800
   2.76708434  -4.18468989
   2.75585423  -4.17544638
   2.75218128  -4.17259718
   2.73798778  -4.16074589
   2.73700207  -4.15988956
   2.72218060  -4.14874897
   2.71853873  -4.14586530
   2.70747976  -4.13725301
   2.70000982  -4.13094937
   2.69248712  -4.12446956
   2.68252627  -4.11600792
   2.67770352  -4.11213605
   2.66378658  -4.10113618
   2.66282804  -4.10023861
   2.64816146  -4.08869453
   2.64520837  -4.08611139
   2.63325103  -4.07672361
   2.62594786  -4.07092161
   2.61832573  -4.06463998
   2.60811753  -4.05629752
   2.60353187  -4.05252193
   2.59031982  -4.04154727
   2.58860396  -4.04044157
   2.57391999  -4.02912706
   2.57098519  -4.02650622
   2.55884250  -4.01625528
   2.55259009  -4.01132373
   2.54426697  -4.00467589
   2.53370441  -3.99662323
   2.52919713  -3.99295658
   2.51605202  -3.98167359
   2.51403829  -3.98003747
   2.49944046  -3.97035397
   2.49461836  -3.96688554
   2.48446346  -3.95950980
   2.47424092  -3.95195086
   2.46932335  -3.94845602
   2.45460601  -3.93900596
   2.45181872  -3.93714504
   2.43981838  -3.92882012
   2.43035297  -3.92232001
   2.42492368  -3.91859581
   2.41027177  -3.90796410
   2.40923711  -3.90718677
   2.39535680  -3.89775123
   2.38711519  -3.89208026
   2.38055899  -3.88748490
   2.36642788  -3.87719321
   2.36536427  -3.87650113
   2.35074685  -3.86736064
   2.34495574  -3.86286489
   2.33590841  -3.85680591
   2.32356263  -3.84794660
   2.32078939  -3.84606646
   2.30636489  -3.83599174
   2.30145571  -3.83268090
   2.29141151  -3.82606120
   2.27998124  -3.81806751
   2.27620064  -3.81537123
   2.26129448  -3.80525211
   2.25853932  -3.80334800
   2.24696109  -3.79530812
   2.23711960  -3.78837039
   2.23171285  -3.78463000
   2.21691284  -3.77405526
   2.21513824  -3.77299293
   2.20229262  -3.76464016
   2.19358502  -3.75851596
   2.18709095  -3.75395580
   2.17267024  -3.74413931
   2.17165189  -3.74332838
   2.15773835  -3.73354318
   2.15004838  -3.72850243
   2.14260338  -3.72321211
   2.12953456  -3.71371990
   2.12775943  -3.71265887
   2.11279276  -3.70270423
   2.10797294  -3.69924809
   2.09815453  -3.69246003
   2.08681743  -3.68411286
   2.08302032  -3.68144278
   2.06891722  -3.67189978
   2.06403551  -3.66853694
   2.05381807  -3.66135367
   2.04321671  -3.65412811
   2.03856613  -3.65068627
   2.02409909  -3.64049904
   2.02127039  -3.63870796
   2.00915502  -3.63069671
   1.99973684  -3.62424293
   1.99416625  -3.62052283
   1.97937031  -3.61026708
   1.97833303  -3.60949500
   1.96445637  -3.60006362
   1.95623129  -3.59439255
   1.94967513  -3.58980252
   1.93549793  -3.57992411
   1.93446446  -3.57914663
   1.91969924  -3.56947610
   1.91337428  -3.56492362
   1.90488981  -3.55922269
   1.89049655  -3.55040623
   1.88947465  -3.54966251
   1.87533693  -3.54240711
   1.86381158  -3.53527381
   1.86017656  -3.53327569
   1.84577216  -3.52521033
   1.83697614  -3.52018688
   1.83047299  -3.51653644
   1.81573438  -3.50863460
   1.80986716  -3.50550849
   1.80067970  -3.50017803
   1.78573262  -3.49156106
   1.78387631  -3.49063107
   1.77129314  -3.48386249
   1.75710551  -3.47546034
   1.75602988  -3.47482429
   1.74155916  -3.46714250
   1.73015232  -3.46088256
   1.72651840  -3.45888371
   1.71261244  -3.45068087
   1.70368284  -3.44530878
   1.69692685  -3.44168526
   1.68202358  -3.43356995
   1.67727950  -3.43097439
   1.66714753  -3.42539551
   1.65207800  -3.41718000
   1.65022193  -3.41625021
   1.63731891  -3.40907301
   1.62423506  -3.40137629
   1.62237903  -3.40044654
   1.60819886  -3.39264259
   1.59683194  -3.38593535
   1.59287632  -3.38357814
   1.57831577  -3.37572300
   1.57004844  -3.37093051
   1.56328532  -3.36731001
   1.54838617  -3.35919701
   1.54364198  -3.35660328
   1.53351462  -3.35102476
   1.51863878  -3.34267659
   1.51682303  -3.34167593
   1.50391239  -3.33424076
   1.49076065  -3.32694608
   1.48894475  -3.32594581
   1.47479533  -3.31779541
   1.46383916  -3.31184385
   1.45904997  -3.30935374
   1.44487007  -3.30207018
   1.43136246  -3.29752984
   1.42854097  -3.29690078
   1.41351856  -3.29544664
   1.39872529  -3.29476273
   1.38378502  -3.29472384
   1.36904468  -3.29474887
   1.35410361  -3.29471029
   1.33936443  -3.29473530
   1.32447465  -3.29447767
   1.30963450  -3.29447110
   1.29479443  -3.29446460
   1.27995444  -3.29445817
   1.26511454  -3.29445182
   1.25027473  -3.29444554
   1.23543499  -3.29443934
   1.22059534  -3.29443321
   1.20575576  -3.29442715
   1.19091627  -3.29442117
   1.17607685  -3.29441526
   1.16123751  -3.29440943
   1.14639690  -3.29393967
   1.13155772  -3.29393399
   1.11671862  -3.29392837
   1.10193333  -3.29370951
   1.08698503  -3.29367364
   1.07220175  -3.29391199
   1.05741740  -3.29369329
   1.04246787  -3.29365784
   1.02774047  -3.29368286
   1.01284719  -3.29342724
   0.99795134  -3.29364270
   0.98322558  -3.29366776
   0.96833178  -3.29341241
   0.95349343  -3.29340761
   0.93865516  -3.29340289
   0.92381569  -3.29293426
   0.90897879  -3.29339367
   0.89413947  -3.29292519
   0.87930268  -3.29338475
   0.86455120  -3.29316867
   0.84956616  -3.29266914
   0.83478774  -3.29290793
   0.81994995  -3.29290381
   0.80511222  -3.29289975
   0.79027454  -3.29289577
   0.77549595  -3.29267821
   0.76059959  -3.29242410
   0.74570074  -3.29264155
   0.73092437  -3.29288059
   0.71614695  -3.29266330
   0.70118778  -3.29263083
   0.68647275  -3.29265629
   0.67157523  -3.29240266
   0.65673688  -3.29193538
   0.64199092  -3.29218421
   0.62706281  -3.29146504
   0.61222573  -3.29146195
   0.59732500  -3.29168054
   0.58255149  -3.29191992
   0.56771454  -3.29191705
   0.55287871  -3.29237822
   0.53804076  -3.29191153
   0.52320393  -3.29190889
   0.50836714  -3.29190631
   0.49353038  -3.29190381
   0.47869367  -3.29190139
   0.46385699  -3.29189904
   0.44908462  -3.29168298
   0.43411763  -3.29165256
   0.41941190  -3.29167865
   0.40451078  -3.29142644
   0.38967426  -3.29142446
   0.37483677  -3.29095859
   0.36000131  -3.29142071
   0.34516488  -3.29141895
   0.33032749  -3.29095332
   0.31549210  -3.29141566
   0.30065478  -3.29095017
   0.28581943  -3.29141266
   0.27098217  -3.29094732
   0.25614589  -3.29094600
   0.24130964  -3.29094476
   0.22647342  -3.29094359
   0.21163721  -3.29094250
   0.19680102  -3.29094148
   0.18196485  -3.29094053
   0.16719749  -3.29072594
   0.15222195  -3.29069738
   0.13745645  -3.29093814
   0.12262034  -3.29093749
   0.10778425  -3.29093692
   0.09301815  -3.29072274
   0.07811224  -3.29047205
   0.06327619  -3.29047170
   0.04844015  -3.29047142
   0.03360411  -3.29047121
   0.01876724  -3.29000714
   0.00393207  -3.29047102
  -0.01090394  -3.29047104
  -0.02574077  -3.29000719
  -0.04057676  -3.29000735
  -0.05541275  -3.29000759
  -0.07024793  -3.29047184
  -0.08501191  -3.28979473
  -0.09992060  -3.28954481
  -0.11475658  -3.28954534
  -0.12959256  -3.28954595
  -0.14442854  -3.28954663
  -0.15926453  -3.28954738
  -0.17410051  -3.28954821
  -0.18893650  -3.28954912
  -0.20377250  -3.28955010
  -0.21860850  -3.28955115
  -0.23344451  -3.28955227
  -0.24828052  -3.28955347
  -0.26311654  -3.28955474
  -0.27795258  -3.28955609
  -0.29278862  -3.28955751
  -0.30762467  -3.28955901
  -0.32246143  -3.28909664
  -0.33729750  -3.28909829
  -0.35205652  -3.28888676
  -0.36696962  -3.28863784
  -0.38180573  -3.28863970
  -0.39664186  -3.28864164
  -0.41147801  -3.28864366
  -0.42631418  -3.28864574
  -0.44115036  -3.28864790
  -0.45598720  -3.28818620
  -0.47082279  -3.28865244
  -0.48565904  -3.28865483
  -0.50049531  -3.28865728
  -0.51533221  -3.28819588
  -0.53008863  -3.28798551
  -0.54508670  -3.28796027
  -0.55984122  -3.28820391
  -0.57459700  -3.28799386
  -0.58951400  -3.28774567
  -0.60434987  -3.28804406
  -0.61918692  -3.28775169
  -0.63410673  -3.28797788
  -0.64877820  -3.28800925
  -0.66369654  -3.28776128
  -0.67853314  -3.28776462
  -0.69336978  -3.28776803
  -0.70820645  -3.28777152
  -0.72304316  -3.28777509
  -0.73776472  -3.28751886
  -0.75271719  -3.28685453
  -0.76755351  -3.28712904
  -0.78247655  -3.28708525
  -0.79714360  -3.28711765
  -0.81206470  -3.28687011
  -0.82690122  -3.28713582
  -0.84173870  -3.28687835
  -0.85657577  -3.28688258
  -0.87141288  -3.28688688
  -0.88625004  -3.28689125
  -0.90108724  -3.28689570
  -0.91592450  -3.28690023
  -0.93076180  -3.28690482
  -0.94559914  -3.28690950
  -0.96033569  -3.28620900
  -0.97548036  -3.28598784
  -0.98992818  -3.28599077
  -1.00510615  -3.28608613
  -1.01968470  -3.28622892
  -1.03462445  -3.28547614
  -1.04946252  -3.28531533
  -1.06430029  -3.28531825
  -1.07913812  -3.28532124
  -1.09397601  -3.28532430
  -1.10881396  -3.28532742
  -1.12365197  -3.28533062
  -1.13849004  -3.28533389
  -1.15345682  -3.28620026
  -1.16836012  -3.28790491
  -1.18306869  -3.29225193
  -1.19789841  -3.29877286
  -1.20058676  -3.29989623
  -1.21266431  -3.30636011
  -1.22750257  -3.31378808
  -1.22935736  -3.31471658
  -1.24244675  -3.32195453
  -1.25694600  -3.32903304
  -1.25795519  -3.32982477
  -1.27183241  -3.33737154
  -1.28497885  -3.34446844
  -1.28680012  -3.34545467
  -1.30169531  -3.35371332
  -1.31201915  -3.35891030
  -1.31674201  -3.36173579
  -1.33145059  -3.36931952
  -1.34074520  -3.37398493
  -1.34639188  -3.37756222
  -1.36105227  -3.38528535
  -1.36847211  -3.38900010
  -1.37580305  -3.39287730
  -1.39073167  -3.40107235
  -1.39546185  -3.40367256
  -1.40568151  -3.40924003
  -1.42041169  -3.41686000
  -1.42412176  -3.41871753
  -1.43536258  -3.42502791
  -1.45009235  -3.43264832
  -1.45191992  -3.43363434
  -1.46474741  -3.44044980
  -1.47954881  -3.44789700
  -1.48055819  -3.44868894
  -1.49451725  -3.45607896
  -1.50850065  -3.46336017
  -1.50950461  -3.46416850
  -1.52419878  -3.47186917
  -1.53633407  -3.47821278
  -1.53914878  -3.48001833
  -1.55388097  -3.48766006
  -1.56417841  -3.49303811
  -1.56888070  -3.49570411
  -1.58381264  -3.50389531
  -1.59120614  -3.50781984
  -1.59850545  -3.51160011
  -1.61349146  -3.51970200
  -1.61902855  -3.52260604
  -1.62837560  -3.52794947
  -1.64316883  -3.53551453
  -1.64685223  -3.53745214
  -1.65799153  -3.54392257
  -1.67271835  -3.55154646
  -1.67455688  -3.55253141
  -1.68759730  -3.56080773
  -1.69866253  -3.56742794
  -1.70240502  -3.57017029
  -1.71711414  -3.57966348
  -1.72093786  -3.58227204
  -1.73212981  -3.58960328
  -1.74412864  -3.59714449
  -1.74689539  -3.59902641
  -1.76167112  -3.60842176
  -1.76731474  -3.61202811
  -1.77666416  -3.61840080
  -1.78974767  -3.62666300
  -1.79150312  -3.62773015
  -1.80636740  -3.63788557
  -1.81279261  -3.64172590
  -1.82120036  -3.64720031
  -1.83576738  -3.65598640
  -1.83676067  -3.65682174
  -1.85071944  -3.66606019
  -1.85913567  -3.67155551
  -1.86573848  -3.67600183
  -1.88058493  -3.68529342
  -1.88237523  -3.68635220
  -1.89530872  -3.69477499
  -1.90479816  -3.70097428
  -1.91036588  -3.70469084
  -1.92507050  -3.71419710
  -1.92785009  -3.71607282
  -1.94004720  -3.72415599
  -1.95026323  -3.73070240
  -1.95485791  -3.73356069
  -1.96965387  -3.74293173
  -1.97424224  -3.74583741
  -1.98458937  -3.75296323
  -1.99666938  -3.76044541
  -1.99945350  -3.76230396
  -2.01415944  -3.77181159
  -2.01972269  -3.77555843
  -2.02913358  -3.78177258
  -2.04308067  -3.79019305
  -2.04407419  -3.79102864
  -2.05873763  -3.80056616
  -2.06529263  -3.80501641
  -2.07374569  -3.81057686
  -2.08831968  -3.81932427
  -2.08933022  -3.82017911
  -2.10313315  -3.82961371
  -2.11158807  -3.83511342
  -2.11815884  -3.83955898
  -2.13300913  -3.84885449
  -2.13481263  -3.84991285
  -2.14792837  -3.85891739
  -2.15801845  -3.86475618
  -2.16280233  -3.86825942
  -2.17759000  -3.87760817
  -2.18043825  -3.87941471
  -2.19241281  -3.88696721
  -2.20442999  -3.89451282
  -2.20741540  -3.89701096
  -2.22202370  -3.90666221
  -2.22577937  -3.90937642
  -2.23689245  -3.91686037
  -2.24713248  -3.92429564
  -2.25177438  -3.92801341
  -2.26588127  -3.93894070
  -2.26685497  -3.93981339
  -2.28130173  -3.95054869
  -2.28519665  -3.95405015
  -2.29624745  -3.96250431
  -2.30468970  -3.96897111
  -2.31130274  -3.97432466
  -2.32419144  -3.98379705
  -2.32612457  -3.98556450
  -2.34101301  -3.99756462
  -2.34275843  -3.99864330
  -2.35561985  -4.00812648
  -2.36224936  -4.01348934
  -2.37072412  -4.01987737
  -2.38175695  -4.02840517
  -2.38566453  -4.03187712
  -2.40025917  -4.04241539
  -2.40125564  -4.04327839
  -2.41497959  -4.05377196
  -2.42057577  -4.05838819
  -2.43000486  -4.06560163
  -2.43952765  -4.07282592
  -2.44512686  -4.07740370
  -2.45808231  -4.08768810
  -2.45980105  -4.08880018
  -2.47477986  -4.10064999
  -2.47754377  -4.10254126
  -2.48953811  -4.11200461
  -2.49684872  -4.11756945
  -2.50443949  -4.12308576
  -2.51640326  -4.13253985
  -2.51912020  -4.13448980
  -2.53415744  -4.14633404
  -2.53514191  -4.14718951
  -2.54886251  -4.15767179
  -2.55461864  -4.16205606
  -2.56409935  -4.16928684
  -2.57491496  -4.17718571
  -2.57859780  -4.18001694
  -2.59326855  -4.19142619
  -2.59424024  -4.19229784
  -2.60826137  -4.20331873
  -2.61299779  -4.20695237
  -2.62326043  -4.21526622
  -2.63159623  -4.22189462
  -2.63802809  -4.22648769
  -2.65201219  -4.23672355
  -2.65298252  -4.23760290
  -2.66787183  -4.24963579
  -2.67059627  -4.25161831
  -2.68258311  -4.26096248
  -2.69012041  -4.26654562
  -2.69762779  -4.27283035
  -2.70942695  -4.28156058
  -2.71218220  -4.28346551
  -2.72723016  -4.29537942
  -2.72817721  -4.29624590
  -2.74199401  -4.30661994
  -2.74767947  -4.31112277
  -2.75708092  -4.31841692
  -2.76718419  -4.32600383
  -2.77212492  -4.33025201
  -2.78597822  -4.34069360
  -2.78693655  -4.34155835
  -2.80139349  -4.35230441
  -2.80603725  -4.35603856
  -2.81633480  -4.36427269
  -2.82483893  -4.37074910
  -2.83124764  -4.37534354
  -2.84449508  -4.38534927
  -2.84644791  -4.38719344
  -2.86099891  -4.39856111
  -2.86383969  -4.40048309
  -2.87575905  -4.40994037
  -2.88315473  -4.41552692
  -2.89087016  -4.42170355
  -2.90191944  -4.43023956
  -2.90583013  -4.43371493
  -2.92041863  -4.44426559
  -2.92143087  -4.44512818
  -2.93540224  -4.45628360
  -2.94002293  -4.46002574
  -2.95018026  -4.46747662
  -2.95981706  -4.47474935
  -2.96505539  -4.47875179
  -2.97725759  -4.48989519
  -2.97999303  -4.49273608
  -2.99123100  -4.50485215
  -2.99487650  -4.50955900
  -3.00374116  -4.52010658
  -3.00945504  -4.52745320
  -3.01512213  -4.53481317
  -3.02436121  -4.54603440
  -3.02720786  -4.54971005
  -3.03907176  -4.56384304
  -3.03995993  -4.56480884
  -3.05073866  -4.57924806
  -3.05447616  -4.58388568
  -3.06278762  -4.59406532
  -3.06909181  -4.60180607
  -3.07464102  -4.60924044
  -3.08388260  -4.62046377
  -3.08672964  -4.62413998
  -3.09859369  -4.63828092
  -3.09946214  -4.63926000
  -3.11090901  -4.65393527
  -3.11369977  -4.65765705
  -3.12207519  -4.66873282
  -3.12850301  -4.67631810
  -3.13416807  -4.68367928
  -3.14341217  -4.69490475
  -3.14690588  -4.69880940
  -3.15812583  -4.71272490
  -3.15899440  -4.71370414
  -3.16979598  -4.72812852
  -3.17353451  -4.73276759
  -3.18195073  -4.74319837
  -3.18826565  -4.75152042
  -3.19370343  -4.75812990
  -3.20295009  -4.76935753
  -3.20644427  -4.77326282
  -3.21766147  -4.78717321
  -3.21854999  -4.78813948
  -3.22998797  -4.80284103
  -3.23277954  -4.80656398
  -3.24183641  -4.81787273
  -3.24758420  -4.82523002
  -3.25324727  -4.83259249
  -3.26249651  -4.84382231
  -3.26534478  -4.84750028
  -3.27720977  -4.86164208
  -3.27809688  -4.86260686
  -3.28953680  -4.87728527
  -3.29239852  -4.88095199
  -3.30107027  -4.89214501
  -3.30713765  -4.89970412
  -3.31279974  -4.90706725
  -3.32205159  -4.91829930
  -3.32489102  -4.92194215
  -3.33635710  -4.93665422
  -3.33722603  -4.93763395
  -3.34837239  -4.95146409
  -3.35195752  -4.95543501
  -3.36116699  -4.96659572
  -3.36682707  -4.97412049
  -3.37236101  -4.98155438
  -3.38161549  -4.99278869
  -3.38445203  -4.99643130
  -3.39592431  -5.01114760
  -3.39678775  -5.01208430
  -3.40886251  -5.02595929
  -3.41170675  -5.02988379
  -3.41980012  -5.04109025
  -3.42627107  -5.04868957
  -3.43189960  -5.05599133
  -3.44128321  -5.06725962
  -3.44403795  -5.07097049
  -3.45590435  -5.08511840
  -3.45678467  -5.08610664
  -3.46750282  -5.10046393
  -3.47110239  -5.10443874
  -3.47969161  -5.11544465
  -3.48610036  -5.12299439
  -3.49180018  -5.13035497
  -3.50086811  -5.14177546
  -3.50360116  -5.14544761
  -3.51551983  -5.15966003
  -3.51636964  -5.16062491
  -3.52708176  -5.17498305
  -3.53068858  -5.17895986
  -3.53941601  -5.19018835
  -3.54544090  -5.19772604
  -3.55105569  -5.20502708
  -3.56068427  -5.21707391
  -3.56318960  -5.21997516
  -3.57511685  -5.23419229
  -3.57596504  -5.23513150
  -3.58684545  -5.24968481
  -3.59028415  -5.25349407
  -3.59887611  -5.26450383
  -3.60517536  -5.27219691
  -3.61135311  -5.27986070
  -3.61996254  -5.29087427
  -3.62278752  -5.29451591
  -3.63472338  -5.30873781
  -3.63556654  -5.30967537
  -3.64719766  -5.32406250
  -3.65013455  -5.32790722
  -3.65907222  -5.33920564
  -3.66478599  -5.34674892
  -3.67030491  -5.35418252
  -3.67957296  -5.36542867
  -3.68239506  -5.36907006
  -3.69393780  -5.38384879
  -3.69474850  -5.38473868
  -3.70610756  -5.39838751
  -3.70975183  -5.40246909
  -3.71813734  -5.41365340
  -3.72451357  -5.42117216
  -3.73021712  -5.42853799
  -3.73930238  -5.43997097
  -3.74269200  -5.44390818
  -3.75391440  -5.45783849
  -3.75479869  -5.45880363
  -3.76570588  -5.47337317
  -3.76912877  -5.47717730
  -3.77772502  -5.48819307
  -3.78414124  -5.49575047
  -3.78984575  -5.50311766
  -3.79893541  -5.51455388
  -3.80231037  -5.51845184
  -3.81360159  -5.53245594
  -3.81442967  -5.53338842
  -3.82605021  -5.54778053
  -3.82901616  -5.55163416
  -3.83740456  -5.56282258
  -3.84362286  -5.57041701
  -3.84944431  -5.57767947
  -3.85871448  -5.58895380
  -3.86158654  -5.59262147
  -3.87324774  -5.60705651
  -3.87407081  -5.60798725
  -3.88503048  -5.62210639
  -3.88866352  -5.62623775
  -3.89705342  -5.63742828
  -3.90342694  -5.64494914
  -3.90978060  -5.65254775
  -3.91823197  -5.66376193
  -3.92099366  -5.66750206
  -3.93250239  -5.68222357
  -3.93329301  -5.68310655
  -3.94469871  -5.69670079
  -3.94832124  -5.70085565
  -3.95671265  -5.71204831
  -3.96308530  -5.71956989
  -3.96879283  -5.72694128
  -3.97789582  -5.73838747
  -3.98127622  -5.74232318
  -3.99207482  -5.75677280
  -3.99295492  -5.75773411
  -4.00492603  -5.77202111
  -4.00772942  -5.77561706
  -4.01633172  -5.78664124
  -4.02251008  -5.79441396
  -4.02881788  -5.80201665
  -4.03755046  -5.81285791
  -4.04050199  -5.81645122
  -4.05242729  -5.83066888
  -4.05332111  -5.83163522
  -4.06402157  -5.84645972
  -4.06740588  -5.85026322
  -4.07601303  -5.86128691
  -4.08243386  -5.86885523
  -4.08815268  -5.87622214
  -4.09737716  -5.88747989
  -4.10026309  -5.89114075
  -4.11211011  -5.90532550
  -4.11300408  -5.90629204
  -4.12431076  -5.92134784
  -4.12709318  -5.92492428
  -4.13572503  -5.93593139
  -4.14227694  -5.94442559
  -4.14759295  -5.95116600
  -4.15682225  -5.96237010
  -4.15967770  -5.96605814
  -4.17180390  -5.97999715
  -4.17269802  -5.98096390
  -4.18348462  -5.99521849
  -4.18711483  -5.99943231
  -4.19551633  -6.01063090
  -4.20173970  -6.01835118
  -4.20785158  -6.02597003
  -4.21665878  -6.03703773
  -4.21943069  -6.04079201
  -4.23125830  -6.05492061
  -4.23222180  -6.05602654
  -4.24096295  -6.07074842
  -4.24568308  -6.08648395
  -4.24615492  -6.08928457
  -4.24664857  -6.10140737
  -4.24620290  -6.10979344
  -4.24563903  -6.11647189
  -4.24434114  -6.13128429
  -4.24289777  -6.14632027
  -4.24156257  -6.16116037
  -4.23979310  -6.17602490
  -4.23884080  -6.19099103
  -4.23748660  -6.20585248
  -4.23604457  -6.22068816
  -4.23155984  -6.23563936
  -4.23073913  -6.23664122
  -4.22166287  -6.24999480
  -4.21536517  -6.25668751
  -4.20775345  -6.26483785
  -4.20032350  -6.27228126
  -4.19287662  -6.27976531
  -4.18565375  -6.28739423
  -4.17919817  -6.29484780
  -4.17107160  -6.30252234
  -4.16364171  -6.30996625
  -4.15597974  -6.31811002
  -4.14947860  -6.32462362
  -4.14088792  -6.33369815
  -4.13530323  -6.33931399
  -4.12622809  -6.34881291
  -4.12068977  -6.35440353
  -4.11140251  -6.36370931
  -4.10652676  -6.36906211
  -4.09631079  -6.37929875
  -4.09165714  -6.38398126
  -4.08188661  -6.39369606
  -4.07631947  -6.39927625
  -4.06662120  -6.40907027
  -4.06218205  -6.41396574
  -4.05173402  -6.42490317
  -4.04801915  -6.42862595
  -4.03687457  -6.43979444
  -4.03315206  -6.44354391
  -4.02222318  -6.45491185
  -4.01853425  -6.45864232
  -4.00715756  -6.47051145
  -4.00437142  -6.47330378
  -3.99229820  -6.48540400
  -3.98950610  -6.48822071
  -3.97764997  -6.50052270
  -3.97486425  -6.50324317
  -3.96264970  -6.51330696
  -3.95691837  -6.51763396
  -3.94782388  -6.52353249
  -3.93286099  -6.53153624
  -3.93170084  -6.53258266
  -3.91796348  -6.53990290
  -3.90672526  -6.54737064
  -3.90318630  -6.54955074
  -3.88824182  -6.55755483
  -3.88072318  -6.56222683
  -3.87318308  -6.56647646
  -3.85845266  -6.57428992
  -3.85458797  -6.57688237
  -3.84359102  -6.58264929
  -3.82870711  -6.59101532
  -3.82761509  -6.59203813
  -3.81355841  -6.60001274
  -3.80340712  -6.60662855
  -3.79876515  -6.60925329
  -3.78409095  -6.61703825
  -3.77661820  -6.62170055
  -3.76902029  -6.62598032
  -3.75434629  -6.63376565
  -3.74967658  -6.63656238
  -3.73948460  -6.64212636
  -3.72460198  -6.65049385
  -3.72353450  -6.65150301
  -3.70991439  -6.65920975
  -3.69680377  -6.66653390
  -3.69501663  -6.66757058
  -3.68002441  -6.67557663
  -3.67235209  -6.68097920
  -3.66511064  -6.68488796
  -3.65024410  -6.69325135
  -3.64557601  -6.69604863
  -3.63538231  -6.70161343
  -3.62050092  -6.70998243
  -3.61951539  -6.71071552
  -3.60562449  -6.71835012
  -3.59170342  -6.72577737
  -3.59065132  -6.72677442
  -3.57590879  -6.73183128
  -3.56103108  -6.73646368
  -3.55073523  -6.74003789
  -3.54602709  -6.74206941
  -3.53134285  -6.74572023
  -3.51639876  -6.75036175
  -3.50329906  -6.75473294
  -3.50136161  -6.75551217
  -3.48664948  -6.75962691
  -3.47176760  -6.76426112
  -3.45689079  -6.76889453
  -3.45486035  -6.76988776
  -3.44199434  -6.77446613
  -3.42720256  -6.77815260
  -3.41226113  -6.78279565
  -3.40840521  -6.78446546
  -3.39732520  -6.78837919
  -3.38257287  -6.79205437
  -3.36763257  -6.79669808
  -3.36101001  -6.79942783
  -3.35273730  -6.80227070
  -3.33794427  -6.80595745
  -3.32300508  -6.81060184
  -3.31271183  -6.81417800
  -3.30803782  -6.81619913
  -3.29325512  -6.82080523
  -3.27844111  -6.82449697
  -3.26528050  -6.82888025
  -3.26315560  -6.82976684
  -3.24865440  -6.83377256
  -3.23379416  -6.83701560
  -3.21900839  -6.83884741
  -3.21576577  -6.83829887
         
