# shadow point cont 3D ind 200  size 1139
# norm  0.0000000 -1.0000000  0.0000000
# angle  1.5707963
   3.38434520981097    0.00000000000000   -6.84308337602995
   3.39914100724545    0.00000000000000   -6.84079851621447
   3.41391341803239    0.00000000000000   -6.83784471506056
   3.42879059984790    0.00000000000000   -6.83321848172386
   3.44082476084429    0.00000000000000   -6.82947856578520
   3.44359409933833    0.00000000000000   -6.82850047908686
   3.45865874365125    0.00000000000000   -6.82250632848569
   3.47334960383819    0.00000000000000   -6.81831638957664
   3.48266799845410    0.00000000000000   -6.81472388814192
   3.48840212133575    0.00000000000000   -6.81230878713256
   3.50327530226280    0.00000000000000   -6.80767677863013
   3.51808588899763    0.00000000000000   -6.80291522471196
   3.52710694510763    0.00000000000000   -6.79963718777869
   3.53288701621523    0.00000000000000   -6.79705450884266
   3.54781687358335    0.00000000000000   -6.79251086156906
   3.56270462950413    0.00000000000000   -6.78808780914598
   3.57102658584136    0.00000000000000   -6.78512442809275
   3.57759551435136    0.00000000000000   -6.78255876008983
   3.59250961275577    0.00000000000000   -6.77708848584356
   3.60719078949674    0.00000000000000   -6.77288716743182
   3.61375368015372    0.00000000000000   -6.77025668866293
   3.62221322931191    0.00000000000000   -6.76679991982474
   3.63699755489200    0.00000000000000   -6.76183718950390
   3.65189699274197    0.00000000000000   -6.75724277182611
   3.65738825139258    0.00000000000000   -6.75537545687511
   3.66674436040729    0.00000000000000   -6.75164308480625
   3.68155675845762    0.00000000000000   -6.74693554125814
   3.69548835375031    0.00000000000000   -6.74065486875943
   3.69649874672330    0.00000000000000   -6.73986149286898
   3.71110875840049    0.00000000000000   -6.73192408713745
   3.72306788767270    0.00000000000000   -6.72538941344370
   3.72594635412976    0.00000000000000   -6.72354587660380
   3.74075343486625    0.00000000000000   -6.71516895167378
   3.74818464560172    0.00000000000000   -6.71052128723537
   3.75567518597839    0.00000000000000   -6.70589094886372
   3.77044697551488    0.00000000000000   -6.69750997133031
   3.77415148075140    0.00000000000000   -6.69556628660478
   3.78539422386326    0.00000000000000   -6.68823095092406
   3.79843688939832    0.00000000000000   -6.68084924408533
   3.80027055061477    0.00000000000000   -6.67987646777858
   3.81523189693031    0.00000000000000   -6.67084956645866
   3.82336310564939    0.00000000000000   -6.66591463573568
   3.82996265034009    0.00000000000000   -6.66205230314733
   3.84482459772337    0.00000000000000   -6.65384062406771
   3.84863297738735    0.00000000000000   -6.65124301041599
   3.85989201395005    0.00000000000000   -6.64395882190133
   3.87361381218741    0.00000000000000   -6.63611514492300
   3.87459495100908    0.00000000000000   -6.63527909425837
   3.88941977584312    0.00000000000000   -6.62689685179892
   3.89882210598446    0.00000000000000   -6.62139113005489
   3.90446627841424    0.00000000000000   -6.61792735086276
   3.91915139114844    0.00000000000000   -6.60924629487899
   3.92385751170477    0.00000000000000   -6.60649367441802
   3.93415834553888    0.00000000000000   -6.60024492077197
   3.94798664184468    0.00000000000000   -6.59150922545495
   3.94899100467759    0.00000000000000   -6.59073166303429
   3.96385924184049    0.00000000000000   -6.58257236218346
   3.97384806998688    0.00000000000000   -6.57662646020039
   3.97845329571481    0.00000000000000   -6.57300378006606
   3.99226230630367    0.00000000000000   -6.56187756878800
   3.99319032881434    0.00000000000000   -6.56094697308213
   4.00711070123013    0.00000000000000   -6.54698819221877
   4.00803872915218    0.00000000000000   -6.54605762090740
   4.02195918346020    0.00000000000000   -6.53209920502805
   4.02288721691258    0.00000000000000   -6.53116865800138
   4.03677873173685    0.00000000000000   -6.51723195395495
   4.03770057950189    0.00000000000000   -6.51629565496045
   4.05160820505551    0.00000000000000   -6.50221907610263
   4.05254072572204    0.00000000000000   -6.50129337581731
   4.06647632649100    0.00000000000000   -6.48745581340012
   4.06739809808106    0.00000000000000   -6.48651948011488
   4.08130463115761    0.00000000000000   -6.47244281431793
   4.08223721644678    0.00000000000000   -6.47151721871117
   4.09617430340396    0.00000000000000   -6.45768120044175
   4.09709599728377    0.00000000000000   -6.45674483054094
   4.11012122635295    0.00000000000000   -6.44277106721302
   4.11197736914009    0.00000000000000   -6.44091025509952
   4.12478507039779    0.00000000000000   -6.42799940530201
   4.12678240401048    0.00000000000000   -6.42592161206378
   4.13903984021603    0.00000000000000   -6.41314734255396
   4.14176577082881    0.00000000000000   -6.41034220889176
   4.15373814428820    0.00000000000000   -6.39811094604257
   4.15648208096547    0.00000000000000   -6.39533734302459
   4.16866851358273    0.00000000000000   -6.38309750329594
   4.17137187567208    0.00000000000000   -6.38043481672484
   4.18343713999255    0.00000000000000   -6.36834092704666
   4.18631712703226    0.00000000000000   -6.36476239285516
   4.19717175032591    0.00000000000000   -6.35356604820588
   4.20083216828567    0.00000000000000   -6.34884824053718
   4.20718142546948    0.00000000000000   -6.33892502581348
   4.21095399546266    0.00000000000000   -6.32433976300185
   4.21168018556368    0.00000000000000   -6.30942501038012
   4.21163740992112    0.00000000000000   -6.29450284306346
   4.21066719026762    0.00000000000000   -6.27964888698314
   4.21051174460749    0.00000000000000   -6.26473455472220
   4.20964816556845    0.00000000000000   -6.24973408988322
   4.20960582815515    0.00000000000000   -6.23481347853034
   4.20863602136458    0.00000000000000   -6.21996037869570
   4.20859072287386    0.00000000000000   -6.20497113725054
   4.20854871303030    0.00000000000000   -6.19005168125633
   4.20850681032559    0.00000000000000   -6.17513260691440
   4.20661563356103    0.00000000000000   -6.16034558051290
   4.20288492714293    0.00000000000000   -6.14554512669910
   4.20019099257918    0.00000000000000   -6.14014938919314
   4.19478109600163    0.00000000000000   -6.13071116733492
   4.18572230513275    0.00000000000000   -6.11661443957235
   4.18491465665092    0.00000000000000   -6.11560130459392
   4.17418759779651    0.00000000000000   -6.10107146614283
   4.17045196571763    0.00000000000000   -6.09640044513340
   4.16288676321823    0.00000000000000   -6.08621469764582
   4.15541465077052    0.00000000000000   -6.07578532300559
   4.15176929915819    0.00000000000000   -6.07118144122572
   4.14142986664947    0.00000000000000   -6.05619680362553
   4.14053965805992    0.00000000000000   -6.05523277769968
   4.13027558244351    0.00000000000000   -6.04129111504482
   4.12563283863681    0.00000000000000   -6.03570123305720
   4.11902124525378    0.00000000000000   -6.02631581636477
   4.11075572198897    0.00000000000000   -6.01500611894773
   4.10797029575366    0.00000000000000   -6.01145762683381
   4.09745591951593    0.00000000000000   -5.99653510047910
   4.09556377847037    0.00000000000000   -5.99445961360213
   4.08633942727924    0.00000000000000   -5.98149833058059
   4.08075576516529    0.00000000000000   -5.97404143965836
   4.07515284893856    0.00000000000000   -5.96657109166183
   4.06596483415645    0.00000000000000   -5.95429794332130
   4.06408021723021    0.00000000000000   -5.95168846576313
   4.05363898754227    0.00000000000000   -5.93666890910908
   4.05105915168407    0.00000000000000   -5.93375172993729
   4.04180013090498    0.00000000000000   -5.92155520039984
   4.03594768090793    0.00000000000000   -5.91335982850786
   4.03124460743567    0.00000000000000   -5.90680203501554
   4.02098380444534    0.00000000000000   -5.89280528177045
   4.02010031888144    0.00000000000000   -5.89183501039270
   4.00975346689214    0.00000000000000   -5.87691784359032
   4.00618221263814    0.00000000000000   -5.87212515621844
   3.99795211234668    0.00000000000000   -5.86180101526134
   3.99146573915094    0.00000000000000   -5.85237397726345
   3.98752867933593    0.00000000000000   -5.84710562879190
   3.97707620739161    0.00000000000000   -5.83211062036906
   3.97621622968228    0.00000000000000   -5.83112669294301
   3.96589867325047    0.00000000000000   -5.81719267323026
   3.96142706380168    0.00000000000000   -5.81143840821985
   3.95407787462988    0.00000000000000   -5.80204715322311
   3.94630524434500    0.00000000000000   -5.79106264510346
   3.94350503893566    0.00000000000000   -5.78732908338421
   3.93230447343599    0.00000000000000   -5.77239516333356
   3.93123989871660    0.00000000000000   -5.77041334469736
   3.92201601787934    0.00000000000000   -5.75745124224283
   3.91666458334508    0.00000000000000   -5.75075857000951
   3.90999204029413    0.00000000000000   -5.74254213844065
   3.90164940940057    0.00000000000000   -5.73022702060051
   3.89984273450239    0.00000000000000   -5.72731629629257
   3.88927429282895    0.00000000000000   -5.71278797059575
   3.88652641668939    0.00000000000000   -5.70983689209466
   3.87752962292246    0.00000000000000   -5.69749286394714
   3.87167224636615    0.00000000000000   -5.68933006605637
   3.86634321396116    0.00000000000000   -5.68256299109641
   3.85693948835457    0.00000000000000   -5.66955945748555
   3.85524358985754    0.00000000000000   -5.66764871170288
   3.84460012985712    0.00000000000000   -5.65292754232019
   3.84190832480202    0.00000000000000   -5.64903008540142
   3.83369574999210    0.00000000000000   -5.63777059771025
   3.82708197248044    0.00000000000000   -5.62849986290164
   3.82252675806895    0.00000000000000   -5.62284710055936
   3.81198198052926    0.00000000000000   -5.60907655561115
   3.81112900383962    0.00000000000000   -5.60812574203560
   3.80071804158326    0.00000000000000   -5.59319277982330
   3.79697289781352    0.00000000000000   -5.58758969787077
   3.78984557947371    0.00000000000000   -5.57804852995449
   3.78232523694757    0.00000000000000   -5.56784694527339
   3.77850848570534    0.00000000000000   -5.56337048449513
   3.76836870714974    0.00000000000000   -5.54818226218806
   3.76754566751825    0.00000000000000   -5.54727846810616
   3.75693969725404    0.00000000000000   -5.53350004347875
   3.75238968641537    0.00000000000000   -5.52680280128733
   3.74602545817517    0.00000000000000   -5.51834406750536
   3.73757056448354    0.00000000000000   -5.50720250889472
   3.73481062294684    0.00000000000000   -5.50340752180858
   3.72427704446178    0.00000000000000   -5.48871568507074
   3.72236360146074    0.00000000000000   -5.48589938771638
   3.71336857392874    0.00000000000000   -5.47356104666627
   3.70773269900388    0.00000000000000   -5.46615702597626
   3.70218533978173    0.00000000000000   -5.45863848587186
   3.69278430671444    0.00000000000000   -5.44564132473837
   3.69106508834931    0.00000000000000   -5.44372946983090
   3.68044926628172    0.00000000000000   -5.42901784899011
   3.67765210507798    0.00000000000000   -5.42528689722451
   3.66953728834942    0.00000000000000   -5.41386265046072
   3.66316485240707    0.00000000000000   -5.40537434104863
   3.65838169612163    0.00000000000000   -5.39895233843631
   3.64831590790192    0.00000000000000   -5.38480385847923
   3.64746800522391    0.00000000000000   -5.38380551385359
   3.63665219723643    0.00000000000000   -5.36933568512380
   3.63306983738901    0.00000000000000   -5.36450512744130
   3.62481835985844    0.00000000000000   -5.35418600761829
   3.61797003128717    0.00000000000000   -5.34414495152756
   3.61427767364258    0.00000000000000   -5.33949299318621
   3.60388240573559    0.00000000000000   -5.32492181183923
   3.60294674744531    0.00000000000000   -5.32388806808934
   3.59218506589610    0.00000000000000   -5.30942511468911
   3.58835322303498    0.00000000000000   -5.30388816365708
   3.58099761762321    0.00000000000000   -5.29450504446650
   3.57364456174461    0.00000000000000   -5.28415808385384
   3.56984992436493    0.00000000000000   -5.27959497523250
   3.55954022174947    0.00000000000000   -5.26466195201553
   3.55849599419027    0.00000000000000   -5.26286737797476
   3.54837014563794    0.00000000000000   -5.24975065670723
   3.54379891512044    0.00000000000000   -5.24314472559067
   3.53719979386674    0.00000000000000   -5.23483808934905
   3.52873020692080    0.00000000000000   -5.22369712922255
   3.52598508930578    0.00000000000000   -5.21990795765867
   3.51573477042149    0.00000000000000   -5.20499519034763
   3.51380555445195    0.00000000000000   -5.20225939207854
   3.50456106523872    0.00000000000000   -5.19008412932528
   3.49890915044983    0.00000000000000   -5.18267809059774
   3.49337308478507    0.00000000000000   -5.17516611801601
   3.48445853096916    0.00000000000000   -5.16184797037530
   3.48338837534719    0.00000000000000   -5.16003371554893
   3.47194884729354    0.00000000000000   -5.14534385448340
   3.46924379845432    0.00000000000000   -5.14153481434241
   3.46076654354458    0.00000000000000   -5.13042983768296
   3.45437399391100    0.00000000000000   -5.12193585781292
   3.44958457836014    0.00000000000000   -5.11551631860627
   3.43953897002239    0.00000000000000   -5.10137983764921
   3.43865515960145    0.00000000000000   -5.10037855265275
   3.42814445958303    0.00000000000000   -5.08568858734270
   3.42438211681219    0.00000000000000   -5.08107150574047
   3.41668686498317    0.00000000000000   -5.07100659195792
   3.40957718424498    0.00000000000000   -5.06046915970406
   3.40608239882201    0.00000000000000   -5.05564344850501
   3.39553453785139    0.00000000000000   -5.04095666765454
   3.39470402898584    0.00000000000000   -5.03994778350555
   3.38435628117218    0.00000000000000   -5.02604716255581
   3.37962190529916    0.00000000000000   -5.01957899235952
   3.37317554805088    0.00000000000000   -5.01113610423432
   3.36510766346649    0.00000000000000   -4.99973495209121
   3.36229377187974    0.00000000000000   -4.99600389436721
   3.35174717289772    0.00000000000000   -4.98131901260522
   3.34980922394239    0.00000000000000   -4.97857966014724
   3.34056881870156    0.00000000000000   -4.96641042505355
   3.33532209426236    0.00000000000000   -4.95964462812166
   3.32875012926057    0.00000000000000   -4.95127714183266
   3.32001629746643    0.00000000000000   -4.93943938781056
   3.31758105863691    0.00000000000000   -4.93637055386001
   3.30703218842742    0.00000000000000   -4.92167978554079
   3.30523724024937    0.00000000000000   -4.91884423660514
   3.29585771595907    0.00000000000000   -4.90677858347180
   3.29017437064107    0.00000000000000   -4.89846031990389
   3.28499648291446    0.00000000000000   -4.89165532885143
   3.27580030478963    0.00000000000000   -4.87853241582859
   3.27466992068429    0.00000000000000   -4.87674759565764
   3.26353294830144    0.00000000000000   -4.86184041427680
   3.26064747756455    0.00000000000000   -4.85819019718954
   3.25208303186525    0.00000000000000   -4.84715956610867
   3.24570264612500    0.00000000000000   -4.83867521419833
   3.24090834883305    0.00000000000000   -4.83225374102989
   3.23088108033331    0.00000000000000   -4.81813296484960
   3.23011081974668    0.00000000000000   -4.81715740054067
   3.21948756602785    0.00000000000000   -4.80244915317487
   3.21589505996624    0.00000000000000   -4.79769759321566
   3.20831209258311    0.00000000000000   -4.78754756834490
   3.20101223211239    0.00000000000000   -4.77812149042658
   3.19714050011927    0.00000000000000   -4.77264307720171
   3.18689718476966    0.00000000000000   -4.75774197931590
   3.18607373363886    0.00000000000000   -4.75673892152230
   3.17571951915457    0.00000000000000   -4.74284311162599
   3.17121357108742    0.00000000000000   -4.73714317297333
   3.16390783558867    0.00000000000000   -4.72771717351505
   3.15609800390862    0.00000000000000   -4.71681893091786
   3.15337331900462    0.00000000000000   -4.71304153248841
   3.14220703168338    0.00000000000000   -4.69813934954606
   3.14116791153704    0.00000000000000   -4.69634892127920
   3.13134399800960    0.00000000000000   -4.68302265380650
   3.12671975167941    0.00000000000000   -4.67648278498255
   3.12015970120196    0.00000000000000   -4.66812103754698
   3.11161845905044    0.00000000000000   -4.65613477064933
   3.10961955885690    0.00000000000000   -4.65344389754745
   3.09872059301930    0.00000000000000   -4.63832204647822
   3.09674491550227    0.00000000000000   -4.63561948466925
   3.08751727310055    0.00000000000000   -4.62342291058216
   3.08164316837430    0.00000000000000   -4.61622999849971
   3.07611521864673    0.00000000000000   -4.60875025846287
   3.06722345090905    0.00000000000000   -4.59545569452712
   3.06606591880353    0.00000000000000   -4.59363240248067
   3.05495274536306    0.00000000000000   -4.57873370574518
   3.05206877124313    0.00000000000000   -4.57508567077366
   3.04257464872473    0.00000000000000   -4.56406571550539
   3.03718968687462    0.00000000000000   -4.55830553195314
   3.02786399441143    0.00000000000000   -4.54894643045854
   3.02210872955670    0.00000000000000   -4.54355584378503
   3.01278930599882    0.00000000000000   -4.53426960192961
   3.00744090957003    0.00000000000000   -4.52938028866786
   2.99715536721981    0.00000000000000   -4.51914747129111
   2.99233947220733    0.00000000000000   -4.51468244370662
   2.98208973550364    0.00000000000000   -4.50446961074525
   2.97743821318278    0.00000000000000   -4.49981374728212
   2.96627622500130    0.00000000000000   -4.48956979397014
   2.96255511460084    0.00000000000000   -4.48584523113186
   2.95139194258002    0.00000000000000   -4.47467173588879
   2.94790464118792    0.00000000000000   -4.47164533260516
   2.93488279929805    0.00000000000000   -4.45953991726119
   2.93302235061136    0.00000000000000   -4.45767776350179
   2.91976718048606    0.00000000000000   -4.44487476318019
   2.91790678474581    0.00000000000000   -4.44301267324401
   2.90425228275748    0.00000000000000   -4.42955037626688
   2.90326624924337    0.00000000000000   -4.42869358802101
   2.88907293577841    0.00000000000000   -4.41508110109433
   2.88814279046862    0.00000000000000   -4.41415011958391
   2.87372796963682    0.00000000000000   -4.40065054970364
   2.87279785049218    0.00000000000000   -4.39971959951513
   2.85860283120355    0.00000000000000   -4.38597508054016
   2.85768396316556    0.00000000000000   -4.38505650928971
   2.84396637743233    0.00000000000000   -4.37179085967154
   2.84205231944172    0.00000000000000   -4.36990810606996
   2.82885974928126    0.00000000000000   -4.35800267844461
   2.82606457356851    0.00000000000000   -4.35526586945463
   2.81397420568899    0.00000000000000   -4.34316494035053
   2.81118415802108    0.00000000000000   -4.34037246405463
   2.79932770345391    0.00000000000000   -4.32896977835060
   2.79556364379361    0.00000000000000   -4.32525149349132
   2.78445138720738    0.00000000000000   -4.31496227272693
   2.77975184323921    0.00000000000000   -4.31035851757320
   2.76957313357695    0.00000000000000   -4.30099659988726
   2.76393990422497    0.00000000000000   -4.29546616626420
   2.75446232632935    0.00000000000000   -4.28635161167191
   2.74884415980156    0.00000000000000   -4.28080653085423
   2.73958481051464    0.00000000000000   -4.27238729775352
   2.73307405969826    0.00000000000000   -4.26590859055159
   2.72493870108542    0.00000000000000   -4.25823042987384
   2.71749979447105    0.00000000000000   -4.25078530280038
   2.71006098960872    0.00000000000000   -4.24334030044437
   2.70234405842280    0.00000000000000   -4.23613509835777
   2.69472043633077    0.00000000000000   -4.22889531524665
   2.68728083845466    0.00000000000000   -4.22146967695233
   2.68007591885218    0.00000000000000   -4.21472284516042
   2.67147566126523    0.00000000000000   -4.20657972353556
   2.66496723010171    0.00000000000000   -4.20006598258280
   2.65590306803691    0.00000000000000   -4.19145845221812
   2.65032456035741    0.00000000000000   -4.18587542625797
   2.64096628310332    0.00000000000000   -4.17658169340355
   2.63544654236149    0.00000000000000   -4.17186267406136
   2.62522324398473    0.00000000000000   -4.16168208197495
   2.62057473246064    0.00000000000000   -4.15702986012358
   2.61011599012274    0.00000000000000   -4.14702695426595
   2.60546760047219    0.00000000000000   -4.14237488172178
   2.59445977845446    0.00000000000000   -4.13192533079376
   2.59058865074060    0.00000000000000   -4.12838625939551
   2.57874235304696    0.00000000000000   -4.11702070817251
   2.57595346453706    0.00000000000000   -4.11422964206289
   2.56363629526391    0.00000000000000   -4.10236702769012
   2.56084747895700    0.00000000000000   -4.09957605026097
   2.54716957256729    0.00000000000000   -4.08706099579269
   2.54618415589832    0.00000000000000   -4.08620491029044
   2.53226510205465    0.00000000000000   -4.07236373160528
   2.53133554442927    0.00000000000000   -4.07143346433268
   2.51720301927082    0.00000000000000   -4.05754011602983
   2.51620187552117    0.00000000000000   -4.05671692723870
   2.50159291756207    0.00000000000000   -4.04352441699630
   2.50066340658290    0.00000000000000   -4.04259420715074
   2.48672093014435    0.00000000000000   -4.02864128653069
   2.48579144256299    0.00000000000000   -4.02771110588710
   2.47210878474616    0.00000000000000   -4.01442994463328
   2.47016592991119    0.00000000000000   -4.01256284296986
   2.45696907567735    0.00000000000000   -4.00068151700501
   2.45419214628950    0.00000000000000   -3.99794447649651
   2.44210957989642    0.00000000000000   -3.98585306951370
   2.43858865453814    0.00000000000000   -3.98281909561110
   2.42750978657507    0.00000000000000   -3.97250917811478
   2.42264698644791    0.00000000000000   -3.96798358040605
   2.41263372885092    0.00000000000000   -3.96027751158085
   2.40398327411519    0.00000000000000   -3.95313039998955
   2.39723820561798    0.00000000000000   -3.94789184530267
   2.38626019949708    0.00000000000000   -3.93843221588528
   2.38261996612090    0.00000000000000   -3.93555016864687
   2.36849681769238    0.00000000000000   -3.92359540811058
   2.36749591074894    0.00000000000000   -3.92277247986438
   2.35265478907208    0.00000000000000   -3.91070677343991
   2.35004404407034    0.00000000000000   -3.90866165173286
   2.33832032929664    0.00000000000000   -3.89895206857386
   2.33163602241343    0.00000000000000   -3.89355211046198
   2.32345272688151    0.00000000000000   -3.88682772188452
   2.31392680328072    0.00000000000000   -3.87869204814988
   2.30827712295760    0.00000000000000   -3.87413820483807
   2.29623717083108    0.00000000000000   -3.86400418054651
   2.29373644328760    0.00000000000000   -3.86185824944021
   2.27887489098464    0.00000000000000   -3.84976568048553
   2.27794587272499    0.00000000000000   -3.84883569279373
   2.26398164473120    0.00000000000000   -3.83837756846746
   2.25912017462643    0.00000000000000   -3.83404910652212
   2.24882043140614    0.00000000000000   -3.82578195800879
   2.24130095070600    0.00000000000000   -3.81939234615148
   2.23396025487762    0.00000000000000   -3.81369921210891
   2.22281847540846    0.00000000000000   -3.80431808511129
   2.21885979416036    0.00000000000000   -3.80095672368307
   2.20549980724393    0.00000000000000   -3.78930856945194
   2.20457089289541    0.00000000000000   -3.78837869800428
   2.18967530796605    0.00000000000000   -3.77625143907187
   2.18697456889733    0.00000000000000   -3.77408227191314
   2.17480928209459    0.00000000000000   -3.76490313291373
   2.16886597212761    0.00000000000000   -3.75987394713080
   2.15965340942855    0.00000000000000   -3.75234420451593
   2.15125468949541    0.00000000000000   -3.74498800751906
   2.14480366890091    0.00000000000000   -3.73935207816695
   2.13285749040148    0.00000000000000   -3.72986056401206
   2.12992889893212    0.00000000000000   -3.72724134734698
   2.11532879466296    0.00000000000000   -3.71553740898585
   2.11439002466783    0.00000000000000   -3.71483035231104
   2.10052835561706    0.00000000000000   -3.70358722779639
   2.09659407877353    0.00000000000000   -3.70012525605907
   2.08533627737507    0.00000000000000   -3.69096842425870
   2.07875710689203    0.00000000000000   -3.68549956076029
   2.07048120004258    0.00000000000000   -3.67889075928595
   2.06047371182753    0.00000000000000   -3.67032769799002
   2.05596844080827    0.00000000000000   -3.66645123605854
   2.04273031635834    0.00000000000000   -3.65549570993329
   2.04075441298055    0.00000000000000   -3.65378416812152
   2.02594446798456    0.00000000000000   -3.64178304649414
   2.02430369532484    0.00000000000000   -3.64052328742254
   2.01178344134901    0.00000000000000   -3.62974882593857
   2.00649450669647    0.00000000000000   -3.62575461002480
   1.99651201697152    0.00000000000000   -3.61802251781656
   1.98807746567715    0.00000000000000   -3.61081223900245
   1.98168904919792    0.00000000000000   -3.60511074155066
   1.97037785018043    0.00000000000000   -3.59596016784560
   1.96682199499978    0.00000000000000   -3.59298693662638
   1.95258650914843    0.00000000000000   -3.58115931519360
   1.95158095402802    0.00000000000000   -3.58033216046658
   1.93714003750746    0.00000000000000   -3.56801023063503
   1.93437550669988    0.00000000000000   -3.56580696502460
   1.92221275964008    0.00000000000000   -3.55663396489112
   1.91462110561098    0.00000000000000   -3.55115470479337
   1.90697182433490    0.00000000000000   -3.54590874873422
   1.89419524705296    0.00000000000000   -3.53628072644575
   1.89211497501135    0.00000000000000   -3.53475582025598
   1.87724010430150    0.00000000000000   -3.52544222623087
   1.87186703072612    0.00000000000000   -3.52143894384648
   1.86239498751869    0.00000000000000   -3.51522388761799
   1.85033800509450    0.00000000000000   -3.50686747669046
   1.84755295900706    0.00000000000000   -3.50500829529100
   1.83305552622039    0.00000000000000   -3.49521915178295
   1.82742113571892    0.00000000000000   -3.49142340043852
   1.81781013112512    0.00000000000000   -3.48546138230735
   1.80609956812162    0.00000000000000   -3.47672452324678
   1.80336669341195    0.00000000000000   -3.47479278911330
   1.78845239328174    0.00000000000000   -3.46541721163888
   1.78372409751335    0.00000000000000   -3.46191254969615
   1.77363127254120    0.00000000000000   -3.45522919862836
   1.76222045471706    0.00000000000000   -3.44733059848159
   1.75845918834246    0.00000000000000   -3.44460961342504
   1.74428157667978    0.00000000000000   -3.43448802973598
   1.73947535072544    0.00000000000000   -3.43141232697282
   1.72898782275046    0.00000000000000   -3.42539750291421
   1.71773249827086    0.00000000000000   -3.41735929858967
   1.71385551438370    0.00000000000000   -3.41483302499341
   1.69902202528759    0.00000000000000   -3.40554953614926
   1.69531585217558    0.00000000000000   -3.40276635098281
   1.68417756336800    0.00000000000000   -3.39533146457786
   1.67344114954713    0.00000000000000   -3.38745356256038
   1.66972841861883    0.00000000000000   -3.38466566771664
   1.65497956266585    0.00000000000000   -3.37466086286098
   1.65195872232653    0.00000000000000   -3.37254492534165
   1.63993701165235    0.00000000000000   -3.36503997317849
   1.62935012860007    0.00000000000000   -3.35820799039144
   1.62479168800494    0.00000000000000   -3.35538226472585
   1.61043621473196    0.00000000000000   -3.34492176384069
   1.60728899387225    0.00000000000000   -3.34287089434661
   1.59510146076313    0.00000000000000   -3.33587374329288
   1.58500018100502    0.00000000000000   -3.32834035973690
   1.58022520190745    0.00000000000000   -3.32470733887111
   1.56615210610372    0.00000000000000   -3.31557288267805
   1.56199946289927    0.00000000000000   -3.31280182839640
   1.55044292064159    0.00000000000000   -3.30608537798962
   1.53669329213028    0.00000000000000   -3.29845010064643
   1.53526438738349    0.00000000000000   -3.29774573723682
   1.52027611470971    0.00000000000000   -3.29453475060223
   1.50541010740707    0.00000000000000   -3.29363522754006
   1.49056761062327    0.00000000000000   -3.29316372320238
   1.47572647153858    0.00000000000000   -3.29315632407744
   1.46088542797996    0.00000000000000   -3.29314899898059
   1.44604447905398    0.00000000000000   -3.29314174791171
   1.43120362386721    0.00000000000000   -3.29313457087071
   1.41636286152623    0.00000000000000   -3.29312746785749
   1.40152219113761    0.00000000000000   -3.29312043887193
   1.38668161180791    0.00000000000000   -3.29311348391393
   1.37184112264370    0.00000000000000   -3.29310660298339
   1.35700072275156    0.00000000000000   -3.29309979608020
   1.34216041123805    0.00000000000000   -3.29309306320426
   1.32732018720974    0.00000000000000   -3.29308640435546
   1.31248004977320    0.00000000000000   -3.29307981953370
   1.29763999803500    0.00000000000000   -3.29307330873887
   1.28280003110171    0.00000000000000   -3.29306687197087
   1.26795628065407    0.00000000000000   -3.29302201436478
   1.25312058088914    0.00000000000000   -3.29259027874306
   1.23828086064223    0.00000000000000   -3.29258406443851
   1.22344122162711    0.00000000000000   -3.29257792415090
   1.20860053505947    0.00000000000000   -3.29210785195094
   1.19376106248363    0.00000000000000   -3.29210186084333
   1.17892166845892    0.00000000000000   -3.29209594374331
   1.16408235209191    0.00000000000000   -3.29209010065077
   1.14924311248916    0.00000000000000   -3.29208433156561
   1.13440394875724    0.00000000000000   -3.29207863648772
   1.11956486000271    0.00000000000000   -3.29207301541700
   1.10472584533215    0.00000000000000   -3.29206746835334
   1.08988690385212    0.00000000000000   -3.29206199529665
   1.07504803466917    0.00000000000000   -3.29205659624681
   1.06020923688988    0.00000000000000   -3.29205127120373
   1.04537050962082    0.00000000000000   -3.29204602016730
   1.03053185196853    0.00000000000000   -3.29204084313742
   1.01569326303959    0.00000000000000   -3.29203574011398
   1.00085474194056    0.00000000000000   -3.29203071109688
   0.98601388883065    0.00000000000000   -3.29198671856592
   0.97115635795182    0.00000000000000   -3.29159719864835
   0.95633957668852    0.00000000000000   -3.29201606808258
   0.94149914726425    0.00000000000000   -3.29197223077309
   0.92666330348174    0.00000000000000   -3.29154274102854
   0.91182516824677    0.00000000000000   -3.29153815622310
   0.89696500185479    0.00000000000000   -3.29157406024302
   0.88214703989889    0.00000000000000   -3.29195395551278
   0.86731112842692    0.00000000000000   -3.29152484578364
   0.85247226601035    0.00000000000000   -3.29105657647806
   0.83763443636983    0.00000000000000   -3.29105236258114
   0.82279666383829    0.00000000000000   -3.29104822267081
   0.80795989571044    0.00000000000000   -3.29150813447332
   0.79312128652839    0.00000000000000   -3.29104016480950
   0.77828367996314    0.00000000000000   -3.29103624685832
   0.76344612693312    0.00000000000000   -3.29103240289332
   0.74860862654487    0.00000000000000   -3.29102863291439
   0.73377117790496    0.00000000000000   -3.29102493692143
   0.71893378011995    0.00000000000000   -3.29102131491434
   0.70409643229638    0.00000000000000   -3.29101776689302
   0.68925913354082    0.00000000000000   -3.29101429285737
   0.67442188295983    0.00000000000000   -3.29101089280727
   0.65958393308855    0.00000000000000   -3.29096809038429
   0.64474678399557    0.00000000000000   -3.29007641388260
   0.62991519663780    0.00000000000000   -3.29011239115774
   0.61507248278670    0.00000000000000   -3.29053406617014
   0.60023632140277    0.00000000000000   -3.29099500233668
   0.58539896416083    0.00000000000000   -3.29095250557304
   0.57053885477163    0.00000000000000   -3.29056624049134
   0.55572550538284    0.00000000000000   -3.29098635587454
   0.54085876235238    0.00000000000000   -3.29047824030126
   0.52605194774490    0.00000000000000   -3.29051702831008
   0.51121516578147    0.00000000000000   -3.29051444201731
   0.49637761266430    0.00000000000000   -3.29004796940952
   0.48154091135412    0.00000000000000   -3.29004553177538
   0.46670424571069    0.00000000000000   -3.29004316810685
   0.45186761484057    0.00000000000000   -3.29004087840384
   0.43703101785031    0.00000000000000   -3.29003866266626
   0.42219445384647    0.00000000000000   -3.29003652089399
   0.40735792193560    0.00000000000000   -3.29003445308693
   0.39252142122424    0.00000000000000   -3.29003245924500
   0.37768559992472    0.00000000000000   -3.28999083904149
   0.36282393118260    0.00000000000000   -3.28960605460863
   0.34801209735282    0.00000000000000   -3.29002692150886
   0.33317571250506    0.00000000000000   -3.29002522352638
   0.31833935438958    0.00000000000000   -3.29002359950850
   0.30350403460026    0.00000000000000   -3.28998232392692
   0.28866679506090    0.00000000000000   -3.28955663827484
   0.27380541002954    0.00000000000000   -3.28959661404868
   0.25899417138138    0.00000000000000   -3.29001784308107
   0.24412963799142    0.00000000000000   -3.28951106529170
   0.22929647416406    0.00000000000000   -3.28959288655080
   0.21445738327654    0.00000000000000   -3.28950877682890
   0.19964941095657    0.00000000000000   -3.28954933349321
   0.18481258171857    0.00000000000000   -3.28908442796427
   0.16997644610003    0.00000000000000   -3.28908354381107
   0.15514098330609    0.00000000000000   -3.28954667948876
   0.14030487397019    0.00000000000000   -3.28954594272906
   0.12546813709952    0.00000000000000   -3.28908133502098
   0.11063206373954    0.00000000000000   -3.28908074664713
   0.09579802901979    0.00000000000000   -3.28904045664638
   0.08093397721334    0.00000000000000   -3.28865739374369
   0.06612608927530    0.00000000000000   -3.28903965399133
   0.05128793786683    0.00000000000000   -3.28861519321728
   0.03645191991406    0.00000000000000   -3.28861497419139
   0.02161591082569    0.00000000000000   -3.28861482910036
   0.00677990970825   -0.00000000000000   -3.28861475794410
  -0.00808254133772   -0.00000000000000   -3.28865633696828
  -0.02288950365171   -0.00000000000000   -3.28903903061461
  -0.03772805475296   -0.00000000000000   -3.28861498808299
  -0.05256403292119   -0.00000000000000   -3.28861521266485
  -0.06740056400264   -0.00000000000000   -3.28815157220398
  -0.08223597964013   -0.00000000000000   -3.28861588363135
  -0.09707249313393   -0.00000000000000   -3.28815239174352
  -0.11190791949209   -0.00000000000000   -3.28861685033423
  -0.12674441897235   -0.00000000000000   -3.28815350698177
  -0.14157985962474   -0.00000000000000   -3.28861811277274
  -0.15641634866555   -0.00000000000000   -3.28815491791795
  -0.17121958488997   -0.00000000000000   -3.28858178453457
  -0.18611560217929   -0.00000000000000   -3.28773431555250
  -0.20092476278485   -0.00000000000000   -3.28769365309341
  -0.21575671397519   -0.00000000000000   -3.28811894553790
  -0.23062377330864   -0.00000000000000   -3.28773742566144
  -0.24542855493370   -0.00000000000000   -3.28812126534429
  -0.26026824135706   -0.00000000000000   -3.28769823607579
  -0.27510472006180   -0.00000000000000   -3.28723563494197
  -0.28994028144624   -0.00000000000000   -3.28770097649962
  -0.30477631723070   -0.00000000000000   -3.28770245758295
  -0.31961236469970   -0.00000000000000   -3.28770401258042
  -0.33444886184372   -0.00000000000000   -3.28724170795260
  -0.34928449826514   -0.00000000000000   -3.28770734431742
  -0.36412058614850   -0.00000000000000   -3.28770912105677
  -0.37895278139089   -0.00000000000000   -3.28720746351452
  -0.39382157932001   -0.00000000000000   -3.28682663682622
  -0.40862488044659   -0.00000000000000   -3.28721141780889
  -0.42349400739390   -0.00000000000000   -3.28683069376692
  -0.43830166301181   -0.00000000000000   -3.28725518104388
  -0.45313316572499   -0.00000000000000   -3.28721790665314
  -0.46800279344854   -0.00000000000000   -3.28683733030074
  -0.48280545744894   -0.00000000000000   -3.28722260415090
  -0.49764657700490   -0.00000000000000   -3.28680054737906
  -0.51248285333767   -0.00000000000000   -3.28680306262420
  -0.52731915386278   -0.00000000000000   -3.28680565176364
  -0.54215547947367   -0.00000000000000   -3.28680831479730
  -0.55699216878517   -0.00000000000000   -3.28634712047343
  -0.57182854062158   -0.00000000000000   -3.28634993134320
  -0.58666461575574   -0.00000000000000   -3.28681674726257
  -0.60150105064444   -0.00000000000000   -3.28681970587212
  -0.61633234868389   -0.00000000000000   -3.28631949205739
  -0.63120388783594   -0.00000000000000   -3.28593946095943
  -0.64600521250947   -0.00000000000000   -3.28632582303866
  -0.66087711236151   -0.00000000000000   -3.28594586775121
  -0.67567820514457   -0.00000000000000   -3.28633245122625
  -0.69052066145572   -0.00000000000000   -3.28591111012735
  -0.70535731763060   -0.00000000000000   -3.28591458512284
  -0.72019400961212   -0.00000000000000   -3.28591813399289
  -0.73503073829373   -0.00000000000000   -3.28592175673741
  -0.74986750456892   -0.00000000000000   -3.28592545335632
  -0.76470430933113   -0.00000000000000   -3.28592922384951
  -0.77954115347384   -0.00000000000000   -3.28593306821689
  -0.79437803789052   -0.00000000000000   -3.28593698645837
  -0.80921518861045   -0.00000000000000   -3.28547704729576
  -0.82405193111961   -0.00000000000000   -3.28594504456326
  -0.83888915360285   -0.00000000000000   -3.28548525291378
  -0.85371822298975   -0.00000000000000   -3.28544504941307
  -0.86859801850404   -0.00000000000000   -3.28504315090405
  -0.88340043218307   -0.00000000000000   -3.28549811532242
  -0.89822939012807   -0.00000000000000   -3.28545823514178
  -0.91327338392669   -0.00000000000000   -3.28478600831020
  -0.92791212951641   -0.00000000000000   -3.28551164250667
  -0.94274945918661   -0.00000000000000   -3.28551629929555
  -0.95758683895880   -0.00000000000000   -3.28552102994801
  -0.97242426972644   -0.00000000000000   -3.28552583446395
  -0.98724782347791   -0.00000000000000   -3.28546949269410
  -1.00209953933024   -0.00000000000000   -3.28455578519471
  -1.01693713339909   -0.00000000000000   -3.28456014359782
  -1.03177478204274   -0.00000000000000   -3.28456457435673
  -1.04661248615467   -0.00000000000000   -3.28456907745856
  -1.06145024662838   -0.00000000000000   -3.28457365289041
  -1.07628806435736   -0.00000000000000   -3.28457830063931
  -1.09112594023510   -0.00000000000000   -3.28458302069227
  -1.10225446190950   -0.00000000000000   -3.28417910343210
  -1.10596404426915   -0.00000000000000   -3.28371654150501
  -1.12080202539792   -0.00000000000000   -3.28372208187735
  -1.13563202554204   -0.00000000000000   -3.28368929553367
  -1.14670898341707   -0.00000000000000   -3.28379654442278
  -1.15058864300099   -0.00000000000000   -3.28391540660720
  -1.15609275328891   -0.00000000000000   -3.28395151205816
  -1.16531633728970   -0.00000000000000   -3.28373914594642
  -1.18015456706700   -0.00000000000000   -3.28374498161980
  -1.19499286124011   -0.00000000000000   -3.28375089111820
  -1.20983122070248   -0.00000000000000   -3.28375687444153
  -1.22466964634759   -0.00000000000000   -3.28376293158969
  -1.23949957784981   -0.00000000000000   -3.28373092709453
  -1.25437957719697   -0.00000000000000   -3.28335198655220
  -1.26918532931396   -0.00000000000000   -3.28378154598222
  -1.28402402862466   -0.00000000000000   -3.28378789842876
  -1.29886279858543   -0.00000000000000   -3.28379432469966
  -1.31370605576875   -0.00000000000000   -3.28385720303097
  -1.32389990833262   -0.00000000000000   -3.28485556327156
  -1.32852906243307   -0.00000000000000   -3.28581399045292
  -1.34314939535503   -0.00000000000000   -3.28908475433812
  -1.35786574896809   -0.00000000000000   -3.29559052883669
  -1.36608904352964   -0.00000000000000   -3.30049777987087
  -1.37258569662997   -0.00000000000000   -3.30425644281753
  -1.38741768454004   -0.00000000000000   -3.31318543361693
  -1.39025671864706   -0.00000000000000   -3.31519445440713
  -1.40220040453535   -0.00000000000000   -3.32279278290516
  -1.41329056287538   -0.00000000000000   -3.33022325632773
  -1.41710200159358   -0.00000000000000   -3.33304241448436
  -1.43206652155497   -0.00000000000000   -3.34201172374441
  -1.43660909802777   -0.00000000000000   -3.34491571683111
  -1.44673542862081   -0.00000000000000   -3.35159041424630
  -1.45959892640895   -0.00000000000000   -3.35993625948719
  -1.46140538631529   -0.00000000000000   -3.36092581101761
  -1.47643632457367   -0.00000000000000   -3.37017668373139
  -1.48376864475857   -0.00000000000000   -3.37479904180135
  -1.49129381641071   -0.00000000000000   -3.38040132474558
  -1.50584784111923   -0.00000000000000   -3.38869677098250
  -1.50697572031860   -0.00000000000000   -3.38975625354872
  -1.52097413571839   -0.00000000000000   -3.39897621959826
  -1.52929176235257   -0.00000000000000   -3.40437107314961
  -1.53570460125769   -0.00000000000000   -3.40911724281108
  -1.55046462182714   -0.00000000000000   -3.41832209742643
  -1.55245504471938   -0.00000000000000   -3.41942748940566
  -1.56565714325645   -0.00000000000000   -3.42836861509670
  -1.57557774493547   -0.00000000000000   -3.43423852857746
  -1.58015280024197   -0.00000000000000   -3.43710893158119
  -1.59539971654026   -0.00000000000000   -3.44694543451767
  -1.59898415574138   -0.00000000000000   -3.44889240572152
  -1.61015302804400   -0.00000000000000   -3.45622264164655
  -1.62202407077061   -0.00000000000000   -3.46395886819208
  -1.62480691788778   -0.00000000000000   -3.46581653568467
  -1.63974872085959   -0.00000000000000   -3.47516266593590
  -1.64534720559129   -0.00000000000000   -3.47862229972124
  -1.65469567878282   -0.00000000000000   -3.48501601941982
  -1.66833954560421   -0.00000000000000   -3.49368660195892
  -1.66929298634236   -0.00000000000000   -3.49458085888124
  -1.68419833121697   -0.00000000000000   -3.50391708395819
  -1.69083163676698   -0.00000000000000   -3.50832816994863
  -1.69923598765031   -0.00000000000000   -3.51381027379263
  -1.71392176905935   -0.00000000000000   -3.52252005328412
  -1.71484161005331   -0.00000000000000   -3.52331128591458
  -1.72869440462535   -0.00000000000000   -3.53269210880278
  -1.73798195321158   -0.00000000000000   -3.53827440053492
  -1.74375940667480   -0.00000000000000   -3.54260197190888
  -1.75827539897661   -0.00000000000000   -3.55207296138434
  -1.76019951506895   -0.00000000000000   -3.55318493162848
  -1.77322538652471   -0.00000000000000   -3.56242011861982
  -1.77982246146258   -0.00000000000000   -3.56781104336003
  -1.78827346210706   -0.00000000000000   -3.57417455022997
  -1.79943052603128   -0.00000000000000   -3.58246693313135
  -1.80313261982661   -0.00000000000000   -3.58532526793539
  -1.81789437408043   -0.00000000000000   -3.59549469316728
  -1.82059094410214   -0.00000000000000   -3.59755523329730
  -1.83256337123077   -0.00000000000000   -3.60695654960960
  -1.83913554874930   -0.00000000000000   -3.61242029482285
  -1.84740436205154   -0.00000000000000   -3.61902315329124
  -1.85861095910148   -0.00000000000000   -3.62728539108118
  -1.86224675540591   -0.00000000000000   -3.63016327375344
  -1.87692425581269   -0.00000000000000   -3.64044152474679
  -1.87895656863075   -0.00000000000000   -3.64237021483988
  -1.89217853435062   -0.00000000000000   -3.65218902803584
  -1.89852499843508   -0.00000000000000   -3.65700781761872
  -1.90679434315119   -0.00000000000000   -3.66361128820473
  -1.91800191928880   -0.00000000000000   -3.67187426894703
  -1.92189254831596   -0.00000000000000   -3.67542253001260
  -1.93644877314585   -0.00000000000000   -3.68583014592889
  -1.93834082857717   -0.00000000000000   -3.68696902979041
  -1.95157105347201   -0.00000000000000   -3.69678044076041
  -1.95717637765087   -0.00000000000000   -3.70137171903694
  -1.96644641407302   -0.00000000000000   -3.70887252622950
  -1.97665892541778   -0.00000000000000   -3.71623874650209
  -1.98128579412674   -0.00000000000000   -3.72001651078308
  -1.99584752758588   -0.00000000000000   -3.73042438721470
  -1.99692615284714   -0.00000000000000   -3.73138968400522
  -2.01096745802229   -0.00000000000000   -3.74137619598788
  -2.01657349217399   -0.00000000000000   -3.74596783601154
  -2.02558584800185   -0.00000000000000   -3.75280049049434
  -2.03679543858819   -0.00000000000000   -3.76106499187271
  -2.04043195352008   -0.00000000000000   -3.76394369202283
  -2.05525025305819   -0.00000000000000   -3.77502300529105
  -2.05628981071334   -0.00000000000000   -3.77598572993876
  -2.07037914846445   -0.00000000000000   -3.78691300302378
  -2.07583657050631   -0.00000000000000   -3.79077876406370
  -2.08522615501072   -0.00000000000000   -3.79806119849835
  -2.09535364024087   -0.00000000000000   -3.80563557190944
  -2.10008194914390   -0.00000000000000   -3.80921607885757
  -2.11481355619560   -0.00000000000000   -3.81984470924808
  -2.11569237831000   -0.00000000000000   -3.82058960898856
  -2.12978270680804   -0.00000000000000   -3.83151798061655
  -2.13513082578443   -0.00000000000000   -3.83558299757747
  -2.14464692384515   -0.00000000000000   -3.84267968369281
  -2.15475825357622   -0.00000000000000   -3.85024268991287
  -2.15949355183137   -0.00000000000000   -3.85382832118185
  -2.17389382017225   -0.00000000000000   -3.86440781475643
  -2.17495953308494   -0.00000000000000   -3.86545097348269
  -2.18920333415040   -0.00000000000000   -3.87613839520268
  -2.19385534129084   -0.00000000000000   -3.87978435041524
  -2.20402903983920   -0.00000000000000   -3.88819395750417
  -2.21321483412971   -0.00000000000000   -3.89486403330327
  -2.21889622077953   -0.00000000000000   -3.89936242209169
  -2.23198066380772   -0.00000000000000   -3.90949396845663
  -2.23376570453166   -0.00000000000000   -3.91053100659041
  -2.24859302127811   -0.00000000000000   -3.92258702040683
  -2.25044989653011   -0.00000000000000   -3.92440679320363
  -2.26320145504770   -0.00000000000000   -3.93582364488018
  -2.26773102258683   -0.00000000000000   -3.93971899777632
  -2.27829733597537   -0.00000000000000   -3.94952966238487
  -2.28295251738577   -0.00000000000000   -3.95414406232086
  -2.29314687345535   -0.00000000000000   -3.96345883700576
  -2.29945820833275   -0.00000000000000   -3.96924463657740
  -2.30777290560383   -0.00000000000000   -3.97672620833086
  -2.31618335776582   -0.00000000000000   -3.98411309423647
  -2.32286258384118   -0.00000000000000   -3.99041707834419
  -2.33283561924218   -0.00000000000000   -3.99899458065264
  -2.33747882144084   -0.00000000000000   -4.00364143610271
  -2.34885405463298   -0.00000000000000   -4.01363368293387
  -2.35233632768542   -0.00000000000000   -4.01665460442523
  -2.36533726755327   -0.00000000000000   -4.02873783408060
  -2.36719463513980   -0.00000000000000   -4.03059668409067
  -2.38184577000760   -0.00000000000000   -4.04288851676129
  -2.38277431838118   -0.00000000000000   -4.04381812591652
  -2.39737553866791   -0.00000000000000   -4.05708975403584
  -2.39830716602797   -0.00000000000000   -4.05801547218367
  -2.41200555393987   -0.00000000000000   -4.07034852139382
  -2.41480851888710   -0.00000000000000   -4.07312015862512
  -2.42686508599293   -0.00000000000000   -4.08429312340747
  -2.43062029678256   -0.00000000000000   -4.08798574972621
  -2.44172890749071   -0.00000000000000   -4.09732470635475
  -2.44803706468363   -0.00000000000000   -4.10309836401609
  -2.45658496600527   -0.00000000000000   -4.11125685279595
  -2.46401176687602   -0.00000000000000   -4.11774793212098
  -2.47120993698327   -0.00000000000000   -4.12448795411950
  -2.48056120397260   -0.00000000000000   -4.13284434616309
  -2.48630650082162   -0.00000000000000   -4.13822519676526
  -2.49730114005954   -0.00000000000000   -4.14771455913081
  -2.50116854290332   -0.00000000000000   -4.15125079232343
  -2.51310870691117   -0.00000000000000   -4.16258463733073
  -2.51603101350014   -0.00000000000000   -4.16520408971289
  -2.52990102171727   -0.00000000000000   -4.17742920928037
  -2.53090125412244   -0.00000000000000   -4.17825194238391
  -2.54551644532085   -0.00000000000000   -4.19143226317974
  -2.54649599153363   -0.00000000000000   -4.19239438446842
  -2.56084297580419   -0.00000000000000   -4.20491583859459
  -2.56341376440207   -0.00000000000000   -4.20700396769752
  -2.57547307165430   -0.00000000000000   -4.21818020614628
  -2.57920672532599   -0.00000000000000   -4.22188124227973
  -2.59010425308490   -0.00000000000000   -4.23145105855448
  -2.59593036392491   -0.00000000000000   -4.23675937946841
  -2.60519873068250   -0.00000000000000   -4.24515209209696
  -2.61172479078096   -0.00000000000000   -4.25163735454637
  -2.62006226417007   -0.00000000000000   -4.25910300525287
  -2.62824361025591   -0.00000000000000   -4.26674694401565
  -2.63469505900089   -0.00000000000000   -4.27238497536882
  -2.64498026861812   -0.00000000000000   -4.28162386473263
  -2.64978928857224   -0.00000000000000   -4.28608260696063
  -2.66163782905369   -0.00000000000000   -4.29651735217460
  -2.66442519124581   -0.00000000000000   -4.29930723091642
  -2.67836089898115   -0.00000000000000   -4.31139900835922
  -2.67929004402581   -0.00000000000000   -4.31232899710346
  -2.69415879667059   -0.00000000000000   -4.32535471424331
  -2.69511012387058   -0.00000000000000   -4.32630417699151
  -2.70924779947171   -0.00000000000000   -4.33909596680189
  -2.71112386789597   -0.00000000000000   -4.34092732051465
  -2.72388425415643   -0.00000000000000   -4.35235462352144
  -2.72784975657008   -0.00000000000000   -4.35580992167891
  -2.73898176427028   -0.00000000000000   -4.36606131409239
  -2.74364676320818   -0.00000000000000   -4.37069219587723
  -2.75384833397108   -0.00000000000000   -4.38001554593074
  -2.76016292698926   -0.00000000000000   -4.38580683774820
  -2.76848350398410   -0.00000000000000   -4.39329535590078
  -2.77617291699840   -0.00000000000000   -4.40045837105945
  -2.78358077521954   -0.00000000000000   -4.40699958169787
  -2.79288119002414   -0.00000000000000   -4.41534992480147
  -2.79845717376925   -0.00000000000000   -4.42093120010431
  -2.80944305885800   -0.00000000000000   -4.43045361535993
  -2.81331243237942   -0.00000000000000   -4.43399216257181
  -2.82544375064194   -0.00000000000000   -4.44510332817655
  -2.82839877709858   -0.00000000000000   -4.44767159838055
  -2.84213393461238   -0.00000000000000   -4.46000783829805
  -2.84306334150068   -0.00000000000000   -4.46093814204058
  -2.85770990383041   -0.00000000000000   -4.47420957890171
  -2.85863000796784   -0.00000000000000   -4.47512716678214
  -2.87187573920603   -0.00000000000000   -4.48977852738584
  -2.87280519677865   -0.00000000000000   -4.49070889380491
  -2.88359124570524   -0.00000000000000   -4.50488204996263
  -2.88709654661480   -0.00000000000000   -4.50967575326440
  -2.89385175264234   -0.00000000000000   -4.51976997276584
  -2.90238255231314   -0.00000000000000   -4.53174288803390
  -2.90435569208669   -0.00000000000000   -4.53442779185405
  -2.91339052851854   -0.00000000000000   -4.54953267291430
  -2.91725924151615   -0.00000000000000   -4.55500182264850
  -2.92361396672806   -0.00000000000000   -4.56441335144723
  -2.93214540768152   -0.00000000000000   -4.57638729242604
  -2.93413146774037   -0.00000000000000   -4.57907456700643
  -2.94344633558427   -0.00000000000000   -4.59395618419665
  -2.94725475685961   -0.00000000000000   -4.59947447736861
  -2.95367197029996   -0.00000000000000   -4.60883976559299
  -2.96172155634204   -0.00000000000000   -4.62021773597670
  -2.96389899033966   -0.00000000000000   -4.62372359162172
  -2.97387971186338   -0.00000000000000   -4.63883296721512
  -2.97699006637095   -0.00000000000000   -4.64321754670975
  -2.98406681693302   -0.00000000000000   -4.65371127210045
  -2.99190481149055   -0.00000000000000   -4.66552184313030
  -2.99367509363996   -0.00000000000000   -4.66837585229627
  -3.00390621662736   -0.00000000000000   -4.68326159048234
  -3.00658974125875   -0.00000000000000   -4.68705477176178
  -3.01413759478191   -0.00000000000000   -4.69814783593115
  -3.02148698166937   -0.00000000000000   -4.70937261808102
  -3.02406000928678   -0.00000000000000   -4.71325020256036
  -3.03367840486137   -0.00000000000000   -4.72791935701814
  -3.03636213936016   -0.00000000000000   -4.73171287346023
  -3.04391426725249   -0.00000000000000   -4.74280603015297
  -3.05123616796423   -0.00000000000000   -4.75312535889700
  -3.05474013109295   -0.00000000000000   -4.75790518709699
  -3.06410513730710   -0.00000000000000   -4.77280508527815
  -3.06607911394736   -0.00000000000000   -4.77550599890076
  -3.07430458293956   -0.00000000000000   -4.78768749068139
  -3.08101163788417   -0.00000000000000   -4.79778915713525
  -3.08392179881026   -0.00000000000000   -4.80235978406404
  -3.09387955811961   -0.00000000000000   -4.81747024291437
  -3.09585369117957   -0.00000000000000   -4.82017140329963
  -3.10408194213659   -0.00000000000000   -4.83235436692541
  -3.11057142307704   -0.00000000000000   -4.84167763821794
  -3.11431646996762   -0.00000000000000   -4.84724430688648
  -3.12452578662055   -0.00000000000000   -4.86212652673839
  -3.12552523792079   -0.00000000000000   -4.86394642858844
  -3.13324625735684   -0.00000000000000   -4.87680447289028
  -3.14076447949240   -0.00000000000000   -4.88698728822930
  -3.14441245214228   -0.00000000000000   -4.89170243388853
  -3.15371945224911   -0.00000000000000   -4.90658806052083
  -3.15565503045902   -0.00000000000000   -4.90932458212606
  -3.16395695639196   -0.00000000000000   -4.92148145546893
  -3.17055422774436   -0.00000000000000   -4.93072946673444
  -3.17419701759034   -0.00000000000000   -4.93637916361759
  -3.18413449360290   -0.00000000000000   -4.95148966961789
  -3.18521424611985   -0.00000000000000   -4.95323944802582
  -3.19374349331252   -0.00000000000000   -4.96616322891117
  -3.20033889920340   -0.00000000000000   -4.97540918647230
  -3.20398519725163   -0.00000000000000   -4.98106148246831
  -3.21397146014561   -0.00000000000000   -4.99617211755194
  -3.21490164564580   -0.00000000000000   -4.99710350497824
  -3.22353440744720   -0.00000000000000   -5.01084964331098
  -3.22990430444480   -0.00000000000000   -5.01932364762266
  -3.23377536374629   -0.00000000000000   -5.02574666225167
  -3.24375498477657   -0.00000000000000   -5.04085763004582
  -3.24468523818196   -0.00000000000000   -5.04178911258023
  -3.25394276576917   -0.00000000000000   -5.05575273601900
  -3.25969405541026   -0.00000000000000   -5.06401160452043
  -3.26383368654363   -0.00000000000000   -5.07019760822841
  -3.27380702024466   -0.00000000000000   -5.08533195391313
  -3.27470353063425   -0.00000000000000   -5.08624693140716
  -3.28404658904367   -0.00000000000000   -5.10022888454397
  -3.28950144797811   -0.00000000000000   -5.10776219949196
  -3.29428556126331   -0.00000000000000   -5.11512584179234
  -3.30398869943083   -0.00000000000000   -5.12943734276302
  -3.30481418662744   -0.00000000000000   -5.13045516926378
  -3.31383677672844   -0.00000000000000   -5.14492121994618
  -3.31929693739741   -0.00000000000000   -5.15245866960543
  -3.32408216443877   -0.00000000000000   -5.15982320510062
  -3.33340104125995   -0.00000000000000   -5.17472582101407
  -3.33428371298392   -0.00000000000000   -5.17563918163474
  -3.34364164508104   -0.00000000000000   -5.18962535126617
  -3.34909507086141   -0.00000000000000   -5.19715942464712
  -3.35388141613107   -0.00000000000000   -5.20452486138749
  -3.36390378147825   -0.00000000000000   -5.21864388567704
  -3.36470905419178   -0.00000000000000   -5.21963339864681
  -3.37406168090729   -0.00000000000000   -5.23454626686312
  -3.37907200078047   -0.00000000000000   -5.24172190113178
  -3.38460470781583   -0.00000000000000   -5.24922846063438
  -3.39372531087577   -0.00000000000000   -5.26333863238766
  -3.39457059440649   -0.00000000000000   -5.26435181193705
  -3.40386318904863   -0.00000000000000   -5.27925466231052
  -3.40864780146504   -0.00000000000000   -5.28567556519092
  -3.41440840152446   -0.00000000000000   -5.29393857175489
  -3.42332184063093   -0.00000000000000   -5.30725072788996
  -3.42432460763296   -0.00000000000000   -5.30905597893520
  -3.43396920764455   -0.00000000000000   -5.32374720893812
  -3.43852866544964   -0.00000000000000   -5.33034471289280
  -3.44421481969556   -0.00000000000000   -5.33865308750123
  -3.45313092700489   -0.00000000000000   -5.35196714344553
  -3.45417221420223   -0.00000000000000   -5.35377860572942
  -3.46378810848836   -0.00000000000000   -5.36846939460915
  -3.46833828957704   -0.00000000000000   -5.37506311491382
  -3.47402398773416   -0.00000000000000   -5.38337204585497
  -3.48294277090985   -0.00000000000000   -5.39668801872397
  -3.48397714332558   -0.00000000000000   -5.39849864428000
  -3.49421243516363   -0.00000000000000   -5.41340801050827
  -3.49808743134758   -0.00000000000000   -5.41888712916068
  -3.50475672259464   -0.00000000000000   -5.42809399939301
  -3.51327070226173   -0.00000000000000   -5.44107554104250
  -3.51494668869737   -0.00000000000000   -5.44299286355882
  -3.52375972000949   -0.00000000000000   -5.45771504400041
  -3.52820940985923   -0.00000000000000   -5.46436919342358
  -3.53457079952670   -0.00000000000000   -5.47282181876525
  -3.54308728077909   -0.00000000000000   -5.48580512525821
  -3.54475726429937   -0.00000000000000   -5.48772191734990
  -3.55417420474252   -0.00000000000000   -5.50265718611707
  -3.55788723675903   -0.00000000000000   -5.50725913938331
  -3.56443170242945   -0.00000000000000   -5.51757336111917
  -3.57269106021102   -0.00000000000000   -5.52975137210259
  -3.57457067270572   -0.00000000000000   -5.53245552358758
  -3.58399555559416   -0.00000000000000   -5.54739338599646
  -3.58756252529356   -0.00000000000000   -5.55213691378096
  -3.59423333155578   -0.00000000000000   -5.56230081865661
  -3.60247205670624   -0.00000000000000   -5.57357579474535
  -3.60509720762842   -0.00000000000000   -5.57743493381796
  -3.61441586457340   -0.00000000000000   -5.59234484907852
  -3.61752514780980   -0.00000000000000   -5.59673507830905
  -3.62408027907957   -0.00000000000000   -5.60705394264748
  -3.63229617285796   -0.00000000000000   -5.61831875941459
  -3.63492608602446   -0.00000000000000   -5.62218030533953
  -3.64394008909252   -0.00000000000000   -5.63665308573409
  -3.64746627088572   -0.00000000000000   -5.64146389622277
  -3.65418454945514   -0.00000000000000   -5.65156669914538
  -3.66235930958936   -0.00000000000000   -5.66290827442217
  -3.66506777969470   -0.00000000000000   -5.66670872818782
  -3.67440681435527   -0.00000000000000   -5.68163177098930
  -3.67719555801786   -0.00000000000000   -5.68529371101465
  -3.68465645967382   -0.00000000000000   -5.69654809732724
  -3.69218972694061   -0.00000000000000   -5.70766076335002
  -3.69489898418725   -0.00000000000000   -5.71146179657772
  -3.70423984068421   -0.00000000000000   -5.72638673506073
  -3.70702531903311   -0.00000000000000   -5.73004807256766
  -3.71449025138599   -0.00000000000000   -5.74130456292827
  -3.72202310532187   -0.00000000000000   -5.75241801018788
  -3.72473315156577   -0.00000000000000   -5.75621962824479
  -3.73407583727428   -0.00000000000000   -5.77114647842064
  -3.73685805477430   -0.00000000000000   -5.77480720250445
  -3.74432702224762   -0.00000000000000   -5.78606581962643
  -3.75164062637056   -0.00000000000000   -5.79639925612856
  -3.75467439072798   -0.00000000000000   -5.80072474263603
  -3.76484487740814   -0.00000000000000   -5.81591300133608
  -3.76673042024919   -0.00000000000000   -5.81863463295692
  -3.77419046794423   -0.00000000000000   -5.83084398320046
  -3.78164989227014   -0.00000000000000   -5.84101847492233
  -3.78530398190860   -0.00000000000000   -5.84573897208149
  -3.79468694236113   -0.00000000000000   -5.86068244745051
  -3.79657012466698   -0.00000000000000   -5.86340353334693
  -3.80492568780876   -0.00000000000000   -5.87559875567472
  -3.81134612286231   -0.00000000000000   -5.88499875473704
  -3.81514555840699   -0.00000000000000   -5.89051084095648
  -3.82485400162439   -0.00000000000000   -5.90520213938263
  -3.82674085716134   -0.00000000000000   -5.90800406586241
  -3.83479585284805   -0.00000000000000   -5.92038562197393
  -3.84119206111984   -0.00000000000000   -5.92977543560682
  -3.84499020219511   -0.00000000000000   -5.93528761785773
  -3.85497664552492   -0.00000000000000   -5.95044699230337
  -3.85603416129679   -0.00000000000000   -5.95219164172946
  -3.86461933977596   -0.00000000000000   -5.96515498078813
  -3.87097818410487   -0.00000000000000   -5.97364348697263
  -3.87574412754654   -0.00000000000000   -5.98006540661102
  -3.88516177924952   -0.00000000000000   -5.99502238446671
  -3.88596501958107   -0.00000000000000   -5.99601808268630
  -3.89449782587828   -0.00000000000000   -6.00995265464116
  -3.90082906393065   -0.00000000000000   -6.01842961063782
  -3.90559406857212   -0.00000000000000   -6.02485192566302
  -3.91501623913253   -0.00000000000000   -6.03981166479929
  -3.91581869612722   -0.00000000000000   -6.04080712234655
  -3.92435349772260   -0.00000000000000   -6.05474368430158
  -3.93096457480984   -0.00000000000000   -6.06492414194019
  -3.93375029826967   -0.00000000000000   -6.06971272889887
  -3.93762599502625   -0.00000000000000   -6.08477216571704
  -3.93770995351070   -0.00000000000000   -6.09994451505089
  -3.93680266481008   -0.00000000000000   -6.11491148073135
  -3.93497428690295   -0.00000000000000   -6.12982290688989
  -3.93314204350922   -0.00000000000000   -6.14475022071463
  -3.93103933563251   -0.00000000000000   -6.15781043088969
  -3.93039086258720   -0.00000000000000   -6.15964517153326
  -3.92903086912239   -0.00000000000000   -6.17450365529150
  -3.92675630036725   -0.00000000000000   -6.18941392796053
  -3.92562619506165   -0.00000000000000   -6.20457571087705
  -3.92309827975424   -0.00000000000000   -6.21930047399891
  -3.92071888510998   -0.00000000000000   -6.23476866378391
  -3.91627854043307   -0.00000000000000   -6.24379774235186
  -3.91321171200381   -0.00000000000000   -6.24924578021998
  -3.90270064130288   -0.00000000000000   -6.26392396299032
  -3.90094915766690   -0.00000000000000   -6.26587041851013
  -3.89003381632917   -0.00000000000000   -6.27902755988078
  -3.88634724671593   -0.00000000000000   -6.28377223137390
  -3.87725958645057   -0.00000000000000   -6.29416783614164
  -3.87167776750921   -0.00000000000000   -6.30071350341394
  -3.86490481469225   -0.00000000000000   -6.30883688890208
  -3.85661574037264   -0.00000000000000   -6.31820260069013
  -3.85192675887848   -0.00000000000000   -6.32372676222114
  -3.84183649167237   -0.00000000000000   -6.33591826487562
  -3.83984829289259   -0.00000000000000   -6.33862589669386
  -3.82751572511229   -0.00000000000000   -6.35329129608643
  -3.82663999331449   -0.00000000000000   -6.35426467170035
  -3.81491564430878   -0.00000000000000   -6.36835579357742
  -3.81230861847881   -0.00000000000000   -6.37147262454402
  -3.80267456191582   -0.00000000000000   -6.38332072917068
  -3.79702103122859   -0.00000000000000   -6.38971585647532
  -3.78972413210813   -0.00000000000000   -6.39821079210368
  -3.78234461835070   -0.00000000000000   -6.40664298295008
  -3.77674834691260   -0.00000000000000   -6.41310201175968
  -3.76754642535016   -0.00000000000000   -6.42435487527575
  -3.76466596388750   -0.00000000000000   -6.42800483336283
  -3.75254580327444   -0.00000000000000   -6.44197798764380
  -3.75166240745434   -0.00000000000000   -6.44290330234811
  -3.73934136636982   -0.00000000000000   -6.45756755373080
  -3.73763394961196   -0.00000000000000   -6.45954087693330
  -3.72748396050175   -0.00000000000000   -6.47270855901273
  -3.72275039149830   -0.00000000000000   -6.47816490690279
  -3.71389250700485   -0.00000000000000   -6.48782516834230
  -3.70822069795195   -0.00000000000000   -6.49435622246172
  -3.70055976056374   -0.00000000000000   -6.50250340988409
  -3.69299263031590   -0.00000000000000   -6.50985653301484
  -3.68450687154732   -0.00000000000000   -6.51716318074292
  -3.67800749143604   -0.00000000000000   -6.52183175230946
  -3.66333775663531   -0.00000000000000   -6.53143095250476
  -3.66231364870333   -0.00000000000000   -6.53224476098609
  -3.64825486275385   -0.00000000000000   -6.54133749710851
  -3.63990482831160   -0.00000000000000   -6.54691943579117
  -3.63330811122638   -0.00000000000000   -6.55145087973091
  -3.61840346962541   -0.00000000000000   -6.56069743130127
  -3.61742918545283   -0.00000000000000   -6.56157154194571
  -3.60372062542662   -0.00000000000000   -6.57023951282479
  -3.59442289383202   -0.00000000000000   -6.57684819721995
  -3.58875027640037   -0.00000000000000   -6.58034885367583
  -3.57425595244936   -0.00000000000000   -6.58915969460037
  -3.57046170301650   -0.00000000000000   -6.59197021018188
  -3.55924032134151   -0.00000000000000   -6.59929450736484
  -3.54795847235405   -0.00000000000000   -6.60660349458078
  -3.54414639104052   -0.00000000000000   -6.60917617189490
  -3.52935275913689   -0.00000000000000   -6.61856511979039
  -3.52559599518793   -0.00000000000000   -6.62131025565048
  -3.51465997674197   -0.00000000000000   -6.62814101180788
  -3.50265643317782   -0.00000000000000   -6.63642610526825
  -3.49969385801251   -0.00000000000000   -6.63828673501348
  -3.48478201516186   -0.00000000000000   -6.64742727736284
  -3.47925726161767   -0.00000000000000   -6.65127726209964
  -3.46980820054499   -0.00000000000000   -6.65753754490310
  -3.45683405328957   -0.00000000000000   -6.66595264417791
  -3.45504714653435   -0.00000000000000   -6.66698955310759
  -3.44010881894397   -0.00000000000000   -6.67711508692918
  -3.43451285967024   -0.00000000000000   -6.68082883944192
  -3.42525915861291   -0.00000000000000   -6.68643624964816
  -3.41137665763402   -0.00000000000000   -6.69590039110981
  -3.41035736353240   -0.00000000000000   -6.69666194698534
  -3.39533835732115   -0.00000000000000   -6.70570302206075
  -3.38885499383032   -0.00000000000000   -6.71038328818654
  -3.38075230703020   -0.00000000000000   -6.71548607013128
  -3.36563837108157   -0.00000000000000   -6.72434868100310
  -3.36377950049586   -0.00000000000000   -6.72527796887376
  -3.35069667304757   -0.00000000000000   -6.73159009765136
  -3.33586416905402   -0.00000000000000   -6.73728451444106
  -3.32938946148717   -0.00000000000000   -6.74014087443627
  -3.32106080359327   -0.00000000000000   -6.74304326585225
  -3.30607548704154   -0.00000000000000   -6.74829358535713
  -3.29127382975311   -0.00000000000000   -6.75405550568899
  -3.28852997967302   -0.00000000000000   -6.75512994942933
  -3.27632853395423   -0.00000000000000   -6.75943003529382
  -3.26160733328654   -0.00000000000000   -6.76447473969543
  -3.24935004085686   -0.00000000000000   -6.76964716872380
  -3.24661686939923   -0.00000000000000   -6.77065515386723
  -3.23181857124843   -0.00000000000000   -6.77551945573251
  -3.21690775319021   -0.00000000000000   -6.78096624111138
  -3.20863613650836   -0.00000000000000   -6.78486917137619
  -3.20207357270990   -0.00000000000000   -6.78759055973522
  -3.18719939825604   -0.00000000000000   -6.79222634393953
  -3.17208082407697   -0.00000000000000   -6.79813528135150
  -3.16849689586070   -0.00000000000000   -6.79936438670315
  -3.15749680027698   -0.00000000000000   -6.80345841213532
  -3.14262423825879   -0.00000000000000   -6.80902815344848
  -3.13211396977889   -0.00000000000000   -6.81383962275792
  -3.12684815299320   -0.00000000000000   -6.82116922255991
  -3.12123354749680   -0.00000000000000   -6.82858817476938
      
      
