0.000000 0.000000 0.000000
0.530903 3.041938 -6.069280
0.530131 3.037512 -6.063598
0.528833 3.030078 -6.054339
0.527526 3.022587 -6.044132
0.526789 3.018365 -6.039184
0.524963 3.007900 -6.025462
0.524815 3.007056 -6.024473
0.522893 2.996039 -6.009539
0.522439 2.993442 -6.006645
0.520818 2.984151 -5.994602
0.519877 2.978759 -5.987984
0.518738 2.972234 -5.979666
0.517348 2.964270 -5.969119
0.516705 2.960585 -5.964503
0.514789 2.949606 -5.950462
0.514636 2.948734 -5.949540
0.512692 2.937592 -5.934650
0.512221 2.934893 -5.930851
0.510619 2.925715 -5.919705
0.509660 2.920221 -5.912193
0.508690 2.914664 -5.904785
0.507061 2.905331 -5.892787
0.506610 2.902747 -5.889851
0.504649 2.891509 -5.875103
0.504504 2.890680 -5.874187
0.502602 2.879777 -5.859998
0.501974 2.876180 -5.855277
0.500527 2.867892 -5.845059
0.499411 2.861498 -5.836616
0.498449 2.855984 -5.830123
0.496885 2.847021 -5.817800
0.496536 2.845024 -5.815174
0.494486 2.833274 -5.800063
0.494334 2.832408 -5.799081
0.492517 2.821996 -5.785355
0.491726 2.817464 -5.779712
0.490437 2.810078 -5.770426
0.489199 2.802984 -5.760892
0.488404 2.798429 -5.755269
0.486602 2.788102 -5.741465
0.486447 2.787216 -5.740545
0.484464 2.775851 -5.725880
0.484002 2.773206 -5.722079
0.482388 2.763958 -5.710951
0.481401 2.758301 -5.703538
0.480342 2.752235 -5.695814
0.478878 2.743848 -5.684762
0.478270 2.740361 -5.680878
0.476413 2.729724 -5.666159
0.476285 2.728990 -5.665133
0.474420 2.718305 -5.651047
0.473798 2.714739 -5.647277
0.472231 2.705762 -5.635897
0.471193 2.699815 -5.627854
0.470260 2.694471 -5.621201
0.468672 2.685367 -5.609963
0.468181 2.682558 -5.606277
0.466221 2.671327 -5.591539
0.466073 2.670479 -5.590626
0.464284 2.660228 -5.576669
0.463509 2.655789 -5.570962
0.462146 2.647977 -5.561303
0.460989 2.641347 -5.553089
0.460065 2.636055 -5.546384
0.458465 2.626887 -5.534260
0.458109 2.624848 -5.531653
0.456173 2.613751 -5.516774
0.455868 2.612008 -5.514872
0.454096 2.601851 -5.501851
0.453305 2.597323 -5.496213
0.452016 2.589937 -5.486932
0.450745 2.582651 -5.476639
0.450097 2.578938 -5.472015
0.448186 2.567988 -5.458006
0.448026 2.567071 -5.457074
0.446090 2.555982 -5.442197
0.445624 2.553308 -5.438421
0.444016 2.544098 -5.427270
0.443063 2.538637 -5.420706
0.441933 2.532163 -5.412362
0.440541 2.524183 -5.401897
0.439902 2.520523 -5.397223
0.437982 2.509522 -5.383242
0.437824 2.508616 -5.382274
0.435901 2.497598 -5.367408
0.435382 2.494628 -5.363849
0.433821 2.485682 -5.352492
0.432822 2.479960 -5.345210
0.431851 2.474396 -5.337805
0.430262 2.465291 -5.325638
0.429929 2.463384 -5.322899
0.427901 2.451761 -5.307766
0.427742 2.450853 -5.306789
0.425933 2.440483 -5.293074
0.425142 2.435956 -5.287439
0.423742 2.427932 -5.277934
0.422583 2.421289 -5.268806
0.421776 2.416668 -5.263248
0.419985 2.406406 -5.250328
0.419691 2.404720 -5.248353
0.417771 2.393720 -5.233446
0.417426 2.391742 -5.230756
0.415743 2.382098 -5.218319
0.414943 2.377518 -5.212710
0.413664 2.370185 -5.203400
0.412344 2.362627 -5.193336
0.411584 2.358271 -5.188487
0.409784 2.347957 -5.174719
0.409624 2.347041 -5.173787
0.407694 2.335980 -5.158916
0.407226 2.333298 -5.155143
0.405619 2.324093 -5.143999
0.404628 2.318415 -5.136689
0.403538 2.312168 -5.129101
0.402108 2.303975 -5.117878
0.401508 2.300534 -5.113970
0.399660 2.289949 -5.099476
0.399507 2.289070 -5.098568
0.397509 2.277626 -5.084174
0.396991 2.274655 -5.080618
0.395540 2.266341 -5.069493
0.394471 2.260216 -5.061821
0.393465 2.254454 -5.054578
0.391874 2.245335 -5.042431
0.391432 2.242807 -5.039469
0.389513 2.231811 -5.024569
0.389351 2.230880 -5.023596
0.387472 2.220114 -5.009395
0.386792 2.216220 -5.004971
0.385355 2.207987 -4.994755
0.384196 2.201343 -4.985634
0.383390 2.196725 -4.980079
0.381679 2.186920 -4.966840
0.381355 2.185067 -4.964929
0.379440 2.174091 -4.950072
0.379081 2.172034 -4.947450
0.377361 2.162180 -4.935167
0.376561 2.157596 -4.929572
0.375236 2.150008 -4.920481
0.374005 2.142949 -4.910975
0.373203 2.138358 -4.905363
0.371446 2.128289 -4.891417
0.371281 2.127347 -4.890443
0.369318 2.116097 -4.875803
0.368849 2.113408 -4.872032
0.367289 2.104469 -4.860688
0.366328 2.098964 -4.854155
0.365210 2.092561 -4.845790
0.363772 2.084320 -4.834625
0.363128 2.080632 -4.830866
0.361214 2.069660 -4.816928
0.361051 2.068729 -4.815977
0.359136 2.057759 -4.801113
0.358657 2.055011 -4.797390
0.357057 2.045842 -4.786204
0.356099 2.040357 -4.778773
0.355092 2.034585 -4.771535
0.353581 2.025925 -4.760019
0.353109 2.023222 -4.756195
0.351138 2.011927 -4.741504
0.350983 2.011042 -4.740602
0.349176 2.000688 -4.726868
0.348386 1.996161 -4.721240
0.346990 1.988163 -4.711769
0.345909 1.981967 -4.703241
0.344959 1.976528 -4.696636
0.343305 1.967050 -4.683802
0.342993 1.965261 -4.681978
0.341067 1.954228 -4.667051
0.340754 1.952434 -4.665221
0.338995 1.942353 -4.652184
0.338197 1.937781 -4.646606
0.336921 1.930469 -4.637315
0.335680 1.923361 -4.627849
0.334843 1.918564 -4.622425
0.333076 1.908440 -4.608427
0.332923 1.907561 -4.607522
0.330850 1.895686 -4.592664
0.330527 1.893835 -4.589851
0.328926 1.884660 -4.577741
