# shadow point cont 2D ind 208  size 1157
# norm -0.0627905 -0.9980267  0.0000000
# angle  1.6336282
   3.46887362  -6.84174404
   3.47277864  -6.84157799
   3.48760862  -6.83876342
   3.50241455  -6.83501111
   3.51720239  -6.83072902
   3.52188214  -6.82900577
   3.53217971  -6.82575931
   3.54705353  -6.82112759
   3.56176387  -6.81641705
   3.56642540  -6.81447145
   3.57674109  -6.81053241
   3.59167325  -6.80630017
   3.60638531  -6.80159070
   3.61290186  -6.79946793
   3.62141957  -6.79610490
   3.63629428  -6.79147402
   3.65105856  -6.78655119
   3.65752375  -6.78457039
   3.66591271  -6.78179022
   3.68091664  -6.77664915
   3.69577462  -6.77200716
   3.70215565  -6.76991194
   3.71053519  -6.76696356
   3.72554038  -6.76182554
   3.74009703  -6.75772516
   3.74677193  -6.75499565
   3.75515971  -6.75214021
   3.77016550  -6.74700318
   3.78454016  -6.74230994
   3.78836840  -6.74017037
   3.79958501  -6.73360482
   3.81439763  -6.72619237
   3.81538436  -6.72536616
   3.82940283  -6.71719819
   3.84125651  -6.71042908
   3.84412641  -6.70853497
   3.85904767  -6.70015614
   3.86734280  -6.69557192
   3.87403053  -6.69118951
   3.88877972  -6.68343292
   3.89331180  -6.68069901
   3.90364316  -6.67413855
   3.91845734  -6.66672743
   3.91945079  -6.66591325
   3.93342185  -6.65774293
   3.94536821  -6.65089002
   3.94818780  -6.64907271
   3.96302375  -6.64072384
   3.97043633  -6.63610350
   3.97797328  -6.63140169
   3.99251573  -6.62415934
   3.99736738  -6.62115576
   4.00763580  -6.61470490
   4.02222932  -6.60713100
   4.02339937  -6.60611147
   4.03739364  -6.59797692
   4.04840896  -6.59150857
   4.05225262  -6.58868656
   4.06710029  -6.58108916
   4.07354394  -6.57664652
   4.08176817  -6.57115726
   4.09203014  -6.56188032
   4.09657104  -6.55817919
   4.10854482  -6.54692090
   4.11132898  -6.54412917
   4.12348845  -6.53212639
   4.12627275  -6.52933484
   4.13833807  -6.51723830
   4.14112238  -6.51444682
   4.15402272  -6.50225710
   4.15587886  -6.50039609
   4.16896848  -6.48746558
   4.17082472  -6.48560468
   4.18381842  -6.47257864
   4.18567467  -6.47071779
   4.19795387  -6.45790576
   4.20073881  -6.45511512
   4.21435109  -6.44270990
   4.21527918  -6.44177949
   4.22836890  -6.42792009
   4.23022520  -6.42605938
   4.24405047  -6.41293737
   4.24497858  -6.41200701
   4.25890033  -6.39805166
   4.25982845  -6.39712132
   4.27375030  -6.38316631
   4.27467842  -6.38223599
   4.28870212  -6.36838295
   4.28963036  -6.36745277
   4.30355570  -6.35350171
   4.30448405  -6.35257165
   4.31345969  -6.33905438
   4.31797571  -6.32447810
   4.31793343  -6.30955493
   4.31789072  -6.29470432
   4.31691774  -6.27977931
   4.31669301  -6.26478576
   4.31590307  -6.24993278
   4.31493130  -6.23493798
   4.31488981  -6.22001715
   4.31436733  -6.20513585
   4.31461592  -6.19017695
   4.31383418  -6.17532436
   4.31286995  -6.16047702
   4.30914144  -6.14567027
   4.30365851  -6.13466435
   4.30178755  -6.13092916
   4.29101590  -6.11585165
   4.28893654  -6.11321211
   4.27981749  -6.10090789
   4.27445137  -6.09420600
   4.26773186  -6.08598342
   4.25926471  -6.07380715
   4.25725913  -6.07128099
   4.24591065  -6.05629152
   4.24411508  -6.05435817
   4.23406603  -6.04111551
   4.22918972  -6.03476962
   4.22259690  -6.02640659
   4.21443618  -6.01494426
   4.21149780  -6.01148797
   4.20043650  -5.99626661
   4.19959072  -5.99537500
   4.18861718  -5.98111631
   4.18460618  -5.97574124
   4.17712886  -5.96639478
   4.16963883  -5.95610874
   4.16592462  -5.95145043
   4.15562175  -5.93648896
   4.15476813  -5.93559593
   4.14351732  -5.92156341
   4.13978371  -5.91689323
   4.13229620  -5.90660893
   4.12505065  -5.89710848
   4.12046463  -5.89145010
   4.10991164  -5.87766935
   4.10902380  -5.87675601
   4.09776565  -5.86178643
   4.09496533  -5.85805130
   4.08656451  -5.84684612
   4.08003749  -5.83844618
   4.07511858  -5.83215036
   4.06509080  -5.81882762
   4.06398119  -5.81722700
   4.05295089  -5.80201805
   4.04994270  -5.79846939
   4.04083726  -5.78709124
   4.03543255  -5.77946266
   4.02900509  -5.77192362
   4.02051602  -5.75985163
   4.01847966  -5.75724082
   4.00723710  -5.74227747
   4.00541458  -5.74043613
   3.99603312  -5.72733620
   3.99045995  -5.72081935
   3.98391565  -5.71240811
   3.97551321  -5.70120314
   3.97271393  -5.69746951
   3.96214980  -5.68276006
   3.96055146  -5.68062806
   3.95032554  -5.66760633
   3.94542968  -5.66121424
   3.93911785  -5.65266135
   3.93095275  -5.64223374
   3.92729594  -5.63751119
   3.91673327  -5.62280388
   3.91583104  -5.62189526
   3.90461385  -5.60787659
   3.90086636  -5.60226054
   3.89341889  -5.59294556
   3.88595721  -5.58361297
   3.88195340  -5.57824695
   3.87102868  -5.56401235
   3.87011927  -5.56310161
   3.85983626  -5.54815570
   3.85609972  -5.54348124
   3.84801099  -5.53299561
   3.84139768  -5.52372656
   3.83651493  -5.51828888
   3.82627341  -5.50432023
   3.82532372  -5.50336315
   3.81413171  -5.48843595
   3.81133376  -5.48470424
   3.80294148  -5.47351237
   3.79641086  -5.46510867
   3.79110778  -5.45835976
   3.78172091  -5.44628046
   3.77962798  -5.44365568
   3.76906996  -5.42895515
   3.76657228  -5.42593471
   3.75724583  -5.41379672
   3.75186556  -5.40619193
   3.74605777  -5.39888400
   3.73673893  -5.38677846
   3.73464064  -5.38421272
   3.72338157  -5.36925822
   3.72158781  -5.36641859
   3.71156065  -5.35410764
   3.70689769  -5.34758599
   3.70037202  -5.33918930
   3.69198097  -5.32799819
   3.68918400  -5.32426788
   3.67799366  -5.30936843
   3.67706516  -5.30841241
   3.66615133  -5.29420421
   3.66214748  -5.28883523
   3.65469336  -5.27950287
   3.64723200  -5.26925272
   3.64350371  -5.26459002
   3.63277550  -5.25015320
   3.63178918  -5.24909565
   3.62113093  -5.23475268
   3.61740194  -5.23009190
   3.60902217  -5.21982466
   3.60249920  -5.21049945
   3.59811321  -5.20468939
   3.58756500  -5.19094771
   3.58664861  -5.18999473
   3.57546414  -5.17507842
   3.57267619  -5.17134301
   3.56455878  -5.15994027
   3.55797863  -5.15159516
   3.55247046  -5.14502317
   3.54306926  -5.13203254
   3.54128055  -5.13010820
   3.53000968  -5.11520422
   3.52793360  -5.11262203
   3.51861748  -5.10050279
   3.51301215  -5.09305547
   3.50651343  -5.08558404
   3.49812925  -5.07346711
   3.49562084  -5.07045242
   3.48434513  -5.05554989
   3.48320393  -5.05390203
   3.47296602  -5.04084875
   3.46852813  -5.03509946
   3.46111822  -5.02571539
   3.45338795  -5.01569055
   3.44968011  -5.01102374
   3.43946826  -4.99611039
   3.43872297  -4.99508533
   3.42756933  -4.98098443
   3.42357269  -4.97561995
   3.41614562  -4.96629371
   3.40912281  -4.95668946
   3.40524731  -4.95116626
   3.39419604  -4.93696536
   3.39334200  -4.93607470
   3.38200253  -4.92135346
   3.37909925  -4.91676738
   3.37075777  -4.90644029
   3.36394613  -4.89735249
   3.35931048  -4.89175602
   3.34901243  -4.87779991
   3.34814373  -4.87684788
   3.33722373  -4.86172077
   3.33437273  -4.85803959
   3.32516948  -4.84681764
   3.31948615  -4.83850002
   3.31394744  -4.83190885
   3.30442539  -4.81909262
   3.30278972  -4.81700529
   3.29161368  -4.80210124
   3.28966108  -4.79934397
   3.28014079  -4.78742029
   3.27475365  -4.78070482
   3.26805253  -4.77251416
   3.25988879  -4.76118693
   3.25715839  -4.75739050
   3.24603284  -4.74249526
   3.24497315  -4.74067723
   3.23480923  -4.72758664
   3.23030295  -4.72188662
   3.22270607  -4.71268404
   3.21518204  -4.70249571
   3.21153230  -4.69778328
   3.20107839  -4.68311472
   3.20027471  -4.68199959
   3.18913711  -4.66798116
   3.18517978  -4.66261830
   3.17801287  -4.65308377
   3.17071409  -4.64365993
   3.16610809  -4.63795235
   3.15529879  -4.62445478
   3.15446403  -4.62350715
   3.14362173  -4.60839547
   3.14093608  -4.60459972
   3.13236447  -4.59348746
   3.12578232  -4.58514511
   3.12091470  -4.57881603
   3.11084237  -4.56649326
   3.10876652  -4.56392659
   3.09620493  -4.55138609
   3.09329096  -4.54858668
   3.08106878  -4.53762081
   3.07730615  -4.53390474
   3.06618340  -4.52365034
   3.06148647  -4.51900412
   3.05124352  -4.50966019
   3.04473253  -4.50410446
   3.03614297  -4.49595777
   3.02874032  -4.48942307
   3.02153130  -4.48267172
   3.01308777  -4.47430849
   3.00661454  -4.46869037
   2.99641571  -4.45939060
   2.99176424  -4.45473502
   2.98069543  -4.44428966
   2.97685323  -4.44075666
   2.96478954  -4.42959337
   2.96223253  -4.42749822
   2.94804841  -4.41469436
   2.94709529  -4.41375468
   2.93247017  -4.40049506
   2.93146380  -4.39955088
   2.91735665  -4.38676110
   2.91549633  -4.38489918
   2.90270793  -4.37256391
   2.89980364  -4.36979286
   2.88780852  -4.35950841
   2.88311364  -4.35488452
   2.87293374  -4.34554935
   2.86722208  -4.34000981
   2.85783679  -4.33183222
   2.85126470  -4.32532971
   2.84295745  -4.31786870
   2.83544772  -4.31043766
   2.82807850  -4.30390564
   2.81890199  -4.29531590
   2.81319994  -4.28994304
   2.80307626  -4.28042731
   2.79828515  -4.27596974
   2.78716375  -4.26574199
   2.78364291  -4.26268656
   2.77042521  -4.25067815
   2.76853884  -4.24897863
   2.75462084  -4.23595739
   2.75369095  -4.23502675
   2.73939636  -4.22141613
   2.73829981  -4.22043368
   2.72393942  -4.20803602
   2.72207974  -4.20617487
   2.70929570  -4.19384471
   2.70638301  -4.19107576
   2.69418803  -4.18011750
   2.69041745  -4.17640529
   2.67944558  -4.16678636
   2.67295573  -4.16128589
   2.66443947  -4.15313021
   2.65786270  -4.14663091
   2.64956508  -4.13917248
   2.64132677  -4.13151390
   2.63463923  -4.12520249
   2.62539549  -4.11684063
   2.61977057  -4.11124673
   2.60947231  -4.10198245
   2.60494544  -4.09823130
   2.59289571  -4.08687825
   2.59003622  -4.08426608
   2.57705919  -4.07218033
   2.57516601  -4.07031112
   2.56125738  -4.05729488
   2.56029584  -4.05635653
   2.54570976  -4.04308704
   2.54478038  -4.04215664
   2.53120910  -4.02876249
   2.52858727  -4.02653747
   2.51597239  -4.01517371
   2.51302578  -4.01243231
   2.50110536  -4.00214704
   2.49576815  -3.99716473
   2.48611033  -3.98813068
   2.47951571  -3.98267882
   2.47110593  -3.97543045
   2.46274218  -3.96781077
   2.45638965  -3.96301346
   2.44418228  -3.95291749
   2.44150984  -3.95091336
   2.42660353  -3.93880762
   2.42492047  -3.93764434
   2.41173883  -3.92764198
   2.40602888  -3.92317026
   2.39670491  -3.91588080
   2.38744533  -3.90828740
   2.38177160  -3.90378495
   2.36862012  -3.89366567
   2.36670635  -3.89197310
   2.35246432  -3.88119285
   2.34940978  -3.87850103
   2.33745954  -3.86904062
   2.33074238  -3.86365250
   2.32238746  -3.85728297
   2.31214495  -3.84877878
   2.30749597  -3.84518984
   2.29394599  -3.83375054
   2.29282559  -3.83275317
   2.27799425  -3.82194113
   2.27414071  -3.81898364
   2.26306797  -3.81042311
   2.25478105  -3.80403721
   2.24821793  -3.79833339
   2.23681716  -3.78944603
   2.23314688  -3.78659959
   2.21851681  -3.77508388
   2.21750192  -3.77426829
   2.20365638  -3.76392255
   2.19804199  -3.75942954
   2.18879518  -3.75183251
   2.17934592  -3.74460722
   2.17372127  -3.74010657
   2.16076812  -3.72973059
   2.15879845  -3.72801977
   2.14405248  -3.71682775
   2.14144110  -3.71476666
   2.12971810  -3.70485069
   2.12294239  -3.69963671
   2.11452355  -3.69324897
   2.10427950  -3.68501615
   2.09965587  -3.68115940
   2.08551237  -3.67032317
   2.08454078  -3.66944605
   2.07013976  -3.65797313
   2.06625775  -3.65502308
   2.05514498  -3.64676609
   2.04754219  -3.64042765
   2.04025504  -3.63467231
   2.02902478  -3.62552477
   2.02538305  -3.62258314
   2.01085423  -3.61093455
   2.00983212  -3.61012927
   1.99586168  -3.59939617
   1.99115662  -3.59545571
   1.98109546  -3.58767198
   1.97229157  -3.58094520
   1.96599077  -3.57610248
   1.95312003  -3.56568983
   1.95111606  -3.56401392
   1.93629782  -3.55229271
   1.93340920  -3.55061644
   1.92135361  -3.54355273
   1.91094857  -3.53618279
   1.90634779  -3.53332798
   1.89188974  -3.52408785
   1.88768352  -3.52135238
   1.87673538  -3.51472789
   1.86462536  -3.50636214
   1.86178660  -3.50450723
   1.84698773  -3.49520579
   1.84130074  -3.49157474
   1.83213534  -3.48590896
   1.81820979  -3.47638550
   1.81714197  -3.47570320
   1.80259224  -3.46732250
   1.79493424  -3.46178997
   1.78761165  -3.45708989
   1.77301512  -3.44725149
   1.77195520  -3.44653210
   1.75807337  -3.43794423
   1.74859335  -3.43199330
   1.74302402  -3.42827537
   1.72846091  -3.41843560
   1.72563213  -3.41664718
   1.71374971  -3.40917333
   1.70227780  -3.40182500
   1.69841418  -3.39946733
   1.68338061  -3.39021707
   1.67892403  -3.38741874
   1.66881621  -3.38087035
   1.65670532  -3.37250839
   1.65386267  -3.37065583
   1.63942828  -3.36175098
   1.63265844  -3.35739343
   1.62422222  -3.35206182
   1.61036886  -3.34257189
   1.60931314  -3.34184626
   1.59500928  -3.33297661
   1.58708697  -3.32773074
   1.57971070  -3.32325097
   1.56511316  -3.31341307
   1.56405245  -3.31269558
   1.55035419  -3.30439919
   1.53743375  -3.29839453
   1.53441752  -3.29758661
   1.51938470  -3.29457049
   1.50453734  -3.29400676
   1.48970110  -3.29362749
   1.47485996  -3.29362009
   1.46001891  -3.29361277
   1.44517795  -3.29360552
   1.43033709  -3.29359835
   1.41549632  -3.29359125
   1.40065564  -3.29358422
   1.38581506  -3.29357727
   1.37096959  -3.29301388
   1.35613318  -3.29263563
   1.34125131  -3.29318784
   1.32644898  -3.29299360
   1.31161372  -3.29307968
   1.29677245  -3.29260916
   1.28191818  -3.29269608
   1.26708938  -3.29296761
   1.25225279  -3.29259009
   1.23741307  -3.29258388
   1.22257343  -3.29257774
   1.20773388  -3.29257168
   1.19289440  -3.29256569
   1.17805500  -3.29255978
   1.16321567  -3.29255394
   1.14837643  -3.29254817
   1.13353726  -3.29254248
   1.11869816  -3.29253686
   1.10385914  -3.29253132
   1.08902019  -3.29252585
   1.07418132  -3.29252045
   1.05936994  -3.29242389
   1.04450399  -3.29204595
   1.02966533  -3.29204077
   1.01480950  -3.29166578
   1.00001584  -3.29240325
   0.98514974  -3.29202570
   0.97031028  -3.29155683
   0.95547195  -3.29155203
   0.94063369  -3.29154730
   0.92579549  -3.29154265
   0.91095736  -3.29153807
   0.89611928  -3.29153356
   0.88128127  -3.29152913
   0.86644332  -3.29152477
   0.85160542  -3.29152048
   0.83676759  -3.29151627
   0.82192981  -3.29151214
   0.80709209  -3.29150807
   0.79225442  -3.29150409
   0.77741681  -3.29150017
   0.76257925  -3.29149633
   0.74774174  -3.29149256
   0.73293402  -3.29139717
   0.71801997  -3.29111784
   0.70322953  -3.29148171
   0.68839128  -3.29101427
   0.67358511  -3.29138308
   0.65874723  -3.29045181
   0.64383240  -3.29017312
   0.62904271  -3.29053720
   0.61420564  -3.29053410
   0.59936861  -3.29053107
   0.58453163  -3.29052812
   0.56969469  -3.29052524
   0.55485779  -3.29052244
   0.54002093  -3.29051971
   0.52518411  -3.29051705
   0.51034733  -3.29051447
   0.49551059  -3.29051196
   0.48067388  -3.29050953
   0.46583721  -3.29050717
   0.45100057  -3.29050488
   0.43616397  -3.29050267
   0.42135929  -3.29040858
   0.40644178  -3.29013157
   0.39168645  -3.29040451
   0.37676859  -3.29012770
   0.36201373  -3.29040074
   0.34714511  -3.29002702
   0.33230872  -3.29002532
   0.31747235  -3.29002370
   0.30263524  -3.28955820
   0.28779893  -3.28955673
   0.27296265  -3.28955533
   0.25812639  -3.28955401
   0.24329015  -3.28955276
   0.22845393  -3.28955158
   0.21361773  -3.28955048
   0.19878155  -3.28954945
   0.18394539  -3.28954850
   0.16910925  -3.28954762
   0.15430685  -3.28945478
   0.13938609  -3.28917948
   0.12463485  -3.28945339
   0.10971371  -3.28917826
   0.09492877  -3.28954433
   0.08012695  -3.28945187
   0.06525608  -3.28861564
   0.05042070  -3.28907930
   0.03558403  -3.28861514
   0.02074866  -3.28907894
   0.00591202  -3.28861493
  -0.00892397  -3.28861494
  -0.02375934  -3.28907896
  -0.03859533  -3.28907912
  -0.05343131  -3.28907934
  -0.06826790  -3.28861571
  -0.08310387  -3.28861608
  -0.09793925  -3.28908047
  -0.11277581  -3.28861706
  -0.12757612  -3.28852569
  -0.14244772  -3.28815439
  -0.15728369  -3.28815513
  -0.17211967  -3.28815595
  -0.18695565  -3.28815685
  -0.20179164  -3.28815781
  -0.21662816  -3.28769492
  -0.23146415  -3.28769604
  -0.24629963  -3.28816116
  -0.26113616  -3.28769849
  -0.27590610  -3.28807370
  -0.29086212  -3.28733485
  -0.30564423  -3.28770272
  -0.32047979  -3.28816822
  -0.33531586  -3.28816985
  -0.35011525  -3.28761581
  -0.36498851  -3.28724545
  -0.37982461  -3.28724731
  -0.39466073  -3.28724923
  -0.40949687  -3.28725124
  -0.42433303  -3.28725331
  -0.43916921  -3.28725546
  -0.45400540  -3.28725769
  -0.46884204  -3.28679605
  -0.48367827  -3.28679842
  -0.49847634  -3.28670920
  -0.51340629  -3.28643696
  -0.52818710  -3.28680598
  -0.54298494  -3.28671704
  -0.55785981  -3.28634743
  -0.57269619  -3.28635024
  -0.58758858  -3.28645062
  -0.60236899  -3.28682006
  -0.61716647  -3.28673159
  -0.63204200  -3.28636224
  -0.64687853  -3.28636542
  -0.66171509  -3.28636868
  -0.67655201  -3.28590808
  -0.69138831  -3.28637542
  -0.70622498  -3.28637890
  -0.72106167  -3.28638245
  -0.73589841  -3.28638608
  -0.75073548  -3.28592585
  -0.76557228  -3.28592962
  -0.78040884  -3.28639740
  -0.79524601  -3.28593739
  -0.81008294  -3.28594139
  -0.82491964  -3.28640939
  -0.83975692  -3.28594960
  -0.85453739  -3.28583367
  -0.86943127  -3.28481837
  -0.88450229  -3.28535510
  -0.89910541  -3.28596692
  -0.91377628  -3.28570531
  -0.92878016  -3.28483203
  -0.94361750  -3.28483563
  -0.95845489  -3.28483930
  -0.97329234  -3.28484304
  -0.98812997  -3.28460320
  -1.00296738  -3.28485074
  -1.01780511  -3.28461319
  -1.03264276  -3.28461829
  -1.04748046  -3.28462346
  -1.06231822  -3.28462871
  -1.07715604  -3.28463404
  -1.09199391  -3.28463943
  -1.10683185  -3.28464491
  -1.12166984  -3.28465045
  -1.13650790  -3.28465607
  -1.15134601  -3.28466176
  -1.16618419  -3.28466753
  -1.18102244  -3.28467337
  -1.19578776  -3.28457309
  -1.21069932  -3.28398472
  -1.22563821  -3.28414903
  -1.24030260  -3.28458881
  -1.24496086  -3.28400076
  -1.25521492  -3.28331180
  -1.27005355  -3.28331808
  -1.28489225  -3.28332444
  -1.29231157  -3.28379158
  -1.29983232  -3.28417494
  -1.31465073  -3.28556021
  -1.32927370  -3.28988035
  -1.34403706  -3.29631893
  -1.35113762  -3.30053270
  -1.35859564  -3.30525246
  -1.37341072  -3.31353918
  -1.37541636  -3.31516116
  -1.38845438  -3.32348232
  -1.39943726  -3.33006296
  -1.40311443  -3.33217767
  -1.41806073  -3.34116995
  -1.42359672  -3.34489880
  -1.43304631  -3.35127736
  -1.44767066  -3.35891882
  -1.44866956  -3.35974006
  -1.46268800  -3.36895381
  -1.47192651  -3.37442020
  -1.47751395  -3.37825085
  -1.49232262  -3.38663215
  -1.49613530  -3.38922780
  -1.50736839  -3.39650483
  -1.52020648  -3.40420775
  -1.52203685  -3.40518059
  -1.53700410  -3.41420436
  -1.54521901  -3.41911627
  -1.55191792  -3.42340106
  -1.56662761  -3.43190752
  -1.56939974  -3.43381346
  -1.58135923  -3.44143063
  -1.59337595  -3.44888645
  -1.59624524  -3.45068588
  -1.61124454  -3.45967651
  -1.61759444  -3.46355718
  -1.62597994  -3.46921690
  -1.64076727  -3.47757236
  -1.64256235  -3.47859507
  -1.65580044  -3.48750297
  -1.66583590  -3.49327756
  -1.67045825  -3.49619611
  -1.68521782  -3.50461326
  -1.69075762  -3.50834285
  -1.70019343  -3.51472988
  -1.71347174  -3.52254108
  -1.71528627  -3.52353836
  -1.72998401  -3.53213406
  -1.73920297  -3.53781368
  -1.74483562  -3.54141375
  -1.75959712  -3.55079282
  -1.76236511  -3.55270033
  -1.77445778  -3.56099547
  -1.78438862  -3.56782444
  -1.78911300  -3.57150046
  -1.80386465  -3.58181636
  -1.80485155  -3.58266458
  -1.81878400  -3.59287484
  -1.82523191  -3.59754080
  -1.83364668  -3.60401233
  -1.84549481  -3.61244388
  -1.84854351  -3.61512804
  -1.86351944  -3.62510203
  -1.86547319  -3.62682355
  -1.87820506  -3.63651363
  -1.88575015  -3.64188736
  -1.89322437  -3.64738569
  -1.90688795  -3.65705886
  -1.90788364  -3.65788922
  -1.92287723  -3.66879205
  -1.92734220  -3.67183980
  -1.93755008  -3.67927204
  -1.94770723  -3.68672687
  -1.95242646  -3.69040526
  -1.96733447  -3.70049533
  -1.96831086  -3.70136272
  -1.98216690  -3.71174681
  -1.98796600  -3.71601409
  -1.99696806  -3.72292557
  -2.00826533  -3.73106311
  -2.01203690  -3.73375822
  -2.02684914  -3.74402009
  -2.02957770  -3.74595280
  -2.04172801  -3.75513812
  -2.04996426  -3.76083695
  -2.05655848  -3.76630984
  -2.07022195  -3.77598635
  -2.07121782  -3.77681693
  -2.08629606  -3.78763831
  -2.09006862  -3.79033926
  -2.10111272  -3.79882990
  -2.11105461  -3.80566088
  -2.11580992  -3.80931514
  -2.13066012  -3.81940264
  -2.13168686  -3.82028467
  -2.14587585  -3.83107330
  -2.15133373  -3.83493951
  -2.16052411  -3.84157182
  -2.17243342  -3.85007112
  -2.17517322  -3.85209318
  -2.19020851  -3.86297042
  -2.19293758  -3.86490367
  -2.20508748  -3.87409230
  -2.21333233  -3.87979110
  -2.21976846  -3.88459805
  -2.23324015  -3.89421969
  -2.23492095  -3.89530322
  -2.24944763  -3.90599485
  -2.25415872  -3.90954497
  -2.26417777  -3.91813588
  -2.27160535  -3.92464137
  -2.27910519  -3.93111738
  -2.28871506  -3.93906425
  -2.29435726  -3.94454884
  -2.30612485  -3.95416715
  -2.30900627  -3.95687798
  -2.32307440  -3.96879244
  -2.32403358  -3.96968646
  -2.33885634  -3.98274772
  -2.34050167  -3.98390157
  -2.35335405  -3.99526352
  -2.35721969  -3.99877145
  -2.36817979  -4.00828907
  -2.37466307  -4.01387205
  -2.38325126  -4.02197779
  -2.39139447  -4.02873904
  -2.39813576  -4.03496679
  -2.40827084  -4.04339998
  -2.41300929  -4.04796472
  -2.42521909  -4.05804162
  -2.42783160  -4.06008625
  -2.44200747  -4.07267564
  -2.44309200  -4.07356378
  -2.45772372  -4.08593193
  -2.46029656  -4.08801499
  -2.47242742  -4.09911375
  -2.47629678  -4.10265642
  -2.48708607  -4.11146252
  -2.49394528  -4.11754243
  -2.50215320  -4.12513935
  -2.51066374  -4.13241839
  -2.51702715  -4.13814013
  -2.52831097  -4.14729582
  -2.53210297  -4.15089167
  -2.54595586  -4.16216752
  -2.54690019  -4.16308070
  -2.56151756  -4.17635337
  -2.56247426  -4.17726683
  -2.57661227  -4.19006865
  -2.57919821  -4.19214151
  -2.59130143  -4.20233626
  -2.59611229  -4.20679728
  -2.60638159  -4.21603878
  -2.61283015  -4.22167332
  -2.62103561  -4.22836445
  -2.63049024  -4.23656711
  -2.63588895  -4.24139521
  -2.64721219  -4.25144709
  -2.65076940  -4.25439523
  -2.66416651  -4.26609569
  -2.66580213  -4.26723594
  -2.68054719  -4.28035797
  -2.68230607  -4.28142546
  -2.69552175  -4.29330127
  -2.69901912  -4.29631486
  -2.71020836  -4.30650137
  -2.71574523  -4.31119461
  -2.72486673  -4.31885149
  -2.73340491  -4.32607134
  -2.74014823  -4.33231885
  -2.75013923  -4.34094251
  -2.75503052  -4.34530908
  -2.76704767  -4.35561300
  -2.76991263  -4.35829414
  -2.78448564  -4.36981291
  -2.78543175  -4.37072784
  -2.79958573  -4.38353437
  -2.80144436  -4.38539470
  -2.81404858  -4.39607206
  -2.81887819  -4.40050294
  -2.82913129  -4.40977054
  -2.83560712  -4.41538592
  -2.84401719  -4.42277159
  -2.85326937  -4.43026418
  -2.85908336  -4.43559069
  -2.86997874  -4.44517306
  -2.87373866  -4.44884532
  -2.88598854  -4.45981614
  -2.88862379  -4.46184865
  -2.90297134  -4.47448333
  -2.90390083  -4.47541370
  -2.91830727  -4.48890524
  -2.91921291  -4.48985772
  -2.92973978  -4.50451555
  -2.93322284  -4.50935218
  -2.93967841  -4.51961494
  -2.94792558  -4.52993054
  -2.95143985  -4.53472533
  -2.96108136  -4.54936140
  -2.96280740  -4.55132362
  -2.97192668  -4.56449017
  -2.97773027  -4.57269434
  -2.98245190  -4.57915341
  -2.99247508  -4.59321889
  -2.99329553  -4.59425709
  -3.00292169  -4.60891214
  -3.00765074  -4.61538226
  -3.01315077  -4.62380088
  -3.02260094  -4.63671385
  -3.02430844  -4.63869276
  -3.03454040  -4.65357986
  -3.03745404  -4.65814479
  -3.04477577  -4.66846191
  -3.05210920  -4.67877136
  -3.05500891  -4.68334905
  -3.06524758  -4.69820537
  -3.06721003  -4.70095733
  -3.07548017  -4.71310468
  -3.08209541  -4.72142807
  -3.08664139  -4.72800770
  -3.09687359  -4.74193811
  -3.09780335  -4.74290687
  -3.10711097  -4.75777405
  -3.11190106  -4.76419540
  -3.11827527  -4.77267874
  -3.12679885  -4.78558463
  -3.12851109  -4.78756525
  -3.13873805  -4.80242321
  -3.14163265  -4.80612269
  -3.14898318  -4.81734303
  -3.15660626  -4.82834313
  -3.15948872  -4.83198999
  -3.16944195  -4.84709358
  -3.17142600  -4.84984894
  -3.17968568  -4.86199739
  -3.18631543  -4.87032595
  -3.19085933  -4.87690658
  -3.20107658  -4.89083967
  -3.20203065  -4.89181244
  -3.21132888  -4.90668081
  -3.21612516  -4.91310512
  -3.22187539  -4.92136177
  -3.23080184  -4.93373783
  -3.23274260  -4.93648293
  -3.24236734  -4.95115871
  -3.24589494  -4.95594651
  -3.25321377  -4.96626124
  -3.26079603  -4.97641436
  -3.26376485  -4.98094294
  -3.27370084  -4.99606281
  -3.27545601  -4.99799930
  -3.28394253  -5.01096088
  -3.29056489  -5.01926984
  -3.29511237  -5.02585880
  -3.30530906  -5.03978733
  -3.30623939  -5.04071885
  -3.31590671  -5.05543289
  -3.32034331  -5.06211887
  -3.32584001  -5.07055609
  -3.33505832  -5.08270013
  -3.33699472  -5.08543777
  -3.34663162  -5.10012766
  -3.35015990  -5.10491690
  -3.35748743  -5.11524442
  -3.36506374  -5.12539091
  -3.36865562  -5.13014211
  -3.37798437  -5.14505659
  -3.37974632  -5.14696024
  -3.38851013  -5.15971684
  -3.39506016  -5.16904851
  -3.39939362  -5.17485228
  -3.40910803  -5.18924717
  -3.41003860  -5.19017902
  -3.41989016  -5.20466445
  -3.42466350  -5.21106520
  -3.43041713  -5.21932717
  -3.43972625  -5.23244972
  -3.44131498  -5.23447769
  -3.45154133  -5.24936329
  -3.45423743  -5.25315566
  -3.46178560  -5.26426650
  -3.46915723  -5.27453015
  -3.47227162  -5.27892078
  -3.48336591  -5.29380758
  -3.48457249  -5.29569349
  -3.49287406  -5.30878720
  -3.49937162  -5.31808902
  -3.50370637  -5.32389474
  -3.51372133  -5.33833425
  -3.51449023  -5.33937461
  -3.52421228  -5.35371802
  -3.52897977  -5.36011847
  -3.53473519  -5.36838321
  -3.54388897  -5.38153374
  -3.54560245  -5.38350978
  -3.55586873  -5.39843029
  -3.55856532  -5.40222384
  -3.56611587  -5.41333842
  -3.57348023  -5.42360344
  -3.57659560  -5.42799558
  -3.58663525  -5.44317408
  -3.58859288  -5.44588805
  -3.59687183  -5.45807462
  -3.60349994  -5.46639212
  -3.60805163  -5.47298765
  -3.61819363  -5.48692112
  -3.61912470  -5.48785366
  -3.62856711  -5.50282235
  -3.63332880  -5.50922249
  -3.63908605  -5.51749009
  -3.64841921  -5.53062831
  -3.64942028  -5.53245083
  -3.65961444  -5.54732976
  -3.66314491  -5.55212358
  -3.67047927  -5.56246163
  -3.67783641  -5.57272802
  -3.68095280  -5.57712173
  -3.69155209  -5.59185426
  -3.69329357  -5.59397149
  -3.70128796  -5.60724560
  -3.70809296  -5.61632265
  -3.71243042  -5.62213246
  -3.72253902  -5.63652385
  -3.72330025  -5.63757039
  -3.73235943  -5.65176813
  -3.73793392  -5.65914910
  -3.74347076  -5.66664925
  -3.75281605  -5.67979565
  -3.75381749  -5.68161879
  -3.76400875  -5.69650040
  -3.76754003  -5.70129584
  -3.77426055  -5.71141825
  -3.78267995  -5.72256882
  -3.78542993  -5.72633258
  -3.79482309  -5.74128726
  -3.79737549  -5.74416262
  -3.80592770  -5.75616809
  -3.81228904  -5.76473039
  -3.81684376  -5.77133062
  -3.82665633  -5.78610999
  -3.82729300  -5.78700557
  -3.83761536  -5.80093155
  -3.84235201  -5.80748430
  -3.84794994  -5.81587700
  -3.85724782  -5.82901697
  -3.85827870  -5.83082328
  -3.86845399  -5.84571419
  -3.87197025  -5.85052219
  -3.87871192  -5.86063526
  -3.88688247  -5.87187799
  -3.88977097  -5.87553379
  -3.89986400  -5.89074124
  -3.90181309  -5.89340383
  -3.91039033  -5.90539755
  -3.91699108  -5.91474360
  -3.92072406  -5.92034014
  -3.93150571  -5.93492048
  -3.93226167  -5.93597166
  -3.94130003  -5.95020685
  -3.94687250  -5.95757551
  -3.95238466  -5.96510193
  -3.96175127  -5.97827225
  -3.96279156  -5.98007379
  -3.97336802  -5.99459296
  -3.97670550  -5.99967198
  -3.98380746  -6.01017018
  -3.99166317  -6.02103526
  -3.99439381  -6.02481702
  -4.00499400  -6.03948088
  -4.00677369  -6.04163839
  -4.01464703  -6.05500014
  -4.02121946  -6.06511331
  -4.02426609  -6.06960295
  -4.02792951  -6.08531749
  -4.02793223  -6.10035803
  -4.02659024  -6.11518149
  -4.02520703  -6.13018346
  -4.02337927  -6.14509563
  -4.02202344  -6.15995460
  -4.02149632  -6.16093354
  -4.01972390  -6.17492115
  -4.01786935  -6.18989652
  -4.01561009  -6.20469239
  -4.01376376  -6.21964271
  -4.01086971  -6.23468363
  -4.00615733  -6.24402824
  -4.00238777  -6.24962390
  -3.99117315  -6.26358364
  -3.99029094  -6.26451847
  -3.97802515  -6.27918595
  -3.97614544  -6.28200956
  -3.96518014  -6.29430163
  -3.96149677  -6.29802709
  -3.95197268  -6.30896944
  -3.94641855  -6.31550602
  -3.93896950  -6.32386125
  -3.93157565  -6.33226757
  -3.92533196  -6.33898304
  -3.91698670  -6.34922353
  -3.91322082  -6.35387969
  -3.90181677  -6.36667713
  -3.89998080  -6.36854427
  -3.88719425  -6.38273383
  -3.88634543  -6.38366647
  -3.87489523  -6.39833148
  -3.87217242  -6.40116228
  -3.86189790  -6.41322748
  -3.85733082  -6.41792552
  -3.84826571  -6.42835730
  -3.84268144  -6.43487510
  -3.83525447  -6.44325426
  -3.82784226  -6.45163321
  -3.82224853  -6.45815131
  -3.81269274  -6.46908996
  -3.80900874  -6.47281849
  -3.79783816  -6.48584960
  -3.79600772  -6.48771596
  -3.78318681  -6.50193472
  -3.78222727  -6.50283008
  -3.76823612  -6.51490848
  -3.76524423  -6.51745010
  -3.75311971  -6.52480829
  -3.74202988  -6.53233997
  -3.73822485  -6.53499741
  -3.72337202  -6.54431904
  -3.71878126  -6.54720325
  -3.70850272  -6.55361550
  -3.69564170  -6.56212332
  -3.69359426  -6.56377786
  -3.67876433  -6.57220909
  -3.67137793  -6.57694716
  -3.66387784  -6.58148064
  -3.64902623  -6.59080357
  -3.64802782  -6.59162462
  -3.63415728  -6.60010115
  -3.62402897  -6.60673013
  -3.61944517  -6.60968570
  -3.60441959  -6.61869699
  -3.60063032  -6.62138197
  -3.58952355  -6.62888627
  -3.57739605  -6.63627380
  -3.57463939  -6.63815852
  -3.55981354  -6.64659247
  -3.55323939  -6.65113145
  -3.54473783  -6.65651987
  -3.53019418  -6.66544768
  -3.52919210  -6.66621023
  -3.51520805  -6.67449001
  -3.50584452  -6.68089876
  -3.50032183  -6.68469696
  -3.48564688  -6.69339017
  -3.48181775  -6.69598332
  -3.47059322  -6.70330836
  -3.45854473  -6.71083179
  -3.45568853  -6.71255378
  -3.44081130  -6.72090811
  -3.43242899  -6.72551330
  -3.42588377  -6.72819456
  -3.41099866  -6.73369948
  -3.39598645  -6.73906697
  -3.39329085  -6.74018106
  -3.38110705  -6.74448654
  -3.36638490  -6.74953031
  -3.35238610  -6.75491852
  -3.35136402  -6.75556952
  -3.33662122  -6.76053728
  -3.32161004  -6.76500127
  -3.30903956  -6.77031108
  -3.30700883  -6.77123126
  -3.29199767  -6.77630758
  -3.27698774  -6.78076715
  -3.26780163  -6.78471795
  -3.26225366  -6.78657726
  -3.24723886  -6.79179966
  -3.23252444  -6.79686901
  -3.22598569  -6.79957496
  -3.21763207  -6.80235028
  -3.20261799  -6.80757350
  -3.18774517  -6.81320914
  -3.18500468  -6.81424952
  -3.17287302  -6.81878960
  -3.15809955  -6.82560809
  -3.15339881  -6.82925790
  -3.14718553  -6.84432505
         
