# shadow point cont 3D ind 249  size 1205
# norm -0.3754156 -0.9268566  0.0000000
# angle  1.9556414
   3.36965232123357   -1.36484970485950   -6.84446970164245
   3.37599273114739   -1.36741783527018   -6.84362777808129
   3.38289001735795   -1.37021152380282   -6.84271206419500
   3.39661985436686   -1.37577268032668   -6.83999770958567
   3.41035491675934   -1.38133595334879   -6.83635681435549
   3.42410326096115   -1.38690460605753   -6.83255903157601
   3.43517090924267   -1.39138746513333   -6.82856462548239
   3.43776364409264   -1.39243763086481   -6.82766470711064
   3.45162190950637   -1.39805080624809   -6.82389186650554
   3.46534243883610   -1.40360819277376   -6.81933733929560
   3.47904048238320   -1.40915647161980   -6.81543007628997
   3.48434467412093   -1.41130489045878   -6.81359808176965
   3.49308730052419   -1.41484601872029   -6.81044128492291
   3.50687835399329   -1.42043197046327   -6.80674461591069
   3.52060872892172   -1.42599334486697   -6.80219815636797
   3.53004926093954   -1.42981715400509   -6.79921601269584
   3.53441080826703   -1.43158376254958   -6.79754732068992
   3.54834552966489   -1.43722790579466   -6.79329568765780
   3.56199176590495   -1.44275520052099   -6.78922183961774
   3.57556413358950   -1.44825257540200   -6.78487470200469
   3.57730525353512   -1.44895780158481   -6.78400611810556
   3.58951610097475   -1.45390370399114   -6.78039499584241
   3.60340669291310   -1.45952997296492   -6.77620587259956
   3.61695956563904   -1.46501945157475   -6.77226067441143
   3.62481232008342   -1.46820014458519   -6.76944800885936
   3.63094290571028   -1.47068328740996   -6.76701080486264
   3.64477876029493   -1.47628738547294   -6.76325315377440
   3.65866996786430   -1.48191390380295   -6.75906457640149
   3.67135801034458   -1.48705309009981   -6.75473079417151
   3.67230425374570   -1.48743635813568   -6.75408045949622
   3.68610726578677   -1.49302715359898   -6.74943098722900
   3.69977820242450   -1.49856445301636   -6.74531041024078
   3.71158650012732   -1.50334730599292   -6.73961840677663
   3.71331432761787   -1.50404714817713   -6.73870140114209
   3.72725169059840   -1.50969236137335   -6.73155423518527
   3.73833278821813   -1.51418066799196   -6.72504939073597
   3.74098540922721   -1.51525509011514   -6.72332983204920
   3.75478454788313   -1.52084431669592   -6.71585246234706
   3.76495400604886   -1.52496337132023   -6.71001190705673
   3.76855303049234   -1.52642112629944   -6.70753783111758
   3.78254000312460   -1.53208643347333   -6.70037578260910
   3.79085821625703   -1.53545565666209   -6.69542031206987
   3.79591301736552   -1.53750306189662   -6.69242949928298
   3.80985709037475   -1.54315099293427   -6.68499229276807
   3.81758533640134   -1.54628125484349   -6.68038598633425
   3.82370123715801   -1.54875844968347   -6.67685789403319
   3.83724820616567   -1.55424553704122   -6.66932379033164
   3.84342917511755   -1.55674908721361   -6.66553073275847
   3.85126830639292   -1.55992426227251   -6.66107466262877
   3.86505341212316   -1.56550780493322   -6.65364973397236
   3.87013342201247   -1.56756542077519   -6.65081518414263
   3.87881598221508   -1.57108221972068   -6.64537502207150
   3.89240562041176   -1.57658658987929   -6.63858810484922
   3.89676092114973   -1.57835066829454   -6.63580821056577
   3.90638474933838   -1.58224872002532   -6.62959315943110
   3.91998507107318   -1.58775741746237   -6.62276100756359
   3.92268954053197   -1.58885284036976   -6.62097334084816
   3.93414567611549   -1.59349305300282   -6.61410292147021
   3.94756112303541   -1.59892686843055   -6.60695453769744
   3.94850298502860   -1.59930836181351   -6.60618288337363
   3.96154488245091   -1.60459087411766   -6.59888122257405
   3.97417201033045   -1.60970538746108   -6.59117875909534
   3.97510360579529   -1.61008272247194   -6.59036936148601
   3.98914125882186   -1.61576855731891   -6.58301647468372
   4.00006639838974   -1.62019369442306   -6.57636320968792
   4.00267982605762   -1.62125224160868   -6.57455711533983
   4.01623662088720   -1.62674330883405   -6.56431911280273
   4.01894463499556   -1.62784016747232   -6.56169909093472
   4.02988974379521   -1.63227339294806   -6.55132544148714
   4.03502838686810   -1.63435475767439   -6.54656420392678
   4.04381415156655   -1.63791335874432   -6.53748674899239
   4.04964515182113   -1.64027515700059   -6.53184224169407
   4.05738778496566   -1.64341124629252   -6.52346754911162
   4.06429805628669   -1.64621019433638   -6.51682315936768
   4.07132745119046   -1.64905739239871   -6.50956063429634
   4.07898660700326   -1.65215966989028   -6.50208807274824
   4.08511098684986   -1.65464029911526   -6.49569296374689
   4.09373279304179   -1.65813249015297   -6.48725197961301
   4.09886778446291   -1.66021237580806   -6.48256493772207
   4.10913706408984   -1.66437186228671   -6.47233730769247
   4.11265103809268   -1.66579516829085   -6.46870117844033
   4.12377975276780   -1.67030276180253   -6.45746112195686
   4.12642010216085   -1.67137221340948   -6.45474038679084
   4.13828089680478   -1.67617632983632   -6.44253896707834
   4.14000201793219   -1.67687345566380   -6.44067867225113
   4.15307290992345   -1.68216771197746   -6.42771336405296
   4.15395732855336   -1.68252593840290   -6.42681224236067
   4.16755780847238   -1.68803469991116   -6.41356564215805
   4.16843060295288   -1.68838821807135   -6.41265067083030
   4.18131985190013   -1.69360890137766   -6.39976316870769
   4.18304101747489   -1.69430604520818   -6.39790299988077
   4.19509183529579   -1.69918712894566   -6.38581443396813
   4.19767360616482   -1.70023285380766   -6.38302424356812
   4.20887653597787   -1.70477050754498   -6.37185240465240
   4.21309598399800   -1.70647955994444   -6.36797172777124
   4.22266059602896   -1.71035362666203   -6.35785631996472
   4.22676741885371   -1.71201706116088   -6.35337427036337
   4.23583913390947   -1.71569148404968   -6.34157418446480
   4.23745368821533   -1.71634544587059   -6.33873625297784
   4.24069436251742   -1.71765805409930   -6.32453054321018
   4.24113975159687   -1.71783845524924   -6.30951963200875
   4.24101090120634   -1.71778626546800   -6.29471741549529
   4.24058644776370   -1.71761434412399   -6.27975758829399
   4.24049322922613   -1.71757658672906   -6.26492886159557
   4.23980534866009   -1.71729796641514   -6.24991222165456
   4.23918474617823   -1.71704659653081   -6.23498660243086
   4.23914917832417   -1.71703219006674   -6.22006421095487
   4.23911368895644   -1.71701781539290   -6.20514220157596
   4.23907827808155   -1.71700347251193   -6.19022057343853
   4.23900303426200   -1.71697299562734   -6.17538778452006
   4.23761028367892   -1.71640887356339   -6.16056162764439
   4.23591413458406   -1.71572186245042   -6.15121971309549
   4.23444440818123   -1.71512656196957   -6.14576588852639
   4.22691806332492   -1.71207807845361   -6.13075424857567
   4.22266200782042   -1.71035419849645   -6.12510739172694
   4.21564670289010   -1.70751270746092   -6.11584663335201
   4.20885123243886   -1.70476025855652   -6.10729676965941
   4.20378985738015   -1.70271019059802   -6.10064375335756
   4.19507308258878   -1.69917953331734   -6.08949810562569
   4.19228034862218   -1.69804835960364   -6.08590163267965
   4.18123382997223   -1.69357405890974   -6.07170729884768
   4.18041725869259   -1.69324331349040   -6.07072962632370
   4.16910795061717   -1.68866257212084   -6.05582728427988
   4.16744311881873   -1.68798824581886   -6.05389594258493
   4.15765907427236   -1.68402529978217   -6.04102206795185
   4.15340046939349   -1.68230038722208   -6.03537501665377
   4.14577154010743   -1.67921035273429   -6.02588451790111
   4.13972760509003   -1.67676230701969   -6.01839376532078
   4.13364225365028   -1.67429748592697   -6.01094218910115
   4.12568592663853   -1.67107484170777   -6.00081449382578
   4.12215600193180   -1.66964507500341   -5.99619784693765
   4.11174807921621   -1.66542943229242   -5.98318140916113
   4.11004635929819   -1.66474016476377   -5.98123056948483
   4.09939194098174   -1.66042468105555   -5.96648415124457
   4.09779980976523   -1.65977980152087   -5.96450318347584
   4.08772584954884   -1.65569942754832   -5.95117915318039
   4.08431009234155   -1.65431590344203   -5.94739315553134
   4.07542697953120   -1.65071787232735   -5.93637960194183
   4.07025690392916   -1.64862377611598   -5.92984145196931
   4.06332539930795   -1.64581622770012   -5.92140817575926
   4.05643416523083   -1.64302499053389   -5.91205996866103
   4.05205780062042   -1.64125238037194   -5.90648870400551
   4.04286114342743   -1.63752735070747   -5.89499635127195
   4.04015645609187   -1.63643183955090   -5.89134992922181
   4.02864561572150   -1.63176946919797   -5.87755300187391
   4.02784972487801   -1.63144710021765   -5.87656275803187
   4.01740048967770   -1.62721472422762   -5.86169661093519
   4.01490440791130   -1.62620370702542   -5.85880117153892
   4.00476468450284   -1.62209669621775   -5.84644675751715
   4.00130149366189   -1.62069395951185   -5.84176638750665
   3.99345985054083   -1.61751776705070   -5.83153808019806
   3.98750481129854   -1.61510572783198   -5.82398784024104
   3.98156662314936   -1.61270051400866   -5.81637607260881
   3.97361560303103   -1.60948001930259   -5.80627130585930
   3.97010557554952   -1.60805831180416   -5.80164404068486
   3.95988316312152   -1.60391780849544   -5.78839766207514
   3.95818442659225   -1.60322974936364   -5.78649812116328
   3.94710888177680   -1.59874369186232   -5.77220133863514
   3.94547692179498   -1.59808268001683   -5.77024760669021
   3.93531095273773   -1.59396503862695   -5.75697532913946
   3.93186597735125   -1.59256967993969   -5.75230359159601
   3.92339835122046   -1.58913993825606   -5.74186653420810
   3.91819809121596   -1.58703361610299   -5.73532888885378
   3.91126773757441   -1.58422653388189   -5.72693769908728
   3.90428029285887   -1.58139632739512   -5.71767192148045
   3.90004401135218   -1.57968045673165   -5.71198352529219
   3.89044835173352   -1.57579381444635   -5.69990213420327
   3.88792319315754   -1.57477101992377   -5.69704969800066
   3.87665691824932   -1.57020770878141   -5.68307084220123
   3.87584110831695   -1.56987727173946   -5.68209420854029
   3.86515125349816   -1.56554743477009   -5.66742566590505
   3.86271557088787   -1.56456088174477   -5.66448782735065
   3.85325536078544   -1.56072910216180   -5.65228168454919
   3.84884659281628   -1.55894336728833   -5.64677488034994
   3.84122056490778   -1.55585450797944   -5.63729285597321
   3.83496055951489   -1.55331894475261   -5.62908113531292
   3.82974873043686   -1.55120793664234   -5.62256475820279
   3.82117368428146   -1.54773468536932   -5.61129802686149
   3.81787817830929   -1.54639986802774   -5.60741443006201
   3.80743577957544   -1.54217026109171   -5.59345687048064
   3.80658678569049   -1.54182638316519   -5.59250760196660
   3.79491656047088   -1.53709945530196   -5.57793524815924
   3.79337090944985   -1.53647340218468   -5.57593231740875
   3.78342119781829   -1.53244335407016   -5.56242713006553
   3.77980864350141   -1.53098011892803   -5.55794414942297
   3.77119374995295   -1.52749072779918   -5.54766768743011
   3.76598995045417   -1.52538297200334   -5.54113161805342
   3.75912765746710   -1.52260345718543   -5.53271677685020
   3.75219350726337   -1.51979483719833   -5.52337416246427
   3.74780394016991   -1.51801687948019   -5.51782352153267
   3.73841716182558   -1.51421484282137   -5.50654344129942
   3.73573265231151   -1.51312750452392   -5.50287283546644
   3.72509954479378   -1.50882065257783   -5.48817853225009
   3.72426592079907   -1.50848300009779   -5.48721622330838
   3.71297637146715   -1.50391026184329   -5.47326537174611
   3.71054176851001   -1.50292414612252   -5.47032902085342
   3.70119076554427   -1.49913659998386   -5.45806150087544
   3.69681849113213   -1.49736564652276   -5.45247386332806
   3.68905126312066   -1.49421959528412   -5.44314588840831
   3.68279131823388   -1.49168405656479   -5.43493746315910
   3.67762584107439   -1.48959182291440   -5.42840430442231
   3.66908287136871   -1.48613156394111   -5.41706573716203
   3.66576341069713   -1.48478704394735   -5.41326636207783
   3.65532190796875   -1.48055779993090   -5.39932098771601
   3.65450662060524   -1.48022757455113   -5.39834507403095
   3.64319888775469   -1.47564747121333   -5.38346317778056
   3.64153663513969   -1.47497418958820   -5.38153533405050
   3.63105039608706   -1.47072682549491   -5.36854656010928
   3.62760105623730   -1.46932969901802   -5.36393427362357
   3.61928941959420   -1.46596313958168   -5.35334310122295
   3.61407482887876   -1.46385101289310   -5.34682052162447
   3.60716194681301   -1.46105100738875   -5.33842340546534
   3.59984926799974   -1.45808906753011   -5.32854851047729
   3.59572478272213   -1.45641847900133   -5.32371239504302
   3.58610921188296   -1.45252377184143   -5.31163665478783
   3.58425240806775   -1.45177168886740   -5.30900533931454
   3.57301134911049   -1.44721859123669   -5.29408479350929
   3.57219624919130   -1.44688844177969   -5.29310913892491
   3.56129926545613   -1.44247470896189   -5.27890636721768
   3.55859461871974   -1.44137921424968   -5.27517521225149
   3.54916497486619   -1.43755981527212   -5.26383133875308
   3.54470889213694   -1.43575491594778   -5.25841645953913
   3.53756301099701   -1.43286053610232   -5.24932515690494
   3.53081378014594   -1.43012681616419   -5.24080660803356
   3.52574628898383   -1.42807427092877   -5.23416193951593
   3.51697782787249   -1.42452267853318   -5.22302421208550
   3.51424056542498   -1.42341397309788   -5.21947604649185
   3.50299609178837   -1.41885949237964   -5.20551453468523
   3.50220143037540   -1.41853762136995   -5.20452600468372
   3.49111636919124   -1.41404770934246   -5.18943982839621
   3.48945480592891   -1.41337470693390   -5.18751292832051
   3.47896180116714   -1.40912460244628   -5.17452833319852
   3.47565600977355   -1.40778561908013   -5.17071562314865
   3.46698877063400   -1.40427502580407   -5.15955759285809
   3.46188620644690   -1.40220827453098   -5.15297707526219
   3.45571386756362   -1.39970821989624   -5.14465313627383
   3.44800081219345   -1.39658411083633   -5.13528622304457
   3.44372074003228   -1.39485050313172   -5.12970496339514
   3.43425521916850   -1.39101657246894   -5.11741365690547
   3.43179240107462   -1.39001902844121   -5.11457765079762
   3.42096375243062   -1.38563297418492   -5.10010540351522
   3.42014898883772   -1.38530296095409   -5.09913021531612
   3.40902345406752   -1.38079665543651   -5.08503583748242
   3.40632508637246   -1.37970370399787   -5.08140531337224
   3.39705263410880   -1.37594797416912   -5.07003941483030
   3.39276501146314   -1.37421130820343   -5.06440818959868
   3.38575978396016   -1.37137389894620   -5.05514100553420
   3.37888176938806   -1.36858801623076   -5.04672120373859
   3.37371806179876   -1.36649649933010   -5.04021052778085
   3.36493768936533   -1.36294008235235   -5.02907475009983
   3.36160406601089   -1.36158982588146   -5.02530043639704
   3.35122072929017   -1.35738414152363   -5.01135376051210
   3.35040611563597   -1.35705418902423   -5.01037878086179
   3.33909831375242   -1.35247405772518   -4.99550789321065
   3.33743741463870   -1.35180132432451   -4.99358190637808
   3.32715025602651   -1.34763459611127   -4.98054002877302
   3.32356563640077   -1.34618267568393   -4.97589626477273
   3.31509906854512   -1.34275336264586   -4.96562233652243
   3.30977920670260   -1.34059859676099   -4.95817272641520
   3.30370848152825   -1.33813969991568   -4.95074146169086
   3.29578685239695   -1.33493110978496   -4.94064527994064
   3.29166998378575   -1.33326360632369   -4.93581498892865
   3.28232204222906   -1.32947730018335   -4.92362946567307
   3.28041423582190   -1.32870455903278   -4.92091132792444
   3.26902523868055   -1.32409154026848   -4.90620217234780
   3.26823107698634   -1.32376987166572   -4.90521434760047
   3.25720763026622   -1.31930491606550   -4.89089510692212
   3.25478276449462   -1.31832274431091   -4.88805906764384
   3.24512068017969   -1.31440919725371   -4.87598376505875
   3.24079169275805   -1.31265577682884   -4.87053488034487
   3.23316679606352   -1.30956737570878   -4.86103915227836
   3.22690898461776   -1.30703270112203   -4.85285450127261
   3.22175244764338   -1.30494408861942   -4.84634818365893
   3.21296008974612   -1.30138281702903   -4.83521433282030
   3.21033678795791   -1.30032027041292   -4.83165013816755
   3.19946669899067   -1.29591743109764   -4.81727379924680
   3.19863423826868   -1.29558024979156   -4.81631308511994
   3.18718793271577   -1.29094401873082   -4.80166612786989
   3.18556715867101   -1.29028753765628   -4.79971175658011
   3.17519051534205   -1.28608456440123   -4.78653091512256
   3.17192601745018   -1.28476230662522   -4.78276297608111
   3.16326498004094   -1.28125422530855   -4.77158682536996
   3.15783298595198   -1.27905404118795   -4.76434545229012
   3.15176463760536   -1.27659610705698   -4.75691753376738
   3.14406328204319   -1.27347673690718   -4.74756054236306
   3.13973577652140   -1.27172391671355   -4.74199898579469
   3.13039927023530   -1.26794224233465   -4.72982152351255
   3.12860335529009   -1.26721482189205   -4.72708322561823
   3.11741262873253   -1.26268211098208   -4.71199748026399
   3.11656517521998   -1.26233885697062   -4.71105029989578
   3.10514869076961   -1.25771470469995   -4.69737447576104
   3.10273165384958   -1.25673570395671   -4.69443452651999
   3.09319073072231   -1.25287123223294   -4.68219147407519
   3.08887890564497   -1.25112476327318   -4.67674802418472
   3.08125187804353   -1.24803549904696   -4.66725510082837
   3.07499653939947   -1.24550182604802   -4.65907401775098
   3.06984706785523   -1.24341607533924   -4.65257191866904
   3.06104267095834   -1.23984992745198   -4.64143993074589
   3.05780255973597   -1.23853754729403   -4.63766459843537
   3.04756495773107   -1.23439089157326   -4.62350874171306
   3.04673280544075   -1.23405383519486   -4.62254845469778
   3.03524608616815   -1.22940123489239   -4.60790629082855
   3.03358644011728   -1.22872900903442   -4.60598203881798
   3.02332866887765   -1.22457418393252   -4.59295860344036
   3.01982529632546   -1.22315517195798   -4.58827372554634
   3.01120790751563   -1.21966477014423   -4.57787630804248
   3.00593341858952   -1.21752838218256   -4.57153829416793
   2.99810257205974   -1.21435656279110   -4.56303630453995
   2.99212752433041   -1.21193641930077   -4.55741958397635
   2.98181569008668   -1.20775969642779   -4.54793928801066
   2.97840882597560   -1.20637977439630   -4.54508722907920
   2.96525155774778   -1.20105053210494   -4.53322279516433
   2.96433721888188   -1.20068018673625   -4.53236562804650
   2.95076040679893   -1.19518101168855   -4.52099231915590
   2.94739346825582   -1.19381726117700   -4.51809309424834
   2.93706235583953   -1.18963272984022   -4.50874002742403
   2.93006722420790   -1.18679940983189   -4.50309111189211
   2.92303582997322   -1.18395140195716   -4.49691261628808
   2.91352832303735   -1.18010046518437   -4.48854085223063
   2.90921735041559   -1.17835434150467   -4.48481455805624
   2.89702971313917   -1.17341784018231   -4.47380321309120
   2.89543809631944   -1.17277316899978   -4.47269617505103
   2.88169862480128   -1.16720811009791   -4.46048246752306
   2.87918755287508   -1.16619102125590   -4.45851644832532
   2.86808895856809   -1.16169562774934   -4.44912051553863
   2.86196704820445   -1.15921599876793   -4.44360162084963
   2.85403870906960   -1.15600469080597   -4.43637738447674
   2.84546080922451   -1.15253028366963   -4.42890400244948
   2.84030448613396   -1.15044175779889   -4.42423944480232
   2.82896114366650   -1.14584723108132   -4.41413821822599
   2.82646781873290   -1.14483733051137   -4.41215265188337
   2.81291209699106   -1.13934669793129   -4.40064423515831
   2.81110335946158   -1.13861408380736   -4.39889521353431
   2.79936553484170   -1.13385977536812   -4.38851270743136
   2.79393850404706   -1.13166160158869   -4.38381254943615
   2.78525395699130   -1.12814399788483   -4.37649678727933
   2.77739081276798   -1.12495909658067   -4.36928445564344
   2.77144968559407   -1.12255269232978   -4.36439454874690
   2.76024948406742   -1.11801614366222   -4.35427308360896
   2.75779216321755   -1.11702082624756   -4.35225117064718
   2.74398572836356   -1.11142864440230   -4.33985824290171
   2.74302782884715   -1.11104065515367   -4.33907699953303
   2.73016489217679   -1.10583062941673   -4.32824988434741
   2.72568591670830   -1.10401645757837   -4.32443726939973
   2.71621808443248   -1.10018159069733   -4.31619582900117
   2.70844771890420   -1.09703426863354   -4.30953890896367
   2.70237276030287   -1.09457365707377   -4.30411521599296
   2.69288946904781   -1.09073252866150   -4.29496317604206
   2.68853612604293   -1.08896924320978   -4.29110339020773
   2.67559082379824   -1.08372585598059   -4.27989451793342
   2.67467699000559   -1.08335571518762   -4.27903792587295
   2.66105988839968   -1.07784022120305   -4.26764718183825
   2.65762893340467   -1.07645054135898   -4.26483142980385
   2.64724789986457   -1.07224578988535   -4.25568712028792
   2.64040718144349   -1.06947501366633   -4.24992818276052
   2.63340614617696   -1.06663930243968   -4.24360831178757
   2.62390126758779   -1.06278943025690   -4.23524225116714
   2.61959253073348   -1.06104421215625   -4.23151846559708
   2.60679684159241   -1.05586142447290   -4.22026869641590
   2.60590819489133   -1.05550148550232   -4.21937086522520
   2.59218356427684   -1.04994243778531   -4.20698318306248
   2.58966151923698   -1.04892090437469   -4.20502907395286
   2.57850487762959   -1.04440199929089   -4.19582838344962
   2.57236660397623   -1.04191574249480   -4.19033300805848
   2.56482212380133   -1.03885991341856   -4.18368206836509
   2.55584705271004   -1.03522463536544   -4.17551779416488
   2.55072108109797   -1.03314840310914   -4.17098344096010
   2.53869004814938   -1.02827533306997   -4.16066099955160
   2.53688722968799   -1.02754511641543   -4.15890468405329
   2.52337038890620   -1.02207023224552   -4.14735858600204
   2.52152890274773   -1.02132435356122   -4.14565605209658
   2.50952306788234   -1.01646148979651   -4.13534221954010
   2.50433106231997   -1.01435851103671   -4.13074714452047
   2.49569698278086   -1.01086134878160   -4.12326231549641
   2.48691634793669   -1.00730482551656   -4.11595080876615
   2.48179503361018   -1.00523047965513   -4.11141685038536
   2.47060849341835   -1.00069946439785   -4.10102627693486
   2.46807660773924   -0.99967394511798   -4.09908960267278
   2.45428408514509   -0.99408739831810   -4.08717407978752
   2.45339393459673   -0.99372685022668   -4.08627901495147
   2.44068051871474   -0.98857738664405   -4.07451784277319
   2.43620517038567   -0.98676468394841   -4.07105638069196
   2.42670035869539   -0.98291483886247   -4.06301051777468
   2.41891789511771   -0.97976261658418   -4.05635842430714
   2.41296561082172   -0.97735169323360   -4.05089737202582
   2.40264900588866   -0.97317303803249   -4.04141358329648
   2.39926810627635   -0.97180363270573   -4.03853498451397
   2.38556831394715   -0.96625464553002   -4.02701396057538
   2.38460772688165   -0.96586556771193   -4.02623853427822
   2.37148648780253   -0.96055091872822   -4.01477415187110
   2.36818429113371   -0.95921339137549   -4.01181471174954
   2.35806869667723   -0.95511615379955   -4.00278817980980
   2.35092240392402   -0.95222160723355   -3.99677404827910
   2.34392184638567   -0.94938608950673   -3.99046918803205
   2.33365542188848   -0.94522775947468   -3.98177996465558
   2.32993716616136   -0.94372171085365   -3.97848486770038
   2.31628482054197   -0.93819194157394   -3.96812430900021
   2.31536846234707   -0.93782077829280   -3.96727460064878
   2.30263548052598   -0.93266338968894   -3.95766367349570
   2.29488456787160   -0.92952394685026   -3.95198526828024
   2.28885862352943   -0.92708318810934   -3.94742561316142
   2.27574388566983   -0.92177117239063   -3.93744636757582
   2.27481949187109   -0.92139675435485   -3.93661471933844
   2.26120760650047   -0.91588337316309   -3.92701093040853
   2.25517589810446   -0.91344027974000   -3.92242697627634
   2.24760700699948   -0.91037456321915   -3.91666779099383
   2.23550197871960   -0.90547152198519   -3.90716356962243
   2.23385657045147   -0.90480506302294   -3.90610123806308
   2.21997487651284   -0.89918239811010   -3.89614553051342
   2.21550111960023   -0.89737034000448   -3.89269550915258
   2.20639028071669   -0.89368007033397   -3.88590186927313
   2.19582056761265   -0.88939889576899   -3.87751446832654
   2.19224409723658   -0.88795027612759   -3.87495098152130
   2.17870983428483   -0.88246833525233   -3.86527890323472
   2.17513556146490   -0.88102060571281   -3.86270571286710
   2.16502021374566   -0.87692346807574   -3.85521711552438
   2.15554493792803   -0.87308558624988   -3.84764718523221
   2.15091331345030   -0.87120958519730   -3.84425353772694
   2.13717789011245   -0.86564616597727   -3.83415700355643
   2.13556799859168   -0.86499409277875   -3.83306253633201
   2.12388075974245   -0.86026027368606   -3.82410315352681
   2.11550651929220   -0.85686835709724   -3.81824683562178
   2.10957236208009   -0.85446477597152   -3.81377419029355
   2.09664371359950   -0.84922813421125   -3.80349028305330
   2.09571957166681   -0.84885381819172   -3.80265891499702
   2.08212812056503   -0.84334871373095   -3.79302857470446
   2.07608656636059   -0.84090163234488   -3.78846869512596
   2.06841431023441   -0.83779404868011   -3.78275559739542
   2.05558927263134   -0.83259937364582   -3.77330658308363
   2.05463066012104   -0.83221109560493   -3.77252934628139
   2.04091219732513   -0.82665454611164   -3.76216324323811
   2.03574775585326   -0.82456273195793   -3.75844197077873
   2.02717934114895   -0.82109216669913   -3.75200665306665
   2.01609152900900   -0.81660114041984   -3.74320672704243
   2.01347027100282   -0.81553942162067   -3.74141344290472
   1.99965574546228   -0.80994396270998   -3.73130544206933
   1.99608046604310   -0.80849582545578   -3.72873632353171
   1.98598464083483   -0.80440659524975   -3.72124656268361
   1.97650529085420   -0.80056706321798   -3.71367824981692
   1.97215544350701   -0.79880519365340   -3.71071619115896
   1.95828325104301   -0.79318637723399   -3.70076902883662
   1.95570130888726   -0.79214058299373   -3.69890867179437
   1.94460930374523   -0.78764785837374   -3.69058419468849
   1.93616849960913   -0.78422898071644   -3.68383606548677
   1.93095500096873   -0.78211729636378   -3.67996278937439
   1.91724089967648   -0.77656251346135   -3.66970560481726
   1.91627766638982   -0.77617236381335   -3.66893610309197
   1.90341542571266   -0.77096261998268   -3.65950045791962
   1.89642275281928   -0.76813029586586   -3.65418316399450
   1.88971517531071   -0.76541344726840   -3.64923796923309
   1.87656957791976   -0.76008893215265   -3.63936401384034
   1.87560975471800   -0.75970016373123   -3.63858931436506
   1.86221727702112   -0.75427565179665   -3.62863217631745
   1.85608386946359   -0.75179136597228   -3.62415901631311
   1.84833919304833   -0.74865444907051   -3.61857882285045
   1.83622532335924   -0.74374782669713   -3.60944612535388
   1.83430344250895   -0.74296938481018   -3.60790050866857
   1.82096888818495   -0.73756833425703   -3.59776323410414
   1.81641052414903   -0.73572200673835   -3.59447154591247
   1.80712645379164   -0.73196157109716   -3.58784909857217
   1.79652096634148   -0.72766590643021   -3.57987873787775
   1.79299929711682   -0.72623948354034   -3.57721391627454
   1.77960917660019   -0.72081592636206   -3.56725490614595
   1.77605722532931   -0.71937723798071   -3.56464300666742
   1.76573203520075   -0.71519510541743   -3.55720382141082
   1.75503763076897   -0.71086342566507   -3.55007524811568
   1.75167000041102   -0.70949939493966   -3.54807394954498
   1.73801125891892   -0.70396703506479   -3.53963529379809
   1.73016536054427   -0.70078911904849   -3.53498279841269
   1.72413833770346   -0.69834792347065   -3.53133381008034
   1.71035573282789   -0.69276539376036   -3.52302743603919
   1.70601144836419   -0.69100577739557   -3.52031774225622
   1.69663325625022   -0.68720721851808   -3.51457726562851
   1.68266294960786   -0.68154866176507   -3.50635949544469
   1.68094237563700   -0.68085175755881   -3.50542945385544
   1.66929293364040   -0.67613324776756   -3.49865647240721
   1.65685261233123   -0.67109439887500   -3.49055185082582
   1.65513208379961   -0.67039751307352   -3.48962185219011
   1.64173199373045   -0.66496991781073   -3.48193580538516
   1.63222896769118   -0.66112079598791   -3.47549604418400
   1.62760201751681   -0.65924668822311   -3.47288496579186
   1.61413121434649   -0.65379045120561   -3.46523995871805
   1.60698270464362   -0.65089500668254   -3.46090382309570
   1.59996526292767   -0.64805265015973   -3.45656896699083
   1.58647651685974   -0.64258914552047   -3.44863692482145
   1.58213249581469   -0.64082963585121   -3.44592836181172
   1.57288684432338   -0.63708476145286   -3.44010915433572
   1.55906425051710   -0.63148603455809   -3.43136533603026
   1.55734391329747   -0.63078922624595   -3.43043544496334
   1.54531535974777   -0.62591716046672   -3.42339988828782
   1.53397390244010   -0.62132339731747   -3.41586933331569
   1.53125296300767   -0.62022130338395   -3.41431174882974
   1.51832837107563   -0.61498630469500   -3.40694481802940
   1.50826313843818   -0.61090946575587   -3.40104350850704
   1.50391479066307   -0.60914820358051   -3.39836871397217
   1.49019310601622   -0.60359034910323   -3.38982530712812
   1.48480696304892   -0.60140873659891   -3.38655667989599
   1.47650429987119   -0.59804581179023   -3.38156446866752
   1.46272313139611   -0.59246386388204   -3.37279571444033
   1.45928277954921   -0.59107037792111   -3.37093623837562
   1.44909320915500   -0.58694317700559   -3.36528302883080
   1.43519968933324   -0.58131572211694   -3.35699167701668
   1.43419523778659   -0.58090887735484   -3.35637248592231
   1.42166377679864   -0.57583311309184   -3.34892302481684
   1.41011167213354   -0.57115402897882   -3.34150031063588
   1.40739019177671   -0.57005171594837   -3.33994495848070
   1.39414338150323   -0.56468620539460   -3.33219128865633
   1.38546430063249   -0.56117081572362   -3.32649201085879
   1.38036963723232   -0.55910726459870   -3.32341157018175
   1.36639195432069   -0.55344572014904   -3.31516343613680
   1.36022707946478   -0.55094868875664   -3.31175650462751
   1.35234529114885   -0.54775623581751   -3.30741343042827
   1.33845227722915   -0.54212898584029   -3.30029515106767
   1.32914554668757   -0.53835937187957   -3.29704793590648
   1.32392784832065   -0.53624598646255   -3.29616886835265
   1.31009871033629   -0.53064460890277   -3.29544664625587
   1.29638864092476   -0.52509145908016   -3.29476077555604
   1.28253908194818   -0.51948181016697   -3.29472595201277
   1.26887894931765   -0.51394888682303   -3.29474690927725
   1.25507741920499   -0.50835869160254   -3.29449104672842
   1.24132256226397   -0.50278740096284   -3.29448432487942
   1.22756778639755   -0.49721614316173   -3.29447767708074
   1.21381309077765   -0.49164491786381   -3.29447110333230
   1.20005847457619   -0.48607372473367   -3.29446460363399
   1.18630393696510   -0.48050256343591   -3.29445817798572
   1.17254947711629   -0.47493143363511   -3.29445182638738
   1.15879509420169   -0.46936033499588   -3.29444554883889
   1.14504078739323   -0.46378926718280   -3.29443934534014
   1.13128655586281   -0.45821822986047   -3.29443321589104
   1.11753113761362   -0.45264671186755   -3.29396315313172
   1.10377706032825   -0.44707573702090   -3.29395717292902
   1.09002430465904   -0.44150529748391   -3.29441527184063
   1.07626912330983   -0.43593387544536   -3.29394543464445
   1.06251649839863   -0.43036348887082   -3.29440367938681
   1.04876147084065   -0.42479212912413   -3.29393399252030
   1.03500774924183   -0.41922129834537   -3.29392838251813
   1.02125409629609   -0.41365049537396   -3.29392284655577
   1.00755147245685   -0.40810036131860   -3.29370205562583
   0.99369455726219   -0.40248773283034   -3.29367039549484
   0.98004492791339   -0.39695906375349   -3.29369131977793
   0.96624041135779   -0.39136765889907   -3.29343750597774
   0.95248708707066   -0.38579698904811   -3.29343234046005
   0.93873382646871   -0.38022634499230   -3.29342724897213
   0.92492688715975   -0.37463395882174   -3.29364479114659
   0.91127969360029   -0.36910627634114   -3.29366578306215
   0.89747441849314   -0.36351456424172   -3.29341241868608
   0.88372024819912   -0.35794355172269   -3.29294363466371
   0.86996729976813   -0.35237303410913   -3.29293891431645
   0.85621555387325   -0.34680300357285   -3.29339825466454
   0.84246271588127   -0.34123253069170   -3.29339368138236
   0.82870993494980   -0.33566208092243   -3.29338918212918
   0.81495608492727   -0.33009119812671   -3.29292077312734
   0.80120342179744   -0.32452079607202   -3.29291642287956
   0.78745081324359   -0.31895041612288   -3.29291214665138
   0.77369825843764   -0.31338005794389   -3.29290794444269
   0.75994575655151   -0.30780972119962   -3.29290381625341
   0.74619330675712   -0.30223940555468   -3.29289976208343
   0.73244090822638   -0.29666911067366   -3.29289578193265
   0.71868856013120   -0.29109883622114   -3.29289187580097
   0.70493626164350   -0.28552858186173   -3.29288804368830
   0.69123984200339   -0.27998096076573   -3.29266861991813
   0.67743202127955   -0.27438821758540   -3.29241666805069
   0.66367986447336   -0.26881802061290   -3.29241305804415
   0.64992775396290   -0.26324784239210   -3.29240952204686
   0.63617568892009   -0.25767768258760   -3.29240606005873
   0.62242366851685   -0.25210754086398   -3.29240267207965
   0.60867169192507   -0.24653741688583   -3.29239935810953
   0.59497603460906   -0.24099010456289   -3.29171639360480
   0.58116704229822   -0.23539688684096   -3.29146505084557
   0.56738182988094   -0.22981330096755   -3.29121987568082
   0.55366319895608   -0.22425668337502   -3.29192287541829
   0.53991143515903   -0.21868664558761   -3.29191993226551
   0.52616070604242   -0.21311702688892   -3.29238102847167
   0.51240802326500   -0.20754661687615   -3.29191426795748
   0.49865637351186   -0.20197662528128   -3.29191154680204
   0.48496374149866   -0.19643053833212   -3.29169311714403
   0.47109276312609   -0.19081221367037   -3.29166624824976
   0.45746103938375   -0.18529079711080   -3.29168804217397
   0.44365030406112   -0.17969687339642   -3.29143746871379
   0.42983760525232   -0.17410215438825   -3.29165905949742
   0.41614720953760   -0.16855697323324   -3.29189677384327
   0.40245603424365   -0.16301147631613   -3.29167878520758
   0.38858273747676   -0.15739221260801   -3.29165253285302
   0.37489306249367   -0.15184732337936   -3.29189038634270
   0.36120260354519   -0.14630211661204   -3.29167262383454
   0.34739060284565   -0.14070768036724   -3.29142256358544
   0.33363933258276   -0.13513784248174   -3.29142073023636
   0.31988808874184   -0.12956801529825   -3.29141897087574
   0.30613687049481   -0.12399819848135   -3.29141728550349
   0.29238567701358   -0.11842839169563   -3.29141567411951
   0.27863450747005   -0.11285859460567   -3.29141413672371
   0.26488336103612   -0.10728880687608   -3.29141267331599
   0.25113136422138   -0.10171867470678   -3.29094733233698
   0.23738026767556   -0.09614890718395   -3.29094601747653
   0.22363005211104   -0.09057949649527   -3.29140872702040
   0.20987813563137   -0.08500939686504   -3.29094360969122
   0.19612709847682   -0.07943965339814   -3.29094251676615
   0.18237607946316   -0.07386991727906   -3.29094149781935
   0.16868886457017   -0.06832602448949   -3.29072479651025
   0.15487422155516   -0.06273051799674   -3.29047574460198
   0.14112324984734   -0.05716080103850   -3.29047494728537
   0.12737229296865   -0.05159109008667   -3.29047422393739
   0.11362135009099   -0.04602138480585   -3.29047357455795
   0.09987042038628   -0.04045168486062   -3.29047299914697
   0.08611950302642   -0.03488198991557   -3.29047249770433
   0.07236859718330   -0.02931229963528   -3.29047207022997
   0.05861770202884   -0.02374261368435   -3.29047171672377
   0.04486681673494   -0.01817293172735   -3.29047143718565
   0.03104870529551   -0.01257602037807   -3.29069586345012
   0.01740348530385   -0.00704913727473   -3.29025360886142
   0.00361421173560   -0.00146390646583   -3.29047104237883
  -0.01013664239704    0.00410576286957   -3.29047105871209
  -0.02388824041692    0.00967573351031   -3.29000720755926
  -0.03763907778817    0.01524539605663   -3.29000737221358
  -0.05132279272621    0.02078787121850   -3.28979198969213
  -0.06514064643187    0.02638467817485   -3.28954398060383
  -0.07896037120042    0.03198224298970   -3.28976915842162
  -0.09257465298121    0.03749659482751   -3.28979319479285
  -0.10646244280013    0.04312172882607   -3.28977017725122
  -0.12007588810239    0.04863574185520   -3.28979437007906
  -0.13389478792241    0.05423297253149   -3.28954665047309
  -0.14764561810498    0.05980263216610   -3.28954740629212
  -0.16139645084792    0.06537229283777   -3.28954823605932
  -0.17514728697934    0.07094195488192   -3.28954913977462
  -0.18889812732734    0.07651161863395   -3.28955011743791
  -0.20264897272003    0.08208128442930   -3.28955116904909
  -0.21639982398549    0.08765095260336   -3.28955229460809
  -0.23015068195184    0.09322062349156   -3.28955349411481
  -0.24390154744717    0.09879029742932   -3.28955476756915
  -0.25765242129959    0.10435997475204   -3.28955611497103
  -0.27140330433720    0.10992965579514   -3.28955753632035
  -0.28508417636599    0.11547097946022   -3.28887973930371
  -0.29900748648155    0.12111050066012   -3.28926411458909
  -0.31265663734277    0.12663897592955   -3.28909830918312
  -0.32640755925537    0.13220867271865   -3.28910002651112
  -0.34008700966785    0.13774942056983   -3.28888655084486
  -0.35390939388086    0.14334806257058   -3.28863972921261
  -0.36766036037938    0.14891777741884   -3.28864166770906
  -0.38141134268731    0.15448749867057   -3.28864368013372
  -0.39516234163274    0.16005722666117   -3.28864576648649
  -0.40891335804378    0.16562696172608   -3.28864792676727
  -0.42266439274854    0.17119670420071   -3.28865016097598
  -0.43641544657510    0.17676645442047   -3.28865246911253
  -0.45016652035159    0.18233621272078   -3.28865485117683
  -0.46391816782643    0.18790620339284   -3.28819337431205
  -0.47756420927787    0.19343341922165   -3.28837481994799
  -0.49149553113744    0.19907618551196   -3.28795962446487
  -0.50517103151882    0.20461533343583   -3.28866511870965
  -0.51892274580562    0.21018535116952   -3.28820393784443
  -0.53259955183979    0.21572502793722   -3.28799182133901
  -0.54642516063030    0.22132497602632   -3.28774569993852
  -0.56017641978771    0.22689480941364   -3.28774867267994
  -0.57392770634732    0.23246465389998   -3.28775171932978
  -0.58767902113725    0.23803450982078   -3.28775483988794
  -0.60143036498559    0.24360437751145   -3.28775803435435
  -0.61518173872045    0.24917425730741   -3.28776130272890
  -0.62893362239772    0.25474434365131   -3.28730071301308
  -0.64268457916215    0.26031405455685   -3.28776806120209
  -0.65643604752519    0.26588397268117   -3.28777155130055
  -0.67018754908718    0.27145390425244   -3.28777511530680
  -0.68382972036455    0.27697955249936   -3.28746444935927
  -0.69769110644587    0.28259399188316   -3.28685456108441
  -0.71144270853666    0.28816396417279   -3.28685834586827
  -0.72519391477960    0.29373377612753   -3.28707269306967
  -0.73894602307834    0.29930395345249   -3.28686613710266
  -0.75269773718545    0.30487397111340   -3.28687014355301
  -0.76644908001197    0.31044383839019   -3.28707794895079
  -0.78020128324176    0.31601405416619   -3.28687751413676
  -0.79395311689192    0.32158412024702   -3.28687991022733
  -0.80770499203821    0.32715420313551   -3.28688237541247
  -0.82145690950880    0.33272430316711   -3.28688490969143
  -0.83520887013185    0.33829442067726   -3.28688751306331
  -0.84896087473552    0.34386455600139   -3.28689018552710
  -0.86271292414798    0.34943470947495   -3.28689292708164
  -0.87646501919740    0.35500488143338   -3.28689573772565
  -0.89021716071194    0.36057507221213   -3.28689861745771
  -0.90396934951977    0.36614528214662   -3.28690156627629
  -0.91772193518683    0.37171565282566   -3.28646005014592
  -0.93147387232796    0.37728576082465   -3.28690767116617
  -0.94522620798465    0.38285603023906   -3.28691082723377
  -0.95897892376494    0.38842645361938   -3.28647517209084
  -0.97259031120293    0.39393963312766   -3.28614461457187
  -0.98648396224187    0.39956714116475   -3.28526074553275
  -1.00023650458734    0.40513749429673   -3.28526375909913
  -1.01398910085329    0.41070786926876   -3.28526684284362
  -1.02774175186789    0.41627826641627   -3.28526999675728
  -1.04149445845927    0.42184868607470   -3.28527322083108
  -1.05524722145560    0.42741912857948   -3.28527651505591
  -1.06913472783470    0.43304414777310   -3.28569556199354
  -1.08284631083190    0.43859791066103   -3.28720056422755
  -1.09653727559249    0.44414332230335   -3.29041936628948
  -1.11011015236005    0.44964090338421   -3.29551815865292
  -1.11788238539542    0.45278898186625   -3.30005912047875
  -1.12398512073658    0.45526084416395   -3.30358715985516
  -1.13768542044958    0.46081003685126   -3.31111766264986
  -1.14443001774403    0.46354188000574   -3.31501838100863
  -1.15149088944045    0.46640182748168   -3.31937087891991
  -1.16524407753399    0.47197244216856   -3.32679913055982
  -1.17032292893742    0.47402958877544   -3.32968856396999
  -1.17899719234052    0.47754302717114   -3.33515523340122
  -1.19275064695824    0.48311374981143   -3.34258379478782
  -1.19541238344196    0.48419186408195   -3.34430149201413
  -1.20650403818634    0.48868444677628   -3.35094022832831
  -1.22025776365738    0.49425527912345   -3.35836910190929
  -1.22194216948670    0.49493753372418   -3.35935605388837
  -1.23401143573208    0.49982608984289   -3.36672586873137
  -1.24699308725660    0.50508420004618   -3.37399761785847
  -1.24792853383647    0.50546309491922   -3.37478942756729
  -1.26151939373649    0.51096795991863   -3.38251215964155
  -1.27353348214855    0.51583416671392   -3.38905307330585
  -1.27522164233542    0.51651794198601   -3.39003942234979
  -1.28902792096290    0.52211006055302   -3.39829910609094
  -1.29857287829012    0.52597616629599   -3.40370583548128
  -1.30289769344391    0.52772789677840   -3.40644160378793
  -1.31660830483648    0.53328126612594   -3.41390731568110
  -1.32522407688261    0.53677101308297   -3.41857310874317
  -1.33045809455069    0.53889100849748   -3.42215080308154
  -1.34404671860228    0.54439496788504   -3.42987498475637
  -1.35092427236242    0.54718066395242   -3.43359020176025
  -1.35790317639716    0.55000741110732   -3.43804334708307
  -1.37155700655645    0.55553778168759   -3.44566392704514
  -1.37671527927338    0.55762709723832   -3.44845045924920
  -1.38541442314039    0.56115061325942   -3.45383250622621
  -1.39906789882356    0.56668084026209   -3.46145354501462
  -1.40174265914419    0.56776422972965   -3.46317040494568
  -1.41299540425241    0.57232206073882   -3.47036942264472
  -1.42657940419003    0.57782414716739   -3.47724384370144
  -1.42827366309659    0.57851039267527   -3.47822972683813
  -1.44040360002781    0.58342352295172   -3.48542474433278
  -1.45332683305692    0.58865797122831   -3.49287600836158
  -1.45426246523048    0.58903694127454   -3.49366803519020
  -1.46791537962692    0.59456694093267   -3.50121629969247
  -1.47987030117980    0.59940918268273   -3.50793641021344
  -1.48155873601355    0.60009306919826   -3.50892306899418
  -1.49536085622497    0.60568350343336   -3.51718656300363
  -1.50491782673246    0.60955447501530   -3.52239199436892
  -1.50931948584906    0.61133733050704   -3.52521109558398
  -1.52294085257555    0.61685455204331   -3.53280150305727
  -1.53093715713036    0.62009338883452   -3.53732637769809
  -1.53680580147194    0.62247043451578   -3.54104464189229
  -1.55028320250707    0.62792934394366   -3.54898416515947
  -1.55554791779901    0.63006177317592   -3.55248803549854
  -1.56417577481749    0.63355641505071   -3.55803413001127
  -1.57766974400248    0.63902203527018   -3.56681839939361
  -1.57859025241374    0.63939487956201   -3.56765357518575
  -1.59172403198356    0.64471460796740   -3.57747685036656
  -1.59930669173256    0.64778590136324   -3.58237968976579
  -1.60545098819177    0.65027459764685   -3.58682958282927
  -1.61901653255603    0.65576920879861   -3.59552465066473
  -1.62085924092147    0.65651558252770   -3.59717748945374
  -1.63286011188945    0.66137643570697   -3.60559811478501
  -1.64237335703340    0.66522969669332   -3.61201145666715
  -1.64680548757802    0.66702489438407   -3.61551258014322
  -1.66043278019650    0.67254451615370   -3.62501680384857
  -1.66300502372997    0.67358638204751   -3.62689202143214
  -1.67432083735758    0.67816975843699   -3.63497283696269
  -1.68378163861733    0.68200177746333   -3.64151852123340
  -1.68803969167200    0.68372646651160   -3.64437618676225
  -1.70166748983787    0.68924629304901   -3.65389120819487
  -1.70515278873535    0.69065798443972   -3.65660354003836
  -1.71559957346903    0.69488936788859   -3.66377382628697
  -1.72679643687132    0.69942456447657   -3.67127581092935
  -1.72932506226795    0.70044876320608   -3.67320814053967
  -1.74290956266105    0.70595105233999   -3.68275882825340
  -1.74814358964485    0.70807105152776   -3.68636442894263
  -1.75680822488457    0.71158059011580   -3.69273925730192
  -1.76964904425885    0.71678165742553   -3.70122340676673
  -1.77056494788253    0.71715263658637   -3.70206947684405
  -1.78420660900611    0.72267807819974   -3.71153498660596
  -1.79046573276915    0.72521328432971   -3.71593331291870
  -1.79809164670458    0.72830209747475   -3.72154408948961
  -1.81172884142298    0.73382573000777   -3.73012025044958
  -1.81264877224535    0.73419834035202   -3.73097485652186
  -1.82545437808825    0.73938514471314   -3.74040777096786
  -1.83326161844933    0.74254740262189   -3.74590169086964
  -1.83937692037238    0.74502435490929   -3.75035099463958
  -1.85313906809876    0.75059859862109   -3.75964436750577
  -1.85409511938462    0.75098583925927   -3.76047888138911
  -1.86678659733067    0.75612641706302   -3.76912849079849
  -1.87558456306629    0.75968996006179   -3.77532775395431
  -1.88074566220634    0.76178042043174   -3.77904500601661
  -1.89445535603557    0.76733341812786   -3.78839131032716
  -1.89632757964837    0.76809174676292   -3.78997646602614
  -1.90825783010416    0.77292399568987   -3.79851509393924
  -1.91772891968117    0.77676018191372   -3.80506176349482
  -1.92198803807150    0.77848530246737   -3.80792061154457
  -1.93570334474800    0.78404057360069   -3.81729353759496
  -1.93926653444068    0.78548381401151   -3.81997127829859
  -1.94954712092726    0.78964788023982   -3.82732791415759
  -1.96074638605547    0.79418404962696   -3.83481026261332
  -1.96332718549628    0.79522938102002   -3.83666916500741
  -1.97701906009183    0.80077516118343   -3.84605607944703
  -1.98225319497316    0.80289520407420   -3.84968252085755
  -1.99089894605126    0.80639709378931   -3.85613450890056
  -2.00289230339696    0.81125490363824   -3.86454743994546
  -2.00455971671325    0.81193027556260   -3.86556738918701
  -2.01847743535233    0.81756753198136   -3.87553930225865
  -2.02436659867546    0.81995288870579   -3.87939800703758
  -2.03226037027405    0.82315019537410   -3.88478727611678
  -2.04521414225148    0.82839701319824   -3.89409318771435
  -2.04615241605018    0.82877705321280   -3.89496833675534
  -2.05962457331833    0.83423383869639   -3.90458031963357
  -2.06663199467242    0.83707213655481   -3.90925758615582
  -2.07349203167910    0.83985073760658   -3.91469854701403
  -2.08553205296470    0.84472744829706   -3.92408523400180
  -2.08711877984034    0.84537013884833   -3.92519209989274
  -2.10101166124588    0.85099733515179   -3.93703792916595
  -2.10360542895398    0.85204791923388   -3.93896120057213
  -2.11467673726100    0.85653226077263   -3.94838794768100
  -2.12149136640523    0.85929246974660   -3.95410733799654
  -2.12856033163215    0.86215569543990   -3.96024516655482
  -2.13887139465113    0.86633210593470   -3.96869026666127
  -2.14250553717183    0.86780408519961   -3.97213859668026
  -2.15589079841577    0.87322567416982   -3.98292392485091
  -2.15678265600520    0.87358691368407   -3.98379084059809
  -2.16965764571244    0.87880182140356   -3.99403740300243
  -2.17506391014981    0.88099158394233   -3.99849615603895
  -2.18356269560314    0.88443394645094   -4.00594465749936
  -2.19292509728099    0.88822610954333   -4.01352553162821
  -2.19729636126110    0.88999665373732   -4.01714356699666
  -2.21030667651093    0.89526637394464   -4.02819502664622
  -2.21120931324754    0.89563197946299   -4.02906790282748
  -2.22460136018036    0.90105631692016   -4.03980548072807
  -2.22889679948196    0.90279614895746   -4.04353630431247
  -2.23845479994752    0.90666753771537   -4.05176454674078
  -2.24564010104699    0.90957788428826   -4.05799708179025
  -2.25241139001618    0.91232053868405   -4.06358719406158
  -2.26365153100186    0.91687326449799   -4.07281101238654
  -2.26618181990057    0.91789813701521   -4.07474523143970
  -2.27992046619396    0.92346286166663   -4.08596450088839
  -2.28243620815697    0.92448184206828   -4.08794513857348
  -2.29355924166234    0.92898713446931   -4.09728679849108
  -2.29978771176255    0.93150992458758   -4.10255818379965
  -2.30749507061054    0.93463172631846   -4.10914981800304
  -2.31784416503276    0.93882354111749   -4.11742637692330
  -2.32147985473776    0.94029614705656   -4.12102088700154
  -2.33487348516868    0.94572112589650   -4.13169336533410
  -2.33579838532356    0.94609574902763   -4.13255556425194
  -2.34873238569954    0.95133455852871   -4.14370172971089
  -2.35301594720977    0.95306957956519   -4.14744110584857
  -2.36244742666389    0.95688972203753   -4.15488519184001
  -2.37130439559346    0.96047716379029   -4.16213283891477
  -2.37646767981055    0.96256850920756   -4.16668809530027
  -2.38928599841877    0.96776046276875   -4.17694553581789
  -2.39025214790092    0.96815179359753   -4.17790539228286
  -2.40395446111433    0.97370180183647   -4.18994113987996
  -2.40651661242387    0.97473957995874   -4.19183285676089
  -2.41769389710225    0.97926684634711   -4.20118143406882
  -2.42460805896786    0.98206737022376   -4.20672212480605
  -2.43159146380564    0.98489594039158   -4.21316341799171
  -2.44254092001628    0.98933092675005   -4.22183702966769
  -2.44526781588756    0.99043543328969   -4.22442482332298
  -2.45899891079141    0.99599709931346   -4.23563466113356
  -2.45991153989285    0.99636675215624   -4.23649032135813
  -2.47275312471798    1.00156812950549   -4.24683987980906
  -2.47799890663732    1.00369288993233   -4.25137836937255
  -2.48654895847097    1.00715601746278   -4.25888955738136
  -2.49516851223267    1.01064729617232   -4.26603145268838
  -2.50040563321155    1.01276854855711   -4.26996678896221
  -2.51332459747146    1.01800126780417   -4.28116176752812
  -2.51421468695797    1.01836179116301   -4.28202687433000
  -2.52782298888527    1.02387372091080   -4.29341731816421
  -2.53119997823562    1.02524154241841   -4.29622364961857
  -2.54159942915460    1.02945375369849   -4.30458184870464
  -2.54933020852673    1.03258504171830   -4.31120935639527
  -2.55548868720229    1.03507948239093   -4.31642187777471
  -2.56755719635055    1.03996773185373   -4.32581099928521
  -2.56936384259089    1.04069949891835   -4.32757457646663
  -2.58295455899287    1.04620430579507   -4.33895978522166
  -2.58476962719996    1.04693948410743   -4.34069152892585
  -2.59674138134553    1.05178854375945   -4.35103626113770
  -2.60266550274550    1.05418805996275   -4.35576993009721
  -2.61053844166246    1.05737692852628   -4.36216026481921
  -2.62015245930221    1.06127100657565   -4.37022892281965
  -2.62456962620158    1.06306014336609   -4.37391700670741
  -2.63798216744594    1.06849278187406   -4.38471296768855
  -2.63885880037684    1.06884785476673   -4.38558087207017
  -2.65187380169152    1.07411947302573   -4.39659006618300
  -2.65623143396309    1.07588449580931   -4.40023795423319
  -2.66550824170190    1.07964198978712   -4.40792662952886
  -2.67442095999132    1.08325201235537   -4.41519311919093
  -2.67955055784561    1.08532971339098   -4.41973549556921
  -2.69156620745591    1.09019655253666   -4.43002883974201
  -2.69315869087455    1.09084157472789   -4.43108187258010
  -2.70721804629925    1.09653619995109   -4.44276595967356
  -2.70976442975809    1.09756759143631   -4.44468301126751
  -2.72087635978240    1.10206838646449   -4.45424147751370
  -2.72824689848142    1.10505376198962   -4.46014135942290
  -2.73455304695889    1.10760801508987   -4.46545921371389
  -2.74567047103257    1.11211103543715   -4.47494435231641
  -2.74814014310933    1.11311135561375   -4.47695197201122
  -2.76120513725784    1.11840322305515   -4.48987931664311
  -2.76206671966008    1.11875219985611   -4.49080974941589
  -2.77502028206044    1.12399893279280   -4.50484015554100
  -2.77582503008121    1.12432488929927   -4.50581895843258
  -2.78536053183037    1.12818716513883   -4.51971228056980
  -2.78942633485736    1.12983398490906   -4.52457779750709
  -2.79658055018954    1.13273174044992   -4.53465936469259
  -2.80343642109756    1.13550865405801   -4.54390429042865
  -2.80778206678186    1.13726882177391   -4.54952272578542
  -2.81689861418322    1.14096140363219   -4.56189034938427
  -2.81871681163427    1.14169784941883   -4.56459211311036
  -2.82992565410476    1.14623789802897   -4.57946490066847
  -2.83096520597623    1.14665895988631   -4.58116101323343
  -2.84070657588661    1.15060462091589   -4.59384110202462
  -2.84477526335182    1.15225260900388   -4.59887266385783
  -2.85234245593252    1.15531763755157   -4.60919289037282
  -2.85835766104932    1.15775404645839   -4.61766115190409
  -2.86268195784573    1.15950556698444   -4.62412342573992
  -2.87206895282127    1.16330769138794   -4.63632253640759
  -2.87388599678059    1.16404366996234   -4.63902426087154
  -2.88535649269606    1.16868969912866   -4.65369829497319
  -2.88616145018051    1.16901574047666   -4.65467740651905
  -2.89657050923629    1.17323184345280   -4.66860256132942
  -2.89995040346702    1.17460084155810   -4.67331100780463
  -2.90693134965296    1.17742841586940   -4.68353041054144
  -2.91343655966806    1.18006329719327   -4.69216873305225
  -2.91846916053540    1.18210171040438   -4.69879526004641
  -2.92724691486905    1.18565706694254   -4.71076637382151
  -2.92906280665651    1.18639257883928   -4.71346806378094
  -2.94027207234617    1.19093279887084   -4.72834483248600
  -2.94109865617088    1.19126759978845   -4.72930852903900
  -2.95148003983661    1.19547249307757   -4.74325152775912
  -2.95494523998751    1.19687604363780   -4.74789076243405
  -2.96211826551109    1.19978141809056   -4.75798351114133
  -2.96862063969726    1.20241515078546   -4.76662154868844
  -2.97365088495989    1.20445260987844   -4.77324821976073
  -2.98243264733700    1.20800958984133   -4.78522206144309
  -2.98485105978117    1.20898914772920   -4.78815269039774
  -2.99545690555943    1.21328495753398   -4.80280253690016
  -2.99628360023556    1.21361980335104   -4.80376639368804
  -3.00606573953802    1.21758197768450   -4.81748338314997
  -3.01034502611672    1.21931526719545   -4.82309710456753
  -3.01731305354812    1.22213760887244   -4.83244859839282
  -3.02402131070503    1.22485473275583   -4.84184344887230
  -3.02822710677115    1.22655825554463   -4.84748234220222
  -3.03762629750633    1.23036531973935   -4.85968979909249
  -3.03943989018655    1.23109990040179   -4.86239143237048
  -3.05064968531241    1.23564033487708   -4.87727233213569
  -3.05168988655678    1.23606165975752   -4.87896950092234
  -3.06126161911607    1.23993861058601   -4.89195599355912
  -3.06554152306591    1.24167215015802   -4.89757064345326
  -3.07251586016312    1.24449704751278   -4.90692587345302
  -3.07922135413463    1.24721305219086   -4.91632057470003
  -3.08342469548379    1.24891558071692   -4.92195946881497
  -3.09303736560203    1.25280911296389   -4.93492460848672
  -3.09464045931881    1.25345843276832   -4.93687139670235
  -3.10525598307882    1.25775816255927   -4.95154829877815
  -3.10687583385820    1.25841426967283   -4.95350174064276
  -3.11640133852854    1.26227249627859   -4.96637080544982
  -3.12066166703766    1.26399810698081   -4.97216949437607
  -3.12739909737943    1.26672704722058   -4.98150139095311
  -3.13442957509985    1.26957468386881   -4.99081010279680
  -3.13863046744790    1.27127622044731   -4.99644900405981
  -3.14803794142792    1.27508663970160   -5.00866222370108
  -3.14984924413684    1.27582029283018   -5.01136381346321
  -3.16106627299871    1.28036365727020   -5.02627148184192
  -3.16208710513528    1.28077713685428   -5.02799716108585
  -3.17160748390510    1.28463328725659   -5.04086710711500
  -3.17587681555048    1.28636254460442   -5.04666872239081
  -3.18260691261286    1.28908851456025   -5.05600023780324
  -3.18964612155577    1.29193968771768   -5.06531223303500
  -3.19384457130622    1.29364023494229   -5.07095114673453
  -3.20325623109661    1.29745234962433   -5.08316731021092
  -3.20506639306284    1.29818554070455   -5.08586888191624
  -3.21568645372477    1.30248710812997   -5.10055115569117
  -3.21731790737589    1.30314791489041   -5.10245425746614
  -3.22693948317441    1.30704505430926   -5.11550286069758
  -3.23118043444453    1.30876281642165   -5.12106614445254
  -3.23811608436261    1.31157204385561   -5.13035254491232
  -3.24487114172780    1.31430812377492   -5.13982716524609
  -3.24906715597671    1.31600768451985   -5.14546609559180
  -3.25890206714232    1.31999123365847   -5.15919556521610
  -3.25970523342806    1.32031654949629   -5.16017747424154
  -3.27091442872549    1.32485674101605   -5.17507182312015
  -3.27274589380529    1.32559856074560   -5.17777531394565
  -3.28139868001084    1.32910329998070   -5.18966427811620
  -3.28654013823278    1.33118580495978   -5.19646870057378
  -3.29251317875114    1.33360513544597   -5.20490896163442
  -3.30031376804603    1.33676469939557   -5.21511274418300
  -3.30372459940252    1.33814622832688   -5.21980570752536
  -3.31392806289790    1.34227905652771   -5.23297150503140
  -3.31552637829295    1.34292644091258   -5.23491777070966
  -3.32615109510783    1.34722989427411   -5.24960558216346
  -3.32799273821922    1.34797583653089   -5.25224192851550
  -3.33745052736613    1.35180663552592   -5.26462035644383
  -3.34157347960919    1.35347660311178   -5.27024373353574
  -3.34828161386197    1.35619367721387   -5.27957407511607
  -3.35534719747356    1.35905553321194   -5.28889623463465
  -3.35896762100874    1.36052195571563   -5.29434779355682
  -3.36938201895491    1.36474022116502   -5.30827124851769
  -3.37018543088133    1.36506563649756   -5.30925351404825
  -3.38139660202261    1.36960662831647   -5.32415263211861
  -3.38322867797656    1.37034869547553   -5.32685707071794
  -3.39187107845467    1.37384922805793   -5.33874751578860
  -3.39703094867740    1.37593919066511   -5.34555847300887
  -3.40300594878676    1.37835931486737   -5.35400172738404
  -3.41080763088975    1.38151932144982   -5.36420865177260
  -3.41421957285006    1.38290130022199   -5.36890329485066
  -3.42442566489531    1.38703519309513   -5.38207365474342
  -3.42543889532912    1.38744559367261   -5.38381161501415
  -3.43606823880912    1.39175092102645   -5.39847032987900
  -3.43848348798999    1.39272919766078   -5.40141809525810
  -3.44713382967329    1.39623294676243   -5.41332343235072
  -3.45228982903153    1.39832134150808   -5.42012359311103
  -3.45826583361237    1.40074187256317   -5.42856837769624
  -3.46573564752214    1.40376745868844   -5.43807485739613
  -3.46944473179044    1.40526979248620   -5.44343807459983
  -3.47981363249838    1.40946962965687   -5.45737268427942
  -3.48064635333702    1.40980691632104   -5.45833404676601
  -3.49108139738134    1.41403354430112   -5.47331418948786
  -3.49350588338580    1.41501556223418   -5.47614194165418
  -3.50243558052456    1.41863246194443   -5.48791366722141
  -3.50755789183258    1.42070721162496   -5.49470246877450
  -3.51353491737554    1.42312815621228   -5.50314880592314
  -3.52100298724717    1.42615303592938   -5.51265600129162
  -3.52534895357757    1.42791333352032   -5.51829189854526
  -3.53492012962584    1.43179005893864   -5.53222008758167
  -3.53568407516432    1.43209948873831   -5.53316465536183
  -3.54664740339338    1.43654009384271   -5.54759563543545
  -3.54902069238939    1.43750137485242   -5.55058143219716
  -3.55775109772685    1.44103755307267   -5.56251475290867
  -3.56283528668658    1.44309686161243   -5.56929529958919
  -3.56881334971229    1.44551822642353   -5.57774321164147
  -3.57638081420294    1.44858336510609   -5.58816868139497
  -3.57975203467204    1.44994884997623   -5.59286524352644
  -3.59020222949680    1.45418161465418   -5.60681998363741
  -3.59098546382487    1.45449885721798   -5.60779227549208
  -3.60174289413140    1.45885606507779   -5.62210531888380
  -3.60430338699685    1.45989317146105   -5.62518414247925
  -3.61307771655878    1.46344714082384   -5.63712977161861
  -3.61812216346894    1.46549035217628   -5.64390228501812
  -3.62410128052804    1.46791214391485   -5.65235179429961
  -3.63190539810446    1.47107313696560   -5.66256528920431
  -3.63531967311750    1.47245606072142   -5.66726344174252
  -3.64549388612532    1.47657704125505   -5.68143413422493
  -3.64628869919546    1.47689897369222   -5.68242306883728
  -3.65693378209780    1.48121067616844   -5.69712298769085
  -3.65934711580231    1.48218817695497   -5.69994811327094
  -3.66837607268475    1.48584528100055   -5.71171062300376
  -3.67342859531602    1.48789176335679   -5.71851558757363
  -3.67939885999761    1.49030996951333   -5.72697475320413
  -3.68696899039167    1.49337618799794   -5.73740422190157
  -3.69035666446362    1.49474833726335   -5.74212451433119
  -3.70079524979138    1.49897639961090   -5.75606273859257
  -3.70159019885288    1.49929838713024   -5.75705186960714
  -3.71223718664575    1.50361086116656   -5.77175464560524
  -3.71490254320733    1.50469044171958   -5.77527234157668
  -3.72369929219597    1.50825349188508   -5.78632319441013
  -3.72864632639829    1.51025724702873   -5.79330155723320
  -3.73445935419522    1.51261176569019   -5.80187499972814
  -3.74227773313116    1.51577853518624   -5.81204379725731
  -3.74566602149050    1.51715093326366   -5.81676501237662
  -3.75610647104431    1.52137975070050   -5.83070599582792
  -3.75690155820573    1.52170179415607   -5.83169532595722
  -3.76756275572648    1.52602002372473   -5.84639105584577
  -3.76995642081482    1.52698955790152   -5.84922428123637
  -3.77903309112690    1.53066598787576   -5.86094985856760
  -3.78442383044569    1.53284946209411   -5.86843297647447
  -3.78961364941719    1.53495155519342   -5.87589586417244
  -3.79759644654608    1.53818492091387   -5.88669817468238
  -3.80098535857226    1.53955757160237   -5.89142032498075
  -3.81142770070279    1.54378715561170   -5.90536410484407
  -3.81222292807666    1.54410925585916   -5.90635363679825
  -3.82290851862563    1.54843736562143   -5.92103413569073
  -3.82550358472513    1.54948847560619   -5.92476622208667
  -3.83383681677906    1.55286378208445   -5.93621978899731
  -3.83894387350408    1.55493235302273   -5.94277008641313
  -3.84504849476090    1.55740497919492   -5.95112504280320
  -3.85318086416245    1.56069892792298   -5.96209350646826
  -3.85577622372630    1.56175015677303   -5.96582598272058
  -3.86675908985483    1.56619867554144   -5.98003726436562
  -3.86755445955760    1.56652083343804   -5.98102700085229
  -3.87826531867884    1.57085917802579   -5.99569162234870
  -3.88086092046521    1.57191050498606   -5.99942442355997
  -3.88917239812058    1.57527700002574   -6.01089919484090
  -3.89427860085738    1.57734522506319   -6.01745006941231
  -3.89984419987548    1.57959952475143   -6.02552591847102
  -3.90836809994756    1.58305205972790   -6.03681245649167
  -3.91107161259569    1.58414709508708   -6.04045037508572
  -3.92200373173203    1.58857505920751   -6.05468641143414
  -3.92283260155337    1.58891078604908   -6.05565335617973
  -3.93143384047427    1.59239464648437   -6.07017450647838
  -3.93599979114070    1.59424404690477   -6.08550003835825
  -3.93643308578323    1.59441954930341   -6.08643622943447
  -3.93642175571877    1.59441496015484   -6.10140001624603
  -3.93598037205680    1.59423618136601   -6.11630343934083
  -3.93549182456912    1.59403829926103   -6.11728207736949
  -3.93389878420945    1.59339305148546   -6.13122596105496
  -3.93261902332273    1.59287469496021   -6.14619076287832
  -3.93137602084180    1.59237122712214   -6.16105350021171
  -3.93049717117830    1.59201525636032   -6.17601482711706
  -3.92880454145799    1.59132967074081   -6.19092908123030
  -3.92754939334889    1.59082128341685   -6.20579050883979
  -3.92576556440407    1.59009875830839   -6.22072622876969
  -3.92209228190431    1.58861092571983   -6.23556921559264
  -3.92113342173382    1.58822254736624   -6.23736077247392
  -3.91291392028222    1.58489330652450   -6.24996956029965
  -3.90725877775578    1.58260273798141   -6.25680024109762
  -3.89961285472678    1.57950582031909   -6.26523935081009
  -3.89337208888440    1.57697804991252   -6.27245201349419
  -3.88648559161567    1.57418873135121   -6.27989552325679
  -3.87938402699444    1.57131230154383   -6.28803883919476
  -3.87357515126795    1.56895946464404   -6.29478531853982
  -3.86582788610709    1.56582149919234   -6.30315960472176
  -3.85980223997962    1.56338086124081   -6.30967302937941
  -3.85205500082442    1.56024290632249   -6.31804754123268
  -3.84602937475434    1.55780227649503   -6.32456114173443
  -3.83806705200663    1.55457720375274   -6.33363566351771
  -3.83226096732666    1.55222549734318   -6.33947907892511
  -3.82447648499789    1.54907245738652   -6.34874825778125
  -3.81934626251835    1.54699450335163   -6.35434104319342
  -3.81073829688937    1.54350791831907   -6.36364682054251
  -3.80620668988320    1.54167242851321   -6.36902722500690
  -3.79693635008169    1.53791755431972   -6.37946036374767
  -3.79266329183797    1.53618678754416   -6.38412255593473
  -3.78319458053456    1.53235156462029   -6.39435947940791
  -3.77889579730355    1.53061037815214   -6.39903717579831
  -3.76961034108442    1.52684938117916   -6.40945693191045
  -3.76598045167054    1.52537912459987   -6.41390569336081
  -3.75565099958043    1.52119526576444   -6.42507387153376
  -3.75221334659852    1.51980287295637   -6.42881918361073
  -3.74206960572028    1.51569423490591   -6.44017361326326
  -3.73863276205997    1.51430216990684   -6.44389797774895
  -3.72813002685561    1.51004812418421   -6.45486738171452
  -3.72466897631393    1.50864625438876   -6.45860206767146
  -3.71409601900363    1.50436376578496   -6.47138943231448
  -3.71239827562846    1.50367610892198   -6.47324370036100
  -3.70034735164392    1.49879498218379   -6.48627471817371
  -3.69862578593439    1.49809767628201   -6.48813632463718
  -3.68657488702423    1.49321655969999   -6.50116771166848
  -3.68488711595287    1.49253294203590   -6.50296184290595
  -3.67266281437300    1.48758159014175   -6.51389955117096
  -3.66835698355787    1.48583754910814   -6.51762062722100
  -3.65896945829679    1.48203520991688   -6.52408683830671
  -3.64606905529213    1.47681000875220   -6.53244400042092
  -3.64501953108665    1.47638490768374   -6.53348306630444
  -3.63148759272535    1.47090390836455   -6.54079129195513
  -3.62119759343267    1.46673602955726   -6.54751405509930
  -3.61782741934292    1.46537096851439   -6.54950861846311
  -3.60405989373260    1.45979454653534   -6.55787638081580
  -3.59708953743638    1.45697126157098   -6.56236661822418
  -3.59009550135554    1.45413838530640   -6.56681603553343
  -3.57630598714373    1.44855305702681   -6.57517936183990
  -3.57366004260453    1.44748133915235   -6.57705754463343
  -3.56253630359572    1.44297576099301   -6.58353899147064
  -3.54957560888354    1.43772613917261   -6.59191279845073
  -3.54853706410146    1.43730548522848   -6.59294916757534
  -3.53516311137125    1.43188847667789   -6.59970166712140
  -3.52460045875080    1.42761016190318   -6.60677653458262
  -3.52106634361327    1.42617869789961   -6.60960262283977
  -3.50742127958109    1.42065187796636   -6.61698767706725
  -3.50045392572162    1.41782980911409   -6.62165302492735
  -3.49375590935511    1.41511683317786   -6.62570407432013
  -3.47985161162589    1.40948501278724   -6.63371498737261
  -3.47560326724820    1.40776425615799   -6.63671691186334
  -3.46620490911408    1.40395752920142   -6.64243741147095
  -3.45228226679445    1.39831827848672   -6.65044309594973
  -3.45119496432796    1.39787787564719   -6.65148954645433
  -3.43862979099353    1.39278845647806   -6.65916366521985
  -3.42811160025816    1.38852815062087   -6.66625768342837
  -3.42471454877175    1.38715220311157   -6.66810540015796
  -3.41107686954788    1.38162837433363   -6.67589869780306
  -3.40396744511869    1.37874876097627   -6.68113673081960
  -3.39707628010693    1.37595755178440   -6.68578600643539
  -3.38336156245606    1.37040251923102   -6.69320031778636
  -3.37978736189489    1.36895481895931   -6.69603682650823
  -3.36940541913199    1.36474969921252   -6.70212534345785
  -3.35575744375117    1.35922170006167   -6.70993854866905
  -3.35472064922810    1.35880175504542   -6.71097591853684
  -3.34198998467861    1.35364530503319   -6.71830055683118
  -3.32983336876456    1.34872136865618   -6.72554351566288
  -3.32801886292149    1.34798641812471   -6.72677444327647
  -3.31443163094025    1.34248302258369   -6.73180542208789
  -3.30064213422536    1.33689770139109   -6.73643782323723
  -3.29111005840675    1.33303681319626   -6.74012506179433
  -3.28668799121651    1.33124569158368   -6.74205357730491
  -3.27306466584721    1.32572767671540   -6.74663645242074
  -3.25933610452163    1.32016703689648   -6.75033232529848
  -3.24713283861637    1.31522420532773   -6.75470707623340
  -3.24486594218149    1.31430601774184   -6.75596501073724
  -3.23167777339261    1.30896425943470   -6.76053827883532
  -3.21796873753594    1.30341152824490   -6.76423146827465
  -3.20411901814569    1.29780181435749   -6.76886866840206
  -3.20300934427093    1.29735235016473   -6.76966322525989
  -3.19031198707684    1.29220939102035   -6.77443858559952
  -3.17660242170073    1.28665644535310   -6.77813191394469
  -3.16249466722364    1.28094221649544   -6.78333395518415
  -3.15995430604932    1.27991326428659   -6.78437395505740
  -3.14894723336799    1.27545494085487   -6.78834020790146
  -3.13513673634872    1.26986111366329   -6.79252738432795
  -3.12138944132164    1.26429288591406   -6.79667221219939
  -3.11605254450653    1.26213122015494   -6.79923608730243
  -3.10758348874449    1.25870089941103   -6.80224315363364
  -3.09381487610783    1.25312403714098   -6.80687469012769
  -3.08002721601311    1.24753945985614   -6.81150942863831
  -3.07307175814578    1.24472220937675   -6.81415653566807
  -3.06619777646334    1.24193796014980   -6.81663336578428
  -3.05245221841781    1.23637043595053   -6.82077935088338
  -3.03872199104595    1.23080912131340   -6.82447624361278
  -3.02581179624372    1.22557995406238   -6.82953905321349
  -3.02472218869980    1.22513861757037   -6.83056921304600
  -3.01120674961955    1.21966430114803   -6.83374933997477
  -2.99734040326488    1.21404785264668   -6.83700015904551
  -2.98363521283908    1.20849667901675   -6.83883730025143
      
      
