# shadow point cont 3D ind 347  size 1079
# norm -0.9146072 -0.4043436  0.0000000
# angle  2.7253316
   1.19228360739302   -2.69689228638877   -6.82891292653996
   1.19281674231573   -2.69809821378034   -6.82544257937189
   1.19549311874397   -2.70415205776514   -6.81402825686420
   1.19737211336417   -2.70840225970195   -6.81217052006407
   1.20334814384585   -2.72191977383143   -6.80716539541871
   1.20927600391234   -2.73532832863247   -6.80294257957750
   1.21521504443408   -2.74876217312408   -6.79848031583347
   1.21562751052652   -2.74969515300924   -6.79784135733616
   1.22133260568766   -2.76259982354048   -6.79346608725050
   1.22734674020738   -2.77620352730270   -6.78976226758639
   1.23333244044042   -2.78974291397800   -6.78598135645831
   1.23669376559497   -2.79734608139987   -6.78324485202239
   1.23932386337610   -2.80329524515117   -6.78129056596324
   1.24538857751426   -2.81701335775201   -6.77678510964043
   1.25144857308386   -2.83072079716146   -6.77323148219881
   1.25702948372902   -2.84334456786217   -6.76888528149559
   1.25744409420682   -2.84428239825126   -6.76819542333475
   1.26347660948761   -2.85792767847436   -6.76395914888727
   1.26944774493096   -2.87143412024569   -6.76040031924525
   1.27552028161419   -2.88516992709422   -6.75598011687134
   1.27850181591056   -2.89191402455191   -6.75409679581671
   1.28142953928987   -2.89853640411781   -6.75193318668915
   1.28753185362064   -2.91233956667555   -6.74663869857843
   1.29347133807220   -2.92577441531660   -6.74199667159828
   1.29535902274845   -2.93004427377222   -6.73945470210153
   1.29955777116247   -2.93954165521740   -6.73403301060445
   1.30557278651927   -2.95314735139378   -6.72672331239628
   1.30705430335124   -2.95649847632037   -6.72478267436007
   1.31154300040043   -2.96665170863257   -6.71903270921210
   1.31748048035086   -2.98008202318158   -6.71215729583058
   1.31901343849916   -2.98354950606893   -6.70969577686138
   1.32356764715382   -2.99385092270773   -6.70322941193405
   1.32958025916820   -3.00745118263084   -6.69579470575883
   1.32996916694260   -3.00833087465242   -6.69503263430287
   1.33563284527271   -3.02114186216108   -6.68755715923690
   1.34152430937428   -3.03446809091448   -6.68075873996791
   1.34193096335492   -3.03538792406224   -6.67994827272698
   1.34765791530988   -3.04834203368521   -6.67175570021555
   1.35323999373867   -3.06096844586037   -6.66510616739731
   1.35365193253808   -3.06190023303224   -6.66434201524275
   1.35964273331785   -3.07545115691653   -6.65675757684710
   1.36451522825162   -3.08647252290768   -6.65023674444086
   1.36567373816933   -3.08909302061595   -6.64852178594172
   1.37164465321054   -3.10259896384747   -6.64089447563652
   1.37644017124298   -3.11344621152474   -6.63482411355145
   1.37760509923880   -3.11608122663913   -6.63315063401144
   1.38369300799509   -3.12985180443059   -6.62515810801131
   1.38778936811578   -3.13911758812772   -6.62032781512236
   1.38970591837584   -3.14345273924511   -6.61772533116500
   1.39574098972469   -3.15710380118004   -6.60955893418336
   1.39940140847636   -3.16538350496454   -6.60527378880180
   1.40165628233748   -3.17048392896192   -6.60248666430197
   1.40771209539004   -3.18418190770457   -6.59440988059529
   1.41033580690495   -3.19011662600682   -6.59073855676934
   1.41375679760836   -3.19785475423623   -6.58612974649436
   1.41976986864807   -3.21145605245415   -6.57869790087998
   1.42164226854591   -3.21569133742345   -6.57606978138853
   1.42581906034986   -3.22513905399698   -6.56880461602807
   1.42994157159197   -3.23446399036316   -6.56141830808455
   1.43188136626459   -3.23885171930396   -6.55694062493378
   1.43647478397062   -3.24924182506632   -6.54696017653023
   1.43800362755298   -3.25270000098922   -6.54328204806858
   1.44307997914737   -3.26418248164485   -6.53163756945001
   1.44384662159675   -3.26591659263601   -6.52981780707310
   1.44955015683874   -3.27881773469976   -6.51696380725247
   1.44992565518331   -3.27966709518979   -6.51605661429029
   1.45584100244632   -3.29304734658802   -6.50273838656202
   1.45621518534761   -3.29389373160408   -6.50186353236354
   1.46184706348469   -3.30663278849590   -6.48789959292157
   1.46223389065378   -3.30750777428119   -6.48695455382738
   1.46802251812387   -3.32060139116568   -6.47342519191764
   1.46870106674075   -3.32213623784096   -6.47229380931064
   1.47393003091551   -3.33396392133948   -6.46011885722843
   1.47508465906968   -3.33657563867192   -6.45740355295047
   1.47993212433851   -3.34754038867854   -6.44614395529435
   1.48146823873545   -3.35101501085940   -6.44251343899070
   1.48593520770031   -3.36111909521496   -6.43217203177371
   1.48813249724985   -3.36608926607062   -6.42740449627629
   1.49193905624881   -3.37469953256956   -6.41820244087493
   1.49451598390126   -3.38052842786374   -6.41251401018110
   1.49794350904872   -3.38828133671385   -6.40423473360172
   1.50061894392032   -3.39433305093956   -6.39784460155525
   1.50394844794993   -3.40186424039758   -6.39026858808311
   1.50700251157930   -3.40877239596822   -6.38295561476054
   1.51008961333001   -3.41575528229421   -6.37573223104924
   1.51347946392707   -3.42342297299343   -6.36830913691294
   1.51614652114465   -3.42945573733980   -6.36190041894290
   1.51986298830201   -3.43786222011549   -6.35342038531517
   1.52198704537874   -3.44266674238735   -6.34846869672686
   1.52577584673064   -3.45123684188151   -6.33829675169457
   1.52805631128222   -3.45639515087812   -6.32910263107529
   1.52928222579125   -3.45916811476245   -6.32366917733878
   1.53027019994327   -3.46140286818287   -6.30881057022406
   1.53010093899523   -3.46102000747563   -6.29375139082496
   1.52990583635930   -3.46057869402416   -6.27878439029735
   1.52951683526822   -3.45969879092442   -6.26386485166641
   1.52912786954725   -3.45881896783028   -6.24894574183160
   1.52873893917613   -3.45793922469591   -6.23402705984303
   1.52841254374658   -3.45720093280729   -6.22376058416540
   1.52816115643097   -3.45663230592343   -6.21907638954683
   1.52777229871553   -3.45575272713297   -6.20415856777283
   1.52738347628529   -3.45487322815606   -6.18924117099101
   1.52718357078471   -3.45442105083920   -6.17435659135339
   1.52660593719938   -3.45311446945959   -6.15940764860452
   1.52577710048685   -3.45123967782207   -6.14385621478889
   1.52350565594120   -3.44610177167612   -6.12908164972271
   1.52240043378135   -3.44360180849692   -6.12437886646911
   1.51959029423809   -3.43724539831826   -6.11366264023461
   1.51650492746266   -3.43026643642888   -6.10412297784566
   1.51489460708043   -3.42662396362247   -6.09888748810408
   1.51034716262959   -3.41633784731071   -6.08494194676857
   1.50999761040585   -3.41554717578755   -6.08395636753143
   1.50479441980218   -3.40377779095609   -6.06875607833703
   1.50433838257223   -3.40274625510327   -6.06705915665390
   1.49982868836096   -3.39254552814793   -6.05409506703082
   1.49835107337813   -3.38920322902988   -6.04937286114442
   1.49481020646678   -3.38119394617040   -6.03868283235656
   1.49257395311238   -3.37613564092783   -6.03195316523076
   1.48983395805410   -3.36993789444234   -6.02372730315322
   1.48627183174887   -3.36188052378309   -6.01285450940232
   1.48485123135215   -3.35866718911323   -6.00904933324610
   1.48031056226820   -3.34839639837885   -5.99510650943142
   1.47995874129510   -3.34760059504595   -5.99412462639640
   1.47504780266749   -3.33649227113575   -5.97918273287013
   1.47433685807629   -3.33488414621299   -5.97723052506457
   1.47013186821266   -3.32537264688744   -5.96430340548395
   1.46817860210543   -3.32095444616307   -5.95790904637442
   1.46525628298055   -3.31434429077940   -5.94932889262999
   1.46213889160665   -3.30729289067813   -5.94008838509829
   1.46000430049955   -3.30246454089992   -5.93442155645075
   1.45614150744072   -3.29372707546829   -5.92232983896570
   1.45536190234343   -3.29196364354634   -5.91971825962719
   1.45044735951631   -3.28084716709777   -5.90477125974212
   1.45009363371969   -3.28004705513910   -5.90379265741280
   1.44554552997594   -3.26975944753622   -5.88984009219054
   1.44403144111469   -3.26633464613368   -5.88518989814076
   1.44069539249134   -3.25878865309684   -5.87497745985962
   1.43808479129611   -3.25288358975236   -5.86726337574852
   1.43547875987818   -3.24698886304009   -5.85975131093655
   1.43210248592596   -3.23935188210533   -5.84950289019904
   1.43028765265643   -3.23524681027902   -5.84457654196938
   1.42593248419234   -3.22539561366448   -5.83110337755903
   1.42559360666696   -3.22462908783241   -5.83015215431948
   1.42070255768714   -3.21356575341747   -5.81523577060953
   1.42000950472756   -3.21199809856659   -5.81325816872501
   1.41559434147572   -3.20201119642083   -5.79984287746561
   1.41405193414007   -3.19852233989357   -5.79525617566507
   1.41065297375989   -3.19083404327170   -5.78516469915286
   1.40788920722317   -3.18458252676335   -5.77684776734437
   1.40564715979187   -3.17951111557753   -5.77048048823534
   1.40188724126763   -3.17100634774998   -5.75910174060030
   1.40072477045360   -3.16837689067110   -5.75552518988771
   1.39609270086876   -3.15789935608459   -5.74083637329037
   1.39574107542960   -3.15710399504072   -5.73985515657028
   1.39094731062203   -3.14626071307984   -5.72570179111681
   1.38990793389838   -3.14390968933743   -5.72273608598111
   1.38607612130318   -3.13524230033132   -5.71048652548676
   1.38383853596456   -3.13018098219993   -5.70405514674239
   1.38087964288753   -3.12348809816948   -5.69561617685443
   1.37784954411868   -3.11663415004335   -5.68630597906467
   1.37595517530030   -3.11234917235667   -5.68067250408494
   1.37167995532848   -3.10267881566208   -5.66790730286531
   1.37096924980916   -3.10107123150922   -5.66599993046955
   1.36607912463556   -3.09000998670272   -5.65108799328485
   1.36572559090460   -3.08921030918799   -5.65011004450945
   1.36118066886913   -3.07892989846719   -5.63616698675838
   1.35966743885559   -3.07550703973982   -5.63151982730487
   1.35608006647114   -3.06739256357658   -5.62109165298987
   1.35381878505962   -3.06227764598627   -5.61434309263108
   1.35112050634607   -3.05617426000999   -5.60609846543315
   1.34774454249893   -3.04853798051909   -5.59585575924190
   1.34620579076484   -3.04505739279935   -5.59116694489893
   1.34157571023136   -3.03458435735823   -5.57745548066768
   1.34125247859845   -3.03385322183635   -5.57653754546923
   1.33644521394288   -3.02297940382204   -5.56136116519605
   1.33573490095997   -3.02137270756904   -5.55941110318156
   1.33151730958437   -3.01183270418606   -5.54646094936843
   1.32961371080316   -3.00752684873557   -5.54091420302054
   1.32656018553924   -3.00061991092355   -5.53178197182052
   1.32362014052498   -2.99396966036955   -5.52317573935281
   1.32163936799848   -2.98948924135289   -5.51683668493279
   1.31745637666846   -2.98002750172817   -5.50478928962042
   1.31640240100469   -2.97764345583504   -5.50196382212364
   1.31176098670638   -2.96714478392389   -5.48727284441198
   1.31141721161095   -2.96636718000703   -5.48628153656972
   1.30670732837261   -2.95571363441058   -5.47188538546992
   1.30554971821372   -2.95309517191658   -5.46821491744158
   1.30175236223401   -2.94450572223628   -5.45693167995956
   1.29957372515178   -2.93957774242890   -5.45044486221197
   1.29657795682518   -2.93280144823034   -5.44178833289216
   1.29342971047936   -2.92568025556020   -5.43201954574555
   1.29190091606134   -2.92222219084484   -5.42736688772409
   1.28735851287203   -2.91194747764157   -5.41437819931500
   1.28667501858594   -2.91040144408335   -5.41251373575632
   1.28211787931409   -2.90009339851933   -5.39755180981773
   1.28139400848739   -2.89845603502900   -5.39562648455327
   1.27687613220735   -2.88823680059940   -5.38267566453297
   1.27540074413846   -2.88489953866128   -5.37796145908390
   1.27210380596215   -2.87744201170940   -5.36754551173934
   1.26951575810288   -2.87158796300389   -5.35990895284357
   1.26690852101964   -2.86569050913053   -5.35237084096537
   1.26335660164643   -2.85765622609578   -5.34151588623177
   1.26192704385193   -2.85442263019206   -5.33771178962499
   1.25739121941504   -2.84416279783304   -5.32379139754167
   1.25703989185563   -2.84336811057986   -5.32281120647216
   1.25213950673175   -2.83228365822390   -5.30789680575417
   1.25133727003656   -2.83046903463796   -5.30520218789367
   1.24721669708266   -2.82114848259316   -5.29300695564252
   1.24522076481907   -2.81663377292807   -5.28673239288250
   1.24225657832100   -2.80992891541556   -5.27833379157910
   1.23922933088679   -2.80308141688107   -5.26899530309062
   1.23710955245169   -2.79828657270555   -5.26320584085087
   1.23326809111563   -2.78959735867843   -5.25114363411129
   1.23247394527500   -2.78780103624425   -5.24852697978195
   1.22757288793267   -2.77671506336017   -5.23360953617328
   1.22721964620900   -2.77591604635291   -5.23263259393959
   1.22241696860641   -2.76505260404764   -5.21847560075333
   1.22125996354650   -2.76243551026051   -5.21480732843708
   1.21775460184773   -2.75450653860662   -5.20376673027868
   1.21513201301630   -2.74857435976428   -5.19637337223941
   1.21252518260348   -2.74267782576125   -5.18890357014651
   1.20914636523016   -2.73503509172153   -5.17863393657224
   1.20763895645316   -2.73162540037132   -5.17400924348815
   1.20299149560918   -2.72111305144383   -5.16022777224362
   1.20263372410461   -2.72030378827442   -5.15934023956838
   1.19760794839818   -2.70893570801924   -5.14399371261047
   1.19717143386611   -2.70794833163736   -5.14224357966118
   1.19303895717067   -2.69860085386067   -5.12907091337452
   1.19114357655786   -2.69431358754019   -5.12354868143993
   1.18782788103601   -2.68681363231019   -5.11419613878474
   1.18515244279538   -2.68076191046388   -5.10582672799726
   1.18290771353886   -2.67568443310915   -5.09926405281564
   1.17909153577477   -2.66705240939295   -5.08818537720335
   1.17791977841499   -2.66440194656219   -5.08460947424164
   1.17328973073699   -2.65392898543869   -5.06993396605688
   1.17294123456951   -2.65314070266764   -5.06896346576730
   1.16813905168723   -2.64227837939763   -5.05481296006068
   1.16707461446339   -2.63987066992271   -5.05189143223921
   1.16293982420937   -2.63051795897982   -5.03965102506620
   1.16111040114958   -2.62637988569934   -5.03410641124568
   1.15810174869280   -2.61957444817357   -5.02479698199632
   1.15507807342470   -2.61273502971934   -5.01550292986883
   1.15319320064076   -2.60847153163858   -5.00988164567175
   1.14892375030701   -2.59881422560769   -4.99713693967838
   1.14820699762891   -2.59719296305168   -4.99522951404718
   1.14332118459982   -2.58614147212352   -4.98033993297093
   1.14287623275110   -2.58513501090811   -4.97861485013078
   1.13843088918734   -2.57507984224426   -4.96544343366373
   1.13691969601207   -2.57166159075413   -4.96080359943868
   1.13331792124340   -2.56351453704082   -4.95037671364545
   1.13102799023951   -2.55833481535176   -4.94370871114195
   1.12829950482765   -2.55216310317259   -4.93569814315716
   1.12491914457588   -2.54451687921068   -4.92444625585468
   1.12348516483791   -2.54127328106828   -4.92051834313975
   1.11885737300117   -2.53080542255699   -4.90682712184080
   1.11850886147115   -2.53001710503657   -4.90588369970327
   1.11362355288216   -2.51896675512940   -4.89099764138348
   1.11293175789886   -2.51740194576470   -4.88902443437479
   1.10879764271969   -2.50805076181096   -4.87582650468389
   1.10691226591876   -2.50378612366628   -4.87034297942605
   1.10359257420276   -2.49627712922356   -4.86099276138949
   1.10086223493854   -2.49010122371311   -4.85270835559726
   1.09858943964352   -2.48496026223242   -4.84633560628247
   1.09486676676717   -2.47653974239743   -4.83499989732108
   1.09343031987798   -2.47329056366912   -4.83119667200167
   1.08906518470673   -2.46341682280797   -4.81675760255294
   1.08870601786332   -2.46260440344441   -4.81578960237452
   1.08391587178963   -2.45176930689800   -4.80164451618848
   1.08275978078571   -2.44915428066471   -4.79797960845936
   1.07900811888920   -2.44066818896044   -4.78672448317958
   1.07679800061743   -2.43566900010790   -4.78020068005609
   1.07388254983649   -2.42907438061157   -4.77164475924269
   1.07070210274018   -2.42188035128155   -4.76172111241166
   1.06914257652225   -2.41835277260691   -4.75719507736635
   1.06480543985046   -2.40854236310145   -4.74472970252390
   1.06400031634975   -2.40672120969031   -4.74210966402191
   1.05910867947342   -2.39565654547974   -4.72721202401296
   1.05875575332929   -2.39485824229928   -4.72623618889693
   1.05422741067542   -2.38461533339940   -4.71233816189186
   1.05275391376379   -2.38128234917456   -4.70763092398571
   1.04941086503565   -2.37372052221321   -4.69717549007461
   1.04678519860032   -2.36778138196826   -4.68981332381049
   1.04418236436623   -2.36189388714308   -4.68232090594572
   1.04064129421447   -2.35388414456286   -4.67146691284315
   1.03919098319887   -2.35060360579960   -4.66767677074953
   1.03483276894062   -2.34074551973467   -4.65323762077481
   1.03447263987791   -2.33993092387399   -4.65226359074504
   1.02942184620600   -2.32850625409790   -4.63791626990498
   1.02864003604300   -2.32673783441575   -4.63518188304700
   1.02460916302565   -2.31762017962248   -4.62275705133365
   1.02276745116523   -2.31345430962365   -4.61721511394674
   1.01944264485058   -2.30593374618713   -4.60764194697671
   1.01658003369775   -2.29945864757039   -4.59893343781169
   1.01465029085167   -2.29509365541245   -4.59346824216082
   1.01058623276716   -2.28590093747891   -4.58122700075107
   1.00950081722208   -2.28344577597798   -4.57837595038414
   1.00487811332748   -2.27298942616467   -4.56371773152797
   1.00451354029840   -2.27216477825047   -4.56275671123078
   0.99895231946750   -2.25958554503049   -4.54855909478392
   0.99856129814921   -2.25870107226699   -4.54767450686327
   0.99259582119712   -2.24520742975025   -4.53545964101545
   0.99150607618087   -2.24274247517885   -4.53344098727423
   0.98661009396685   -2.23166798200842   -4.52331784726281
   0.98438130164641   -2.22662655329156   -4.51855814182261
   0.98072048710065   -2.21834595423849   -4.51171383786005
   0.97689905309480   -2.20970204113810   -4.50368888856418
   0.97459971752382   -2.20450104673816   -4.49901677775009
   0.96934942666821   -2.19262512323977   -4.48878384761692
   0.96855917451452   -2.19083760815160   -4.48704658487235
   0.96262969275498   -2.17742538515329   -4.47567036867103
   0.96153924637454   -2.17495884412740   -4.47367227536070
   0.95660223138662   -2.16379153665446   -4.46360957323191
   0.95433697425465   -2.15866762616202   -4.45901708100135
   0.95067707753620   -2.15038910319335   -4.45217363061111
   0.94685379229375   -2.14174100267843   -4.44415014219558
   0.94455738754557   -2.13654663766879   -4.43947825510601
   0.93929319065396   -2.12463925933786   -4.42924514110453
   0.93849138729564   -2.12282561594055   -4.42756071268479
   0.93250804131233   -2.10929155447302   -4.41638155129152
   0.93172492598318   -2.10752018256332   -4.41458862871135
   0.92652266045057   -2.09575289020129   -4.40424348803032
   0.92399734527104   -2.09004074001644   -4.39925588461124
   0.92063679896779   -2.08243933432144   -4.39264229312440
   0.91681166097739   -2.07378704297337   -4.38462022931905
   0.91455241064873   -2.06867671960183   -4.37988178714768
   0.90926812121220   -2.05672389283138   -4.36971908955962
   0.90856938036076   -2.05514337222305   -4.36862449452285
   0.90254867915067   -2.04152481490040   -4.35660986627407
   0.90145919954527   -2.03906046067650   -4.35461213233747
   0.89657335184876   -2.02800889133218   -4.34525893865613
   0.89387681297543   -2.02190944079681   -4.33995827973040
   0.89054678979536   -2.01437707704364   -4.33333780936829
   0.88634779003567   -2.00487912706577   -4.32490190952337
   0.88451565346730   -2.00073491595005   -4.32128992350369
   0.87892835997765   -1.98809670754008   -4.30997359951822
   0.87853336191892   -1.98720323956726   -4.30910534217763
   0.87260515405041   -1.97379389805356   -4.29774773167786
   0.87139524793215   -1.97105714443441   -4.29509936026743
   0.86640587861538   -1.95977141380715   -4.28529654465606
   0.86384207531943   -1.95397220522137   -4.28044332814592
   0.86048168518670   -1.94637115277713   -4.27387762888141
   0.85636117000354   -1.93705073140717   -4.26558540429639
   0.85448168861778   -1.93279942842837   -4.26177766708772
   0.84882103964482   -1.91999529319036   -4.25068715429984
   0.84842469086315   -1.91909876994256   -4.24982480795890
   0.84239932096478   -1.90546965225546   -4.23782979280111
   0.84131457437283   -1.90301600389664   -4.23581123710275
   0.83637360169869   -1.89183974431419   -4.22578938903163
   0.83411291118692   -1.88672616331274   -4.22116620006029
   0.83045016860153   -1.87844120312011   -4.21437201662167
   0.82660477450825   -1.86974309337172   -4.20628847866935
   0.82435864935850   -1.86466245856885   -4.20162443429344
   0.81915797473085   -1.85289876476282   -4.19118282353619
   0.81835650483061   -1.85108587563282   -4.18949936205797
   0.81236888528821   -1.83754214756542   -4.17832934592667
   0.81128511974326   -1.83509071829114   -4.17631082034757
   0.80643622727801   -1.82412274002994   -4.16694135416912
   0.80378123169028   -1.81811725855174   -4.16143852064892
   0.80042146803083   -1.81051762316209   -4.15487464815552
   0.79629760169938   -1.80118962164429   -4.14658495335042
   0.79442231853524   -1.79694781485537   -4.14277809845320
   0.78876370518711   -1.78414828410983   -4.13169030352433
   0.78836743453820   -1.78325193759486   -4.13082819119070
   0.78234122083156   -1.76962091125111   -4.11883704069293
   0.78156403621782   -1.76786295435488   -4.11705479107274
   0.77631746598577   -1.75599544674086   -4.10679973654498
   0.77405719465076   -1.75088281389853   -4.10217779496793
   0.77042366848731   -1.74266393994787   -4.09533216724052
   0.76664519154277   -1.73411719380220   -4.08709762249725
   0.76433582984924   -1.72889352076070   -4.08250292870869
   0.75904492570153   -1.71692573180889   -4.07245868313309
   0.75834290253380   -1.71533778674768   -4.07134200520938
   0.75231624921386   -1.70170576601829   -4.05935272041387
   0.75123442671880   -1.69925873183610   -4.05733427307804
   0.74638548172428   -1.68829063475604   -4.04796763006990
   0.74373137320818   -1.68228715979426   -4.04246613335436
   0.74037220103401   -1.67468886231789   -4.03590401835710
   0.73624497711534   -1.66535326608774   -4.02761666641704
   0.73428194255823   -1.66091296956589   -4.02316162345679
   0.72902246559229   -1.64901626749605   -4.01293444125579
   0.72832099682388   -1.64742957646135   -4.01186369332528
   0.72238665977226   -1.63400637100914   -4.00053732307526
   0.72121303161135   -1.63135167650976   -3.99785783110006
   0.71636404425291   -1.62038348360442   -3.98849255237418
   0.71340838646179   -1.61369791764624   -3.98276484037725
   0.71038679051479   -1.60686320252350   -3.97717151378039
   0.70544826819731   -1.59569248553838   -3.96811793000936
   0.70434050065631   -1.59318676482067   -3.96619889357818
   0.69839314826493   -1.57973411925104   -3.95577223689502
   0.69686869741840   -1.57628587950045   -3.95303107104142
   0.69236626494832   -1.56610157827945   -3.94559641827087
   0.68821090268457   -1.55670233436906   -3.93840547808691
   0.68634282938941   -1.55247683598185   -3.93541981963685
   0.68029456426921   -1.53879593032522   -3.92541311803310
   0.67918781883961   -1.53629252157785   -3.92351536771895
   0.67436947143114   -1.52539363487130   -3.91490518692073
   0.67092257867735   -1.51759691736041   -3.90864106797620
   0.66833409458107   -1.51174188190626   -3.90475480623033
   0.66232420707586   -1.49814778470124   -3.89465543638481
   0.66191520838662   -1.49722264792731   -3.89377195473926
   0.65629860795701   -1.48451814852766   -3.88448713612311
   0.65298955065558   -1.47703320865587   -3.87868953225862
   0.65032614162104   -1.47100869633665   -3.87409202750705
   0.64460064677613   -1.45805788263154   -3.86426946724179
   0.64419892306100   -1.45714920152423   -3.86343331169416
   0.63828035399085   -1.44376166254208   -3.85385208061585
   0.63565061792845   -1.43781331698240   -3.84917169213546
   0.63228780395270   -1.43020678191346   -3.84360644711629
   0.62670622086828   -1.41758149018515   -3.83409731378905
   0.62630059347818   -1.41666397913934   -3.83328570655778
   0.62026129910055   -1.40300336490188   -3.82322597872099
   0.61802529787712   -1.39794562996831   -3.81944528465106
   0.61425379347294   -1.38941465539763   -3.81302244169108
   0.60939152303045   -1.37841641674922   -3.80457751760968
   0.60824960872289   -1.37583345757016   -3.80278767811958
   0.60219729998600   -1.36214340543310   -3.79277015433426
   0.60070685352417   -1.35877208208246   -3.78995140653258
   0.59622248796048   -1.34862864739706   -3.78245029723835
   0.59139150646135   -1.33770118294155   -3.77485407520842
   0.59026616903492   -1.33515571992745   -3.77299618779446
   0.58418014275937   -1.32138940022339   -3.76215334333035
   0.58307730188623   -1.31889482340841   -3.76022133209913
   0.57834208842296   -1.30818398197412   -3.75230091921469
   0.57416107146724   -1.29872670829591   -3.74493513171981
   0.57230033449647   -1.29451780434693   -3.74217329545217
   0.56620794963206   -1.28073710179877   -3.73139416644067
   0.56550476657905   -1.27914653312884   -3.73026383179513
   0.56027133561363   -1.26730874594928   -3.72189464875672
   0.55688244170196   -1.25964321922971   -3.71540753880079
   0.55421198324014   -1.25360276142072   -3.71092733863919
   0.54828112256406   -1.24018741937476   -3.70143001212173
   0.54787860144421   -1.23927693457358   -3.70054431541186
   0.54225892382314   -1.22656547470423   -3.69126580264244
   0.53924280305607   -1.21974314419404   -3.68567563436058
   0.53623249135824   -1.21293395353910   -3.68112308806809
   0.53056395134132   -1.20011196911196   -3.67105692364834
   0.53016560562557   -1.19921092888843   -3.67021975158562
   0.52424608374709   -1.18582123469639   -3.66064382645179
   0.52162873613483   -1.17990091125780   -3.65597299023446
   0.51829024994257   -1.17234940454889   -3.65022550189240
   0.51301111905501   -1.16040824618589   -3.64113949156474
   0.51225595920992   -1.15870010833296   -3.64012285132171
   0.50618087181203   -1.14495853188176   -3.63020349180692
   0.50400368549838   -1.14003383364813   -3.62626277260554
   0.50031452594013   -1.13168911944239   -3.62044423373675
   0.49532661723100   -1.12040669264438   -3.61156544266629
   0.49419856815037   -1.11785509598957   -3.60971571289299
   0.48824983888024   -1.10439933598166   -3.59932923793069
   0.48642261962474   -1.10026624760812   -3.59632364000972
   0.48224269882958   -1.09081145339615   -3.58913373537273
   0.47812329134063   -1.08149353758105   -3.58168562436468
   0.47620225100562   -1.07714823011460   -3.57812868114091
   0.47028621502218   -1.06376642086147   -3.56943733673254
   0.46906637274781   -1.06100719210085   -3.56702747931785
   0.46424123173910   -1.05009293857387   -3.55942068886733
   0.45984507533105   -1.04014902906014   -3.55176465972242
   0.45823896768257   -1.03651608526939   -3.54916602398850
   0.45229023606602   -1.02306031995400   -3.54156878194439
   0.44929238912330   -1.01627932401857   -3.53689826847134
   0.44631416486672   -1.00954271372310   -3.53300808293503
   0.44028555184400   -0.99590626023352   -3.52486681814072
   0.43840191652886   -0.99164556125193   -3.52205083170283
   0.43423955219060   -0.98223047896163   -3.51666488343685
   0.42821556214900   -0.96860448244894   -3.50843104601868
   0.42749441369915   -0.96697327685348   -3.50739545764155
   0.42226205013293   -0.95513790408327   -3.50079720492503
   0.41661954801056   -0.94237481621107   -3.49253945232542
   0.41620561362306   -0.94143851510803   -3.49176456475088
   0.41031600493678   -0.92811648322117   -3.48472329164077
   0.40503382966890   -0.91616843860580   -3.47747742557149
   0.40428907339267   -0.91448383316113   -3.47652483319664
   0.39828304561678   -0.90089846649149   -3.46823860963869
   0.39450608230395   -0.89235514411317   -3.46265603100775
   0.39224271039936   -0.88723549792090   -3.46002626366023
   0.38629180439930   -0.87377481424709   -3.45243252294941
   0.38329499166411   -0.86699615764293   -3.44776266475149
   0.38031910082305   -0.86026482542916   -3.44387192565494
   0.37428856128057   -0.84662401423791   -3.43573412209420
   0.37207017509061   -0.84160612372357   -3.43273129241859
   0.36824570688808   -0.83295534740577   -3.42753237978530
   0.36230544911332   -0.81951874954215   -3.41990896178438
   0.36115923681342   -0.81692606849630   -3.41806317703409
   0.35626807839064   -0.80586248652628   -3.41166920408407
   0.35062408425848   -0.79309602379454   -3.40341405241568
   0.35021274679230   -0.79216559681159   -3.40263812889618
   0.34424952324059   -0.77867705138591   -3.39504105943479
   0.33904209943367   -0.76689809123772   -3.38835409839171
   0.33829741122794   -0.76521363976548   -3.38740171753125
   0.33229029853622   -0.75162581906466   -3.37911818816003
   0.32824237775827   -0.74246960299807   -3.37328144948610
   0.32630424417166   -0.73808563135967   -3.37060649237051
   0.32029974849970   -0.72450373024072   -3.36331566722927
   0.31762896805351   -0.71846254411747   -3.35885529633073
   0.31425542879317   -0.71083174893364   -3.35419852271202
   0.30827404820165   -0.69730213309459   -3.34670070895719
   0.30638177244032   -0.69302188980952   -3.34399506599339
   0.30225805187475   -0.68369421800766   -3.33841921444829
   0.29631497357673   -0.67025124024635   -3.33079908743672
   0.29517219833054   -0.66766633366255   -3.32895201754995
   0.29028018348207   -0.65660081449584   -3.32256030003722
   0.28463465223871   -0.64383087488720   -3.31430754084711
   0.28422589571924   -0.64290628589049   -3.31353073807859
   0.27824738944785   -0.62938317163524   -3.30602339572841
   0.27263702290153   -0.61669277300125   -3.29945756836061
   0.27222790175479   -0.61576735923392   -3.29874177091452
   0.26629964392933   -0.60235790471986   -3.29497990238864
   0.26026156170431   -0.58870003231746   -3.29425110558138
   0.25426265919285   -0.57513078267784   -3.29378399621037
   0.24829214453151   -0.56162574508770   -3.29367819241925
   0.24226456567308   -0.54799163083158   -3.29331390369120
   0.23626553241114   -0.53442208544021   -3.29331095225886
   0.23026651074163   -0.52085256627039   -3.29330807485370
   0.22426750030327   -0.50728307250493   -3.29330527147582
   0.21826868632005   -0.49371402311221   -3.29283860729709
   0.21226951167491   -0.48014415791836   -3.29329988680220
   0.20629884210838   -0.46663876993960   -3.29273074366857
   0.20023739819807   -0.45292805444814   -3.29247916726170
   0.19430079794867   -0.43949972974359   -3.29272581005340
   0.18827385133402   -0.42586704559468   -3.29236211150282
   0.18227491115580   -0.41229771075451   -3.29235982688715
   0.17627597931826   -0.39872839478060   -3.29235761628093
   0.17030501867962   -0.38522234840972   -3.29178897313884
   0.16427834428183   -0.37159028000319   -3.29142552585508
   0.15827943705494   -0.35802101969747   -3.29142353777257
   0.15228053672339   -0.34445177498869   -3.29142162368134
   0.14632084427785   -0.33097121676751   -3.29131904313422
   0.14028296737864   -0.31731380880293   -3.29049012897564
   0.13428408732019   -0.30374460995100   -3.29048843727956
   0.12828521271173   -0.29017542342671   -3.29048681955660
   0.12228611462809   -0.27660573141154   -3.29094921195274
   0.11628724715287   -0.26303656102234   -3.29094774239348
   0.11028861797364   -0.24946792964799   -3.29048241022723
   0.10428976155248   -0.23589878426256   -3.29048108839758
   0.09829090877497   -0.22232964711893   -3.29047984054147
   0.09229205927986   -0.20876051739991   -3.29047866665899
   0.08633181294231   -0.19527870629972   -3.29037683984663
   0.08029435094687   -0.18162223682894   -3.29001259399270
   0.07429550820069   -0.16805312237572   -3.29001164255008
   0.06829666729158   -0.15448401207784   -3.29001076507227
   0.06229808325144   -0.14091548280613   -3.28954602325917
   0.05629924761508   -0.12734638443499   -3.28954529340044
   0.05033865260405   -0.11386378465096   -3.28944391483341
   0.04430155489646   -0.10020813918304   -3.28908011213787
   0.03830271950417   -0.08663904136396   -3.28907960461001
   0.03230388378110   -0.07306994279670   -3.28907917102896
   0.02635473381960   -0.05961323120371   -3.28897987701896
   0.02030645697798   -0.04593229903373   -3.28815064429796
   0.01430733365787   -0.03236254993480   -3.28845973041792
   0.00830878093426   -0.01879409149968   -3.28815029484746
   0.00230993988706   -0.00522498088946   -3.28815023101523
  -0.00368890365871    0.00834413537243   -3.28815024111180
  -0.00968775006432    0.02191325810313   -3.28815032513724
  -0.01568659969103    0.03548238811982   -3.28815048309165
  -0.02164764017189    0.04896599553670   -3.28758601411114
  -0.02768404900561    0.06262008280269   -3.28722314013997
  -0.03368290871630    0.07618923562888   -3.28722351978424
  -0.03968177309334    0.08975839901017   -3.28722397333931
  -0.04568064249800    0.10332757376369   -3.28722450080524
  -0.05167951729154    0.11689676070662   -3.28722510218214
  -0.05767839783521    0.13046596065608   -3.28722577747009
  -0.06367728449026    0.14403517442923   -3.28722652666916
  -0.06954322055303    0.15730365989866   -3.28648808624048
  -0.07567485686480    0.17117314746824   -3.28570172371076
  -0.08167376336276    0.18474240612516   -3.28570401506323
  -0.08767267741245    0.19831168186375   -3.28570637928070
  -0.09367159937513    0.21188097550117   -3.28570881637274
  -0.09967052961205    0.22545028785455   -3.28571132634883
  -0.10566946848447    0.23901961974105   -3.28571390921845
  -0.11166841635365    0.25258897197781   -3.28571656499099
  -0.11766737358084    0.26615834538200   -3.28571929367582
  -0.12361780190763    0.27961794858019   -3.28528318461185
  -0.12966502689870    0.29329650151119   -3.28479709786884
  -0.13566401262464    0.30686593937825   -3.28480004536445
  -0.14166300915382    0.32043540168175   -3.28480306578991
  -0.14766201684748    0.33400488923883   -3.28480615915437
  -0.15373546764121    0.34774276376449   -3.28518482914860
  -0.16004018043009    0.36200374259771   -3.28808844573789
  -0.16614933438728    0.37582237608504   -3.29371273686707
  -0.16844178730290    0.38100780222586   -3.29625991238842
  -0.17241179945140    0.38998779245114   -3.30152943261485
  -0.17815824493625    0.40298599556839   -3.30914457017962
  -0.18005706778437    0.40728104807146   -3.31182657141060
  -0.18438292217418    0.41706593755881   -3.31734900937324
  -0.19016100422644    0.43013570117900   -3.32465260307996
  -0.19166111157576    0.43352887702581   -3.32651002906734
  -0.19633098841822    0.44409192994101   -3.33264056390460
  -0.20216219399687    0.45728185660601   -3.34044060201676
  -0.20291225927489    0.45897847077570   -3.34136935048874
  -0.20830705520769    0.47118125830676   -3.34847807626370
  -0.21382916467613    0.48367202337113   -3.35565659010858
  -0.21426887918957    0.48466663796799   -3.35622093393322
  -0.22035874691087    0.49844164685083   -3.36383851986277
  -0.22585861867121    0.51088211121235   -3.37109272022474
  -0.22628965896925    0.51185710512127   -3.37177981660066
  -0.23228808602747    0.52542527930688   -3.37977537956270
  -0.23681165009537    0.53565737925865   -3.38545639521781
  -0.23829199140506    0.53900584520633   -3.38740507586675
  -0.24416781907360    0.55229670504637   -3.39523913635053
  -0.24838334132417    0.56183202816091   -3.40060345477722
  -0.25029370897586    0.56615319449421   -3.40323149204902
  -0.25616615898179    0.57943641421224   -3.41130907702932
  -0.25953398323051    0.58705428229493   -3.41598753608030
  -0.26216520864027    0.59300599669185   -3.41912822450485
  -0.26817225313738    0.60659366313948   -3.42682118674962
  -0.27085801911872    0.61266874587417   -3.43023970593601
  -0.27429618915714    0.62044573299234   -3.43494494738015
  -0.28017479543250    0.63374287791695   -3.44261314546993
  -0.28211040795403    0.63812114701869   -3.44510307335248
  -0.28631101085942    0.64762272324056   -3.45095091880617
  -0.29206267772551    0.66063273688904   -3.45872150500531
  -0.29358956712206    0.66408649253089   -3.46042989017493
  -0.29834354323970    0.67483977425165   -3.46640239237398
  -0.30418054796499    0.68804281832742   -3.47419895459372
  -0.30493072427072    0.68973968363683   -3.47512802201987
  -0.31032211864844    0.70193477700221   -3.48224448115176
  -0.31606945737958    0.71493500060266   -3.48937862410039
  -0.31650478485375    0.71591969191257   -3.48996845964232
  -0.32238244876891    0.72921470526048   -3.49792714861990
  -0.32775357861752    0.74136396116577   -3.50514677319866
  -0.32818721430580    0.74234482573154   -3.50578731715439
  -0.33418888163486    0.75592032926513   -3.51322055487345
  -0.33913915094317    0.76711761741902   -3.51954932942316
  -0.34031328361086    0.76977345309019   -3.52118418908384
  -0.34619268283140    0.78307239162140   -3.52901602476339
  -0.35040617960175    0.79260313319011   -3.53438593382412
  -0.35231660706454    0.79692443481345   -3.53701605574216
  -0.35819065351430    0.81021126561615   -3.54601994075196
  -0.36052001204001    0.81548017059921   -3.54939219820602
  -0.36438650009262    0.82422599394178   -3.55583313816186
  -0.36959221990778    0.83600109973670   -3.56436659964838
  -0.37043559983110    0.83790878746770   -3.56588047275219
  -0.37629148107814    0.85115452939286   -3.57577480458724
  -0.37852546332364    0.85620769748849   -3.57955217422152
  -0.38243269620263    0.86504568380915   -3.58614235507243
  -0.38759942294583    0.87673258901628   -3.59410050625670
  -0.38830428273774    0.87832695039473   -3.59519788926046
  -0.39429886677349    0.89188643183512   -3.60550902173956
  -0.39625208660358    0.89630452788266   -3.60894823824211
  -0.40044950712309    0.90579890568977   -3.61614582817019
  -0.40517830435642    0.91649523389843   -3.62375553594693
  -0.40633633581324    0.91911464934951   -3.62547666924428
  -0.41230692609455    0.93261985798864   -3.63524518228485
  -0.41426006417719    0.93703776912712   -3.63868519981841
  -0.41845748159076    0.94653213990872   -3.64588370832877
  -0.42319422682668    0.95724644614434   -3.65365262533533
  -0.42433189898072    0.95981980976156   -3.65546436347214
  -0.43031567207244    0.97335483732924   -3.66498330877775
  -0.43226872844841    0.97777256365089   -3.66842413482724
  -0.43632717107700    0.98695257967387   -3.67518932414566
  -0.44120381352713    0.99798332716185   -3.68339202234030
  -0.44234150554109    1.00055673570132   -3.68520397898805
  -0.44832511773778    1.01409139933163   -3.69472342374331
  -0.45027809241865    1.01850894086259   -3.69816506589446
  -0.45447550986087    1.02800331170902   -3.70536543996920
  -0.45921410655051    1.03872180585029   -3.71313341873817
  -0.46035181904597    1.04129526071801   -3.71494559605838
  -0.46647320111240    1.05514155364247   -3.72490023749160
  -0.46828816908823    1.05924693016840   -3.72790801561922
  -0.47248558962580    1.06874130801634   -3.73510933677360
  -0.47722511889330    1.07946191160712   -3.74287683728479
  -0.47836285248755    1.08203541419935   -3.74468923745380
  -0.48437061540896    1.09562470569069   -3.75486170502028
  -0.48623029174391    1.09983121052881   -3.75771550080173
  -0.49049639711649    1.10948095040687   -3.76485528440779
  -0.49523686355157    1.12020367382888   -3.77262230070849
  -0.49637461885742    1.12277722553177   -3.77443492591806
  -0.50246471473816    1.13655275050106   -3.78468352047024
  -0.50423687257813    1.14056129241111   -3.78781466990927
  -0.50841881736916    1.15002066481134   -3.79476899007685
  -0.51296870548526    1.16031230858483   -3.80221475791880
  -0.51449778690970    1.16377102249589   -3.80490491370043
  -0.52039558038341    1.17711156800648   -3.81435658006428
  -0.52225547333817    1.18131856282894   -3.81721052141667
  -0.52643171274715    1.19076502990973   -3.82451845146214
  -0.53126068832525    1.20168795706143   -3.83230262974277
  -0.53237315307636    1.20420430265869   -3.83420914361604
  -0.53840920078694    1.21785757308027   -3.84410715590150
  -0.53997690067127    1.22140364022335   -3.84663385888277
  -0.54443297363121    1.23148307830228   -3.85452170435198
  -0.54884908173000    1.24147211764968   -3.86197009207269
  -0.55042708825255    1.24504149794825   -3.86444384174804
  -0.55653411978842    1.25885533061330   -3.87457611907246
  -0.55765128936818    1.26138231832291   -3.87646705549765
  -0.56244683985289    1.27222963940575   -3.88427536090072
  -0.56687572145755    1.28224757185308   -3.89186130872197
  -0.56841708313974    1.28573406315890   -3.89450249914918
  -0.57433101524206    1.29911111352685   -3.90404022257972
  -0.57587579991649    1.30260534748826   -3.90665834862137
  -0.58051700461822    1.31310354530131   -3.91462779404845
  -0.58436871380042    1.32181593949884   -3.92132565418678
  -0.58644043842582    1.32650208810234   -3.92541949188975
  -0.59209394152036    1.33929005968243   -3.93658386969476
  -0.59248987212311    1.34018563702819   -3.93745165846472
  -0.59843507629052    1.35363342341114   -3.94852237766533
  -0.59968828309007    1.35646812123805   -3.95085613893796
  -0.60458978669060    1.36755510353824   -3.96053458541024
  -0.60720783204825    1.37347700524577   -3.96614079370985
  -0.61054974399389    1.38103626085584   -3.97250193948902
  -0.61504158352325    1.39119660131789   -3.98117301178007
  -0.61649288373651    1.39447937760207   -3.98410419898622
  -0.62237296192417    1.40777985192657   -3.99533924762017
  -0.62277555572352    1.40869050112555   -3.99617238449734
  -0.62845497638973    1.42153709709556   -4.00728252639731
  -0.63035478684182    1.42583438351473   -4.01092738139386
  -0.63452067885137    1.43525744523998   -4.01928120610786
  -0.63788135498059    1.44285914459554   -4.02584643402646
  -0.64055030444922    1.44889618912931   -4.03133575503311
  -0.64537299216692    1.45980489342154   -4.04073657056704
  -0.64657083812977    1.46251436750761   -4.04329970256319
  -0.65257218201677    1.47608913942971   -4.05449403683917
  -0.65297744420822    1.47700582441246   -4.05533043757736
  -0.65856470615054    1.48964396146380   -4.06668299263907
  -0.66073679855070    1.49455713749255   -4.07064750698479
  -0.66454127203965    1.50316268666096   -4.07788615687843
  -0.66831984450613    1.51170964887300   -4.08534133481290
  -0.67056560621258    1.51678946158336   -4.08995120460169
  -0.67580411212564    1.52863872806788   -4.10023731877018
  -0.67659193089336    1.53042073894564   -4.10198384701170
  -0.68252850632734    1.54384900751881   -4.11324044810010
  -0.68332749894774    1.54565629315243   -4.11493928128160
  -0.68863722303426    1.55766665196554   -4.12503275160463
  -0.69123108456221    1.56353385093005   -4.12979687392605
  -0.69467536029728    1.57132464886142   -4.13707171410314
  -0.69874065258626    1.58052015851039   -4.14468057815730
  -0.70085050173801    1.58529254309028   -4.14891100868773
  -0.70623420196221    1.59747023262393   -4.15974987586603
  -0.70662655786038    1.59835772414752   -4.16062930676854
  -0.71254927505051    1.61175464599185   -4.17202085361305
  -0.71403301622755    1.61511080228768   -4.17486791388733
  -0.71857460276256    1.62538366825539   -4.18397380481195
  -0.72157886174079    1.63217916792883   -4.18955499618178
  -0.72460544371694    1.63902516122690   -4.19603036819826
  -0.72909007953473    1.64916920721501   -4.20443766478264
  -0.73069226945210    1.65279328927292   -4.20783014822850
  -0.73659483699898    1.66614463352386   -4.21844594427545
  -0.73699145500190    1.66704176573812   -4.21930876176668
  -0.74261034756911    1.67975144985067   -4.23048429580642
  -0.74451080884725    1.68405020840930   -4.23413108081686
  -0.74867598499887    1.69347165089590   -4.24249001630735
  -0.75174291678582    1.70040891366443   -4.24881020596954
  -0.75470566414566    1.70711051591052   -4.25455489585155
  -0.75953299693607    1.71802972714982   -4.26395632017989
  -0.76072077880694    1.72071643670919   -4.26655413113155
  -0.76664195406912    1.73410987078136   -4.27798402701388
  -0.76734398656491    1.73569783694220   -4.27907178892828
  -0.77275250818885    1.74793167137381   -4.28971396297776
  -0.77466460551092    1.75225675014430   -4.29332359872653
  -0.77881622177840    1.76164752077838   -4.30171565803119
  -0.78219788888062    1.76929670077764   -4.30832525934781
  -0.78484722428820    1.77528937918105   -4.31377753175210
  -0.78997383193203    1.78688553677664   -4.32348905599909
  -0.79066981034417    1.78845980887060   -4.32458972158851
  -0.79670352189993    1.80210779501426   -4.33649802380775
  -0.79750282056487    1.80391577290696   -4.33819776570426
  -0.80277748602702    1.81584683067707   -4.34853596531301
  -0.80534349613193    1.82165103096618   -4.35338115653114
  -0.80883782715108    1.82955505171526   -4.36039214106037
  -0.81292831108874    1.83880754374876   -4.36812765391639
  -0.81476007267872    1.84295090668011   -4.37185690465416
  -0.82041407789954    1.85574001404742   -4.38303403087413
  -0.82080658664513    1.85662785130506   -4.38391392515623
  -0.82673220444937    1.87003133420900   -4.39531148653015
  -0.82821648053006    1.87338870043300   -4.39816010879363
  -0.83273811492271    1.88361643554551   -4.40744289520884
  -0.83569740422615    1.89031021582241   -4.41316689137716
  -0.83879416747627    1.89731495602871   -4.41933362621253
  -0.84328128358326    1.90746461232025   -4.42774524588192
  -0.84491906433732    1.91116919926167   -4.43127286536094
  -0.85070473460539    1.92425612708722   -4.44200374344229
  -0.85110310868710    1.92515723147331   -4.44286006069647
  -0.85680655565161    1.93805817385734   -4.45380636943643
  -0.85870772910118    1.94235854331595   -4.45745520460862
  -0.86287229287605    1.95177860063367   -4.46581963147817
  -0.86593340867533    1.95870270789778   -4.47216489810363
  -0.86890348419712    1.96542088611900   -4.47789142344587
  -0.87341093483516    1.97561653821187   -4.48745526189612
  -0.87491417185890    1.97901679324245   -4.49117778156326
  -0.87939297287287    1.98914764116484   -4.50257184738068
  -0.88092646877379    1.99261634042462   -4.50718782059137
  -0.88431109420545    2.00027221203299   -4.51723363972742
  -0.88700367986035    2.00636272056477   -4.52470819272264
  -0.88961935790441    2.01227926751465   -4.53218564654579
  -0.89293948570534    2.01978924836201   -4.54260304675710
  -0.89445027204341    2.02320657960456   -4.54724163336636
  -0.89899942243179    2.03349655467086   -4.56115542801070
  -0.89935036046372    2.03429036083028   -4.56213443958175
  -0.90423048353328    2.04532898132401   -4.57702218832992
  -0.90493633913936    2.04692559518966   -4.57897421827329
  -0.90910190336377    2.05634791547957   -4.59190905494392
  -0.91097111568719    2.06057599029784   -4.59756271935616
  -0.91396219529450    2.06734167882273   -4.60690146221913
  -0.91702101716137    2.07426059731412   -4.61608002387652
  -0.91888662670228    2.07848052279922   -4.62169271355149
  -0.92291385005088    2.08758992220475   -4.63407080891952
  -0.92394371631183    2.08991943370516   -4.63704033642506
  -0.92865935399032    2.10058599558831   -4.65147574625347
  -0.92901477293484    2.10138993737193   -4.65244799443292
  -0.93352960780410    2.11160229226612   -4.66636576695344
  -0.93506281179601    2.11507033124075   -4.67098296284056
  -0.93846733951186    2.12277122092733   -4.68127077239765
  -0.94103817162678    2.12858632838778   -4.68872090925885
  -0.94339472296793    2.13391674230526   -4.69595306608487
  -0.94711513427457    2.14233214657053   -4.70733453169951
  -0.94849852977801    2.14546132543294   -4.71128122713071
  -0.95300028440089    2.15564409339384   -4.72520144039151
  -0.95335772762260    2.15645261400209   -4.72617053025454
  -0.95800677378315    2.16696854884486   -4.74084199956757
  -0.95905481312429    2.16933916704126   -4.74375475142388
  -0.96289701012416    2.17803004510710   -4.75550545937259
  -0.96518833692215    2.18321292402011   -4.76223259989234
  -0.96777196197404    2.18905696853280   -4.77069950141542
  -0.97105324385490    2.19647908164339   -4.78013827932149
  -0.97291935668119    2.20070014553753   -4.78575287445193
  -0.97711505410400    2.21019062577682   -4.79869161520520
  -0.97781719204211    2.21177883044351   -4.80065060851910
  -0.98280805216643    2.22306793321088   -4.81531924415582
  -0.98316356323160    2.22387208336731   -4.81629182963122
  -0.98768079988175    2.23408987098263   -4.83021488468947
  -0.98929631696834    2.23774409850229   -4.83567004432298
  -0.99228000352613    2.24449306427922   -4.84514242524522
  -0.99523669606344    2.25118097078708   -4.85439723230974
  -0.99710304160665    2.25540256107650   -4.86001270816874
  -1.00116701167482    2.26459507992103   -4.87129292250862
  -1.00234565212254    2.26726111198937   -4.87491037951539
  -1.00707395116711    2.27795631331729   -4.88927872644435
  -1.00741990165495    2.27873883787467   -4.89026577751852
  -1.01212216731014    2.28937515283813   -4.90470983058139
  -1.01321191098450    2.29184010437425   -4.90763000267192
  -1.01704277425607    2.30050534605270   -4.91961348548450
  -1.01934585261204    2.30571480646518   -4.92697284728331
  -1.02190991086756    2.31151459175810   -4.93455955999438
  -1.02530602153530    2.31919644245769   -4.94477220574854
  -1.02681782846356    2.32261608222969   -4.94941467535990
  -1.03124223181789    2.33262388507472   -4.96261109283687
  -1.03169465090783    2.33364723685638   -4.96431488468482
  -1.03660371128670    2.34475131225178   -4.97921974864499
  -1.03731002190965    2.34634895534527   -4.98117345047151
  -1.04148091226548    2.35578332310666   -4.99412049068228
  -1.04334784171974    2.36000623417681   -4.99977696952468
  -1.04631209877586    2.36671125128848   -5.00903248590289
  -1.04940389626230    2.37370475915904   -5.01831115628554
  -1.05127077434624    2.37792755403183   -5.02392862592469
  -1.05529470481761    2.38702950509608   -5.03631312236155
  -1.05632525426229    2.38936056192758   -5.03928519212707
  -1.06105064113960    2.40004917606317   -5.05373728349909
  -1.06140629215013    2.40085364276976   -5.05471037802796
  -1.06592711612052    2.41107954474330   -5.06864137965262
  -1.06745964672881    2.41454606055424   -5.07326178534245
  -1.07086021881058    2.42223800277316   -5.08355457664258
  -1.07337342067370    2.42792275317714   -5.09123069185153
  -1.07563132637767    2.43303003506769   -5.09868320402304
  -1.07926465153897    2.44124845436047   -5.10915742061251
  -1.08076981912818    2.44465307624395   -5.11381573768950
  -1.08540956894070    2.45514798316254   -5.12752708655363
  -1.08576724891116    2.45595703928589   -5.12849703412978
  -1.09041545101059    2.46647106490011   -5.14317881195146
  -1.09146724646463    2.46885017925617   -5.14609593919874
  -1.09529894942773    2.47751732027937   -5.15808521908895
  -1.09753575701899    2.48257687918096   -5.16460631970785
  -1.10049900601240    2.48927961609979   -5.17300234153167
  -1.10353620960974    2.49614963503073   -5.18242901461546
  -1.10535760826612    2.50026955746895   -5.18813140461578
  -1.10944594862214    2.50951720081649   -5.20032557397401
  -1.11024044249946    2.51131431049412   -5.20304017782184
  -1.11512929598914    2.52237267880838   -5.21795032594876
  -1.11548259590362    2.52317182744066   -5.21892770092696
  -1.11984912583238    2.53304872318102   -5.23240304177112
  -1.12172654318541    2.53729535740993   -5.23808970828011
  -1.12470425553242    2.54403080978883   -5.24756326303466
  -1.12758196873869    2.55054006857618   -5.25608882282608
  -1.12980467349234    2.55556772748876   -5.26268407582755
  -1.13354849872745    2.56403609301484   -5.27391356276502
  -1.13470079048508    2.56664252552263   -5.27759609830751
  -1.13951544969545    2.57753306968974   -5.29174499971022
  -1.13986164245838    2.57831614226255   -5.29273293866284
  -1.14420695682068    2.58814504933881   -5.30719352340513
  -1.14565804220760    2.59142733969541   -5.31100859494361
  -1.14923435390900    2.59951679708744   -5.32188206869221
  -1.15180022532777    2.60532068367470   -5.32947550408605
  -1.15436613493267    2.61112465663728   -5.33706906858006
  -1.15770417971302    2.61867516489211   -5.34744820483286
  -1.15917991473881    2.62201321163128   -5.35216464820349
  -1.16380206785113    2.63246831559969   -5.36588542572428
  -1.16416153588397    2.63328141624029   -5.36685308219141
  -1.16897950727875    2.64417945242067   -5.38199706429413
  -1.16966704764495    2.64573463803144   -5.38391228195516
  -1.17395410906468    2.65543177955252   -5.39668530295249
  -1.17581882060809    2.65964967380735   -5.40234488818609
  -1.17879998214663    2.66639292810349   -5.41161265794082
  -1.18188145049461    2.67336307192406   -5.42089720710929
  -1.18374971697893    2.67758900729651   -5.42651982331173
  -1.18774194105054    2.68661923990014   -5.43894779652503
  -1.18879631936649    2.68900419657453   -5.44189054070746
  -1.19359729775881    2.69986379534204   -5.45605995101205
  -1.19395075024969    2.70066328909533   -5.45703787329245
  -1.19842041262902    2.71077346583419   -5.47127526586644
  -1.19995234299213    2.71423862391732   -5.47589914040538
  -1.20334909078992    2.72192191577662   -5.48619740736136
  -1.20594115923940    2.72778505887770   -5.49367106881785
  -1.20830119067644    2.73312334461668   -5.50091623212385
  -1.21200942542914    2.74151120606062   -5.51230790403444
  -1.21339476817224    2.74464478949220   -5.51626172854974
  -1.21791586796165    2.75487131535606   -5.53021480068142
  -1.21827380678549    2.75568095699420   -5.53118567082177
  -1.22292141479926    2.76619363881315   -5.54587857333594
  -1.22396916537634    2.76856360383813   -5.54884570080919
  -1.22770544277071    2.77701489648546   -5.56102468533655
  -1.22985654677587    2.78188059770182   -5.56681153095574
  -1.23267282382318    2.78825089064063   -5.57575408333685
  -1.23599234930745    2.79575950907459   -5.58524935874918
  -1.23786121699944    2.79998680435196   -5.59087417903779
  -1.24185726661369    2.80902569016224   -5.60329146837709
  -1.24264723152796    2.81081255552766   -5.60602007618921
  -1.24764109540461    2.82210845264872   -5.62072783775931
  -1.24800958512123    2.82294195993524   -5.62169983160986
  -1.25228198629701    2.83260594063905   -5.63541873808081
  -1.25405340160785    2.83661280298135   -5.64032569931158
  -1.25741879639093    2.84422517572123   -5.65059006054195
  -1.26011941940137    2.85033386439239   -5.65889672559567
  -1.26234384881315    2.85536542440466   -5.66549828504870
  -1.26608964915008    2.86383825752288   -5.67673794014666
  -1.26724287090574    2.86644679364471   -5.68042396004088
  -1.27204416553636    2.87730710772911   -5.69460639836944
  -1.27240023148256    2.87811251300167   -5.69558097363247
  -1.27702836262104    2.88858113899833   -5.71028266629880
  -1.27819934812339    2.89122985592203   -5.71393631083723
  -1.28168710652755    2.89911900970948   -5.72497962067881
  -1.28428565809514    2.90499681733424   -5.73246089932073
  -1.28691528858751    2.91094492409923   -5.73994142479935
  -1.29018514692685    2.91834119766893   -5.75048889605880
  -1.29162032365392    2.92158750334725   -5.75527592072838
  -1.29626466287161    2.93209279129543   -5.76902508328211
  -1.29662276526875    2.93290280292907   -5.76999653007139
  -1.30152887370405    2.94400020115991   -5.78492274945528
  -1.30224437963270    2.94561864362435   -5.78684616177108
  -1.30644429450287    2.95511866354127   -5.79984894791578
  -1.30831522745010    2.95935063033378   -5.80542654369131
  -1.31139151432842    2.96630905390128   -5.81457505636400
  -1.31440380800136    2.97312272769544   -5.82400392733726
  -1.31622752430299    2.97724789254374   -5.82971494298474
  -1.32023333716679    2.98630886238861   -5.84117619427955
  -1.32138062831134    2.98890398373287   -5.84487675700598
  -1.32601779843220    2.99939305550413   -5.85958391459329
  -1.32637177916525    3.00019374411761   -5.86055151898492
  -1.33092832382037    3.01050044468515   -5.87451162314627
  -1.33246998704381    3.01398761806380   -5.87906106965930
  -1.33594254301635    3.02184238462968   -5.88922518455651
  -1.33855070521271    3.02774193106763   -5.89768096563291
  -1.34072130834670    3.03265173844280   -5.90438243895746
  -1.34436801965556    3.04090043660367   -5.91488246822141
  -1.34587559640302    3.04431050789556   -5.91954970346918
  -1.35042889105783    3.05460985710749   -5.93348826142288
  -1.35077551483287    3.05539390461044   -5.93447774746493
  -1.35541943785044    3.06589825113255   -5.94918969246567
  -1.35657777770227    3.06851836415938   -5.95285498691208
  -1.36038813710784    3.07713722700839   -5.96392168684564
  -1.36264334896543    3.08223841553870   -5.97053091984051
  -1.36530506445025    3.08825909712407   -5.97888756449561
  -1.36864128119233    3.09580547043798   -5.98927831290608
  -1.37011897572842    3.09914794950195   -5.99400205598118
  -1.37457587214440    3.10922925020168   -6.00719687592319
  -1.37527487622423    3.11081036622085   -6.00916836896320
  -1.37991652492130    3.12130956833152   -6.02388246596330
  -1.38071804800247    3.12312257775443   -6.02658367842008
  -1.38489230767981    3.13256456677063   -6.03861633624925
  -1.38681339508544    3.13690998070871   -6.04418613331501
  -1.38985968259355    3.14380054704025   -6.05353858534339
  -1.39270565307236    3.15023800519534   -6.06222098496821
  -1.39487702739413    3.15514955696283   -6.06892526363291
  -1.39872300190391    3.16384897958742   -6.08092572748916
  -1.39977871958343    3.16623696584241   -6.08387321732283
  -1.40392558170500    3.17561698281070   -6.09878860624662
  -1.40457155561542    3.17707814695440   -6.10165308142779
  -1.40678491632966    3.18208467006703   -6.11381851135390
  -1.40735577548831    3.18337592799596   -6.12854988540018
  -1.40774341927889    3.18425276094258   -6.14346653284735
  -1.40775962857146    3.18428942563865   -6.15830991120895
  -1.40851782428377    3.18600443048768   -6.17335768513712
  -1.40872303600774    3.18646861024493   -6.18814611710351
  -1.40891828536396    3.18691025557114   -6.20313522426277
  -1.40930608671178    3.18778744490521   -6.21805383438754
  -1.40969392032024    3.18866470721139   -6.23297284059193
  -1.40971011690064    3.18870134315310   -6.24781433859830
  -1.40990997117726    3.18915340460366   -6.26273398705898
  -1.40939950275715    3.18799874782896   -6.27739346946142
  -1.40686476169588    3.18226527672046   -6.29154322860603
  -1.40441183747047    3.17671687164166   -6.29856755630480
  -1.40141019860029    3.16992729853565   -6.30600887370014
  -1.39842050733302    3.16316475037395   -6.31332272336398
  -1.39570254952528    3.15701685116525   -6.32069497617210
  -1.39236307878397    3.14946311745038   -6.32822912923310
  -1.38936219315480    3.14267524814189   -6.33567265062379
  -1.38638326312725    3.13593704142399   -6.34298267284492
  -1.38298436922676    3.12824889517619   -6.35055815122749
  -1.38035860719297    3.12230953869178   -6.35707149037866
  -1.37698263399701    3.11467323805427   -6.36544589246931
  -1.37438720000855    3.10880248225430   -6.37182186191926
  -1.37060485378578    3.10024698397402   -6.38033220032562
  -1.36835421357057    3.09515613629468   -6.38591535930515
  -1.36427855087193    3.08593716924208   -6.39518612462769
  -1.36240725425296    3.08170437984035   -6.39972334191782
  -1.35818044141619    3.07214351792394   -6.41014949306830
  -1.35639137207920    3.06809672296271   -6.41393310877417
  -1.35189423535850    3.05792440049036   -6.42496471175379
  -1.35037919530055    3.05449744752337   -6.42864730333375
  -1.34551246023064    3.04348911008708   -6.43985468208123
  -1.34437709176179    3.04092095730290   -6.44261940075588
  -1.33947232022568    3.02982658307834   -6.45465275470426
  -1.33833900603990    3.02726307699076   -6.45742323208194
  -1.33309070048642    3.01539164415714   -6.46966231092584
  -1.33234050020743    3.01369472462128   -6.47152365976125
  -1.32671170723679    3.00096264623820   -6.48443500552154
  -1.32633429859353    3.00010896473783   -6.48535958451357
  -1.32067566866027    2.98730939647748   -6.49935457887821
  -1.32030057865308    2.98646095962837   -6.50028532558382
  -1.31436479295652    2.97303447740598   -6.51326380544201
  -1.31398524115156    2.97217594816952   -6.51418196276661
  -1.30832947552699    2.95938285884754   -6.52724420973335
  -1.30757473376589    2.95767566668194   -6.52909370954108
  -1.30246195813799    2.94611079648877   -6.53835931753821
  -1.29950090562132    2.93941302790228   -6.54377694208348
  -1.29649077529972    2.93260424751226   -6.54839812126167
  -1.29052567049811    2.91911144678330   -6.55589262879697
  -1.28864184512073    2.91485031788942   -6.55865269573623
  -1.28452353672837    2.90553488818171   -6.56425938503229
  -1.27852971308359    2.89197712671174   -6.57248361592685
  -1.27777863117329    2.89027821296524   -6.57341272376244
  -1.27255380568272    2.87845989098557   -6.58007861182601
  -1.26654417392975    2.86486637228069   -6.58771518201546
  -1.26613856438674    2.86394890160423   -6.58851177709912
  -1.26053746025393    2.85127945413603   -6.59587716362464
  -1.25556732679583    2.84003723416224   -6.60325895414478
  -1.25443459821840    2.83747505269459   -6.60509191360328
  -1.24858263412053    2.82423817118594   -6.61175552649964
  -1.24430846482086    2.81457019106483   -6.61806021705348
  -1.24242693858625    2.81031426272924   -6.62083087728871
  -1.23647369425315    2.79684828985051   -6.62824892062004
  -1.23336295976789    2.78981194733410   -6.63291867020713
  -1.23039368295610    2.78309557575925   -6.63677159149506
  -1.22449011394086    2.76974196623157   -6.64421007802004
  -1.22220563448365    2.76457457569769   -6.64777102539321
  -1.21839180183054    2.75594785651780   -6.65334840842598
  -1.21242249753031    2.74244555671045   -6.66092242077173
  -1.21092929631986    2.73906800224145   -6.66282019677569
  -1.20647540288366    2.72899349414790   -6.66916458442199
  -1.20040670067604    2.71526636071199   -6.67672501147499
  -1.20001708206492    2.71438506080948   -6.67759208258107
  -1.19438233448338    2.70163951336240   -6.68508938196884
  -1.18916378496966    2.68983538736216   -6.69239531150392
  -1.18841275946302    2.68813660119821   -6.69332476686961
  -1.18240797576964    2.67455404858767   -6.70090465698254
  -1.17788301731450    2.66431879459421   -6.70732290950948
  -1.17635693832493    2.66086687205676   -6.70999901690558
  -1.17042096771170    2.64743997156113   -6.71672270268832
  -1.16593054136685    2.63728282765934   -6.72224731878429
  -1.16442425169635    2.63387566767806   -6.72408378367804
  -1.15857716947884    2.62064982876482   -6.72955321661271
  -1.15253101499585    2.60697369727532   -6.73340121285802
  -1.14875249707499    2.59842685844303   -6.73693682569626
  -1.14649583257310    2.59332238409618   -6.73877077526549
  -1.14053950475474    2.57984943651145   -6.74275491136363
  -1.13455128138591    2.56630434261565   -6.74680511774571
  -1.12855548909565    2.55274212815750   -6.75121056216160
  -1.12778237931857    2.55099338835986   -6.75192039785128
  -1.12247082192119    2.53897888267942   -6.75573627350654
  -1.11653337492408    2.52554864266938   -6.75955325071229
  -1.11045409170199    2.51179757545116   -6.76399763883941
  -1.10711419997898    2.50424288949447   -6.76669821069876
  -1.10447937447452    2.49828303184409   -6.76850216845823
  -1.09845302670857    2.48465170226419   -6.77312351566211
  -1.09242184605326    2.47100944090434   -6.77698113595457
  -1.08714772943960    2.45907962460501   -6.78149971815760
  -1.08638832071932    2.45736187598610   -6.78236244513436
  -1.08041509641249    2.44385070929885   -6.78629310075076
  -1.07439099862325    2.43022446906581   -6.79090007246536
  -1.06838078973427    2.41662964490505   -6.79554001672623
  -1.06689065297571    2.41325902208939   -6.79656691906006
  -1.06203933683959    2.40228556159290   -6.80302054331143
  -1.05719401684624    2.39132566410364   -6.81141825473493
      
      
