# shadow point cont 2D ind 122  size 1189
# norm  0.5750053 -0.8181497  0.0000000
# angle  0.9581858
   3.47311435  -6.83644013
   3.48311800  -6.83498651
   3.49790013  -6.83134459
   3.50434266  -6.82938810
   3.51275352  -6.82667136
   3.52763779  -6.82273940
   3.54246838  -6.81827395
   3.55548041  -6.81418282
   3.55739442  -6.81347356
   3.57238233  -6.80928062
   3.58714721  -6.80537366
   3.60197719  -6.80145667
   3.60830746  -6.79938017
   3.61677329  -6.79661652
   3.63179104  -6.79217837
   3.64671594  -6.78786471
   3.65772475  -6.78468479
   3.66141175  -6.78365375
   3.67653841  -6.77872260
   3.69117190  -6.77532376
   3.70604779  -6.77088819
   3.70794803  -6.77007178
   3.72093120  -6.76606086
   3.73595116  -6.76162425
   3.75072198  -6.75776910
   3.75908719  -6.75503187
   3.76570381  -6.75259336
   3.78059360  -6.74866507
   3.79558356  -6.74447428
   3.80933261  -6.74045935
   3.81035654  -6.73979466
   3.82509624  -6.73551207
   3.84010821  -6.73037417
   3.85023062  -6.72597308
   3.85475067  -6.72387516
   3.86952286  -6.71625048
   3.87806179  -6.71093370
   3.88466267  -6.70740316
   3.89945392  -6.69987396
   3.90587781  -6.69620818
   3.91447174  -6.69087424
   3.92928786  -6.68324616
   3.93205059  -6.68155439
   3.94434784  -6.67432355
   3.95872860  -6.66707542
   3.95974003  -6.66628179
   3.97391235  -6.65815746
   3.98678360  -6.65144624
   3.98862817  -6.65048974
   4.00366416  -6.64236604
   4.01378534  -6.63675717
   4.01843341  -6.63396899
   4.03341474  -6.62564198
   4.04081115  -6.62194798
   4.04834775  -6.61747794
   4.06306462  -6.60973539
   4.06751189  -6.60700837
   4.07804140  -6.60055733
   4.09266936  -6.59297297
   4.09445701  -6.59193667
   4.10775657  -6.58455607
   4.12071984  -6.57730522
   4.12254561  -6.57631867
   4.13731353  -6.56780535
   4.14474126  -6.56266816
   4.15240683  -6.55711249
   4.16286232  -6.54824859
   4.16760706  -6.54368383
   4.17865397  -6.53335785
   4.18236920  -6.52963460
   4.19423876  -6.51821720
   4.19708882  -6.51549454
   4.20930667  -6.50357512
   4.21209312  -6.50078284
   4.22489563  -6.48843345
   4.22679987  -6.48662356
   4.24065638  -6.47356329
   4.24158521  -6.47263258
   4.25576158  -6.45887989
   4.25668035  -6.45797474
   4.27061274  -6.44401467
   4.27154157  -6.44308401
   4.28547400  -6.42912432
   4.28640284  -6.42819368
   4.30104628  -6.41488628
   4.30196297  -6.41400616
   4.31589553  -6.40004721
   4.31682437  -6.39911662
   4.33097805  -6.38534471
   4.33193019  -6.38443994
   4.34562047  -6.37120240
   4.34747817  -6.36934133
   4.36068391  -6.35648171
   4.36258401  -6.35466715
   4.37559004  -6.34076763
   4.37649558  -6.33981605
   4.38401959  -6.32560665
   4.38624179  -6.31041744
   4.38627227  -6.29535780
   4.38666947  -6.28053341
   4.38712909  -6.26551763
   4.38709216  -6.25059687
   4.38705530  -6.23567654
   4.38701852  -6.22075662
   4.38698183  -6.20583712
   4.38784642  -6.19098619
   4.38783956  -6.17600194
   4.38780310  -6.16108368
   4.38730132  -6.14616181
   4.38489442  -6.13035099
   4.37758390  -6.11544245
   4.37672533  -6.11445226
   4.36498391  -6.09988179
   4.36241552  -6.09697718
   4.35267186  -6.08527025
   4.34700228  -6.07864339
   4.33953119  -6.07031287
   4.33211349  -6.06182411
   4.32642608  -6.05536628
   4.31696166  -6.04431558
   4.31343061  -6.04043941
   4.30204813  -6.02733159
   4.30033620  -6.02549456
   4.28818130  -6.01055486
   4.28729815  -6.00957750
   4.27455229  -5.99530910
   4.27243696  -5.99272452
   4.26220960  -5.98071911
   4.25740417  -5.97501520
   4.24904300  -5.96575361
   4.24251034  -5.95820250
   4.23594126  -5.95079993
   4.22763459  -5.94138678
   4.22294025  -5.93588453
   4.21250723  -5.92369113
   4.20991562  -5.92096212
   4.19841321  -5.90624407
   4.19753329  -5.90526761
   4.18490864  -5.89073729
   4.18309542  -5.88882184
   4.17180580  -5.87621994
   4.16798703  -5.87137623
   4.15872190  -5.86084743
   4.15312204  -5.85456569
   4.14584584  -5.84592739
   4.13808491  -5.83685778
   4.13333347  -5.83130741
   4.12298991  -5.82008097
   4.12011172  -5.81665213
   4.10815441  -5.80241693
   4.10725766  -5.80145274
   4.09419743  -5.78651777
   4.09329823  -5.78555550
   4.08205608  -5.77202445
   4.07844026  -5.76779548
   4.06826171  -5.75634676
   4.06343732  -5.75100555
   4.05508015  -5.74174080
   4.04870235  -5.73419617
   4.04230506  -5.72650209
   4.03369364  -5.71647413
   4.02984250  -5.71185819
   4.01863954  -5.69892699
   4.01678113  -5.69692588
   4.00447866  -5.68226592
   4.00359922  -5.68129007
   3.99099878  -5.66685697
   3.98893706  -5.66422982
   3.97850405  -5.65212883
   3.97405535  -5.64743526
   3.96477543  -5.63695249
   3.95905412  -5.63065105
   3.95168855  -5.62236009
   3.94418993  -5.61292394
   3.93880234  -5.60711539
   3.92934032  -5.59612977
   3.92582403  -5.59220464
   3.91427486  -5.57850394
   3.91337858  -5.57754035
   3.90037766  -5.56263750
   3.89926977  -5.56091570
   3.88741670  -5.54742846
   3.88457586  -5.54390322
   3.87437289  -5.53250680
   3.86970223  -5.52711392
   3.86149429  -5.51760867
   3.85457442  -5.50942665
   3.84822660  -5.50296599
   3.83985314  -5.49261279
   3.83600926  -5.48800051
   3.82480114  -5.47507466
   3.82300650  -5.47309717
   3.81064913  -5.45842383
   3.80977015  -5.45744856
   3.79779424  -5.44327199
   3.79512132  -5.44039968
   3.78470657  -5.42830739
   3.78024527  -5.42361469
   3.77166634  -5.41339037
   3.76515174  -5.40608610
   3.75871527  -5.39850478
   3.75039839  -5.38912426
   3.74565701  -5.38358140
   3.73555219  -5.37233912
   3.73265643  -5.36868285
   3.72067443  -5.35535892
   3.71893740  -5.35352965
   3.70660233  -5.33886585
   3.70572358  -5.33789089
   3.69436401  -5.32390208
   3.69081335  -5.32014339
   3.68132683  -5.30898905
   3.67571524  -5.30262315
   3.66838561  -5.29411246
   3.66073997  -5.28493768
   3.65538818  -5.27922075
   3.64617508  -5.26868035
   3.64232791  -5.26429696
   3.63113539  -5.25040872
   3.63015757  -5.24935967
   3.61691955  -5.23471207
   3.61604100  -5.23373737
   3.60342721  -5.21935592
   3.60140513  -5.21669932
   3.59100833  -5.20461521
   3.58653436  -5.19992350
   3.57807918  -5.18974962
   3.57157045  -5.18222900
   3.56501803  -5.17482825
   3.55647402  -5.16472408
   3.55202049  -5.15993909
   3.54166796  -5.14777981
   3.53896909  -5.14502256
   3.52677442  -5.13100963
   3.52599681  -5.13015204
   3.51401171  -5.11497152
   3.51195075  -5.11236296
   3.50140771  -5.10050194
   3.49668671  -5.09504322
   3.48779682  -5.08541722
   3.48219263  -5.07882094
   3.47473082  -5.07049371
   3.46732370  -5.06204966
   3.46168138  -5.05558075
   3.45223880  -5.04454428
   3.44863955  -5.04067220
   3.43719277  -5.02700774
   3.43630113  -5.02601488
   3.42352880  -5.01087813
   3.42263114  -5.00991781
   3.41043228  -4.99594767
   3.40786341  -4.99311516
   3.39763632  -4.98081462
   3.39283687  -4.97543848
   3.38446511  -4.96618725
   3.37796616  -4.95867178
   3.37141433  -4.95127470
   3.36287437  -4.94117592
   3.35841706  -4.93639244
   3.34808704  -4.92424175
   3.34603355  -4.92171490
   3.33320037  -4.90748055
   3.33233696  -4.90657996
   3.31998817  -4.89192727
   3.31823232  -4.88997948
   3.30731590  -4.87686144
   3.30350206  -4.87208106
   3.29422135  -4.86190969
   3.28839885  -4.85459906
   3.28182899  -4.84722607
   3.27353527  -4.83783128
   3.26881288  -4.83234050
   3.25871187  -4.82011992
   3.25601859  -4.81718978
   3.24365511  -4.80344056
   3.24275409  -4.80253855
   3.22972527  -4.78763833
   3.22863431  -4.78593785
   3.21764542  -4.77276402
   3.21403010  -4.76800077
   3.20481838  -4.75759735
   3.19908424  -4.75127248
   3.19158005  -4.74295290
   3.18421892  -4.73451009
   3.17789914  -4.72783838
   3.16936302  -4.71774474
   3.16490184  -4.71296270
   3.15459396  -4.70082014
   3.15250124  -4.69826088
   3.14045883  -4.68345352
   3.13956193  -4.68243844
   3.12762192  -4.66824903
   3.12489168  -4.66543913
   3.11438031  -4.65360391
   3.10962639  -4.64813552
   3.10137119  -4.63873104
   3.09515534  -4.63193144
   3.08834462  -4.62383057
   3.08006438  -4.61445242
   3.07532808  -4.60894643
   3.06521779  -4.59768854
   3.06231292  -4.59406550
   3.05045708  -4.57996786
   3.04953532  -4.57893126
   3.03626024  -4.56426193
   3.03540283  -4.56332814
   3.02419082  -4.54941598
   3.02051004  -4.54562092
   3.00883267  -4.53402294
   3.00588144  -4.53125895
   2.99179221  -4.51933286
   2.99081739  -4.51845893
   2.97612908  -4.50706192
   2.97240350  -4.50421031
   2.96110806  -4.49520230
   2.95464118  -4.48955608
   2.94636149  -4.48287214
   2.93610415  -4.47468827
   2.93147476  -4.47077960
   2.91744556  -4.45976587
   2.91647087  -4.45889208
   2.90155722  -4.44685057
   2.89886755  -4.44487803
   2.88675067  -4.43471621
   2.88123251  -4.42999789
   2.87206392  -4.42236812
   2.86280122  -4.41487172
   2.85718066  -4.41027584
   2.84433447  -4.40000925
   2.84226954  -4.39819429
   2.82740383  -4.38702710
   2.82546553  -4.38532612
   2.81276126  -4.37556343
   2.80689686  -4.37044505
   2.79773094  -4.36281631
   2.78846984  -4.35532098
   2.78289748  -4.35071282
   2.77060020  -4.34045539
   2.76799518  -4.33862793
   2.75300471  -4.32658395
   2.75204394  -4.32577224
   2.73807254  -4.31469728
   2.73350248  -4.31090466
   2.72339103  -4.30234920
   2.71509534  -4.29578343
   2.70851541  -4.29025978
   2.69729896  -4.28115582
   2.69362243  -4.27817757
   2.67941530  -4.26650538
   2.67843401  -4.26559612
   2.66373571  -4.25424427
   2.66083452  -4.25159142
   2.64907547  -4.24281547
   2.64151805  -4.23647992
   2.63397597  -4.23008571
   2.62298101  -4.22162537
   2.61936109  -4.21862985
   2.60476188  -4.20713163
   2.60378768  -4.20625838
   2.58962851  -4.19445182
   2.58668434  -4.19182195
   2.57460337  -4.18260290
   2.56814496  -4.17696076
   2.55993203  -4.17026441
   2.54970784  -4.16184242
   2.54500846  -4.15819678
   2.53097971  -4.14719317
   2.53000561  -4.14632004
   2.51510069  -4.13428797
   2.51240978  -4.13231737
   2.50052211  -4.12283007
   2.49398561  -4.11720647
   2.48563321  -4.11075003
   2.47617376  -4.10255244
   2.47056768  -4.09799225
   2.45788340  -4.08748357
   2.45580847  -4.08568933
   2.44070287  -4.07400136
   2.43907768  -4.07283899
   2.42614016  -4.06242288
   2.42048367  -4.05794251
   2.41133121  -4.05031882
   2.40207804  -4.04282884
   2.39646131  -4.03823715
   2.38425681  -4.02818320
   2.38161301  -4.02614866
   2.36665386  -4.01410881
   2.36567726  -4.01330174
   2.35170045  -4.00223677
   2.34712333  -3.99844197
   2.33687016  -3.99013413
   2.32873940  -3.98333665
   2.32217024  -3.97781621
   2.31023399  -3.96848720
   2.30729090  -3.96574202
   2.29237965  -3.95461526
   2.29137981  -3.95379296
   2.27760089  -3.94435274
   2.27019430  -3.93870640
   2.26285335  -3.93384637
   2.24872424  -3.92409826
   2.24767695  -3.92322202
   2.23318178  -3.91431802
   2.22563535  -3.90895732
   2.21829620  -3.90409732
   2.20416246  -3.89435037
   2.20311992  -3.89347397
   2.18846469  -3.88393553
   2.18196459  -3.87920795
   2.17360202  -3.87371582
   2.15916048  -3.86433977
   2.15813940  -3.86359612
   2.14370167  -3.85447216
   2.13730396  -3.84969674
   2.12897987  -3.84401122
   2.11504565  -3.83486137
   2.11401259  -3.83398470
   2.09930514  -3.82447554
   2.09273672  -3.81993582
   2.08449550  -3.81422994
   2.07165039  -3.80488914
   2.06974043  -3.80372277
   2.05458232  -3.79407642
   2.04912493  -3.79021067
   2.03994550  -3.78449035
   2.02709741  -3.77515017
   2.02519389  -3.77398320
   2.01003349  -3.76433835
   2.00457637  -3.76047287
   1.99557328  -3.75445397
   1.98254655  -3.74541337
   1.98064945  -3.74424582
   1.96548677  -3.73460245
   1.96002990  -3.73073725
   1.95102851  -3.72471855
   1.93799777  -3.71567873
   1.93615183  -3.71450149
   1.92109590  -3.70461441
   1.91547606  -3.70098115
   1.90627153  -3.69437818
   1.89345103  -3.68594620
   1.89140181  -3.68417411
   1.87660309  -3.67485074
   1.87186928  -3.67126667
   1.86173084  -3.66464708
   1.84959667  -3.65639291
   1.84686246  -3.65444355
   1.83212370  -3.64509121
   1.82670611  -3.64109840
   1.81736259  -3.63460304
   1.80505497  -3.62665150
   1.80232506  -3.62471509
   1.78752479  -3.61539366
   1.78279142  -3.61181008
   1.77267912  -3.60517563
   1.76075053  -3.59676178
   1.75795749  -3.59466305
   1.74281761  -3.58498418
   1.73918218  -3.58210665
   1.72831996  -3.57514673
   1.71691527  -3.56720966
   1.71325600  -3.56526437
   1.69841190  -3.55597534
   1.69279328  -3.55234337
   1.68373757  -3.54728831
   1.66885430  -3.53893895
   1.66597843  -3.53726680
   1.65385270  -3.53091918
   1.63989770  -3.52268062
   1.63889432  -3.52183683
   1.62437056  -3.51477302
   1.61133903  -3.50735424
   1.60948374  -3.50642522
   1.59469244  -3.49897955
   1.58350999  -3.49249134
   1.57983756  -3.49062258
   1.56499127  -3.48226406
   1.55746552  -3.47781800
   1.55011599  -3.47391436
   1.53531683  -3.46647130
   1.52963252  -3.46295573
   1.52043311  -3.45812392
   1.50544528  -3.45009133
   1.50180192  -3.44809433
   1.49058900  -3.44174832
   1.47591008  -3.43397562
   1.47488977  -3.43323277
   1.46092133  -3.42594397
   1.44809073  -3.41841941
   1.44622896  -3.41725907
   1.43141021  -3.40982235
   1.42020601  -3.40352440
   1.41636289  -3.40091417
   1.40176294  -3.39402745
   1.39243339  -3.38846977
   1.38668296  -3.38512680
   1.37188697  -3.37764434
   1.36626984  -3.37401396
   1.35718924  -3.36896916
   1.34219797  -3.36093994
   1.33855787  -3.35894270
   1.32732509  -3.35262630
   1.31254209  -3.34513056
   1.31154330  -3.34430941
   1.29767926  -3.33679812
   1.28481701  -3.32925827
   1.28296126  -3.32812637
   1.26799151  -3.32102492
   1.25683389  -3.31457600
   1.25313107  -3.31270019
   1.23830382  -3.30525481
   1.22571736  -3.29909936
   1.22362631  -3.29803781
   1.20859348  -3.29535523
   1.19382815  -3.29485102
   1.17891698  -3.29441537
   1.16407869  -3.29440952
   1.14924046  -3.29440375
   1.13440229  -3.29439805
   1.11956418  -3.29439243
   1.10472614  -3.29438688
   1.08988815  -3.29438141
   1.07505023  -3.29437601
   1.06021236  -3.29437068
   1.04537455  -3.29436543
   1.03053680  -3.29436025
   1.01569936  -3.29389120
   1.00086172  -3.29388617
   0.98612342  -3.29431300
   0.97118643  -3.29367776
   0.95634920  -3.29340754
   0.94151177  -3.29340281
   0.92667411  -3.29366810
   0.91183705  -3.29339356
   0.89699948  -3.29366202
   0.88216254  -3.29338461
   0.86732535  -3.29338025
   0.85248821  -3.29337596
   0.83765111  -3.29337174
   0.82281405  -3.29336760
   0.80797704  -3.29336354
   0.79314007  -3.29335954
   0.77830315  -3.29335562
   0.76346663  -3.29288784
   0.74872640  -3.29331610
   0.73366223  -3.29277576
   0.71895583  -3.29334069
   0.70421561  -3.29330525
   0.68928283  -3.29240576
   0.67435467  -3.29244593
   0.65960952  -3.29286300
   0.64483990  -3.29282610
   0.62993596  -3.29269232
   0.61509986  -3.29238950
   0.60026336  -3.29238647
   0.58542689  -3.29238351
   0.57059045  -3.29238063
   0.55575403  -3.29237782
   0.54091765  -3.29237508
   0.52608129  -3.29237242
   0.51124495  -3.29236984
   0.49647453  -3.29186983
   0.48157285  -3.29143699
   0.46673659  -3.29143463
   0.45190035  -3.29143234
   0.43693811  -3.29181741
   0.42232092  -3.29232412
   0.40739175  -3.29142592
   0.39255559  -3.29142392
   0.37763108  -3.29146507
   0.36288333  -3.29188411
   0.34804722  -3.29188234
   0.33327478  -3.29184709
   0.31837501  -3.29141507
   0.30353894  -3.29141352
   0.28870288  -3.29141204
   0.27386683  -3.29141064
   0.25903079  -3.29140931
   0.24419536  -3.29094412
   0.22935873  -3.29140688
   0.21452271  -3.29140577
   0.19968670  -3.29140474
   0.18491341  -3.29090630
   0.16992911  -3.29051781
   0.15517935  -3.29093815
   0.14040497  -3.29090385
   0.12550664  -3.29082137
   0.11067133  -3.29047222
   0.09583534  -3.29047171
   0.08099935  -3.29047127
   0.06607829  -3.29051362
   0.05138811  -3.29090094
   0.03649138  -3.29047039
   0.02165538  -3.29047025
   0.00681937  -3.29047018
  -0.00801664  -3.29047018
  -0.02285193  -3.29000632
  -0.03768868  -3.29047041
  -0.05252398  -3.29000669
  -0.06736002  -3.29000699
  -0.08219607  -3.29000737
  -0.09703213  -3.29000782
  -0.11186820  -3.29000834
  -0.12670429  -3.29000893
  -0.14154039  -3.29000960
  -0.15637650  -3.29001035
  -0.17115431  -3.28997741
  -0.18604889  -3.28954812
  -0.20088506  -3.28954908
  -0.21580334  -3.28959267
  -0.23049964  -3.28998135
  -0.24539368  -3.28955242
  -0.26022910  -3.28908974
  -0.27506620  -3.28955502
  -0.28990249  -3.28955643
  -0.30473796  -3.28909396
  -0.31948950  -3.28952735
  -0.33441167  -3.28902465
  -0.34924718  -3.28863492
  -0.36416411  -3.28867920
  -0.37886378  -3.28906852
  -0.39375652  -3.28864048
  -0.40859303  -3.28864248
  -0.42342957  -3.28864455
  -0.43826614  -3.28864670
  -0.45310274  -3.28864892
  -0.46793845  -3.28818726
  -0.48277605  -3.28865359
  -0.49761276  -3.28865603
  -0.51244856  -3.28819459
  -0.52728533  -3.28819718
  -0.54206775  -3.28816566
  -0.55703762  -3.28778117
  -0.57174181  -3.28817116
  -0.58663300  -3.28774436
  -0.60154795  -3.28778986
  -0.61625321  -3.28817996
  -0.63114406  -3.28775346
  -0.64598117  -3.28775664
  -0.66081731  -3.28729593
  -0.67570279  -3.28733999
  -0.69043976  -3.28819610
  -0.70533007  -3.28777011
  -0.72011387  -3.28727521
  -0.73508050  -3.28689198
  -0.74978901  -3.28728247
  -0.76475512  -3.28689947
  -0.77951624  -3.28732464
  -0.79430212  -3.28729392
  -0.80919170  -3.28686862
  -0.82402941  -3.28687269
  -0.83886717  -3.28687684
  -0.85370390  -3.28641707
  -0.86854177  -3.28642136
  -0.88337970  -3.28642573
  -0.89821881  -3.28689415
  -0.91305575  -3.28643468
  -0.92789500  -3.28690324
  -0.94273204  -3.28644392
  -0.95757028  -3.28644865
  -0.97240859  -3.28645346
  -0.98724696  -3.28645834
  -1.00208540  -3.28646329
  -1.01692390  -3.28646832
  -1.03176129  -3.28600944
  -1.04652086  -3.28642538
  -1.06144032  -3.28554855
  -1.07627790  -3.28509731
  -1.09111675  -3.28510271
  -1.10595567  -3.28510818
  -1.12079467  -3.28511373
  -1.13563496  -3.28558237
  -1.15047288  -3.28512504
  -1.16574858  -3.28594570
  -1.18064964  -3.28806414
  -1.19594962  -3.29251314
  -1.20540222  -3.29676069
  -1.21146364  -3.29981069
  -1.22568716  -3.30755421
  -1.23418763  -3.31190062
  -1.24083614  -3.31531070
  -1.25537740  -3.32335086
  -1.26279986  -3.32706803
  -1.27022236  -3.33078524
  -1.28475549  -3.33865207
  -1.29149961  -3.34180159
  -1.30012332  -3.34633340
  -1.31475909  -3.35401773
  -1.31954827  -3.35650692
  -1.33000209  -3.36193066
  -1.34440701  -3.36964184
  -1.34738273  -3.37106317
  -1.35986039  -3.37756567
  -1.37414443  -3.38561563
  -1.37600021  -3.38654508
  -1.38899076  -3.39305130
  -1.40385382  -3.40059261
  -1.40492445  -3.40125783
  -1.41868486  -3.40885159
  -1.43275312  -3.41599008
  -1.43383417  -3.41661438
  -1.44837969  -3.42465257
  -1.46059223  -3.43086213
  -1.46352906  -3.43241634
  -1.47837632  -3.43985333
  -1.48973712  -3.44556562
  -1.49327759  -3.44769836
  -1.50751790  -3.45583252
  -1.51783528  -3.46119234
  -1.52261956  -3.46369375
  -1.53746771  -3.47113109
  -1.54596857  -3.47548312
  -1.55261728  -3.47889785
  -1.56716554  -3.48693482
  -1.57458988  -3.49065373
  -1.58246735  -3.49478944
  -1.59661702  -3.50230195
  -1.60321692  -3.50581494
  -1.61209757  -3.51066406
  -1.62628243  -3.51799550
  -1.63111704  -3.52034295
  -1.64158662  -3.52577116
  -1.65628010  -3.53361663
  -1.65915354  -3.53532082
  -1.67145693  -3.54253038
  -1.68420412  -3.55036260
  -1.68630791  -3.55182728
  -1.70115910  -3.56112441
  -1.70681301  -3.56470826
  -1.71614492  -3.57047925
  -1.73030440  -3.57952411
  -1.73132195  -3.58029082
  -1.74539116  -3.58937346
  -1.75403993  -3.59443045
  -1.76040702  -3.59858238
  -1.77541740  -3.60766865
  -1.77822646  -3.60949073
  -1.79061303  -3.61752057
  -1.80123890  -3.62460844
  -1.80512002  -3.62696752
  -1.81965742  -3.63586329
  -1.82542119  -3.63923949
  -1.83505541  -3.64552042
  -1.84862562  -3.65424437
  -1.84968460  -3.65495729
  -1.86453829  -3.66433603
  -1.87196524  -3.66898589
  -1.87997341  -3.67381395
  -1.89392928  -3.68249025
  -1.89602762  -3.68395898
  -1.90910088  -3.69223604
  -1.91935525  -3.69867963
  -1.92394803  -3.70166431
  -1.93849594  -3.71128290
  -1.94313854  -3.71407251
  -1.95366669  -3.72106701
  -1.96562817  -3.72847215
  -1.96851899  -3.73014333
  -1.98307210  -3.73922691
  -1.98975394  -3.74358673
  -1.99832670  -3.74887753
  -2.01277862  -3.75774419
  -2.01383386  -3.75845791
  -2.02794618  -3.76757508
  -2.03714927  -3.77328766
  -2.04280526  -3.77679794
  -2.05735181  -3.78644613
  -2.06025662  -3.78808418
  -2.07249868  -3.79567236
  -2.08416172  -3.80332891
  -2.08706442  -3.80495671
  -2.10223189  -3.81408896
  -2.10788676  -3.81767764
  -2.11730662  -3.82410959
  -2.13089511  -3.83282936
  -2.13195264  -3.83354567
  -2.14651899  -3.84245892
  -2.15496356  -3.84790335
  -2.16139606  -3.85186273
  -2.17603116  -3.86132676
  -2.17886829  -3.86310052
  -2.19109064  -3.87116999
  -2.20154685  -3.87725772
  -2.20623070  -3.88027551
  -2.22082116  -3.88985019
  -2.22546523  -3.89264121
  -2.23567537  -3.89907788
  -2.24906428  -3.90709366
  -2.25080980  -3.90819178
  -2.26540914  -3.91780886
  -2.27134078  -3.92188962
  -2.28072513  -3.92868464
  -2.29157130  -3.93719906
  -2.29539612  -3.93982717
  -2.31019408  -3.95043023
  -2.31213983  -3.95218395
  -2.32511330  -3.96221953
  -2.33098589  -3.96643870
  -2.34053727  -3.97382576
  -2.35046481  -3.98163284
  -2.35512667  -3.98536979
  -2.36900943  -3.99634418
  -2.37004340  -3.99712526
  -2.38451242  -4.00815803
  -2.38837803  -4.01170397
  -2.39940994  -4.02006937
  -2.40784364  -4.02648771
  -2.41435174  -4.03116928
  -2.42743956  -4.04126449
  -2.42947243  -4.04289353
  -2.44403448  -4.05435669
  -2.44679635  -4.05625475
  -2.45951506  -4.06590977
  -2.46576727  -4.07087230
  -2.47398958  -4.07740110
  -2.48526627  -4.08582007
  -2.48886437  -4.08875420
  -2.50349229  -4.10004303
  -2.50449984  -4.10086644
  -2.51834054  -4.11135446
  -2.52396241  -4.11595041
  -2.53324337  -4.12321628
  -2.54371737  -4.13054264
  -2.54837852  -4.13428113
  -2.56218953  -4.14569305
  -2.56315697  -4.14658036
  -2.57762567  -4.15709167
  -2.58236732  -4.16068267
  -2.59268681  -4.16907821
  -2.60098079  -4.17568053
  -2.60771427  -4.18080843
  -2.62072076  -4.19019387
  -2.62275193  -4.19182660
  -2.63733783  -4.20327411
  -2.64010926  -4.20516023
  -2.65219623  -4.21456492
  -2.65963232  -4.22015016
  -2.66724816  -4.22651790
  -2.67817095  -4.23497329
  -2.68196077  -4.23765900
  -2.69682236  -4.24896051
  -2.69858028  -4.25003002
  -2.71170489  -4.26004742
  -2.71755812  -4.26430287
  -2.72703593  -4.27189592
  -2.73681228  -4.27986115
  -2.74143777  -4.28345264
  -2.75556212  -4.29443695
  -2.75656829  -4.29526996
  -2.77118086  -4.30676656
  -2.77488226  -4.30958227
  -2.78603627  -4.31802364
  -2.79433269  -4.32462853
  -2.80105180  -4.32979047
  -2.81406686  -4.33916862
  -2.81608784  -4.34081640
  -2.83069153  -4.35235302
  -2.83342465  -4.35429002
  -2.84556784  -4.36352775
  -2.85225965  -4.36887181
  -2.86063675  -4.37534731
  -2.87126558  -4.38341936
  -2.87585351  -4.38721773
  -2.89017756  -4.39808284
  -2.89190043  -4.39918459
  -2.90508627  -4.41005536
  -2.90980995  -4.41367990
  -2.91992771  -4.42138920
  -2.92919881  -4.42887457
  -2.93489838  -4.43332223
  -2.94873046  -4.44369336
  -2.94971658  -4.44455021
  -2.96458694  -4.45576673
  -2.96828947  -4.45858360
  -2.97925206  -4.46720254
  -2.98767810  -4.47364857
  -2.99446837  -4.47892174
  -3.00582006  -4.48829893
  -3.00957085  -4.49208966
  -3.01977669  -4.50319668
  -3.02462977  -4.50899234
  -3.03171992  -4.51854543
  -3.03918886  -4.52766490
  -3.04389513  -4.53320528
  -3.05413501  -4.54635669
  -3.05584707  -4.54833052
  -3.06742478  -4.56276261
  -3.06921317  -4.56468851
  -3.07966816  -4.57764005
  -3.08423441  -4.58329659
  -3.09167847  -4.59260952
  -3.09910747  -4.60199896
  -3.10361246  -4.60769736
  -3.11396121  -4.62062755
  -3.11568747  -4.62259384
  -3.12699242  -4.63725988
  -3.12878769  -4.63918028
  -3.13898489  -4.65239401
  -3.14354805  -4.65793110
  -3.15117249  -4.66709076
  -3.15857650  -4.67664595
  -3.16295468  -4.68242333
  -3.17341659  -4.69515192
  -3.17518642  -4.69709113
  -3.18646243  -4.71199657
  -3.18817501  -4.71397111
  -3.19856491  -4.72689873
  -3.20313277  -4.73243761
  -3.21075827  -4.74159875
  -3.21826463  -4.75100430
  -3.22277090  -4.75670450
  -3.23277437  -4.76892389
  -3.23477450  -4.77160375
  -3.24630461  -4.78628351
  -3.24803745  -4.78824697
  -3.25837644  -4.80118551
  -3.26297525  -4.80682031
  -3.27042472  -4.81613592
  -3.27763143  -4.82476143
  -3.28236290  -4.83122606
  -3.29237075  -4.84344817
  -3.29437118  -4.84612846
  -3.30643204  -4.86103690
  -3.30733004  -4.86199759
  -3.31775059  -4.87594428
  -3.32209627  -4.88075515
  -3.32995560  -4.89065096
  -3.33723139  -4.89929415
  -3.34196359  -4.90575983
  -3.35193830  -4.91811577
  -3.35382593  -4.92089379
  -3.36604062  -4.93557657
  -3.36693875  -4.93653742
  -3.37798855  -4.95070954
  -3.38170690  -4.95529804
  -3.38956741  -4.96519551
  -3.39706483  -4.97460296
  -3.40157309  -4.98030597
  -3.41144652  -4.99270010
  -3.41338469  -4.99543964
  -3.42565808  -5.01012869
  -3.42678838  -5.01181935
  -3.43719978  -5.02481053
  -3.44180061  -5.03044815
  -3.44925341  -5.03976841
  -3.45634715  -5.04852508
  -3.46156120  -5.05530719
  -3.47098240  -5.06635434
  -3.47386929  -5.07000639
  -3.48538328  -5.08469082
  -3.48625020  -5.08567321
  -3.49747163  -5.09960509
  -3.50119854  -5.10426594
  -3.50888092  -5.11433770
  -3.51608468  -5.12296712
  -3.52145129  -5.12966026
  -3.53084473  -5.14166933
  -3.53284641  -5.14435141
  -3.54492018  -5.15927093
  -3.54581869  -5.16023228
  -3.55710653  -5.17418468
  -3.56083402  -5.17884633
  -3.56851762  -5.18891982
  -3.57581950  -5.19742271
  -3.58132266  -5.20402100
  -3.59059606  -5.21621060
  -3.59318840  -5.21916405
  -3.60465707  -5.23385735
  -3.60552424  -5.23484009
  -3.61650286  -5.24900069
  -3.62023987  -5.25359618
  -3.62876953  -5.26373175
  -3.63536602  -5.27214638
  -3.64010198  -5.27861748
  -3.65024445  -5.29081023
  -3.65283718  -5.29376420
  -3.66421937  -5.30846493
  -3.66511814  -5.30942663
  -3.67640437  -5.32338291
  -3.68013304  -5.32804620
  -3.68781912  -5.33812321
  -3.69489473  -5.34588252
  -3.70062901  -5.35323001
  -3.70967582  -5.36466418
  -3.71249547  -5.36837757
  -3.72388320  -5.38308175
  -3.72478211  -5.38404363
  -3.73606756  -5.39800187
  -3.73979683  -5.40266600
  -3.74813065  -5.41297289
  -3.75456132  -5.42050566
  -3.76029654  -5.42785447
  -3.76934328  -5.43929027
  -3.77216340  -5.44300432
  -3.78363858  -5.45770572
  -3.78450615  -5.45868900
  -3.79558664  -5.47265896
  -3.79949938  -5.47723773
  -3.80800633  -5.48740305
  -3.81423764  -5.49514230
  -3.81997382  -5.50249244
  -3.82902051  -5.51392989
  -3.83184110  -5.51764461
  -3.84373161  -5.53181875
  -3.84459932  -5.53280221
  -3.85542316  -5.54728031
  -3.85915365  -5.55194614
  -3.86749021  -5.56225680
  -3.87381822  -5.56989955
  -3.87941516  -5.57736451
  -3.88870763  -5.58858320
  -3.89152870  -5.59229860
  -3.90342148  -5.60647548
  -3.90428933  -5.60745913
  -3.91511582  -5.62194010
  -3.91884695  -5.62660680
  -3.92718490  -5.63691938
  -3.93351216  -5.64456301
  -3.93911007  -5.65202934
  -3.94830424  -5.66331742
  -3.95119489  -5.66697472
  -3.96312140  -5.68114611
  -3.96398939  -5.68212995
  -3.97481858  -5.69661383
  -3.97855034  -5.70128140
  -3.98688970  -5.71159593
  -3.99321623  -5.71924044
  -3.99881512  -5.72670815
  -4.00811210  -5.73793155
  -4.01093416  -5.74164832
  -4.02283152  -5.75583079
  -4.02369965  -5.75681482
  -4.03453155  -5.77130165
  -4.03826396  -5.77597011
  -4.04660475  -5.78628660
  -4.05293057  -5.79393199
  -4.05853045  -5.80140111
  -4.06782972  -5.81262691
  -4.07065227  -5.81634438
  -4.08255197  -5.83052969
  -4.08342025  -5.83151391
  -4.09425488  -5.84600372
  -4.09775884  -5.84992198
  -4.10633019  -5.86099156
  -4.11265530  -5.86863784
  -4.11825620  -5.87610838
  -4.12737144  -5.88747623
  -4.13009939  -5.89126175
  -4.14224229  -5.90528564
  -4.14314220  -5.90624884
  -4.15398870  -5.92072021
  -4.15749325  -5.92463925
  -4.16606613  -5.93571096
  -4.17250737  -5.94325466
  -4.17824954  -5.95061312
  -4.18729637  -5.96206078
  -4.19011995  -5.96577969
  -4.20155293  -5.98051340
  -4.20245299  -5.98147679
  -4.21464370  -5.99545758
  -4.21748725  -5.99919869
  -4.22583077  -6.01045255
  -4.23213650  -6.01809305
  -4.23773944  -6.02556646
  -4.24695637  -6.03687004
  -4.25050577  -6.04076137
  -4.26136346  -6.05524372
  -4.26223218  -6.05622853
  -4.27348834  -6.07019707
  -4.27725350  -6.07584303
  -4.28354163  -6.08534135
  -4.28888664  -6.10039251
  -4.28949322  -6.11525940
  -4.28952860  -6.13017741
  -4.28819350  -6.14508556
  -4.28776532  -6.15997544
  -4.28674896  -6.17458335
  -4.28594783  -6.18984439
  -4.28508000  -6.20472524
  -4.28418502  -6.21964259
  -4.28329011  -6.23456031
  -4.28239526  -6.24947840
  -4.28018642  -6.26424437
  -4.27649734  -6.27228123
  -4.27288746  -6.27884995
  -4.26182819  -6.29059133
  -4.25904322  -6.29338128
  -4.24726418  -6.30583047
  -4.24457830  -6.30870720
  -4.23258910  -6.32081819
  -4.22980417  -6.32360827
  -4.21773618  -6.33569882
  -4.21495127  -6.33848898
  -4.20288337  -6.35057981
  -4.20009847  -6.35337003
  -4.18776155  -6.36509509
  -4.18489001  -6.36778620
  -4.17271092  -6.37987626
  -4.16992606  -6.38266661
  -4.15791455  -6.39584907
  -4.15612404  -6.39776716
  -4.14324208  -6.41080646
  -4.14138553  -6.41266679
  -4.12838974  -6.42568926
  -4.12653320  -6.42754963
  -4.11327400  -6.44017462
  -4.11135969  -6.44196893
  -4.09850264  -6.45538191
  -4.09671218  -6.45730017
  -4.08380004  -6.46927368
  -4.08092860  -6.47196528
  -4.06851409  -6.48475757
  -4.06665759  -6.48661812
  -4.05389321  -6.49894295
  -4.05110849  -6.50173385
  -4.03881086  -6.51452774
  -4.03695479  -6.51638880
  -4.02429527  -6.52782861
  -4.02052029  -6.53148347
  -4.00971775  -6.53901552
  -3.99850495  -6.54633812
  -3.99490260  -6.54837570
  -3.98004941  -6.55654059
  -3.97237455  -6.56099950
  -3.96514915  -6.56504804
  -3.95031516  -6.57325673
  -3.94557648  -6.57585668
  -3.93536072  -6.58153947
  -3.92046034  -6.58987190
  -3.91862655  -6.59084449
  -3.90565048  -6.59827588
  -3.89260860  -6.60579652
  -3.89079797  -6.60680297
  -3.87609585  -6.61423683
  -3.86549137  -6.62042145
  -3.86088442  -6.62326902
  -3.84632353  -6.63108898
  -3.83878937  -6.63556828
  -3.83127425  -6.64003689
  -3.81651464  -6.64755548
  -3.81177628  -6.65015596
  -3.80158840  -6.65604660
  -3.78678314  -6.66427559
  -3.78576192  -6.66501933
  -3.77185191  -6.67257917
  -3.75958413  -6.67975331
  -3.75675134  -6.68153134
  -3.74225906  -6.68867670
  -3.73269621  -6.69477670
  -3.72732152  -6.69771803
  -3.71252815  -6.70539851
  -3.70580977  -6.70967956
  -3.69748011  -6.71434825
  -3.68272386  -6.72186898
  -3.67882301  -6.72428530
  -3.66767508  -6.73078979
  -3.65299176  -6.73765956
  -3.65011216  -6.73933209
  -3.63814872  -6.74461092
  -3.62345058  -6.74877822
  -3.60857635  -6.75340901
  -3.60755752  -6.75404728
  -3.59375254  -6.75833550
  -3.57893773  -6.76283100
  -3.56395455  -6.76730222
  -3.55748272  -6.76922690
  -3.54907845  -6.77187842
  -3.53431470  -6.77579224
  -3.51933145  -6.78026366
  -3.50813734  -6.78392136
  -3.50446494  -6.78498620
  -3.48969569  -6.78968779
  -3.47484216  -6.79365191
  -3.45994776  -6.79801912
  -3.45893810  -6.79862041
  -3.44492139  -6.80308928
  -3.43009188  -6.80712328
  -3.41521956  -6.81175588
  -3.41051516  -6.81342561
  -3.40039700  -6.81645537
  -3.38560523  -6.82051402
  -3.37071269  -6.82488260
  -3.36035330  -6.82804331
  -3.35565904  -6.82970617
  -3.34081691  -6.83393834
  -3.32609575  -6.83784971
  -3.31123359  -6.84127782
  -3.30199603  -6.84296406
  -3.29640310  -6.84377039
         
