# shadow point cont 3D ind 23  size 1020
# norm  0.9837286 -0.1796607  0.0000000
# angle  0.1806416
   0.42435213474975    2.32353113842587   -6.81305973439757
   0.42596965112857    2.33238781514629   -6.80604212462234
   0.42868437027476    2.34725220241268   -6.79903701373491
   0.42918986235426    2.35002001360245   -6.79726807932851
   0.43137761148696    2.36199898770582   -6.79272445619117
   0.43405608942136    2.37666493698361   -6.78826778084610
   0.43666320664292    2.39094015218762   -6.78399373467428
   0.43721971617296    2.39398730834872   -6.78281715589758
   0.43940832770388    2.40597100449536   -6.77846126168687
   0.44207857222524    2.42059187189419   -6.77382079069515
   0.44472261900320    2.43506929410312   -6.76970422047015
   0.44572934025620    2.44058157503093   -6.76786523371101
   0.44741910383568    2.44983383977049   -6.76454030717249
   0.45006677785195    2.46433112284610   -6.76042385563129
   0.45273321645289    2.47893115100820   -6.75654399507032
   0.45489373388508    2.49076101851143   -6.75284272932097
   0.45541064988107    2.49359138111424   -6.75189963478893
   0.45807816801486    2.50819732023561   -6.74743900447174
   0.46075315581431    2.52284415935334   -6.74279927132432
   0.46340988944953    2.53739104818086   -6.73892646588359
   0.46391105591282    2.54013517455052   -6.73800711379083
   0.46607887702402    2.55200503319373   -6.73352847883430
   0.46871742428964    2.56645234293916   -6.72877584961981
   0.47071945998714    2.57741444705614   -6.72319841152520
   0.47137735681403    2.58101674721672   -6.72136539443144
   0.47404111748204    2.59560211241365   -6.71301291900561
   0.47553171307695    2.60376383706630   -6.70832864586891
   0.47673475565491    2.61035107125654   -6.70364469889240
   0.47938480191293    2.62486134349172   -6.69642495146711
   0.48022135351422    2.62944186409079   -6.69358429314741
   0.48207047397090    2.63956668404095   -6.68708003305778
   0.48467755668582    2.65384171030457   -6.67972982476485
   0.48489454302912    2.65502981443784   -6.67864263081461
   0.48740696099458    2.66878650586803   -6.67034738466125
   0.48956540303758    2.68060500962166   -6.66382829016872
   0.49007375736315    2.68338849297916   -6.66198483912882
   0.49273927588078    2.69798348324455   -6.65439162144972
   0.49439935560794    2.70707321467860   -6.64895612791501
   0.49541196366535    2.71261772867942   -6.64524989658654
   0.49806508619378    2.72714484496815   -6.63769297925094
   0.49907677877984    2.73268434632499   -6.63399868086816
   0.50075881089191    2.74189427757826   -6.62849714484288
   0.50338528448813    2.75627547820225   -6.62120451201018
   0.50390188865078    2.75910413336826   -6.61921292990894
   0.50606129671752    2.77092792656442   -6.61169870919995
   0.50843251573647    2.78391148614949   -6.60432648627748
   0.50875762897813    2.78569163682778   -6.60341613504365
   0.51141350549787    2.80023383253764   -6.59585101621131
   0.51324149168462    2.81024293223979   -6.58938296724977
   0.51407402994285    2.81480147786387   -6.58658033917593
   0.51676033654440    2.82951029284302   -6.57833088019780
   0.51791930116156    2.83585617909126   -6.57458736107642
   0.51944249242244    2.84419638062343   -6.56900101769285
   0.52209239675186    2.85870587573150   -6.56238124679325
   0.52274377149385    2.86227246435421   -6.55964541495617
   0.52474521394011    2.87323132013651   -6.55220582548662
   0.52673937035753    2.88415028142205   -6.54477598929909
   0.52741159846048    2.88783105218157   -6.54122799300721
   0.52987178238677    2.90130173723506   -6.52997382244483
   0.53003844788891    2.90221431066694   -6.52904303982220
   0.53252875742961    2.91584994788494   -6.51502777254431
   0.53269542091187    2.91676251025697   -6.51409700552007
   0.53506663875087    2.92974606338124   -6.50034655082600
   0.53538409979748    2.93148431462740   -6.49932742955179
   0.53787173013461    2.94510528192291   -6.48529808313385
   0.53803839551952    2.94601785471287   -6.48436737960394
   0.54055081957749    2.95977457950246   -6.47047608783167
   0.54071748782997    2.96068716799373   -6.46954542634210
   0.54321751408908    2.97437600889786   -6.45558568889254
   0.54338418238028    2.97528859760120   -6.45465505350578
   0.54590073040728    2.98906790309593   -6.44078744338961
   0.54606740315405    2.98998051619563   -6.43985685839987
   0.54870574733630    3.00442671396240   -6.42667052602956
   0.54887241292927    3.00533928789159   -6.42573992517924
   0.55137239974447    3.01902791282142   -6.41178109271713
   0.55153906541791    3.01994048719126   -6.41085051750785
   0.55403905358431    3.03362911951955   -6.39689206875415
   0.55420571935809    3.03454169443877   -6.39596151906533
   0.55671842477830    3.04829995982133   -6.38207406642168
   0.55688509473705    3.04921255765530   -6.38114355314033
   0.55938513006631    3.06290144822286   -6.36718612189003
   0.55954662266395    3.06378569752554   -6.36628338367837
   0.56203902687107    3.07743280404523   -6.35222743368129
   0.56220569306502    3.07834538126503   -6.35129695983117
   0.56471854905577    3.09210447109341   -6.33741144687679
   0.56487485047157    3.09296029618973   -6.33653996113311
   0.56717908714015    3.10557709533204   -6.32178756197029
   0.56733857176560    3.10645035002546   -6.32083322039738
   0.56848343454441    3.11271902195608   -6.30718221550526
   0.56867000092384    3.11374056222059   -6.29245874288139
   0.56866659031937    3.11372188752795   -6.27767051250749
   0.56849675470521    3.11279195621478   -6.26281437460885
   0.56832417507712    3.11184700011140   -6.24789644673197
   0.56812099961770    3.11073451718066   -6.23306176426137
   0.56794495148179    3.10977056933604   -6.21807384315191
   0.56764151554352    3.10810911227399   -6.20314249224243
   0.56743479985518    3.10697724489467   -6.18829407191550
   0.56725126225731    3.10597228865949   -6.17713105612682
   0.56709584073930    3.10512128142490   -6.17339158057059
   0.56691984243594    3.10415760643738   -6.15840596408462
   0.56658337646995    3.10231529415713   -6.14355886807693
   0.56591924063042    3.09867883241481   -6.12876660729178
   0.56478825049600    3.09248611985519   -6.11390455572076
   0.56468023584398    3.09189468791264   -6.11313946364601
   0.56295755001621    3.08246215809889   -6.09916309651070
   0.56198980946792    3.07716331519527   -6.09250891402227
   0.56073015038282    3.07026607851760   -6.08378394449695
   0.55935413265313    3.06273172254259   -6.07368478351558
   0.55867772443576    3.05902806365497   -6.06905804532619
   0.55667463431899    3.04806018608761   -6.05501196796482
   0.55651646794087    3.04719414942954   -6.05409273095035
   0.55448295154455    3.03605967341204   -6.03919467186288
   0.55399020367159    3.03336164285568   -6.03539362258446
   0.55231670386232    3.02419843004590   -6.02424781914824
   0.55131385077893    3.01870732919899   -6.01673123971548
   0.55026476419331    3.01296307778847   -6.00953794175472
   0.54863598159809    3.00404471313840   -5.99806435929660
   0.54812656466328    3.00125541148644   -5.99438468422067
   0.54607668008540    2.99003131183700   -5.97963291051717
   0.54592609695640    2.98920679709914   -5.97871847546055
   0.54393619473870    2.97831112959421   -5.96452288053660
   0.54328966251270    2.97477105606539   -5.96075170096718
   0.54176223560359    2.96640766233091   -5.94958778684983
   0.54060183812617    2.96005393048667   -5.94113459722131
   0.53959641531988    2.95454875917634   -5.93464176022543
   0.53788486491209    2.94517720111921   -5.92265591840019
   0.53752957855665    2.94323183819459   -5.91994739553171
   0.53544984659837    2.93184430984506   -5.90458181346402
   0.53529606913424    2.93100230459272   -5.90359267628934
   0.53335429664744    2.92037017041134   -5.89008074668985
   0.53252756615901    2.91584342510798   -5.88437697213780
   0.53110186234081    2.90803701400623   -5.87471001200071
   0.52989080671256    2.90140590452858   -5.86555057086182
   0.52909151904133    2.89702942179031   -5.85978752396553
   0.52725673875017    2.88698312111317   -5.84763367934017
   0.52691359084675    2.88510422202586   -5.84486554540777
   0.52486167545426    2.87386900269398   -5.83014084336202
   0.52454194616896    2.87211833175485   -5.82824487660224
   0.52268511523069    2.86195129322588   -5.81521388917797
   0.52185865923300    2.85742605089077   -5.80957041898367
   0.52051134687744    2.85004887058466   -5.80028384094233
   0.51918062037639    2.84276250577413   -5.79090904022190
   0.51838178933524    2.83838852330424   -5.78514718207005
   0.51654410083428    2.82832629878586   -5.77207456486738
   0.51634141044491    2.82721647184591   -5.77040309128776
   0.51431352128360    2.81611280763466   -5.75551389205268
   0.51383122231793    2.81347198984919   -5.75267902891646
   0.51209935834934    2.80398920531948   -5.74080494605993
   0.51110781840573    2.79856004933014   -5.73416004658566
   0.50996139805954    2.79228284897234   -5.72566491386056
   0.50851031243995    2.78433746035391   -5.71518346813730
   0.50784371424548    2.78068751603918   -5.71050697411452
   0.50587372661375    2.76990089042850   -5.69619778727717
   0.50571527710578    2.76903330349898   -5.69531319038504
   0.50376714057785    2.75836632314499   -5.68089837039182
   0.50312207706281    2.75483429151197   -5.67712693298462
   0.50148509499118    2.74587103080229   -5.66574322861080
   0.50044247985126    2.74016221365585   -5.65846349134094
   0.49931064944710    2.73396490021700   -5.65081922214890
   0.49776508555898    2.72550219783753   -5.63980762349185
   0.49725265701540    2.72269640618545   -5.63612104139873
   0.49520423754528    2.71148032870259   -5.62138205843586
   0.49504938653732    2.71063244528370   -5.62047087915472
   0.49306649537230    2.69977516664944   -5.60628537144556
   0.49241104547033    2.69618626457449   -5.60156921276313
   0.49089834944836    2.68790352950093   -5.59135569870643
   0.48973447058769    2.68153073541635   -5.58291729883908
   0.48877109321730    2.67625578300101   -5.57622251544455
   0.48710061754315    2.66710912877913   -5.56501783499681
   0.48659676688946    2.66435030518171   -5.56130318336082
   0.48450294102044    2.65288560592201   -5.54679365559422
   0.48434323188677    2.65201112193857   -5.54587371356728
   0.48241356557081    2.64144527483956   -5.53147860472965
   0.48174734575756    2.63779740234324   -5.52679685368435
   0.48024251747526    2.62955774691185   -5.51653763465180
   0.47907090810650    2.62314262459370   -5.50815421768930
   0.47806903052719    2.61765686509872   -5.50161355615447
   0.47635369255240    2.60826456829857   -5.48873985462035
   0.47616701243572    2.60724240526813   -5.48694751569339
   0.47400366233818    2.59539702756570   -5.47201817325265
   0.47371137075101    2.59379659116233   -5.46998107192438
   0.47187954636447    2.58376647547842   -5.45688023488474
   0.47104419965472    2.57919255223745   -5.45127840504105
   0.46966101124528    2.57161893335713   -5.44217582494799
   0.46836634418786    2.56453001126752   -5.43265891440800
   0.46753248468545    2.55996423119890   -5.42704196451353
   0.46565229522117    2.54966929355479   -5.41326596102801
   0.46548513030829    2.54875398560998   -5.41233359705199
   0.46346422263451    2.53768854838607   -5.39745419904661
   0.46297614341328    2.53501608093349   -5.39460520055596
   0.46129287077541    2.52579935720740   -5.38253731904391
   0.46034042234585    2.52058424597643   -5.37580020440769
   0.45912512135657    2.51392989111422   -5.36761187213370
   0.45762551768959    2.50571884295355   -5.35732884518320
   0.45694849681591    2.50201182947925   -5.35270694989802
   0.45499046830157    2.49129068576291   -5.33851727436157
   0.45482484140201    2.49038379917752   -5.33754038514626
   0.45276724220403    2.47911745828887   -5.32288798369025
   0.45227523633981    2.47642349058566   -5.31911370898332
   0.45064385047488    2.46749087178740   -5.30775807077280
   0.44964133894757    2.46200164112354   -5.30121909696335
   0.44847061435713    2.45559136339040   -5.29284640165846
   0.44692522276718    2.44712960442593   -5.28184209776026
   0.44641345016028    2.44432740434125   -5.27816029227921
   0.44436639327946    2.43311878768723   -5.26343337024083
   0.44420731296087    2.43224774676751   -5.26252593935454
   0.44223127884810    2.42142801377778   -5.24834911778437
   0.44157597973153    2.41783993732511   -5.24363470193695
   0.43999217133083    2.40916782792590   -5.23296563900210
   0.43894175447537    2.40341629265104   -5.22574220217354
   0.43789135111389    2.39766483126217   -5.21851888300049
   0.43622694782105    2.38855142623567   -5.20636625855325
   0.43576572871306    2.38602603076506   -5.20340358655663
   0.43375971253897    2.37504213163270   -5.18849814043991
   0.43355082642357    2.37389838012594   -5.18681422917224
   0.43165804705343    2.36353450671858   -5.17403192314963
   0.43083797555033    2.35904422254858   -5.16833717674395
   0.42941412505995    2.35124795930409   -5.15868627485920
   0.42828338412422    2.34505661122658   -5.15015941953823
   0.42728961707484    2.33961526076671   -5.14353555909502
   0.42553142020032    2.32998829096761   -5.13089985568581
   0.42523579408078    2.32836959640278   -5.12889368852821
   0.42317919930271    2.31710875519414   -5.11419025500235
   0.42289546541441    2.31555517628992   -5.11216349974830
   0.42105707238481    2.30548909413992   -5.09906425077615
   0.42022111376465    2.30091182039640   -5.09346711168685
   0.41888442216342    2.29359279380600   -5.08415846494183
   0.41754746586099    2.28627231784977   -5.07484431145660
   0.41671159552374    2.28169552749752   -5.06924999969694
   0.41491404733687    2.27185309041995   -5.05606657282891
   0.41458964017755    2.27007680588054   -5.05412428723123
   0.41253381020377    2.25882015234159   -5.03945052837129
   0.41215925583517    2.25676928781845   -5.03683863373343
   0.41036181031231    2.24692741287548   -5.02455384460123
   0.40948524162249    2.24212777955457   -5.01821385572123
   0.40818936028141    2.23503220868043   -5.00965046189782
   0.40681549507413    2.22750963879633   -4.99957564136260
   0.40618565888252    2.22406098405072   -4.99477674338238
   0.40417884354500    2.21307270911591   -4.98078267913890
   0.40400837007349    2.21213928522830   -4.97982174834670
   0.40195603581625    2.20090177241136   -4.96517765386536
   0.40150740635874    2.19844531130563   -4.96218434139778
   0.39983498587119    2.18928800829915   -4.95005935210111
   0.39883100510214    2.18379073283321   -4.94352596659228
   0.39766285530026    2.17739455330036   -4.93515928655362
   0.39615844452258    2.16915718390668   -4.92490974973847
   0.39549049354253    2.16549983244317   -4.92025732137545
   0.39356441296931    2.15495361900267   -4.90579677327685
   0.39339275141320    2.15401368978296   -4.90482905025365
   0.39142801743810    2.14325583045802   -4.89069629616673
   0.39077032045655    2.13965462454642   -4.88599398019873
   0.38914100020947    2.13073331599497   -4.87556145582964
   0.38814040959310    2.12525460323838   -4.86812841899010
   0.38708775550804    2.11949081806010   -4.86088962910022
   0.38550787996307    2.11084024292932   -4.84937008670043
   0.38496492274175    2.10786729214796   -4.84577473365126
   0.38295509105397    2.09686250125108   -4.83085374357518
   0.38279328153131    2.09597651663218   -4.82995075059479
   0.38078868947712    2.08500041523824   -4.81598706389223
   0.38012001489388    2.08133910170071   -4.81132952475501
   0.37861775272932    2.07311349699273   -4.80109660912302
   0.37744619395854    2.06669865172279   -4.79270590791754
   0.37644652384786    2.06122497917560   -4.78620425668146
   0.37476932194997    2.05204149565788   -4.77407079357835
   0.37427566988017    2.04933851419085   -4.77131439835045
   0.37238451791537    2.03898355160701   -4.75664589704433
   0.37210069984809    2.03742951178261   -4.75454318211727
   0.37021517205728    2.02710534424449   -4.74174170710644
   0.36939257194058    2.02260121470415   -4.73611092574502
   0.36809378090872    2.01548971187970   -4.72662968715918
   0.36675650206337    2.00816746984652   -4.71731699681246
   0.36592301452764    2.00360372647359   -4.71174052362331
   0.36407855242516    1.99350441324337   -4.69868165316034
   0.36375305128208    1.99172213861905   -4.69685588828090
   0.36174005926809    1.98070004342286   -4.68193026585527
   0.36141356393961    1.97891232515742   -4.68009785713685
   0.35957469814893    1.96884365441410   -4.66706128962567
   0.35874090766913    1.96427825227731   -4.66148287665870
   0.35740485972568    1.95696275002143   -4.65217688384660
   0.35602635693058    1.94941478712336   -4.64212579456088
   0.35523639435970    1.94508936377483   -4.63729977146915
   0.35343919518934    1.93524883772980   -4.62411012591318
   0.35322920993147    1.93409906789167   -4.62239731765490
   0.35117481665744    1.92285028097180   -4.60773657867840
   0.35072596003697    1.92039257604012   -4.60472514391743
   0.34905239519060    1.91122900712112   -4.59261468244718
   0.34805379614815    1.90576119918534   -4.58611386421511
   0.34676637439837    1.89871194862446   -4.57750490952155
   0.34538110466695    1.89112693350969   -4.56750094213739
   0.34471317299295    1.88746968775597   -4.56284878663465
   0.34270093229756    1.87645170638890   -4.54886699551627
   0.34254466297884    1.87559605703947   -4.54797104670360
   0.34054081659228    1.86462403853287   -4.53308555779546
   0.34003611545188    1.86186055811346   -4.52934982762287
   0.33837025799100    1.85273919082069   -4.51819963574519
   0.33740858188641    1.84747355365024   -4.51152003145731
   0.33602655929433    1.83990631817823   -4.50329107281726
   0.33468599840921    1.83256610540570   -4.49490569727504
   0.33351225741521    1.82613931141866   -4.48838397328074
   0.33201526907261    1.81794258341128   -4.48094817366800
   0.33039345399252    1.80906236924296   -4.47304356574921
   0.32934046733132    1.80329676305106   -4.46791368897005
   0.32738375460825    1.79258282392202   -4.45838326879593
   0.32671606201522    1.78892688725108   -4.45466174258440
   0.32433778902624    1.77590470380239   -4.44372758241999
   0.32399422555095    1.77402352926008   -4.44185526614381
   0.32133379258807    1.75945638484215   -4.42977010421862
   0.32116009831857    1.75850532554330   -4.42883075565337
   0.31869814051194    1.74502492764555   -4.41740000973031
   0.31802282192867    1.74132723502637   -4.41371409632346
   0.31602564397292    1.73039172937161   -4.40436438010917
   0.31484692910056    1.72393770101879   -4.39882860774758
   0.31331749692444    1.71556332748722   -4.39161557310124
   0.31181366727588    1.70732914005377   -4.38417152038990
   0.31068059836574    1.70112504520163   -4.37922544788433
   0.30860644242973    1.68976804824410   -4.36950822070114
   0.30797604300001    1.68631630950013   -4.36649513515232
   0.30548015424885    1.67265012343326   -4.35440936387940
   0.30530262258678    1.67167805257254   -4.35346966578077
   0.30264346170514    1.65711787340852   -4.34138496423669
   0.30230167975888    1.65524645359079   -4.33951664935001
   0.30000274104035    1.64265866326191   -4.32899917098630
   0.29899545689329    1.63714330021956   -4.32440374571932
   0.29729677355311    1.62784219551895   -4.31626113054486
   0.29596182005367    1.62053268586812   -4.30974990483807
   0.29462839816050    1.61323156249504   -4.30323977534669
   0.29282302357956    1.60334627216228   -4.29463777058390
   0.29199653387995    1.59882084529300   -4.29087505266076
   0.28963232391776    1.58587566365002   -4.27977350566605
   0.28929096533776    1.58400656196524   -4.27812698559245
   0.28672228492707    1.56994180670622   -4.26549972058721
   0.28652044842395    1.56883665520239   -4.26452434931039
   0.28395564074724    1.55479310501633   -4.25301788904046
   0.28344562477732    1.55200052336028   -4.25022117996365
   0.28131693164294    1.54034490912662   -4.24064597978021
   0.28014967973706    1.53395364600432   -4.23511046388864
   0.27864279300120    1.52570271955399   -4.22761088201055
   0.27711514036634    1.51733808986292   -4.22046624314484
   0.27598265660991    1.51113719900756   -4.21462505724608
   0.27401007914343    1.50033639281147   -4.20507685736603
   0.27336441368275    1.49680106523788   -4.20214243018055
   0.27081723388495    1.48285403612995   -4.19047466091811
   0.27063720941648    1.48186831596054   -4.18949149768586
   0.26798121972278    1.46732550056902   -4.17745515328432
   0.26762501450090    1.46537510641066   -4.17559579364252
   0.26525675886263    1.45240777275387   -4.16466341002020
   0.26443037424935    1.44788292128260   -4.16094452135595
   0.26263298141359    1.43804133482669   -4.15230707752046
   0.26129617552814    1.43072168247545   -4.14583574886289
   0.25996616566420    1.42343924159627   -4.13929818963787
   0.25828952668047    1.41425884030316   -4.13095958406771
   0.25729256360199    1.40879999005349   -4.12626592739259
   0.25524306824955    1.39757802159976   -4.11631499487519
   0.25458479930139    1.39397368389704   -4.11352275142329
   0.25209163827942    1.38032243345366   -4.10144018328136
   0.25191160780059    1.37933668037460   -4.10050665468761
   0.24925597309839    1.36479580873156   -4.08842324312070
   0.24878104632806    1.36219535724572   -4.08633015392060
   0.24662889541548    1.35041130044362   -4.07610448349433
   0.24563270182447    1.34495666350636   -4.07120654980979
   0.24391830167739    1.33556950176197   -4.06332064203378
   0.24247007294083    1.32763975594621   -4.05631552425363
   0.24128411792717    1.32114608435283   -4.05097479147574
   0.23943683232395    1.31103131110399   -4.04170696705204
   0.23861081463071    1.30650846869562   -4.03794588947585
   0.23641237418512    1.29447095453464   -4.02706438910436
   0.23594372203745    1.29190485961242   -4.02493671958985
   0.23334605772865    1.27768140363230   -4.01254955899661
   0.23314999573240    1.27660787031874   -4.01159038771066
   0.23061656175353    1.26273610615166   -3.99987378214101
   0.23008981375769    1.25985190864157   -3.99709142223846
   0.22794808155209    1.24812489924918   -3.98778915132878
   0.22680159197913    1.24184731984165   -3.98192184440488
   0.22526983062385    1.23346019293883   -3.97474241813551
   0.22376355175154    1.22521259483255   -3.96733942703680
   0.22259609429073    1.21882020619853   -3.96171586556607
   0.22058481831992    1.20780750716051   -3.95247346928223
   0.21993122380204    1.20422876420194   -3.94964174288825
   0.21744101159896    1.19059365995402   -3.93759652988916
   0.21725220980287    1.18955987971280   -3.93660593833271
   0.21456424735327    1.17484199817267   -3.92481596361712
   0.21406834274815    1.17212668299610   -3.92274543000079
   0.21188492976084    1.16017145136510   -3.91366047955858
   0.21057535535114    1.15300090438333   -3.90786286938997
   0.20924086436835    1.14569392723265   -3.90220669417225
   0.20689036578113    1.13282382193332   -3.89301581301524
   0.20657222186729    1.13108183166207   -3.89198196044341
   0.20391125919356    1.11651178682361   -3.88176852456245
   0.20306742785040    1.11189140615185   -3.87812536915039
   0.20123750611961    1.10187170841929   -3.87060773612178
   0.19938639451466    1.09173598597891   -3.86327537898485
   0.19853970968780    1.08709998111751   -3.85975649176699
   0.19594635631815    1.07290012959354   -3.84874283883483
   0.19562830642354    1.07115865412264   -3.84767638853287
   0.19324808090966    1.05812577966509   -3.83903466066812
   0.19192012159454    1.05085456652259   -3.83327126305699
   0.19056468611937    1.04343290824685   -3.82785759048556
   0.18821430651008    1.03056345440870   -3.81866872742416
   0.18786341206762    1.02864213931070   -3.81701230085655
   0.18522578423932    1.01419986392480   -3.80648155787607
   0.18454995543789    1.01049937761695   -3.80379346491106
   0.18257107935834    0.99966408349823   -3.79627644752716
   0.18075283869214    0.98970834518774   -3.78865241353275
   0.17989825436688    0.98502908678994   -3.78511849021883
   0.17728312368328    0.97070999404401   -3.77442150027632
   0.17709674371210    0.96968947445392   -3.77365103398425
   0.17461196319473    0.95608411128623   -3.76419090671182
   0.17324643450597    0.94860718783295   -3.75892709892135
   0.17189720351404    0.94121950207400   -3.75352912724305
   0.16959204866080    0.92859767543100   -3.74402292357744
   0.16922196930278    0.92657131373362   -3.74237129161988
   0.16664603667657    0.91246684912194   -3.73272428778230
   0.16579332384512    0.90779783804889   -3.72882882041457
   0.16395598973133    0.89773755396997   -3.72148386802030
   0.16213871461782    0.88778710252283   -3.71392799707194
   0.16127442339952    0.88305469423745   -3.71029859561727
   0.15861083172211    0.86847025434497   -3.70008614147513
   0.15842441067048    0.86744950981970   -3.69931629122151
   0.15589784904500    0.85361537507825   -3.68943145142090
   0.15474863100922    0.84732285603025   -3.68457373188221
   0.15322184096590    0.83896294944092   -3.67827215804594
   0.15104572027729    0.82704764663720   -3.66982759472691
   0.15055728747347    0.82437324315062   -3.66805638739745
   0.14791834684820    0.80992377957273   -3.65694661336098
   0.14739674106646    0.80706773814718   -3.65489539996450
   0.14522264058685    0.79516349695508   -3.64669065933443
   0.14358600849824    0.78620215257001   -3.63996285771672
   0.14254460402111    0.78049996438208   -3.63553494862969
   0.14002000096534    0.76667655374762   -3.62553552542837
   0.13984109575057    0.76569696202815   -3.62470518289833
   0.13722762053631    0.75138693376962   -3.61511120149588
   0.13607848149314    0.74509484724398   -3.61025251918235
   0.13455087341636    0.73673046152974   -3.60395920392289
   0.13255123001922    0.72578145640280   -3.59566693805708
   0.13187845139120    0.72209767125490   -3.59280953639781
   0.12931689993298    0.70807195042430   -3.58318545930480
   0.12872679470260    0.70484084171657   -3.58058045973879
   0.12655281657850    0.69293727047948   -3.57237951315032
   0.12491696434318    0.68398019616463   -3.56564794608438
   0.12388859407668    0.67834937652126   -3.56123371408882
   0.12130533157318    0.66420477732150   -3.55082363946873
   0.12111181989538    0.66314520822264   -3.55015976286734
   0.11854694247426    0.64910127615253   -3.54172839177013
   0.11689070174090    0.64003256504789   -3.53581948631258
   0.11585815150228    0.63437885805560   -3.53243935054395
   0.11318153269003    0.61972308836185   -3.52408839033841
   0.11233144640000    0.61506845886078   -3.52148787596378
   0.11050149988808    0.60504862543965   -3.51604161284297
   0.10789630710751    0.59078394747162   -3.50683429197202
   0.10756297983136    0.58895882102121   -3.50590550996809
   0.10519431967756    0.57598927244816   -3.49900412419917
   0.10271247267378    0.56239997167209   -3.49136506745310
   0.10252440786614    0.56137022679555   -3.49064762310609
   0.09990972364739    0.54705357865849   -3.48268854315211
   0.09803143268961    0.53676903624660   -3.47666252900008
   0.09719107832905    0.53216769371955   -3.47393214584727
   0.09458676322377    0.51790782144397   -3.46597761005119
   0.09322027889276    0.51042566539179   -3.46153800138363
   0.09189656327719    0.50317768853639   -3.45761354038311
   0.08925380313865    0.48870731129438   -3.44980075071616
   0.08839727111777    0.48401738833042   -3.44663389754404
   0.08657168801375    0.47402144665694   -3.44089759010251
   0.08389696376593    0.45937605061063   -3.43254120478889
   0.08370359737036    0.45831727700153   -3.43190934041515
   0.08120317150005    0.44462624803472   -3.42471385689205
   0.07904110720510    0.43278791071716   -3.41719395303833
   0.07851498308868    0.42990712924567   -3.41544311196483
   0.07586854426414    0.41541660943622   -3.40800099887118
   0.07418199037397    0.40618191928260   -3.40244457033743
   0.07319231488916    0.40076297209799   -3.39964910499217
   0.07053184243916    0.38619561146920   -3.39128979371921
   0.06950722593136    0.38058534545221   -3.38774426293983
   0.06785947811073    0.37156313711157   -3.38293731952007
   0.06525873893893    0.35732284478416   -3.37458077683169
   0.06469066542314    0.35421237026364   -3.37270503657047
   0.06253514737832    0.34240987680023   -3.36622171772067
   0.06002818335419    0.32868304831043   -3.35761729567632
   0.05983932135640    0.32764893843616   -3.35697088958374
   0.05716800772836    0.31302221716626   -3.34984032877524
   0.05518563884923    0.30216779829733   -3.34315005559883
   0.05452775337898    0.29856556031980   -3.34116072376951
   0.05194045754438    0.28439887670086   -3.33320680879885
   0.05037405670278    0.27582208202336   -3.32792209600693
   0.04919520615834    0.26936731080096   -3.32445121925528
   0.04656819551370    0.25498316957964   -3.31648428508087
   0.04554109548548    0.24935930509912   -3.31322805448392
   0.04385222805968    0.24011194723011   -3.30775401001419
   0.04119045899591    0.22553748702002   -3.30076878579350
   0.03964777921115    0.21709057648755   -3.29843602164711
   0.03844872698052    0.21052519135969   -3.29637012132947
   0.03577974198005    0.19591122044084   -3.29465284277497
   0.03311426286046    0.18131644589858   -3.29465188572899
   0.03044965405611    0.16672643674903   -3.29458031210540
   0.02778322609314    0.15212646683490   -3.29372230606309
   0.02511775686413    0.13753174644832   -3.29372157136914
   0.02245313868854    0.12294168598675   -3.29365017305359
   0.01978682617201    0.10834234819721   -3.29325638389651
   0.01712136419635    0.09374766752621   -3.29325587097516
   0.01445582144185    0.07915254455237   -3.29279148684015
   0.01179118816668    0.06456240141333   -3.29272033712945
   0.00912490852606    0.04996324363512   -3.29232689086148
   0.00646018663754    0.03537261529557   -3.29179191020306
   0.00379392272774    0.02077354365115   -3.29139864681400
   0.00112847331231    0.00617893175343   -3.29139857809239
  -0.00153697483033   -0.00841567317519   -3.29139858336029
  -0.00420242186071   -0.02301027201365   -3.29139866261761
  -0.00686786793936   -0.03760486564089   -3.29139881586424
  -0.00953331322678   -0.05219945493585   -3.29139904310009
  -0.01219806247226   -0.06679023306782   -3.29086454292320
  -0.01486427757757   -0.08138903748428   -3.29047183562000
  -0.01752972067720   -0.09598361480003   -3.29047228471257
  -0.02018922308207   -0.11054566396719   -3.29040373588766
  -0.02286061343912   -0.12517280536515   -3.29000945986498
  -0.02552612211449   -0.13976774173943   -3.28954619221639
  -0.02819156480284   -0.15436231680320   -3.28954693700525
  -0.03085109255844   -0.16892450477780   -3.28947866132719
  -0.03352246031850   -0.18355152244636   -3.28908470193665
  -0.03618796574219   -0.19814644101613   -3.28862173151173
  -0.03885335141642   -0.21274070390030   -3.28908670812130
  -0.04150771539296   -0.22727461771184   -3.28902052468240
  -0.04418431398902   -0.24193027671231   -3.28816112611087
  -0.04684976313265   -0.25652488712183   -3.28816238768542
  -0.04951526830006   -0.27111980428834   -3.28769978834344
  -0.05217485432942   -0.28568231133971   -3.28763207866171
  -0.05484618472115   -0.30030912439877   -3.28723873149279
  -0.05751164051422   -0.31490377121713   -3.28724028837096
  -0.06017709856545   -0.32949843040002   -3.28724191915331
  -0.06283676713475   -0.34406138939707   -3.28671056878041
  -0.06550808278523   -0.35868812174074   -3.28631751718761
  -0.06819060929769   -0.37337623892209   -3.28647355103683
  -0.07086763729102   -0.38803424907819   -3.28866351728159
  -0.07346221687858   -0.40224081473241   -3.29326903821877
  -0.07579417712753   -0.41500941375267   -3.29976468332944
  -0.07611904118599   -0.41678820003361   -3.30072281390646
  -0.07878639620582   -0.43139324602795   -3.30906653627027
  -0.08046692547455   -0.44059494849432   -3.31445226801339
  -0.08148483264863   -0.44616847769640   -3.31800110386746
  -0.08411320845743   -0.46056009384518   -3.32578097252069
  -0.08512582242383   -0.46610464020056   -3.32931183894025
  -0.08678765890680   -0.47520399071384   -3.33502713886010
  -0.08943116006269   -0.48967842538073   -3.34251744881412
  -0.08993750574696   -0.49245091046534   -3.34435719317497
  -0.09211364240557   -0.50436630071243   -3.35174777697512
  -0.09459990016573   -0.51797975249181   -3.35934134840785
  -0.09478313272935   -0.51898303851840   -3.36008380448567
  -0.09747385486685   -0.53371603067128   -3.36812773945486
  -0.09927891794673   -0.54359961538659   -3.37386588718837
  -0.10010550845131   -0.54812559421135   -3.37681782655546
  -0.10277877031427   -0.56276298300030   -3.38514184579143
  -0.10395223110902   -0.56918824276231   -3.38869745435453
  -0.10547733756624   -0.57753893091158   -3.39405169452625
  -0.10811791108191   -0.59199733534633   -3.40163324645623
  -0.10876501559735   -0.59554054243385   -3.40374083439720
  -0.11077457686878   -0.60654385267164   -3.41020128367145
  -0.11330476961184   -0.62039786952061   -3.41818764194328
  -0.11348605366285   -0.62139048650765   -3.41897927780286
  -0.11610037717391   -0.63570515959736   -3.42692619279438
  -0.11810897691937   -0.64670320502006   -3.43325372983729
  -0.11879831264566   -0.65047764820934   -3.43586548202581
  -0.12142898077649   -0.66488181591891   -3.44364084932834
  -0.12278020513304   -0.67228041630369   -3.44808824885542
  -0.12412912358694   -0.67966639076732   -3.45257320839035
  -0.12679104728773   -0.69424169768913   -3.46095232627621
  -0.12744017189828   -0.69779596576464   -3.46295132126426
  -0.12943212268868   -0.70870285018611   -3.46960672066994
  -0.13207054374480   -0.72314946887410   -3.47721024867105
  -0.13225184050537   -0.72414215545204   -3.47800198026130
  -0.13475832684055   -0.73786636836605   -3.48633317171466
  -0.13676744636033   -0.74886725980208   -3.49265960691291
  -0.13742853868458   -0.75248705684090   -3.49467096721096
  -0.14011862744994   -0.76721658097804   -3.50272482693216
  -0.14159883800114   -0.77532144254345   -3.50751256169879
  -0.14275199100325   -0.78163550741636   -3.51140754089855
  -0.14542514968594   -0.79627233124394   -3.51973668786490
  -0.14626153125808   -0.80085192085203   -3.52236948082071
  -0.14807863460038   -0.81080143176958   -3.52905913449263
  -0.15055513178032   -0.82436143969840   -3.53753616275165
  -0.15073389379040   -0.82534024730361   -3.53836596522216
  -0.15340201079261   -0.83994946551634   -3.54857260907398
  -0.15439778144583   -0.84540178666666   -3.55229324916867
  -0.15606474354244   -0.85452920236906   -3.55878991346720
  -0.15823361734287   -0.86640482498982   -3.56713931350110
  -0.15873103950517   -0.86912844951863   -3.56900067984003
  -0.16142978905335   -0.88390539558890   -3.57985500445791
  -0.16205623919369   -0.88733551008242   -3.58200873247737
  -0.16406117945884   -0.89831351809811   -3.59035534733544
  -0.16558046555821   -0.90663233700102   -3.59664319250568
  -0.16673557582938   -0.91295711885930   -3.60147836018484
  -0.16938380186765   -0.92745742451970   -3.61088043690196
  -0.16956324191762   -0.92843994471798   -3.61170174941630
  -0.17208333204410   -0.94223864490356   -3.62167227801541
  -0.17322881492001   -0.94851071216271   -3.62655656956337
  -0.17476686127369   -0.95693225244133   -3.63273452500174
  -0.17706946201136   -0.96954009407854   -3.64120621458923
  -0.17743090848756   -0.97151918661411   -3.64295831490632
  -0.18004596679740   -0.98583788307897   -3.65257443001390
  -0.18088674538763   -0.99044154846664   -3.65627926736870
  -0.18276472383622   -1.00072437974108   -3.66430324840592
  -0.18471675832657   -1.01141270330587   -3.67113874778967
  -0.18538997288305   -1.01509887537083   -3.67391429903123
  -0.18802578692362   -1.02953121940034   -3.68414823324901
  -0.18838640274884   -1.03150576372401   -3.68598993793829
  -0.19072436990885   -1.04430725345874   -3.69526687126509
  -0.19221893535424   -1.05249071494370   -3.70084715633458
  -0.19342312923260   -1.05908425305495   -3.70611951043918
  -0.19588044877226   -1.07253925422001   -3.71581181711071
  -0.19606113651878   -1.07352860615439   -3.71661527211884
  -0.19874677400454   -1.08823375740426   -3.72658656912682
  -0.19957983456628   -1.09279516289014   -3.73034219955527
  -0.20142527190842   -1.10289981602453   -3.73767439532073
  -0.20341428935144   -1.11379063896441   -3.74519874532095
  -0.20409192052853   -1.11750099414213   -3.74788766952497
  -0.20675287717381   -1.13207100597191   -3.75813041007738
  -0.20710618221801   -1.13400552026876   -3.75983912603444
  -0.20938426981374   -1.14647914071574   -3.76863623649667
  -0.21105418359940   -1.15562271832907   -3.77513164876351
  -0.21209083039890   -1.16129885595379   -3.77946377125454
  -0.21468976720710   -1.17552927947743   -3.78908206652186
  -0.21488026990885   -1.17657237299162   -3.79000196577527
  -0.21738195144481   -1.19027027732913   -3.80021568591602
  -0.21854229423639   -1.19662370974220   -3.80486653591322
  -0.22005568100030   -1.20491022695866   -3.81134881129937
  -0.22225384698241   -1.21694623830067   -3.81948338744101
  -0.22275649482229   -1.21969847591648   -3.82125912784385
  -0.22541385611208   -1.23424880145337   -3.83152069048519
  -0.22607560406449   -1.23787218837031   -3.83436263380443
  -0.22809118018602   -1.24890843279264   -3.84261285982489
  -0.22990778415834   -1.25885520942040   -3.84922493969402
  -0.23075609556617   -1.26350012059150   -3.85284020731576
  -0.23342431519187   -1.27810990071699   -3.86304888240581
  -0.23360381343124   -1.27909273953012   -3.86387061976136
  -0.23612263949509   -1.29288451836747   -3.87395167381861
  -0.23740930546283   -1.29992963065977   -3.87894906842851
  -0.23875244129626   -1.30728394250732   -3.88444241978573
  -0.24106538941781   -1.31994844102613   -3.89380655765049
  -0.24142272275773   -1.32190501217094   -3.89557060595351
  -0.24405251671843   -1.33630439338046   -3.90517311115816
  -0.24490603063344   -1.34097779076959   -3.90867601279158
  -0.24674765555047   -1.35106156905088   -3.91697959851421
  -0.24823841056655   -1.35922416661075   -3.92353819702758
  -0.24937513811508   -1.36544829425998   -3.92840919972651
  -0.25173599644223   -1.37837512409621   -3.93857819054611
  -0.25208057615119   -1.38026186300446   -3.94020754392711
  -0.25473390556885   -1.39479011211079   -3.95232952238002
  -0.25490507426518   -1.39572734268719   -3.95326423350899
  -0.25741560182851   -1.40947368326044   -3.96528549994915
  -0.25807058826809   -1.41306004765690   -3.96812585153816
  -0.26004633121985   -1.42387818640068   -3.97764259844578
  -0.26123893662233   -1.43040827205737   -3.98299102793570
  -0.26274852776799   -1.43867400644635   -3.99037425838922
  -0.26440268499465   -1.44773130935411   -3.99784951375698
  -0.26537753988746   -1.45306910670072   -4.00272862919411
  -0.26769516319624   -1.46575920410831   -4.01294641233192
  -0.26804253097486   -1.46766120903302   -4.01480772758428
  -0.27069598075931   -1.48219011720513   -4.02688248393664
  -0.27087751866967   -1.48318412419362   -4.02781479365525
  -0.27340512397630   -1.49702397358918   -4.03965763084014
  -0.27390979870371   -1.49978730938479   -4.04245278950206
  -0.27604100521529   -1.51145668556220   -4.05197281813992
  -0.27720564085720   -1.51783362338649   -4.05754729172619
  -0.27871886801486   -1.52611926668224   -4.06497654964066
  -0.28027699346330   -1.53465074961954   -4.07196871670377
  -0.28141790907708   -1.54089780893151   -4.07771861315230
  -0.28341767630930   -1.55184749211480   -4.08705791390550
  -0.28408766295305   -1.55551598981185   -4.08978925785695
  -0.28661798104999   -1.56937069303338   -4.10167937043162
  -0.28678859868976   -1.57030490631123   -4.10256835366338
  -0.28945240599388   -1.58489052686319   -4.11468885775035
  -0.28978589015666   -1.58671651234307   -4.11654714490904
  -0.29207845995888   -1.59926942980536   -4.12700134212761
  -0.29305089771915   -1.60459399219385   -4.13188539746434
  -0.29471175771203   -1.61368799595631   -4.13931942957020
  -0.29608322961085   -1.62119746133058   -4.14652468111919
  -0.29742451887894   -1.62854166234860   -4.15298553753552
  -0.29925384223154   -1.63855808367406   -4.16139974131376
  -0.30009750913442   -1.64317756395656   -4.16504319963420
  -0.30249984504881   -1.65633150344444   -4.17579108953056
  -0.30283438237512   -1.65816325549887   -4.17762212993189
  -0.30539955212674   -1.67220878821842   -4.18950035029707
  -0.30575431774650   -1.67415129986583   -4.19113560652887
  -0.30809587229296   -1.68697243225922   -4.20224375754218
  -0.30892143851493   -1.69149280264618   -4.20600292347700
  -0.31072672808871   -1.70137762752406   -4.21460071751591
  -0.31209052286141   -1.70884505695658   -4.22087706944143
  -0.31343185445104   -1.71618948970533   -4.22733922115289
  -0.31526101305768   -1.72620500896782   -4.23575590137886
  -0.31609793835244   -1.73078757571760   -4.23943107802124
  -0.31842501942263   -1.74352945889776   -4.25061067635760
  -0.31876923294091   -1.74541419273667   -4.25243075054839
  -0.32142680864745   -1.75996569230794   -4.26455376949273
  -0.32159568116058   -1.76089035018178   -4.26549389885787
  -0.32410627422973   -1.77463704943079   -4.27752578798861
  -0.32476484917529   -1.77824306261585   -4.28037007260277
  -0.32677029843952   -1.78922385764521   -4.28962905533198
  -0.32780197330094   -1.79487277152814   -4.29500905367210
  -0.32944178559367   -1.80385152905362   -4.30263016651808
  -0.33110203402877   -1.81294218424438   -4.31011822343757
  -0.33211108396409   -1.81846721582301   -4.31471150300357
  -0.33430355293327   -1.83047203329123   -4.32476834770213
  -0.33481964617715   -1.83329789093227   -4.32745054899283
  -0.33743739066473   -1.84763129550658   -4.33892424805963
  -0.33760418956491   -1.84854459935659   -4.33985381948590
  -0.34010604527827   -1.86224345739880   -4.35193980352013
  -0.34060645283313   -1.86498342838138   -4.35472859950939
  -0.34278746049146   -1.87692548968449   -4.36490338338358
  -0.34394486961378   -1.88326285885356   -4.36962730120200
  -0.34545252124538   -1.89151797347433   -4.37700868444724
  -0.34697967060515   -1.89987984749329   -4.38427005003811
  -0.34812282309010   -1.90613915474601   -4.39001773399284
  -0.35028236116734   -1.91796365981194   -4.39937843663666
  -0.35079013956759   -1.92074398970259   -4.40211266674593
  -0.35332480273308   -1.93462248425500   -4.41400368462347
  -0.35349208008758   -1.93553840787152   -4.41490123284490
  -0.35616896709431   -1.95019564605852   -4.42693378587185
  -0.35665305268291   -1.95284624646007   -4.42890717753075
  -0.35879437829921   -1.96457102958136   -4.43931855311406
  -0.35978932861255   -1.97001885897804   -4.44400645531268
  -0.36146600080798   -1.97919944212109   -4.45232481458059
  -0.36295908881286   -1.98737481391178   -4.45889170350309
  -0.36417400630318   -1.99402706893351   -4.46508393468908
  -0.36612822253499   -2.00472733857754   -4.47376669854413
  -0.36675957813696   -2.00818431282244   -4.47678438522385
  -0.36913091148523   -2.02116849841524   -4.48864405590498
  -0.36942249851259   -2.02276507701620   -4.48979311480675
  -0.37180006745077   -2.03578340544971   -4.50350882649126
  -0.37212398692857   -2.03755701969922   -4.50539273549550
  -0.37396988291201   -2.04766418411433   -4.51836383464950
  -0.37482966177240   -2.05237188507936   -4.52476291776704
  -0.37597315919351   -2.05863308102273   -4.53323105564010
  -0.37749516648071   -2.06696679973210   -4.54430949569401
  -0.37797666953257   -2.06960325950840   -4.54809994619266
  -0.38001884769553   -2.08078516284595   -4.56278215237674
  -0.38018513779756   -2.08169568078243   -4.56376019903341
  -0.38210491869272   -2.09220740046890   -4.57812377681537
  -0.38280262067360   -2.09602765290823   -4.58256930300299
  -0.38415130472126   -2.10341234388545   -4.59274171085910
  -0.38543644994098   -2.11044912935415   -4.60227844388073
  -0.38626910647005   -2.11500832256771   -4.60784983418021
  -0.38812878850773   -2.12519097223123   -4.62163298237583
  -0.38827079118970   -2.12596850491289   -4.62272123462735
  -0.39016045676403   -2.13631532879710   -4.63737645097584
  -0.39081162458209   -2.13988078441221   -4.64115708460479
  -0.39228146776474   -2.14792887967040   -4.65250067588114
  -0.39348551803212   -2.15452163144278   -4.66068193656397
  -0.39433356014171   -2.15916506807703   -4.66713590959943
  -0.39612482315293   -2.16897309080827   -4.68041670264876
  -0.39645023108979   -2.17075485508394   -4.68223933551386
  -0.39834007480172   -2.18110265435683   -4.69689621955909
  -0.39882572786821   -2.18376183745044   -4.69974553957609
  -0.40034414558481   -2.19207590154189   -4.71177289240819
  -0.40154028736157   -2.19862535054118   -4.72002624609553
  -0.40251299211867   -2.20395137486517   -4.72666236364654
  -0.40420982831363   -2.21324236556120   -4.73956880178976
  -0.40451698000802   -2.21492416816730   -4.74154079205202
  -0.40652044812826   -2.22589411548472   -4.75642288661325
  -0.40679503556142   -2.22739761316720   -4.75844397644715
  -0.40847359546062   -2.23658853239236   -4.77154714891887
  -0.40951353280282   -2.24228268731404   -4.77880001286565
  -0.41064147669889   -2.24845872026004   -4.78641565832290
  -0.41218381690632   -2.25690377144407   -4.79833699471022
  -0.41253113496008   -2.25880550410136   -4.80107177741180
  -0.41465459221679   -2.27043244939763   -4.81621825526138
  -0.41485465935780   -2.27152791279663   -4.81787367541543
  -0.41665157092388   -2.28136686407054   -4.83106012607819
  -0.41748870016800   -2.28595054754075   -4.83666091968966
  -0.41870765967515   -2.29262493454016   -4.84573139660200
  -0.42019521695647   -2.30077002297100   -4.85602205190000
  -0.42071556754559   -2.30361919161586   -4.86060164304590
  -0.42275221787147   -2.31477082739839   -4.87529487734418
  -0.42292462828862   -2.31571485699089   -4.87627118458526
  -0.42472273523408   -2.32556035353931   -4.89037554960339
  -0.42554137480685   -2.33004279720511   -4.89602289980487
  -0.42683761960800   -2.33714035819714   -4.90548798205195
  -0.42817480893976   -2.34446211010056   -4.91480675805032
  -0.42889270844853   -2.34839295367664   -4.92016671728229
  -0.43080999603818   -2.35889102132160   -4.93483616858420
  -0.43093957213998   -2.35960051252633   -4.93580702199358
  -0.43290351476850   -2.37035403884979   -4.94993213660130
  -0.43355817259495   -2.37393860393194   -4.95464059953121
  -0.43490766283351   -2.38132770919038   -4.96482045581333
  -0.43622932011945   -2.38856441570539   -4.97418515867513
  -0.43702490043507   -2.39292059889639   -4.97992573350069
  -0.43893870142472   -2.40339957573679   -4.99358856798500
  -0.43908644585770   -2.40420854725463   -4.99459079362386
  -0.44108723469278   -2.41516382420276   -5.00948918671007
  -0.44157545896140   -2.41783708585926   -5.01326560458361
  -0.44309079905666   -2.42613429850019   -5.02438153492031
  -0.44425009978118   -2.43248202509710   -5.03279946602362
  -0.44525800695578   -2.43800079951356   -5.03928624503681
  -0.44695997514053   -2.44731989031115   -5.05218883544059
  -0.44726727436479   -2.44900250071398   -5.05416210196226
  -0.44910786427832   -2.45908061185549   -5.06904606368776
  -0.44963397460388   -2.46196131781542   -5.07265089543394
  -0.45115946185671   -2.47031409100301   -5.08372337290975
  -0.45226583370307   -2.47637200664709   -5.09144498191009
  -0.45327967443486   -2.48192327013044   -5.09884132973110
  -0.45502048542100   -2.49145504386546   -5.11155797837596
  -0.45533414948477   -2.49317250481238   -5.11351067261184
  -0.45740374598081   -2.50450453665280   -5.12883582012652
  -0.45761180831253   -2.50564377754944   -5.13053786643342
  -0.45934352420475   -2.51512575129005   -5.14329798585057
  -0.46028472730907   -2.52027928898052   -5.15008656143978
  -0.46146429712914   -2.52673799858147   -5.15841973304785
  -0.46299857585620   -2.53513890930021   -5.17038515967551
  -0.46346911696662   -2.53771534719797   -5.17331458303793
  -0.46551466650375   -2.54891571042347   -5.18802889808558
  -0.46567430482165   -2.54978980665667   -5.18893669185609
  -0.46748503926625   -2.55970444480957   -5.20309365582481
  -0.46830320999256   -2.56418432131648   -5.20874430509028
  -0.46948781561599   -2.57067060435217   -5.21799378922818
  -0.47101878730178   -2.57905340743644   -5.22902664631580
  -0.47165409417689   -2.58253201679384   -5.23290412316555
  -0.47358011254852   -2.59307788965084   -5.24759033713068
  -0.47371383187456   -2.59381006699228   -5.24861462988951
  -0.47566882309581   -2.60451458007457   -5.26268912865539
  -0.47632383321644   -2.60810107413606   -5.26740073596499
  -0.47767406872504   -2.61549426010483   -5.27758735716671
  -0.47903683986921   -2.62295608468099   -5.28773218307965
  -0.47968157134368   -2.62648629823287   -5.29248242930706
  -0.48167175904521   -2.63738352889849   -5.30648917550551
  -0.48183880017915   -2.63829815909429   -5.30742070182214
  -0.48369418854974   -2.64845729887451   -5.32227897072403
  -0.48434521050918   -2.65202195584374   -5.32699720053035
  -0.48569559363485   -2.65941595008661   -5.33718515821702
  -0.48705916272500   -2.66688214379913   -5.34638729799735
  -0.48786799763535   -2.67131090224326   -5.35208706737753
  -0.48973300214388   -2.68152269498331   -5.36501485282230
  -0.48992694257640   -2.68258461171961   -5.36676556736979
  -0.49199380520449   -2.69390167432388   -5.38210192439496
  -0.49236709745994   -2.69594562817313   -5.38474413299872
  -0.49388735858031   -2.70426978578295   -5.39678856859485
  -0.49508184839925   -2.71081018952213   -5.40505330524500
  -0.49605565871411   -2.71614226730423   -5.41169913317946
  -0.49775583783578   -2.72545156212477   -5.42462432826010
  -0.49806332952274   -2.72713522635301   -5.42659923503473
  -0.50006918604316   -2.73811825130505   -5.44150292401608
  -0.50043006535748   -2.74009423835771   -5.44419215368543
  -0.50207630716414   -2.74910820055073   -5.45640542569698
  -0.50310419045163   -2.75473635375080   -5.46376751647860
  -0.50408482352511   -2.76010578940342   -5.47130713815570
  -0.50577964065733   -2.76938572476413   -5.48329251964548
  -0.50613438183264   -2.77132810256644   -5.48599643727747
  -0.50820833306100   -2.78268397865156   -5.50133509755593
  -0.50841359652218   -2.78380789439176   -5.50303760803062
  -0.51014650381713   -2.79329639163286   -5.51580835705392
  -0.51112876375439   -2.79867473514375   -5.52244903529953
  -0.51227420798034   -2.80494659077584   -5.53093480169905
  -0.51376318434114   -2.81309944934629   -5.54216837084951
  -0.51427491374007   -2.81590141284666   -5.54584997129750
  -0.51632186820050   -2.82710946869998   -5.56057669265870
  -0.51647712925429   -2.82795959731613   -5.56148839246805
  -0.51834475879054   -2.83818576333996   -5.57543764352854
  -0.51915354736926   -2.84261426809616   -5.58117368407944
  -0.52030492316111   -2.84891860189190   -5.59056250318000
  -0.52178832591264   -2.85704094228275   -5.60087121007829
  -0.52246473704884   -2.86074461715235   -5.60548985034783
  -0.52446361724207   -2.87168944337242   -5.61951109784795
  -0.52460183663620   -2.87244626074149   -5.62057219226053
  -0.52648439535417   -2.88275417118410   -5.63530009994365
  -0.52713986249844   -2.88634316766888   -5.64001573003672
  -0.52849106445434   -2.89374164539939   -5.65021100202514
  -0.52985542510773   -2.90121217329964   -5.65941993266763
  -0.53055117534212   -2.90502173899236   -5.66489971190770
  -0.53249039355684   -2.91563988731103   -5.67822626047512
  -0.53269468266187   -2.91675846798473   -5.67984083642093
  -0.53463030116308   -2.92735690614816   -5.69514935603559
  -0.53516122267880   -2.93026395567810   -5.69871358673985
  -0.53668358376132   -2.93859961158626   -5.70986332626476
  -0.53784259185236   -2.94494573587475   -5.71830618128388
  -0.53869225641842   -2.94959805623509   -5.72477488222509
  -0.54051804834229   -2.95959514129725   -5.73787914392944
  -0.54070730521370   -2.96063141329374   -5.73968293591580
  -0.54275105490045   -2.97182192147654   -5.75438364240117
  -0.54327402832089   -2.97468545137882   -5.75811215780342
  -0.54472172808453   -2.98261230081459   -5.76951284759730
  -0.54591061867066   -2.98912204607294   -5.77778711733639
  -0.54688511547707   -2.99445788272502   -5.78443884146367
  -0.54858727967277   -3.00377804677641   -5.79737550451683
  -0.54889498255376   -3.00546286739313   -5.79935218399359
  -0.55090231963552   -3.01645399912745   -5.81426896882827
  -0.55119758377447   -3.01807071167522   -5.81632081850478
  -0.55302168149227   -3.02805852014783   -5.82941700695424
  -0.55389719843877   -3.03285239467048   -5.83576180903796
  -0.55507934977489   -3.03932523930794   -5.84411116387238
  -0.55657721456542   -3.04752676628744   -5.85535269155063
  -0.55708682353788   -3.05031711943748   -5.85902957442888
  -0.55913506116740   -3.06153220125600   -5.87376745925058
  -0.55928661358385   -3.06236202330684   -5.87468204637696
  -0.56111353828857   -3.07236531088656   -5.88885812152667
  -0.56192814096827   -3.07682565062976   -5.89450904646108
  -0.56311700893295   -3.08333527202484   -5.90378075350045
  -0.56464503999242   -3.09170197377185   -5.91483073108861
  -0.56516338532028   -3.09454016265109   -5.91848487088384
  -0.56717180029237   -3.10553719635113   -5.93346075653093
  -0.56731667673088   -3.10633046422595   -5.93436384968723
  -0.56919153969924   -3.11659623675430   -5.94832346532549
  -0.57004194497448   -3.12125261285211   -5.95485497434566
  -0.57115548740172   -3.12734979086013   -5.96346352183753
  -0.57267949134507   -3.13569444221802   -5.97363226197238
  -0.57332509642656   -3.13922943918666   -5.97839020629633
  -0.57531409598893   -3.15012016422144   -5.99243681229004
  -0.57547276034970   -3.15098892757297   -5.99335661512765
  -0.57734455285330   -3.16123788783645   -6.00823625756534
  -0.57803500990231   -3.16501847080457   -6.01281719381345
  -0.57935226971759   -3.17223109906203   -6.02316104469190
  -0.58071099595516   -3.17967077583762   -6.03238246063286
  -0.58140730316455   -3.18348339123522   -6.03786722452277
  -0.58339116401750   -3.19434597937521   -6.05200809136835
  -0.58353919864708   -3.19515653985847   -6.05301280701197
  -0.58542407227409   -3.20547712553648   -6.06771911417901
  -0.58610740337681   -3.20921869053643   -6.07235337343120
  -0.58743861949757   -3.21650773624934   -6.08264656525156
  -0.58874470170111   -3.22365916173013   -6.09208768515596
  -0.58955472816502   -3.22809444450055   -6.09779775632048
  -0.59141247277815   -3.23826648583690   -6.11159926205210
  -0.59157975624209   -3.23918244290554   -6.11253270972242
  -0.59326246393514   -3.24839607328817   -6.12765135689037
  -0.59414091894999   -3.25320603514194   -6.13694275436817
  -0.59453631182557   -3.25537100046926   -6.14238945327568
  -0.59508908409005   -3.25839769331183   -6.15774772331838
  -0.59534319942621   -3.25978909646024   -6.17260326329535
  -0.59552183781401   -3.26076722717431   -6.18757273747071
  -0.59569382459884   -3.26170893717696   -6.20248774898408
  -0.59586582544407   -3.26265072416705   -6.21740318300155
  -0.59603801761751   -3.26359355877072   -6.23231897657821
  -0.59629375356942   -3.26499383556642   -6.24726706532952
  -0.59638362609844   -3.26548593069816   -6.26215141179461
  -0.59674128237869   -3.26744427009597   -6.27658992212420
  -0.59690100087421   -3.26831880534002   -6.28272942082878
  -0.59698217868220   -3.26876329271064   -6.29205516142301
  -0.59706926616940   -3.26924013840484   -6.30690502186627
  -0.59686550239214   -3.26812443415222   -6.31459591066260
  -0.59666767349214   -3.26704122619452   -6.32199512064633
  -0.59510288200849   -3.25847324352244   -6.33697464953167
  -0.59414204355276   -3.25321219288064   -6.34289352839497
  -0.59247403857897   -3.24407906692627   -6.35220159486094
  -0.59147323540712   -3.23859919032662   -6.35778651537613
  -0.58979434214888   -3.22940644580112   -6.36712822382432
  -0.58876244030123   -3.22375628905988   -6.37244697193595
  -0.58695577449932   -3.21386392867400   -6.38202571684135
  -0.58605164067337   -3.20891336303320   -6.38710787218210
  -0.58425854648308   -3.19909531371966   -6.39664789651611
  -0.58342454143855   -3.19452873673821   -6.40130240563747
  -0.58146464663716   -3.18379737420661   -6.41177361756600
  -0.58084591000610   -3.18040949487004   -6.41483498164571
  -0.57875230369868   -3.16894599781523   -6.42645220056093
  -0.57808663176188   -3.16530112520481   -6.43015951926716
  -0.57584219924587   -3.15301178243496   -6.44183419977743
  -0.57550863728244   -3.15118537095934   -6.44369639909321
  -0.57312403876508   -3.13812855221372   -6.45645643351978
  -0.57279043541748   -3.13630191413997   -6.45831845475197
  -0.57045520477937   -3.12351540817303   -6.47135281746760
  -0.57011725177425   -3.12166495364147   -6.47322854456733
  -0.56761930274967   -3.10798748659107   -6.48624785243995
  -0.56744387087946   -3.10702691309624   -6.48720363675196
  -0.56486647778274   -3.09291445170913   -6.50067924628308
  -0.56469967503541   -3.09200112679414   -6.50161034263445
  -0.56219762702070   -3.07830121580997   -6.51557699565876
  -0.56202932068365   -3.07737965802127   -6.51650595823247
  -0.55944517914755   -3.06323024569706   -6.52907343950082
  -0.55911157283244   -3.06140359137477   -6.53093573932893
  -0.55674836856980   -3.04846391641837   -6.54402366502826
  -0.55638889035935   -3.04649560108033   -6.54567058304882
  -0.55406546182641   -3.03377371729064   -6.55863819130145
  -0.55373185297390   -3.03194704907480   -6.56050060855976
  -0.55138416000738   -3.01909230589227   -6.57166050359933
  -0.55055673604177   -3.01456176346928   -6.57542949545197
  -0.54869188825691   -3.00435082886630   -6.58183695351878
  -0.54631482174528   -2.99133525145883   -6.58980998048411
  -0.54600028846461   -2.98961303113313   -6.59093426890049
  -0.54335099995346   -2.97510690792496   -6.59857698394204
  -0.54119174994196   -2.96328398015692   -6.60524554602159
  -0.54070760144552   -2.96063303530478   -6.60636000537324
  -0.53801018564494   -2.94586339214128   -6.61438582396231
  -0.53633493886510   -2.93669061383108   -6.61990846477273
  -0.53533240172879   -2.93120124294573   -6.62272446600632
  -0.53263700077464   -2.91644263203119   -6.63082561178090
  -0.53149440891339   -2.91018639446172   -6.63476111085732
  -0.52999079361283   -2.90195338068616   -6.63946328946718
  -0.52732585235282   -2.88736155118269   -6.64692728180377
  -0.52663249183069   -2.88356507030892   -6.64946826072530
  -0.52465432260394   -2.87273364654775   -6.65529428163430
  -0.52201157734528   -2.85826335078020   -6.66308049250222
  -0.52164434508677   -2.85625257831597   -6.66456972430305
  -0.51927693927318   -2.84328989785624   -6.67168059133844
  -0.51680303028036   -2.82974406149130   -6.67931940219750
  -0.51662094269808   -2.82874704478581   -6.68020102228571
  -0.51396857362537   -2.81422405402799   -6.68783265781831
  -0.51179620419046   -2.80232929113451   -6.69431834834915
  -0.51129494954165   -2.79958468190689   -6.69618978604826
  -0.50863129978187   -2.78499992398562   -6.70366084542315
  -0.50695609015650   -2.77582734911396   -6.70918502274622
  -0.50595324888507   -2.77033631294316   -6.71199935808230
  -0.50329116835977   -2.75576014733207   -6.71947706294581
  -0.50194851327460   -2.74840846781149   -6.72406107971052
  -0.50061177333993   -2.74108917657236   -6.72874293888250
  -0.49798316743945   -2.72669630056147   -6.73563005507548
  -0.49695180452646   -2.72104909474553   -6.73916111901732
  -0.49525965763080   -2.71178378020864   -6.74355495121550
  -0.49260759854349   -2.69726248676930   -6.74857999767557
  -0.49009543051501   -2.68350716386377   -6.75371387081831
  -0.48990429842402   -2.68246062414217   -6.75451210445604
  -0.48724094918802   -2.66787751173249   -6.75836684906664
  -0.48458530886922   -2.65333660933585   -6.76246859308378
  -0.48190221974681   -2.63864541159563   -6.76675391456111
  -0.48106402583856   -2.63405589857950   -6.76856107153064
  -0.47922273586391   -2.62397395426811   -6.77130886263524
  -0.47655477923197   -2.60936561415942   -6.77506065311963
  -0.47389922366208   -2.59482517580367   -6.77916240072119
  -0.47169443684365   -2.58275291221240   -6.78303847455678
  -0.47119309649509   -2.58000783373764   -6.78407782975994
  -0.46851672068799   -2.56535339461337   -6.78855694538875
  -0.46586902167572   -2.55085597467271   -6.79269004099203
  -0.46319904441171   -2.53623657063585   -6.79734537991061
  -0.46285680826908   -2.53436266387543   -6.79813539266179
  -0.46052630992703   -2.52160206949550   -6.80197225167529
  -0.45785497307253   -2.50697522104966   -6.80661359242454
  -0.45516500411815   -2.49224635293498   -6.81192720904200
  -0.45468093801307   -2.48959585921504   -6.81304263703832
  -0.45301277020443   -2.48046184166195   -6.82699774234633
      
      
