  0.9580729 -0.2865246  0.00000000 0.75053679503575    2.50962424171789   -6.81347565242741
   0.75198385336916    2.51446287547539   -6.80940471472505
   0.75623024754302    2.52866185123392   -6.80006377321193
   0.75731252433455    2.53228073852932   -6.79747920683314
   0.76053115307792    2.54304310057854   -6.79380985930304
   0.76479505417474    2.55730061550340   -6.78945637302798
   0.76904980584921    2.57152753684207   -6.78546448308886
   0.77113118506246    2.57848719526831   -6.78273901186923
   0.77330825142033    2.58576680973048   -6.77989257397017
   0.77759109536923    2.60008766524181   -6.77558649563280
   0.78181274207102    2.61420389108559   -6.77179904944648
   0.78498946612326    2.62482613338401   -6.76792411690337
   0.78610939112125    2.62857090771414   -6.76630998122613
   0.79036919914090    2.64281473632037   -6.76260479754973
   0.79460399390691    2.65697492629878   -6.75884156295750
   0.79884359245760    2.67115117903993   -6.75392537562501
   0.79990491576265    2.67470000264494   -6.75295832537167
   0.80312368710508    2.68546284151300   -6.74928990143854
   0.80738828372448    2.69972268210705   -6.74494220904682
   0.81164291722535    2.71394920830010   -6.74094738929911
   0.81453887590781    2.72363263509620   -6.73811332563777
   0.81588145371994    2.72812190976733   -6.73630758377604
   0.82014083516274    2.74236431199770   -6.73167026648254
   0.82432468109108    2.75635414065742   -6.72631998716878
   0.82619146513229    2.76259624166414   -6.72333606267216
   0.82859963664469    2.77064861917009   -6.71869520816104
   0.83285721827752    2.78488500324550   -6.71125985939830
   0.83417430595111    2.78928904469419   -6.70852996186853
   0.83713042665777    2.79917363960803   -6.70213936889190
   0.84137116711635    2.81335371062930   -6.69452405164061
   0.84190337062362    2.81513327804321   -6.69359469677902
   0.84561811052255    2.82755452289580   -6.68634077900603
   0.84958507450599    2.84081914768797   -6.67870678486218
   0.84988518033098    2.84182263327119   -6.67778906553373
   0.85413496840025    2.85603295744363   -6.66960462288042
   0.85703935333366    2.86574455970531   -6.66390182171122
   0.85839926250511    2.87029178649790   -6.66105489353683
   0.86263067648687    2.88444067190316   -6.65365376397920
   0.86478078998501    2.89163016213609   -6.64903587889810
   0.86692349846624    2.89879489167765   -6.64450781661865
   0.87117117004994    2.91299813880401   -6.63688790222510
   0.87248861228072    2.91740336581125   -6.63415960680116
   0.87544649931950    2.92729386693777   -6.62778186244823
   0.87968544163701    2.94146792538452   -6.62015571681575
   0.88021766761526    2.94324756793625   -6.61922657522294
   0.88401562002319    2.95594705648214   -6.61141397652898
   0.88767163929813    2.96817195293127   -6.60465216134845
   0.88826762227814    2.97016478438761   -6.60303976405553
   0.89245165223770    2.98415522840587   -6.59525089978101
   0.89535465225156    2.99386219981178   -6.58954085789724
   0.89671421908911    2.99840828191770   -6.58669372765938
   0.90097336048065    3.01264988147126   -6.57852431951282
   0.90306777724154    3.01965313448985   -6.57467087907768
   0.90522873222937    3.02687887619708   -6.56996391074261
   0.90948668487908    3.04111650086848   -6.56253195053005
   0.91080449970983    3.04552297376526   -6.55980526055032
   0.91372898606127    3.05530179059434   -6.55343598888902
   0.91718361572965    3.06685328602969   -6.54515079292760
   0.91794675221085    3.06940504075462   -6.54326060595521
   0.92215493501493    3.08347624638844   -6.53111653523439
   0.92242074394440    3.08436505095802   -6.53018578843032
   0.92642597339815    3.09775762677478   -6.51616906217035
   0.92694211716006    3.09948349405493   -6.51517599411367
   0.93068886521580    3.11201176689974   -6.50236131343569
   0.93122050633502    3.11378945381598   -6.50049998617630
   0.93491509701826    3.12614332427671   -6.48830751463849
   0.93571252972185    3.12880975776446   -6.48551549764845
   0.93916806543224    3.14036428279811   -6.47341693597988
   0.93997785984593    3.14307205103127   -6.47060765238677
   0.94344889344309    3.15467839747138   -6.45862377437028
   0.94448494551280    3.15814271981644   -6.45573677828007
   0.94767468469360    3.16880848174289   -6.44456948455459
   0.94873793418296    3.17236374606989   -6.44084710262450
   0.95192768041653    3.18302953157920   -6.42968011507990
   0.95300417052007    3.18662906950684   -6.42593955185226
   0.95617863295502    3.19724374947173   -6.41573312404387
   0.95750253085018    3.20167056275153   -6.41097346694571
   0.96047361429490    3.21160518965637   -6.40072387976005
   0.96179197497847    3.21601348776075   -6.39628182798585
   0.96471604803461    3.22579092262439   -6.38604665776497
   0.96628293937436    3.23103025068453   -6.38129624430168
   0.96894108799251    3.23991849474438   -6.37199142477020
   0.97053598375602    3.24525146322453   -6.36640859777990
   0.97322390449924    3.25423925849535   -6.35701489282961
   0.97481813936731    3.25957001709158   -6.35162272284291
   0.97747685593062    3.26846016023083   -6.34232031473006
   0.97905765438762    3.27374599052613   -6.33675680829838
   0.98168985611541    3.28254747408943   -6.32736972297544
   0.98322407689962    3.28767755924672   -6.32191959950943
   0.98538746008690    3.29491142030032   -6.30763646148738
   0.98582178824042    3.29636371480494   -6.29738131055996
   0.98605727001478    3.29715111226942   -6.29274329792044
   0.98604666620877    3.29711565555526   -6.27788377159879
   0.98581326882876    3.29633522783110   -6.27516300185487
   0.98554781292781    3.29544760370857   -6.26303848355431
   0.98509026802195    3.29391767766761   -6.24809844731651
   0.98507964297786    3.29388214993812   -6.23312447896451
   0.98480731187404    3.29297153670180   -6.21826240376141
   0.98444544208253    3.29176152647028   -6.20343779558085
   0.98399153927243    3.29024377876872   -6.18842416419186
   0.98388931428302    3.28990196166763   -6.17352932597280
   0.98370649589057    3.28929065856756   -6.15853766771190
   0.98343417073600    3.28838006522418   -6.14367446292601
   0.98254293442095    3.28539997380673   -6.12898459722561
   0.98158430660725    3.28219454055422   -6.12055037154756
   0.98055238090694    3.27874401584938   -6.11411606443368
   0.97771711700884    3.26926353859978   -6.09898275467925
   0.97747368912149    3.26844957114175   -6.09805217868892
   0.97418298818779    3.25744621608963   -6.08427698140213
   0.97314836050846    3.25398665658186   -6.07944648418911
   0.97071578815060    3.24585268820165   -6.06933689635146
   0.96884299273329    3.23959048652125   -6.06186524456469
   0.96697345235962    3.23333916896605   -6.05439416969389
   0.96455199569813    3.22524236894487   -6.04318315600352
   0.96356936353590    3.22195667061358   -6.03922423154287
   0.96042802791037    3.21145275916068   -6.02505209495095
   0.96017649196678    3.21061168020774   -6.02405022663352
   0.95663112994536    3.19875679643195   -6.00934650096679
   0.95603605496124    3.19676700110721   -6.00677528242650
   0.95315400411924    3.18713007896459   -5.99440866155425
   0.95181211989434    3.18264312349131   -5.98883934065781
   0.94942140297788    3.17464911018200   -5.97946866489824
   0.94753126355720    3.16832891410134   -5.97111319927348
   0.94594688616810    3.16303111667156   -5.96453238012069
   0.94332129658054    3.15425174260044   -5.95320102605595
   0.94248176215169    3.15144453052460   -5.94959247959627
   0.93926602419610    3.14069183461183   -5.93466210528440
   0.93900919921494    3.13983307032091   -5.93372456771370
   0.93553267050925    3.12820834948838   -5.91972459343970
   0.93466985040164    3.12532327540193   -5.91621996861716
   0.93198158347968    3.11633432258817   -5.90501831668448
   0.93043360673587    3.11115824063246   -5.89831198889075
   0.92832396181821    3.10410406812312   -5.88985369879407
   0.92622568281494    3.09708790064496   -5.88041022056802
   0.92485650174242    3.09250967072523   -5.87491706847233
   0.92196189828817    3.08283077550385   -5.86265152820394
   0.92119318868062    3.08026038551268   -5.85975929704303
   0.91790826945304    3.06927636317008   -5.84505558800251
   0.91764681632022    3.06840212339325   -5.84411797331732
   0.91443651866815    3.05766761861741   -5.83012402463769
   0.91335686918997    3.05405751645995   -5.82549544687796
   0.91070258888842    3.04518220717046   -5.81518913562531
   0.90913041927779    3.03992522977372   -5.80763984361081
   0.90730454659931    3.03381992705370   -5.80002690206864
   0.90482328501410    3.02552315297752   -5.79001250211660
   0.90375727874435    3.02195867060426   -5.78533058591113
   0.90048039930529    3.01100153148481   -5.77156208589677
   0.90022564532577    3.01014969215210   -5.77062781868171
   0.89681664278432    2.99875076344574   -5.75547200121616
   0.89626118531453    2.99689344007312   -5.75272924415954
   0.89334816689494    2.98715296939838   -5.74054211171385
   0.89200299939615    2.98265503540438   -5.73497608806711
   0.88980445931381    2.97530361769438   -5.72584320416632
   0.88772612944508    2.96835415558225   -5.71726215116163
   0.88614155517547    2.96305569982885   -5.71068503382453
   0.88351882979837    2.95428590302572   -5.69936164434192
   0.88267358051568    2.95145958177914   -5.69575410469359
   0.87938748556448    2.94047162808430   -5.68106080739485
   0.87913625940540    2.93963158498031   -5.68012806535230
   0.87573154189265    2.92824698443479   -5.66590671483638
   0.87497991973638    2.92573373099208   -5.66297155968850
   0.87218985912016    2.91640440323008   -5.65120968700591
   0.87058443532476    2.91103623140717   -5.64467913594270
   0.86852596658143    2.90415318037858   -5.63605574633142
   0.86637662298099    2.89696626450832   -5.62676860311996
   0.86505672196359    2.89255281587817   -5.62113104246859
   0.86217013442855    2.88290072406641   -5.60886914662677
   0.86158789349581    2.88095384288887   -5.60620241131933
   0.85811823614203    2.86935209829340   -5.59128399497054
   0.85785158984016    2.86846049374107   -5.59034632084684
   0.85464911885198    2.85775215954813   -5.57636219431101
   0.85356855571797    2.85413900233353   -5.57173577136714
   0.85110628386435    2.84590572559823   -5.56166764417757
   0.84941153042909    2.84023885578854   -5.55467309451405
   0.84744411080695    2.83366025230098   -5.54651161877257
   0.84503025861681    2.82558887990144   -5.53629550754236
   0.84397646253481    2.82206522561731   -5.53159747357987
   0.84083848139159    2.81157253078987   -5.51744295061082
   0.84057259292818    2.81068346027690   -5.51643827458202
   0.83703704471383    2.79886139163859   -5.50175027142311
   0.83650359766835    2.79707766611593   -5.49988476810265
   0.83338033363063    2.78663418194005   -5.48660377625932
   0.83229112455373    2.78299211466000   -5.48200714141668
   0.82983581276652    2.77478211080289   -5.47191591754788
   0.82795184835125    2.76848256253506   -5.46357000661637
   0.82636685055681    2.76318269061099   -5.45699607825195
   0.82368714810376    2.75422237543224   -5.44584249980595
   0.82271313348623    2.75096549220933   -5.44185100924541
   0.81961704141808    2.74061286491613   -5.42739052067469
   0.81936063637315    2.73975550479641   -5.42645790017600
   0.81588589363136    2.72813675582073   -5.41247310311128
   0.81512790425835    2.72560221185425   -5.40860945763257
   0.81249119501534    2.71678565618586   -5.39732415209939
   0.81082407472138    2.71121118531213   -5.39102992589902
   0.80868492844634    2.70405836697741   -5.38263982040490
   0.80666923265253    2.69731833895807   -5.37392486331852
   0.80510284922577    2.69208070924343   -5.36726478301410
   0.80234734733904    2.68286693800826   -5.35540921963464
   0.80156134622052    2.68023872913949   -5.35258367664060
   0.79835311823190    2.66951114484722   -5.33766300386189
   0.79808647246752    2.66861954209214   -5.33673062997127
   0.79481274159213    2.65767293105309   -5.32298192861034
   0.79380855887649    2.65431517257550   -5.31907089908603
   0.79115536495339    2.64544349588833   -5.30783771015270
   0.78954579036767    2.64006144476719   -5.30134167861054
   0.78750914286201    2.63325135899145   -5.29270400082246
   0.78540123837610    2.62620300608981   -5.28331512986417
   0.78403097762443    2.62162116596873   -5.27778239153887
   0.78101087626386    2.61152263430835   -5.26499531428136
   0.78048985626949    2.60978046201655   -5.26310240317737
   0.77720889728889    2.59880968183861   -5.24841958102225
   0.77673128707350    2.59721266196888   -5.24640870748927
   0.77356031934667    2.58660966751264   -5.23328638885856
   0.77253141751000    2.58316925391968   -5.22853306703862
   0.77008991771772    2.57500543423041   -5.21837130202315
   0.76820687090020    2.56870895420063   -5.21003025790660
   0.76635564471441    2.56251887512194   -5.20345893432455
   0.76387673805465    2.55422997538051   -5.19250609214063
   0.76289305018314    2.55094074699765   -5.18855430300443
   0.75975715275727    2.54045501964681   -5.17441089410714
   0.75948162556272    2.53953371941040   -5.17340514132850
   0.75622401779250    2.52864102036592   -5.15873610013871
   0.75547309314992    2.52613009925027   -5.15580448155406
   0.75248867510309    2.51615088447054   -5.14382468857834
   0.75114459227738    2.51165657737649   -5.13826705106226
   0.74902451359014    2.50456751671614   -5.12891931424560
   0.74694261566418    2.49760612383262   -5.12038885218325
   0.74529414598280    2.49209401636302   -5.11401328580250
   0.74261012801431    2.48311927108273   -5.10195104251887
   0.74190683569519    2.48076762161697   -5.09887881705529
   0.73861646320882    2.46976536481798   -5.08419608576110
   0.73834993270573    2.46887414747044   -5.08326427620185
   0.73489574902460    2.45732414331493   -5.06929578137057
   0.73407961502589    2.45459517695220   -5.06561512407849
   0.73142540705811    2.44572010953037   -5.05438771111555
   0.72981656194052    2.44034049758464   -5.04789544655302
   0.72788428695517    2.43387940976461   -5.03971336688294
   0.72554741927380    2.42606545604291   -5.02929979687489
   0.72441991536187    2.42229533954930   -5.02480931802411
   0.72128421529594    2.41181027212522   -5.01158773899532
   0.72095418337100    2.41070672047412   -5.00990617697567
   0.71748720938899    2.39911394846319   -4.99500390485419
   0.71701449612248    2.39753330287610   -4.99299755837791
   0.71383456162714    2.38690032558657   -4.97987255553313
   0.71275521768706    2.38329124507899   -4.97525380169683
   0.71029108401783    2.37505174285601   -4.96519878043208
   0.70848952490512    2.36902773916686   -4.95757296238965
   0.70664309156468    2.36285368627225   -4.95007257915760
   0.70422467369392    2.35476704727574   -4.93894957469663
   0.70317974379334    2.35127303948460   -4.93517346303436
   0.70004528572459    2.34079212501645   -4.92103783948853
   0.69976304073649    2.33984836200718   -4.92003267227997
   0.69625029709133    2.32810254665855   -4.90537358560872
   0.69576002862476    2.32646320047753   -4.90339947644177
   0.69277677612535    2.31648788302315   -4.89046732846772
   0.69143328658396    2.31199555973683   -4.88491280230957
   0.68905716556560    2.30405035178919   -4.87557669566171
   0.68723114776053    2.29794456379887   -4.86709647426525
   0.68558755475821    2.29244876283426   -4.86067328961375
   0.68296976084107    2.28369545571097   -4.84937089840486
   0.68193489814048    2.28023511034560   -4.84554562135524
   0.67884028980123    2.26988744430418   -4.83110371924155
   0.67857605404072    2.26900390005362   -4.83017297595491
   0.67519331713792    2.25769279766560   -4.81598011731294
   0.67444282241286    2.25518331409631   -4.81305071691297
   0.67153163394038    2.24544896234823   -4.80084876106349
   0.67018044998768    2.24093091070155   -4.79532001501361
   0.66800394865523    2.23365318555580   -4.78619087120070
   0.66591484091806    2.22666768470435   -4.77677001906270
   0.66460472313849    2.22228694899510   -4.77105784936946
   0.66165355431172    2.21241891204068   -4.75901630432159
   0.66088408144362    2.20984596987994   -4.75616729324935
   0.65758868897823    2.19882692741353   -4.74149519166807
   0.65732230449517    2.19793619832373   -4.74056410494604
   0.65395277730074    2.18666926619432   -4.72637613494359
   0.65312716986940    2.18390862282877   -4.72272892201457
   0.65047933321096    2.17505485961546   -4.71147765751139
   0.64879786549202    2.16943241421766   -4.70428726640840
   0.64694693361236    2.16324331923168   -4.69681722471869
   0.64453603586206    2.15518182580658   -4.68661633406329
   0.64347992708439    2.15165043839446   -4.68192271362587
   0.64027297682259    2.14092712652990   -4.66892188823303
   0.63976320762319    2.13922257433609   -4.66703808920000
   0.63634023169691    2.12777692181083   -4.65190342013898
   0.63607388351451    2.12688631410219   -4.65097251468546
   0.63290143445740    2.11627836641462   -4.63701750431283
   0.63181387209724    2.11264180538059   -4.63242953876928
   0.62936795227866    2.10446320612921   -4.62235931695897
   0.62755210329721    2.09839142037095   -4.61477786902112
   0.62572286836377    2.09227487503549   -4.60724391161747
   0.62328988738280    2.08413954031258   -4.59617356822384
   0.62244045348655    2.08129922667057   -4.59257781220807
   0.61902371134200    2.06987441849279   -4.57838075547828
   0.61877107895738    2.06902967329057   -4.57748516660223
   0.61525651235721    2.05727776239526   -4.56280409582321
   0.61476651108754    2.05563930965986   -4.56083139857103
   0.61178059864106    2.04565509794780   -4.54790658226964
   0.61043785856604    2.04116528070647   -4.54235603487386
   0.60813636832308    2.03346962108791   -4.53279265524543
   0.60624278604276    2.02713791286811   -4.52450109817078
   0.60466594950230    2.02186533032007   -4.51790050088132
   0.60198060643783    2.01288615422038   -4.50680013982604
   0.60111008069050    2.00997531422830   -4.50323958341746
   0.59764834597190    1.99840006112191   -4.49114177894424
   0.59662319356265    1.99497218476098   -4.48812644231799
   0.59344712734732    1.98435214211946   -4.47874269235180
   0.59155664862037    1.97803081147588   -4.47324046907048
   0.58911882602534    1.96987928749736   -4.46597213994760
   0.58653976030322    1.96125547864478   -4.45813227901450
   0.58492084654847    1.95584219946773   -4.45357526755452
   0.58143589978419    1.94418933056299   -4.44346233996827
   0.58059808126180    1.94138785608786   -4.44084059484998
   0.57641778794045    1.92740990653742   -4.42948360853560
   0.57612657455415    1.92643615524555   -4.42851706958391
   0.57208023092154    1.91290610297110   -4.41664679657385
   0.57105039884266    1.90946257885989   -4.41368522553056
   0.56788391369642    1.89887457313305   -4.40518630228811
   0.56578690279518    1.89186264589949   -4.39856232223476
   0.56362751065188    1.88464212998870   -4.39217517179300
   0.56068401033923    1.87479973480037   -4.38389545889596
   0.55937189198716    1.87041230963195   -4.38009689645563
   0.55538459095993    1.85707968239349   -4.36880476428445
   0.55510235867633    1.85613596186517   -4.36794866132220
   0.55094085996879    1.84222085722621   -4.35566096557788
   0.55034711557741    1.84023551110083   -4.35382363660498
   0.54658444745300    1.82765400516929   -4.34375668296051
   0.54497429139629    1.82227000974149   -4.33923574023411
   0.54233447142007    1.81344305248916   -4.33170100614121
   0.53990435020719    1.80531728017992   -4.32436033898368
   0.53800878773142    1.79897895063719   -4.31894688778537
   0.53480020150863    1.78825016849139   -4.30969627156631
   0.53374862935323    1.78473395051171   -4.30684840636851
   0.52957211747394    1.77076864524300   -4.29549333302413
   0.52927828075429    1.76978612212138   -4.29452872601826
   0.52524712279777    1.75630684729195   -4.28270142538605
   0.52420281086078    1.75281490583044   -4.27970208631942
   0.52098903957189    1.74206878600356   -4.27060749600745
   0.51915346824570    1.73593105321274   -4.26481150036425
   0.51678204196882    1.72800154341220   -4.25819840584374
   0.51383976372626    1.71816323454813   -4.24992086718739
   0.51245973861928    1.71354874464495   -4.24545669476787
   0.50881386382225    1.70135776902136   -4.23502674758477
   0.50828153366501    1.69957777811879   -4.23316665294275
   0.50402377511666    1.68534080247814   -4.22107412937367
   0.50371710890481    1.68431538045425   -4.22010343530176
   0.49969956174987    1.67088161704788   -4.20921374699693
   0.49840192572315    1.66654261747969   -4.20527427435487
   0.49558813971127    1.65713395739384   -4.19736656449361
   0.49312667138868    1.64890336748345   -4.19014863024035
   0.49123188560550    1.64256763502397   -4.18470733039434
   0.48802061757228    1.63182988551440   -4.17551329052182
   0.48697810499109    1.62834396068918   -4.17263165923941
   0.48278853565572    1.61433499425884   -4.16092124788615
   0.48252717834220    1.61346107487993   -4.16020938321824
   0.47846056690768    1.59986325168830   -4.14844105255986
   0.47759212990665    1.59695939598845   -4.14597737709775
   0.47420832900931    1.58564473584485   -4.13637144644509
   0.47233905687339    1.57939431521564   -4.13086162419946
   0.47005270079816    1.57174926080982   -4.12393673098133
   0.46724436747531    1.56235883327522   -4.11601274486321
   0.46562527945183    1.55694497138319   -4.11152597913773
   0.46214071482227    1.54529338025001   -4.10135701533133
   0.46137157422663    1.54272154913276   -4.09944323923761
   0.45719335988556    1.52875055121928   -4.08714970753412
   0.45689550049489    1.52775457720121   -4.08618786382440
   0.45291677428297    1.51445062219375   -4.07497691616921
   0.45157049921542    1.50994898474190   -4.07135575817349
   0.44866403865906    1.50023044206941   -4.06290406498799
   0.44653412360468    1.49310849083579   -4.05627005973125
   0.44439053201648    1.48594080838547   -4.05076379008478
   0.44119107615459    1.47524255608871   -4.04160399026184
   0.44008449476438    1.47154239974637   -4.03807011655403
   0.43617581785256    1.45847267365722   -4.02671133444973
   0.43590974158158    1.45758297515848   -4.02578169982709
   0.43183622659728    1.44396206806742   -4.01377387100648
   0.43095099954766    1.44100207026604   -4.01113980827829
   0.42746668942152    1.42935133013439   -4.00196259425268
   0.42556618351336    1.42299647087872   -3.99667727393244
   0.42312201885332    1.41482374047806   -3.98944804516097
   0.42048687266580    1.40601241131151   -3.98183836027651
   0.41885797673509    1.40056575400972   -3.97733653036685
   0.41537651502543    1.38892453833454   -3.96723492040026
   0.41460523172443    1.38634554249820   -3.96525918861544
   0.41037237596222    1.37219183610724   -3.95326496018887
   0.41007171899693    1.37118650763632   -3.95230556652518
   0.40609531337317    1.35789031214756   -3.94109122511529
   0.40476322433826    1.35343610956050   -3.93726372439263
   0.40177803818540    1.34345432640902   -3.92930038340305
   0.39940963409809    1.33553492212263   -3.92261989557140
   0.39756385326683    1.32936305107026   -3.91779785930458
   0.39352606940908    1.31586162073499   -3.90778699831122
   0.39324280071273    1.31491443467830   -3.90696647150280
   0.38906372625279    1.30094056072305   -3.89736599132815
   0.38718629952920    1.29466287300844   -3.89268537612766
   0.38473770199251    1.28647532007708   -3.88651968909528
   0.38127111988054    1.27488385839038   -3.87807634038870
   0.38048562624044    1.27225734641397   -3.87629729997261
   0.37639998049845    1.25859587682982   -3.86621385923093
   0.37494081007455    1.25371674299806   -3.86296323536423
   0.37197900500939    1.24381314088297   -3.85585139125323
   0.36885922479195    1.23338130580934   -3.84801150449329
   0.36776270705745    1.22971480004150   -3.84525970883164
   0.36354945451879    1.21562664236896   -3.83604715060281
   0.36245334124174    1.21196148901479   -3.83318761325716
   0.35927896607061    1.20134710084028   -3.82578152967150
   0.35637846434032    1.19164848312608   -3.81823036276891
   0.35512620050007    1.18746119782401   -3.81508253782808
   0.35074277302358    1.17280401388635   -3.80435909149492
   0.35023412849809    1.17110322234617   -3.80330039851392
   0.34652966987030    1.15871635572454   -3.79514092859122
   0.34412118763437    1.15066293922983   -3.78853339731536
   0.34224848590014    1.14440105080434   -3.78393126615081
   0.33808679400495    1.13048530018983   -3.77411325524255
   0.33779469035025    1.12950857204302   -3.77336230746672
   0.33383810339223    1.11627864566236   -3.76390550728941
   0.33167130516199    1.10903336548221   -3.75848826770238
   0.32949238844307    1.10174756383380   -3.75327154699364
   0.32572248639949    1.08914186932280   -3.74404102983070
   0.32522942837381    1.08749319549094   -3.74303398820647
   0.32107507375504    1.07360197905902   -3.73323364931259
   0.31934844241525    1.06782851679109   -3.72915113718223
   0.31674419673560    1.05912051189076   -3.72355844222615
   0.31305860773388    1.04679674100450   -3.71387654601429
   0.31246652449514    1.04481694939552   -3.71236474194370
   0.30831256145052    1.03092704229845   -3.70256391165602
   0.30689807496506    1.02619732138805   -3.69911615618235
   0.30390235567713    1.01618031782995   -3.69228997407699
   0.30078787429939    1.00576620087038   -3.68442575251887
   0.29971452946423    1.00217718000443   -3.68171311855890
   0.29561347193263    0.98846417690313   -3.67123262226989
   0.29472089897331    0.98547961605144   -3.66913139161733
   0.29128073755205    0.97397649914187   -3.66163530094099
   0.28833194283620    0.96411640067410   -3.65440129076930
   0.28693713401712    0.95945247740200   -3.65102630439713
   0.28268839599370    0.94524566434393   -3.64081126146233
   0.28239277659443    0.94425718034736   -3.64003275944571
   0.27853532554522    0.93135874188522   -3.63100930151984
   0.27608109699991    0.92315236014250   -3.62471482006536
   0.27418203981956    0.91680234510295   -3.62037092299937
   0.27002159143661    0.90289075251039   -3.61055137576586
   0.26972991382452    0.90191544895312   -3.60980146125750
   0.26577447033513    0.88868934607130   -3.60034645842617
   0.26360713345131    0.88144226475618   -3.59493375178270
   0.26142969445784    0.87416140428539   -3.58972101046963
   0.25776554758976    0.86190933101440   -3.58027678630003
   0.25729811066073    0.86034632829909   -3.57906800248943
   0.25290751020648    0.84566515955618   -3.56926309661924
   0.25128419409795    0.84023715990997   -3.56561524234895
   0.24868624629442    0.83155021367415   -3.56001677045706
   0.24499827412115    0.81921847400458   -3.55033797572543
   0.24446298076392    0.81742857483559   -3.54916249458952
   0.24012870181288    0.80293573238224   -3.54044866752895
   0.23773555890294    0.79493360710282   -3.53569531602646
   0.23586417331214    0.78867611956145   -3.53208250008437
   0.23171124225218    0.77478966318626   -3.52387124717437
   0.23023993266940    0.76986993876976   -3.52101345332548
   0.22729847679021    0.76003437970165   -3.51577736421471
   0.22331523876199    0.74671533820725   -3.50769811581953
   0.22210784255325    0.74267808005433   -3.50546664754093
   0.21885869862007    0.73181368215479   -3.49956905553865
   0.21466518830344    0.71779153797996   -3.49153170959126
   0.21435525066054    0.71675517703510   -3.49090995795347
   0.21035826826861    0.70339017751628   -3.48377853595349
   0.20660436630779    0.69083798364087   -3.47634288971452
   0.20609360917722    0.68913012803011   -3.47541428206937
   0.20193737877263    0.67523263939728   -3.46741286679499
   0.19893463937016    0.66519216217371   -3.46135574799142
   0.19756695918445    0.66061895087791   -3.45869441234588
   0.19334747744145    0.64650996416364   -3.45126662523193
   0.19095372687513    0.63850580701960   -3.44651527268590
   0.18908273515366    0.63224963648764   -3.44290344314549
   0.18498676718863    0.61855365173869   -3.43501461516689
   0.18322904924915    0.61267624295579   -3.43156119351038
   0.18058984081111    0.60385133054794   -3.42711651358094
   0.17665748799780    0.59070243763220   -3.41904645677272
   0.17504686619112    0.58531688484246   -3.41615175038540
   0.17208990548348    0.57542948115651   -3.41132874395373
   0.16785497984234    0.56126885356145   -3.40234406358163
   0.16731316962704    0.55945716350211   -3.40149693682573
   0.16351353724131    0.54675205749278   -3.39504272609933
   0.15963139640747    0.53377106200952   -3.38695975236199
   0.15929328145703    0.53264048256062   -3.38624966819599
   0.15508370127095    0.51856460439940   -3.37882389912316
   0.15173989619630    0.50738368118494   -3.37170330759244
   0.15084481926725    0.50439074762832   -3.36983954790881
   0.14659245174010    0.49017179833575   -3.36304355959751
   0.14387841796707    0.48109668703580   -3.35746091431422
   0.14230620835193    0.47583957587309   -3.35467231098743
   0.13811884352620    0.46183798082127   -3.34663789784741
   0.13590540123228    0.45443673350709   -3.34260297188928
   0.13372865378623    0.44715818541345   -3.33841017109226
   0.12966501378273    0.43357029801094   -3.33066865471957
   0.12822218635705    0.42874581144604   -3.32766623314328
   0.12528711504187    0.41893160090704   -3.32217142121712
   0.12111011595629    0.40496466653135   -3.31413670129808
   0.12026833778203    0.40214995188147   -3.31258958412458
   0.11677057047487    0.39045421399894   -3.30638910364272
   0.11247014639894    0.37607457454354   -3.29931461788876
   0.11135689340045    0.37235210986137   -3.29815713472846
   0.10810451876282    0.36147690922134   -3.29553381985723
   0.10383577846109    0.34720321309656   -3.29420426474735
   0.09958456671383    0.33298812846891   -3.29373853731087
   0.09533357322475    0.31877377364692   -3.29373683989918
   0.09108258739480    0.30455944443537   -3.29373521652552
   0.08683160896801    0.29034513997824   -3.29373366718980
   0.08258151246457    0.27613378447215   -3.29366430489250
   0.07832969418825    0.26191667174936   -3.29326685354123
   0.07407873576843    0.24770243419099   -3.29326552608320
   0.06982758862595    0.23348756558702   -3.29280032184889
   0.06557683781076    0.21927402221132   -3.29326309325181
   0.06132667037529    0.20506242952466   -3.29273010109329
   0.05707479149172    0.19084511414499   -3.29233306943382
   0.05282386364586    0.17663097881900   -3.29233211235805
   0.04857294089947    0.16241686054449   -3.29233122929153
   0.04432202299655    0.14820275846545   -3.29233042023417
   0.04008044382648    0.13401988298382   -3.29226354081209
   0.03582003506982    0.11977404564970   -3.29140113894888
   0.03157850139380    0.10559132228983   -3.29133437365824
   0.02731806841097    0.09134540394895   -3.29047215513590
   0.02305209746095    0.07708096790603   -3.29100722637367
   0.01881644228065    0.06291790089804   -3.29139923536566
   0.01456555235242    0.04870389235999   -3.29139894444500
   0.01031466521981    0.03448989316988   -3.29139872751421
   0.00606480866528    0.02027933999829   -3.29086664347566
   0.00181274260944    0.00606139875719   -3.29047063197717
  -0.00243797367718   -0.00815202916284   -3.29093457882819
  -0.00668901370479   -0.02236653959906   -3.29047071602712
  -0.01093034244054   -0.03654857768531   -3.29040468018153
  -0.01519075764711   -0.05079443658647   -3.29000715330507
  -0.01944178694934   -0.06500891115946   -3.28954351393598
  -0.02369250520588   -0.07922234566645   -3.29000782823413
  -0.02792547861430   -0.09337644543953   -3.28994390076461
  -0.03220987437408   -0.10770248985332   -3.28915260444682
  -0.03643561772674   -0.12183241396532   -3.28947926828504
  -0.04069613976265   -0.13607863007946   -3.28908218247517
  -0.04494701202793   -0.15029257955663   -3.28908292654195
  -0.04919788508107   -0.16450653166821   -3.28908374455103
  -0.05344889912364   -0.17872095521637   -3.28862069968177
  -0.05768161111723   -0.19287418087776   -3.28902124262242
  -0.06196625003007   -0.20720103834004   -3.28823048156032
  -0.06619174732703   -0.22133013969778   -3.28855765632040
  -0.07045240572665   -0.23557681178112   -3.28816105977541
  -0.07468519297652   -0.24973028908240   -3.28809796532955
  -0.07898058679102   -0.26409310848832   -3.28763615706729
  -0.08318692959267   -0.27815816157273   -3.28810073109545
  -0.08745607951922   -0.29243322738971   -3.28723866426157
  -0.09170697204743   -0.30664724462151   -3.28724022091341
  -0.09593968459332   -0.32080047212967   -3.28717751847134
  -0.10023532972066   -0.33516413186854   -3.28671307729522
  -0.10444985207346   -0.34925653551058   -3.28671527552189
  -0.10871059215346   -0.36350348071455   -3.28659833782218
  -0.11296161603435   -0.37771793715980   -3.28632122656469
  -0.11721253278109   -0.39193203537285   -3.28632322614202
  -0.12146345466713   -0.40614615077054   -3.28632529960454
  -0.12571438194845   -0.42036028420884   -3.28632744695215
  -0.12994604154108   -0.43450999088092   -3.28575189531078
  -0.13421629098718   -0.44878873324103   -3.28489878807605
  -0.13846733134487   -0.46300324478099   -3.28475317691597
  -0.14271828246455   -0.47721745792932   -3.28475498840750
  -0.14698673776023   -0.49149020105875   -3.28545733000105
  -0.15127086955938   -0.50581536284825   -3.28673814973280
  -0.15547929320904   -0.51988737381486   -3.29093939824509
  -0.15969162042955   -0.53397243743408   -3.29674471399773
  -0.16123737473187   -0.53914108805121   -3.29982612535604
  -0.16392526197386   -0.54812877130155   -3.30531030768820
  -0.16817944018301   -0.56235377510268   -3.31256696511793
  -0.16921044820547   -0.56580123130162   -3.31466767451971
  -0.17241444660825   -0.57651467282139   -3.32112403411475
  -0.17662231704325   -0.59058483396407   -3.32873158301847
  -0.17691140601845   -0.59155148170871   -3.32952310569877
  -0.18091547201998   -0.60494016720600   -3.33782923254879
  -0.18486376328759   -0.61814235468580   -3.34451092238836
  -0.18515424744897   -0.61911366761551   -3.34528474875848
  -0.18941669350507   -0.63336631721532   -3.35360731169968
  -0.19236559442907   -0.64322677081897   -3.35899064234605
  -0.19371238621446   -0.64773013605772   -3.36163840415490
  -0.19790767473312   -0.66175822613548   -3.36941299061951
  -0.20029573765038   -0.66974336507543   -3.37406064506885
  -0.20216871925327   -0.67600618931801   -3.37773941941611
  -0.20644984560875   -0.69032130158782   -3.38584005255630
  -0.20799499094882   -0.69548791597376   -3.38892286671015
  -0.21068129125943   -0.70447029288670   -3.39441147578531
  -0.21493920528653   -0.71870778841289   -3.40166488668326
  -0.21596851147284   -0.72214955405904   -3.40376772812921
  -0.21922496477613   -0.73303839282885   -3.41078379467839
  -0.22338116334873   -0.74693577502274   -3.41783426715552
  -0.22367028337356   -0.74790252659027   -3.41862593431507
  -0.22767357597266   -0.76128862600584   -3.42693557154966
  -0.23163230344613   -0.77452570978306   -3.43361969385957
  -0.23192455323930   -0.77550292658367   -3.43436229802146
  -0.23621853309926   -0.78986101804737   -3.44240860077965
  -0.23910171070265   -0.79950170782368   -3.44815129535549
  -0.24042649027525   -0.80393146923219   -3.45107186462825
  -0.24472421817222   -0.81830209327871   -3.45909840686176
  -0.24682327868711   -0.82532087395388   -3.46297321213828
  -0.24897448100944   -0.83251400496714   -3.46745850850939
  -0.25317971826506   -0.84657536135723   -3.47520957825015
  -0.25452599072510   -0.85107699009020   -3.47783325520449
  -0.25743084753831   -0.86079017021058   -3.48356509458394
  -0.26173520634731   -0.87518296651793   -3.49154980464890
  -0.26226662014877   -0.87695989333529   -3.49248223201264
  -0.26598641100948   -0.88939802745463   -3.49990565476611
  -0.27015317205629   -0.90333072815859   -3.50696090528430
  -0.27044462385720   -0.90430527665465   -3.50772063907959
  -0.27448102443042   -0.91780208160123   -3.51574287289017
  -0.27787708440461   -0.92915773330802   -3.52243860657895
  -0.27867665070457   -0.93183130105651   -3.52444504715987
  -0.28287282732388   -0.94586236074072   -3.53222501574936
  -0.28529420805918   -0.95395890688200   -3.53749171757379
  -0.28716905134959   -0.96022795618399   -3.54210862818874
  -0.29139324427020   -0.97435269600405   -3.55151277140065
  -0.29167941088393   -0.97530957203694   -3.55233403139984
  -0.29565186162090   -0.98859254328428   -3.56163811092381
  -0.29777772160575   -0.99570093528819   -3.56720839082787
  -0.29993392065783   -1.00291077422863   -3.57272434478741
  -0.30414112571157   -1.01697871048783   -3.58121280377744
  -0.30442376080453   -1.01792377791895   -3.58206070123937
  -0.30842706873367   -1.03130992859471   -3.59224512185066
  -0.31053318503222   -1.03835230220472   -3.59691951256855
  -0.31267216709865   -1.04550457146324   -3.60247088285665
  -0.31664244941432   -1.05878029200322   -3.61186905772872
  -0.31693058890411   -1.05974376488469   -3.61267238638517
  -0.32116850905033   -1.07391440542327   -3.62198213907615
  -0.32303611112799   -1.08015924175772   -3.62661307747490
  -0.32542783002665   -1.08815660546745   -3.63218453102052
  -0.32939146845955   -1.10141011037543   -3.64157414392313
  -0.32967661091509   -1.10236356185642   -3.64240416018097
  -0.33393183539613   -1.11659206415265   -3.65261336677728
  -0.33552130886069   -1.12190690169908   -3.65633611153395
  -0.33818752626326   -1.13082212593782   -3.66282159336788
  -0.34192961362294   -1.14333481447567   -3.67112813218110
  -0.34249498073333   -1.14522527343130   -3.67273347022597
  -0.34668822078009   -1.15924651388521   -3.68233022152857
  -0.34827786768235   -1.16456193136780   -3.68605305563422
  -0.35099888317654   -1.17366038795444   -3.69316655563357
  -0.35439541623419   -1.18501762154468   -3.70090381389922
  -0.35519885513680   -1.18770413839509   -3.70274977154100
  -0.35949097322020   -1.20205600450169   -3.71272055826985
  -0.36054541500064   -1.20558181785443   -3.71555628816133
  -0.36370485443851   -1.21614626433591   -3.72317901335779
  -0.36715252442718   -1.22767448818611   -3.73062382062268
  -0.36795584151800   -1.23036059772565   -3.73247013196540
  -0.37224872982064   -1.24471503927008   -3.74244085769537
  -0.37330296284048   -1.24824015457491   -3.74527699352737
  -0.37645487556653   -1.25877943344490   -3.75291466800506
  -0.37963282338130   -1.26940576772672   -3.76036283288104
  -0.38071329176857   -1.27301860812982   -3.76312064101648
  -0.38501255730827   -1.28739437370371   -3.77306946656033
  -0.38579839531832   -1.29002203717487   -3.77499261243206
  -0.38921279273443   -1.30143900511435   -3.78263814167266
  -0.39217322173911   -1.31133800599636   -3.78986341841324
  -0.39353099579170   -1.31587809343736   -3.79343979576529
  -0.39777109389997   -1.33005601658537   -3.80279394376253
  -0.39855666643406   -1.33268279236535   -3.80471758230811
  -0.40202643880637   -1.34428492155662   -3.81300138880150
  -0.40466389992967   -1.35310399134161   -3.81959246755925
  -0.40622963918144   -1.35833946708169   -3.82349970348427
  -0.41047707160916   -1.37254191452484   -3.83280060028814
  -0.41104844877374   -1.37445246973399   -3.83444678024158
  -0.41473403668188   -1.38677623696356   -3.84301204984888
  -0.41742336735869   -1.39576874673144   -3.84931995643080
  -0.41898854790501   -1.40100235428766   -3.85322823372829
  -0.42326382643913   -1.41529791277364   -3.86326446199717
  -0.42354407011932   -1.41623498386469   -3.86417006842616
  -0.42754780361513   -1.42962255753853   -3.87337325832902
  -0.42991622020893   -1.43754200364377   -3.87905105417041
  -0.43174798142067   -1.44366699627892   -3.88388715839816
  -0.43595821720341   -1.45774506660620   -3.89322652694758
  -0.43626189611340   -1.45876049977251   -3.89411776408577
  -0.44023936000948   -1.47206023388303   -3.90342485279980
  -0.44236613645652   -1.47917169032797   -3.90899917075940
  -0.44450288216927   -1.48631648172869   -3.91455802948329
  -0.44845380809081   -1.49952747889166   -3.92388661792647
  -0.44874652063093   -1.50050624301276   -3.92479419364256
  -0.45300021421701   -1.51472962634463   -3.93594342678300
  -0.45384295684159   -1.51754756589692   -3.93851280881087
  -0.45725401396351   -1.52895336465281   -3.94802130006101
  -0.45915909863773   -1.53532353426015   -3.95338008450218
  -0.46150036715718   -1.54315220338291   -3.96010830845448
  -0.46442696676059   -1.55293808644568   -3.96846812068158
  -0.46575634718288   -1.55738323204855   -3.97218463227979
  -0.46952527474326   -1.56998566810946   -3.98311561501837
  -0.47007969608062   -1.57183952689104   -3.98488841486593
  -0.47431142100956   -1.58598945203286   -3.99612409140269
  -0.47484704934740   -1.58778047130079   -3.99797656723216
  -0.47859082434951   -1.60029880293088   -4.00903112664808
  -0.47994719802714   -1.60483420783669   -4.01261641476946
  -0.48283636472912   -1.61449492379573   -4.02022557645058
  -0.48547953363824   -1.62333307911759   -4.02771656182270
  -0.48702886016484   -1.62851367443977   -4.03257963236645
  -0.49053198411467   -1.64022732371636   -4.04258385531220
  -0.49128688854256   -1.64275155232839   -4.04465532834102
  -0.49551792263284   -1.65689916746299   -4.05582647230531
  -0.49606951482098   -1.65874356621337   -4.05767029530786
  -0.49978762743755   -1.67117608866625   -4.06789782893852
  -0.50117060342083   -1.67580044562822   -4.07231814756788
  -0.50405534051431   -1.68544634998450   -4.08089082612897
  -0.50649014004589   -1.69358776552682   -4.08718510263310
  -0.50836151834164   -1.69984522867520   -4.09271989076058
  -0.51177003593602   -1.71124253582890   -4.10226116311745
  -0.51261895006741   -1.71408111149551   -4.10478956555548
  -0.51679274834766   -1.72803734310656   -4.11623327572296
  -0.51708196941168   -1.72900443252614   -4.11714246312118
  -0.52119263154207   -1.74274955122009   -4.12868807542658
  -0.52244522689264   -1.74693794501722   -4.13179875609274
  -0.52532173945149   -1.75655634840137   -4.14038410655120
  -0.52749868897942   -1.76383557221083   -4.14666808835907
  -0.52963742241386   -1.77098701010052   -4.15312756689587
  -0.53298859447838   -1.78219256685261   -4.16198207801508
  -0.53383435111869   -1.78502058458756   -4.16454755199935
  -0.53793646155759   -1.79873710837130   -4.17618369382954
  -0.53820261398491   -1.79962706151951   -4.17707656597369
  -0.54234475039840   -1.81347742305351   -4.18871557349232
  -0.54340855155362   -1.81703453202559   -4.19150449835407
  -0.54665580334582   -1.82789260303633   -4.20054846655643
  -0.54850939631809   -1.83409059611042   -4.20615850720210
  -0.55091518151286   -1.84213499431328   -4.21354258220821
  -0.55377705516852   -1.85170444853654   -4.22125654436119
  -0.55510691380153   -1.85615119316725   -4.22497512469955
  -0.55908201603064   -1.86944303040087   -4.23614157881524
  -0.55936647213287   -1.87039418687261   -4.23705557866524
  -0.56360387334419   -1.88456309221095   -4.24822790381367
  -0.56463496321128   -1.88801082207971   -4.25122806424788
  -0.56793549682677   -1.89904705538208   -4.26096934240660
  -0.56952174801736   -1.90435111837765   -4.26565414191305
  -0.57219370372277   -1.91328553019524   -4.27304251516494
  -0.57484169561339   -1.92213981246962   -4.28053069861330
  -0.57645066833757   -1.92751985110275   -4.28512282564111
  -0.58016166392846   -1.93992857584136   -4.29540726068741
  -0.58070924489983   -1.94175956199575   -4.29719134024315
  -0.58495129956623   -1.95594402742888   -4.30842895666737
  -0.58548339556403   -1.95772323535557   -4.31028819523447
  -0.58921723906493   -1.97020835830573   -4.32139664554519
  -0.59053641811755   -1.97461939284996   -4.32516168942976
  -0.59347521785208   -1.98444607037480   -4.33347327236265
  -0.59585638944921   -1.99240816630850   -4.34003926830665
  -0.59773223181174   -1.99868055628030   -4.34555666832007
  -0.60117664455930   -2.01019788865751   -4.35491775222116
  -0.60192622666537   -2.01270432063658   -4.35700026515518
  -0.60623430085831   -2.02710954034232   -4.36887037163841
  -0.60650037644613   -2.02799923655671   -4.36980011342899
  -0.61049947336040   -2.04137130655703   -4.38091156461526
  -0.61181878000607   -2.04578276774341   -4.38467714002922
  -0.61475362429419   -2.05559621915556   -4.39301882904010
  -0.61687478043963   -2.06268888259096   -4.39955708587738
  -0.61901572574417   -2.06984771647094   -4.40599848042538
  -0.62219339198656   -2.08047310923881   -4.41443689655799
  -0.62327073939410   -2.08407551379590   -4.41717511236236
  -0.62748049253515   -2.09815197027918   -4.42857975084550
  -0.62777318957957   -2.09913068258618   -4.42932412880234
  -0.63178517741372   -2.11254585688899   -4.44135302232803
  -0.63283643437068   -2.11606102091681   -4.44420018608847
  -0.63603943652719   -2.12677113121575   -4.45346863089430
  -0.63789379453836   -2.13297168240583   -4.45908193430427
  -0.64030045680459   -2.14101901333602   -4.46552602787937
  -0.64326192116271   -2.15092147620433   -4.47374068425553
  -0.64455441408595   -2.15524327840493   -4.47765021125636
  -0.64847403311118   -2.16834959243118   -4.48908128531286
  -0.64874016589334   -2.16923947989045   -4.49001127916382
  -0.65253270237989   -2.18192085882778   -4.50372861821216
  -0.65304962356682   -2.18364932564028   -4.50565631050754
  -0.65612604656080   -2.19393618402554   -4.51907107636624
  -0.65724958390988   -2.19769303723564   -4.52348872121877
  -0.65945906029552   -2.20508102345509   -4.53348935035156
  -0.66151066668183   -2.21194112832349   -4.54208691575451
  -0.66310153237123   -2.21726062115296   -4.54859366508048
  -0.66577563762300   -2.22620222056439   -4.56161397794479
  -0.66629814872125   -2.22794937876824   -4.56347302361937
  -0.66950259438340   -2.23866431582153   -4.57835280904100
  -0.67009180042664   -2.24063448674356   -4.58096492769205
  -0.67277189727749   -2.24959612069880   -4.59300610112247
  -0.67435246372230   -2.25488117519815   -4.59956109558515
  -0.67623243118074   -2.26116735855190   -4.60788581276395
  -0.67860392367623   -2.26909708977241   -4.61819634542055
  -0.67961258201009   -2.27246981369884   -4.62299290987468
  -0.68281373064697   -2.28317372624993   -4.63694400253232
  -0.68307427237619   -2.28404491850054   -4.63787434261892
  -0.68634965396294   -2.29499704914273   -4.65252804376888
  -0.68713130861877   -2.29761072442938   -4.65630225128602
  -0.68954718834497   -2.30568887644813   -4.66741143562014
  -0.69133046883858   -2.31165176059469   -4.67507831895487
  -0.69300345507983   -2.31724584586122   -4.68228930157039
  -0.69558747745432   -2.32588622863133   -4.69368044962859
  -0.69638640099801   -2.32855764714911   -4.69740100812919
  -0.69958784075128   -2.33926253312718   -4.71228422482396
  -0.69984962882215   -2.34013789286062   -4.71321458106464
  -0.70304515801139   -2.35082301525767   -4.72716809416647
  -0.70410869775690   -2.35437925013519   -4.73181841847010
  -0.70624275309150   -2.36151504552364   -4.74205183004615
  -0.70837231084420   -2.36863580202173   -4.75042514279332
  -0.70996835703598   -2.37397261727222   -4.75693705816541
  -0.71269127965879   -2.38307745086294   -4.76981595788005
  -0.71316404309259   -2.38465826419803   -4.77182112155853
  -0.71636381324888   -2.39535756742376   -4.78670629839082
  -0.71695809202821   -2.39734470042083   -4.78931975088886
  -0.71982362234605   -2.40692638169030   -4.80159261119721
  -0.72115477153637   -2.41137744165093   -4.80717504386359
  -0.72310044183763   -2.41788332035898   -4.81625175654432
  -0.72548211355041   -2.42584708856561   -4.82652296771543
  -0.72656053999161   -2.42945310116573   -4.83113714746162
  -0.72972826037957   -2.44004523725976   -4.84522587593304
  -0.72994376580583   -2.44076583836224   -4.84625253105138
  -0.73314031922640   -2.45145438555576   -4.86113951540237
  -0.73393998926235   -2.45412830017377   -4.86486155956058
  -0.73641582169344   -2.46240692039410   -4.87579900025627
  -0.73826542017181   -2.46859155678963   -4.88423459707305
  -0.73980000745308   -2.47372286742969   -4.89091608451441
  -0.74252747124642   -2.48284288566122   -4.90284599007696
  -0.74308162478897   -2.48469584899790   -4.90558163189322
  -0.74645952263980   -2.49599077069736   -4.92069428398736
  -0.74672570710804   -2.49688083098312   -4.92162510574001
  -0.74992246692888   -2.50757006833217   -4.93558465215904
  -0.75098803271906   -2.51113307784197   -4.94023792229430
  -0.75319899542902   -2.51852603399169   -4.95024696651726
  -0.75531395513818   -2.52559797795429   -4.95962475045180
  -0.75658309851189   -2.52984170457496   -4.96536599598581
  -0.75957550583331   -2.53984763367077   -4.97825350390308
  -0.76004689128427   -2.54142383934484   -4.98025826887132
  -0.76332300242824   -2.55237840946031   -4.99492149585203
  -0.76390345177146   -2.55431929997023   -4.99761627329332
  -0.76652755402661   -2.56309370074023   -5.00981931317341
  -0.76810247189487   -2.56835986768508   -5.01640445639937
  -0.76990519976334   -2.57438777942750   -5.02493425715851
  -0.77230143011808   -2.58240022841973   -5.03517274319861
  -0.77336743977109   -2.58596472210582   -5.03982710567205
  -0.77644378990314   -2.59625133685739   -5.05430707836056
  -0.77669522928382   -2.59709209292592   -5.05518608083472
  -0.78002972440355   -2.60824188576980   -5.06961527803770
  -0.78089254208235   -2.61112695173487   -5.07318927191883
  -0.78322879328064   -2.61893884407749   -5.08451022732717
  -0.78509002189677   -2.62516236900698   -5.09195670803688
  -0.78669160837837   -2.63051770972582   -5.09940497721765
  -0.78935428224821   -2.63942108519754   -5.11057649993335
  -0.79015575705821   -2.64210103456923   -5.11430118369249
  -0.79335385268040   -2.65279473853400   -5.12919661586938
  -0.79361425501345   -2.65366546467554   -5.13012706589887
  -0.79663171158716   -2.66375515277050   -5.14386546960999
  -0.79794767936061   -2.66815544952799   -5.14949227257514
  -0.80009409191827   -2.67533256465821   -5.15876183918540
  -0.80221252726378   -2.68241613035781   -5.16814540345534
  -0.80348214984672   -2.68666145934509   -5.17388923563112
  -0.80647696797598   -2.69667544963369   -5.18678386156671
  -0.80677439439684   -2.69766997589923   -5.18857401755842
  -0.81014414276945   -2.70893764759812   -5.20368493708580
  -0.81074153569777   -2.71093519360074   -5.20632219380090
  -0.81334414796293   -2.71963773673472   -5.21858429497461
  -0.81493785443399   -2.72496672849156   -5.22510082670406
  -0.81680657946139   -2.73121531971436   -5.23348283353913
  -0.81920375359055   -2.73923092447345   -5.24372636780899
  -0.82027062427178   -2.74279829724200   -5.24838306222649
  -0.82334920911868   -2.75309238437147   -5.26287411651599
  -0.82359511620687   -2.75391464171288   -5.26374893765440
  -0.82693676771447   -2.76508836388924   -5.27818570028503
  -0.82773653233735   -2.76776259478440   -5.28191086451600
  -0.83013585979681   -2.77578539978999   -5.29308654288748
  -0.83206209823009   -2.78222630275363   -5.30126545952750
  -0.83367072002244   -2.78760516795058   -5.30775710930222
  -0.83639515474011   -2.79671505764241   -5.32069354132755
  -0.83670451821032   -2.79774949868444   -5.32244423470718
  -0.84026609514883   -2.80965860145295   -5.33779484398970
  -0.84052067540089   -2.81050985988062   -5.33872480169483
  -0.84354395728334   -2.82061902648232   -5.35246990299758
  -0.84485997724074   -2.82501949773107   -5.35809919718955
  -0.84700722700394   -2.83219941228609   -5.36737317604520
  -0.84912919879273   -2.83929480304721   -5.37676279272731
  -0.85039932690880   -2.84354182242224   -5.38250933103057
  -0.85332796645491   -2.85333452658914   -5.39554856556224
  -0.85364988637462   -2.85441095354083   -5.39717809240772
  -0.85688190226623   -2.86521807916723   -5.41209428814556
  -0.85772376953249   -2.86803309172049   -5.41568782633449
  -0.86034292621572   -2.87679095562346   -5.42699715699040
  -0.86186500057222   -2.88188042589068   -5.43374801083132
  -0.86372741437692   -2.88810791382105   -5.44213018866261
  -0.86619088414830   -2.89634519612070   -5.45312815803906
  -0.86700712228466   -2.89907451069604   -5.45680953212381
  -0.87039207754531   -2.91039303076788   -5.47101367404341
  -0.87064635356524   -2.91124327191252   -5.47194510640387
  -0.87368127338911   -2.92139135314189   -5.48663086540608
  -0.87466251074025   -2.92467238754232   -5.49058206958950
  -0.87706283592502   -2.93269852871428   -5.50176312161571
  -0.87892762203360   -2.93893394908895   -5.51014824093065
  -0.88052184021293   -2.94426465188180   -5.51666978927228
  -0.88326051281948   -2.95342214983390   -5.52862001951941
  -0.88381534818043   -2.95527739301614   -5.53135943491466
  -0.88701606134510   -2.96597984944729   -5.54626900551239
  -0.88748533792846   -2.96754900354799   -5.54838474162942
  -0.89039516189085   -2.97727879268487   -5.56140172329601
  -0.89179663839203   -2.98196501116852   -5.56683638974843
  -0.89386712683091   -2.98888825332371   -5.57631696026435
  -0.89612818931540   -2.99644873171816   -5.58625523857233
  -0.89715736838560   -2.99989007231696   -5.59100952758174
  -0.90032269644378   -3.01047420900462   -5.60500270213858
  -0.90058061728062   -3.01133663758756   -5.60590468954194
  -0.90381995998934   -3.02216826242303   -5.62082945156988
  -0.90459772881388   -3.02476894437417   -5.62460676993586
  -0.90720071065436   -3.03347272328390   -5.63596548319168
  -0.90879335917316   -3.03879817748915   -5.64248810109885
  -0.91066761048295   -3.04506524734267   -5.65087991069458
  -0.91313023065499   -3.05329968877547   -5.66187743558003
  -0.91394814411724   -3.05603460525935   -5.66556631484991
  -0.91721455595829   -3.06695674311315   -5.68029952856305
  -0.91745136160689   -3.06774856731184   -5.68117445047980
  -0.92054759161511   -3.07810165584519   -5.69563144653892
  -0.92165275270164   -3.08179706301525   -5.70005169677296
  -0.92382825696541   -3.08907145419024   -5.71031890644002
  -0.92600517089028   -3.09635055895117   -5.71953076724152
  -0.92729650137555   -3.10066847422373   -5.72523655158260
  -0.93027399567164   -3.11062453755662   -5.73817793291267
  -0.93076485553445   -3.11226586123207   -5.74015475782285
  -0.93396698043776   -3.12297303819597   -5.75507186144683
  -0.93445796852861   -3.12461479063680   -5.75692377030000
  -0.93735222507645   -3.13429252588210   -5.77021529890786
  -0.93867568749667   -3.13871788303281   -5.77580466386717
  -0.94062848412715   -3.14524759056403   -5.78490269037303
  -0.94307646414355   -3.15343307864808   -5.79593626695748
  -0.94391057369502   -3.15622215116851   -5.79956852832178
  -0.94728431194180   -3.16750316409864   -5.81386115108376
  -0.94753145543145   -3.16832955568519   -5.81473679363958
  -0.95077821340724   -3.17918597548622   -5.82967071845920
  -0.95162376839160   -3.18201331892959   -5.83331316316807
  -0.95398814300643   -3.18991924957700   -5.84459767944439
  -0.95581720463323   -3.19603521541449   -5.85207391865150
  -0.95744466472381   -3.20147707159363   -5.85950965025154
  -0.96009789368415   -3.21034886543739   -5.87169369965872
  -0.96087370431005   -3.21294299961788   -5.87442258635515
  -0.96404529811248   -3.22354808752845   -5.88958873558964
  -0.96427653417407   -3.22432128829565   -5.89050965354579
  -0.96731562385566   -3.23448331258027   -5.90427470389213
  -0.96863377410095   -3.23889090702693   -5.90991699022324
  -0.97078157196960   -3.24607265432185   -5.91919761226834
  -0.97290655091680   -3.25317810033637   -5.92858071564628
  -0.97418472491983   -3.25745202332636   -5.93435899258997
  -0.97716986966735   -3.26743366802781   -5.94721536450281
  -0.97768715711108   -3.26916335951969   -5.94904344378740
  -0.98093872278219   -3.28003585515978   -5.96398360271256
  -0.98147216099526   -3.28181955114887   -5.96693341631646
  -0.98413481829295   -3.29072287120711   -5.97890345840756
  -0.98571328681978   -3.29600091074616   -5.98546741994352
  -0.98760196946615   -3.30231623570504   -5.99382941291057
  -0.99005627288212   -3.31052286779820   -6.00485092366674
  -0.99106525621846   -3.31389667845896   -6.00875416379587
  -0.99426118523458   -3.32458313778608   -6.02280368679210
  -0.99450338931556   -3.32539301311411   -6.02367866634271
  -0.99750543501400   -3.33543117074924   -6.03863446674575
  -0.99860766454187   -3.33911677545428   -6.04314100649541
  -1.00095759367014   -3.34697440368200   -6.05354744626664
  -1.00287990995923   -3.35340219188806   -6.06179426520303
  -1.00442645779721   -3.35857349590788   -6.06847689535750
  -1.00715612732018   -3.36770088959732   -6.08140604639249
  -1.00763718750224   -3.36930944537049   -6.08341120941665
  -1.01102307183174   -3.38063107203713   -6.09856609515225
  -1.01125627752753   -3.38141085881285   -6.09949219856829
  -1.01430148800341   -3.39159334964069   -6.11326580527692
  -1.01563765989967   -3.39606120438696   -6.11989793794953
  -1.01702226113672   -3.40069099582771   -6.12824419667717
  -1.01870226155225   -3.40630853489680   -6.14328104459571
  -1.01930623182819   -3.40832807405303   -6.15847045500351
  -1.01968465978784   -3.40959345103065   -6.17351430003607
  -1.01994040095204   -3.41044859128430   -6.18187775683687
  -1.02021805226869   -3.41137699410162   -6.18834461186907
  -1.02023684357846   -3.41143982796510   -6.20340227161675
  -1.02050947877388   -3.41235145801454   -6.21826299727094
  -1.02091828111050   -3.41371839999640   -6.23321217666722
  -1.02105947708080   -3.41419052718889   -6.24809758442652
  -1.02133451197208   -3.41511018127519   -6.26301551755168
  -1.02134550982587   -3.41514695559546   -6.27799089046155
  -1.02175197530315   -3.41650608365147   -6.29288277799142
  -1.02162383388097   -3.41607760789707   -6.30800718825455
  -1.02077358202257   -3.41323455917577   -6.32319594956967
  -1.01989107090358   -3.41028364282837   -6.32866568618326
  -1.01798359897755   -3.40390549079420   -6.33794289379707
  -1.01558927568634   -3.39589941858847   -6.34631936710130
  -1.01371662725518   -3.38963770839630   -6.35283713909671
  -1.01125115045209   -3.38139371503936   -6.36093032267489
  -1.00934221227268   -3.37501066018759   -6.36726530482911
  -1.00700869848164   -3.36720792111188   -6.37493763636353
  -1.00487784208718   -3.36008282225129   -6.38238994271374
  -1.00268514591524   -3.35275094524775   -6.38959728941044
  -1.00035735206466   -3.34496733235125   -6.39727479045697
  -0.99856163439415   -3.33896286111544   -6.40309074575504
  -0.99588281318408   -3.33000549261271   -6.41240073480401
  -0.99422646625713   -3.32446704542653   -6.41771538541675
  -0.99131124131368   -3.31471919663813   -6.42705786524664
  -0.98998106375721   -3.31027138559997   -6.43171226415942
  -0.98682140212060   -3.29970619613651   -6.44217551602551
  -0.98571381048047   -3.29600266174832   -6.44564301635490
  -0.98226513569588   -3.28447107808919   -6.45684272657371
  -0.98146702976258   -3.28180239347452   -6.45963552942463
  -0.97780906893958   -3.26957100493052   -6.47196884428694
  -0.97725687459309   -3.26772459269964   -6.47380044910093
  -0.97321745384224   -3.25421768896634   -6.48663195313723
  -0.97294695738350   -3.25331321036563   -6.48754633346566
  -0.96889546428693   -3.23976593945559   -6.50129237733678
  -0.96862780744554   -3.23887095588910   -6.50220880875181
  -0.96443896006922   -3.22486440352548   -6.51548682570701
  -0.96417087597826   -3.22396799133365   -6.51642081908351
  -0.96018194082995   -3.21062989996618   -6.52945065411154
  -0.95964986762929   -3.20885076826796   -6.53131279018697
  -0.95599191079307   -3.19661939305482   -6.54364788574615
  -0.95498023916478   -3.19323659335759   -6.54667384784104
  -0.95170642908013   -3.18228971746083   -6.55756879561024
  -0.95060061762582   -3.17859213560890   -6.56110778048678
  -0.94742461773931   -3.16797231475588   -6.57054455365283
  -0.94526862576827   -3.16076316824735   -6.57600217138284
  -0.94313075917992   -3.15361462889367   -6.58064763550672
  -0.93883780754694   -3.13925997558699   -6.58880343594037
  -0.93780564320102   -3.13580865290557   -6.59087256679939
  -0.93455720220676   -3.12494660547376   -6.59700733185200
  -0.93030837155803   -3.11073948269773   -6.60454425972917
  -0.92978765591632   -3.10899832809197   -6.60554218109749
  -0.92603687593654   -3.09645657341070   -6.61280834972640
  -0.92202299096597   -3.08303505551544   -6.62019299638257
  -0.92174220909112   -3.08209618482395   -6.62100277946426
  -0.91752842367170   -3.06800624531941   -6.62871378163311
  -0.91413266313364   -3.05665159485890   -6.63549046166493
  -0.91330048685562   -3.05386898676491   -6.63729761902253
  -0.90900001991868   -3.03948920399205   -6.64444912415379
  -0.90582709156759   -3.02887965365447   -6.65017083391741
  -0.90473654120593   -3.02523310142343   -6.65278096117159
  -0.90048055877392   -3.01100206471164   -6.66025814293787
  -0.89807578457845   -3.00296104706037   -6.66485148687935
  -0.89626964362059   -2.99692172272372   -6.66802518980257
  -0.89202733422922   -2.98273640554823   -6.67553518628163
  -0.88987970681532   -2.97555522821525   -6.68011187088847
  -0.88774962061426   -2.96843270470608   -6.68382980942288
  -0.88349927847992   -2.95422052786612   -6.69130933256662
  -0.88186418715740   -2.94875315458404   -6.69479330266528
  -0.87922965731281   -2.93994388632798   -6.69963524525822
  -0.87498238773834   -2.92574198342899   -6.70712697104915
  -0.87387650871678   -2.92204417564759   -6.70966800194062
  -0.87070975129595   -2.91145525949650   -6.71544150193910
  -0.86640932632258   -2.89707561704026   -6.72354387294044
  -0.86588864526967   -2.89533457809157   -6.72454215938434
  -0.86217949091387   -2.88293201002405   -6.73119288851248
  -0.85788933461202   -2.86858670366855   -6.73841847648788
  -0.85759961653221   -2.86761795234127   -6.73921267598101
  -0.85360460296616   -2.85425953612816   -6.74551121942774
  -0.84934348906971   -2.84001134096707   -6.75014867114699
  -0.84613824276019   -2.82929372673116   -6.75375378724575
  -0.84508262866584   -2.82576399342745   -6.75481483765493
  -0.84085363870583   -2.81162321339934   -6.75884267284564
  -0.83656000892371   -2.79726629251623   -6.76312870865764
  -0.83233904314555   -2.78315234352612   -6.76728252514286
  -0.83074121501104   -2.77780956986468   -6.76913849935285
  -0.82807026987829   -2.76887853717210   -6.77182323422665
  -0.82380900983108   -2.75462985331614   -6.77552824852132
  -0.81951556412743   -2.74027354794956   -6.77981534673050
  -0.81554541414124   -2.72699826988925   -6.78376375276513
  -0.81525576767859   -2.72602975803347   -6.78436560936981
  -0.81096349123946   -2.71167736242137   -6.78856477086153
  -0.80669462807956   -2.69740325548680   -6.79237304603999
  -0.80247283749668   -2.68328654853741   -6.79657460137613
  -0.80113366049552   -2.67880864540423   -6.79835770159269
  -0.79821206377282   -2.66903949083602   -6.80198799025747
  -0.79394999867175   -2.65478811506317   -6.80578302394588
  -0.78964695454758   -2.64039971476269   -6.81115721761099
  -0.78808592004271   -2.63517997062559   -6.81329529565568
  -0.78518069487092   -2.62546555879793   -6.82680108427650
  -0.78492030195902   -2.62459486415858   -6.82774847093906
      
      
