0.000000 0.000000 0.000000
2.794075 2.975387 -6.070112
2.791571 2.972722 -6.065388
2.785387 2.966136 -6.054593
2.781409 2.961900 -6.047493
2.776448 2.956617 -6.039657
2.771108 2.950931 -6.030740
2.767900 2.947514 -6.025295
2.760941 2.940104 -6.012973
2.759573 2.938647 -6.010334
2.751090 2.929614 -5.995636
2.750494 2.928979 -5.994653
2.741896 2.919822 -5.980234
2.740534 2.918373 -5.977534
2.733543 2.910927 -5.965312
2.730315 2.907490 -5.959757
2.724697 2.901508 -5.950391
2.720151 2.896666 -5.941996
2.716340 2.892608 -5.935416
2.710021 2.885879 -5.925035
2.707389 2.883076 -5.920472
2.699537 2.874715 -5.906746
2.698934 2.874073 -5.905786
2.690170 2.864740 -5.890614
2.689556 2.864087 -5.889649
2.681711 2.855732 -5.875929
2.679303 2.853168 -5.872024
2.672875 2.846323 -5.860720
2.669065 2.842266 -5.854288
2.664043 2.836918 -5.845843
2.658787 2.831321 -5.836604
2.655535 2.827857 -5.831124
2.648606 2.820478 -5.819789
2.646621 2.818365 -5.816211
2.638264 2.809466 -5.802166
2.637699 2.808865 -5.801291
2.629373 2.799998 -5.786335
2.628146 2.798692 -5.784407
2.620896 2.790971 -5.771636
2.617978 2.787863 -5.766723
2.612268 2.781783 -5.756221
2.607733 2.776953 -5.748915
2.603238 2.772167 -5.741573
2.597385 2.765934 -5.731388
2.594323 2.762674 -5.726663
2.587382 2.755282 -5.714355
2.585563 2.753345 -5.711487
2.577410 2.744663 -5.697286
2.576798 2.744012 -5.696320
2.568789 2.735482 -5.681871
2.566827 2.733393 -5.678197
2.560580 2.726740 -5.667082
2.556858 2.722777 -5.661024
2.551152 2.716701 -5.651820
2.546669 2.711927 -5.644227
2.542184 2.707152 -5.636866
2.536303 2.700889 -5.625869
2.533868 2.698296 -5.621929
2.526178 2.690106 -5.608948
2.524965 2.688815 -5.607024
2.516660 2.679971 -5.592094
2.516047 2.679317 -5.591131
2.508202 2.670963 -5.577420
2.505639 2.668234 -5.572772
2.499388 2.661578 -5.562227
2.495569 2.657511 -5.555797
2.490462 2.652073 -5.547307
2.485399 2.646681 -5.538992
2.481594 2.642629 -5.532420
2.475126 2.635742 -5.521326
2.473135 2.633621 -5.517748
2.464995 2.624953 -5.503564
2.464355 2.624272 -5.502571
2.455905 2.615274 -5.487898
2.454679 2.613968 -5.485972
2.447429 2.606248 -5.473189
2.444353 2.602971 -5.467533
2.438823 2.597083 -5.457809
2.434377 2.592348 -5.450439
2.429900 2.587580 -5.442894
2.424214 2.581526 -5.433635
2.421022 2.578127 -5.428006
2.413784 2.570419 -5.415245
2.412566 2.569122 -5.413337
2.403767 2.559752 -5.399084
2.403186 2.559133 -5.398185
2.395357 2.550796 -5.383513
2.393552 2.548874 -5.380588
2.386558 2.541426 -5.368330
2.383357 2.538018 -5.362843
2.377725 2.532020 -5.353483
2.373201 2.527202 -5.345107
2.369400 2.523154 -5.338539
2.362936 2.516271 -5.327450
2.360466 2.513641 -5.323620
2.352620 2.505286 -5.309913
2.352000 2.504626 -5.308937
2.343097 2.495144 -5.294052
2.342498 2.494507 -5.293075
2.334809 2.486320 -5.279141
2.332404 2.483759 -5.275243
2.326019 2.476958 -5.263963
2.322189 2.472880 -5.257536
2.317163 2.467528 -5.249101
2.312093 2.462129 -5.240603
2.308259 2.458046 -5.234210
2.301778 2.451144 -5.222149
2.300402 2.449679 -5.219519
2.292270 2.441020 -5.204352
2.291645 2.440354 -5.203404
2.283179 2.431339 -5.189677
2.281303 2.429340 -5.186835
2.273633 2.421173 -5.174784
2.271079 2.418453 -5.170152
2.264856 2.411827 -5.159621
2.261111 2.407839 -5.153134
2.256574 2.403008 -5.144719
2.250877 2.396940 -5.135464
2.247692 2.393549 -5.129840
2.240459 2.385846 -5.117089
2.239230 2.384538 -5.115168
2.230473 2.375213 -5.101014
2.229881 2.374582 -5.100058
2.221592 2.365755 -5.085149
2.220233 2.364309 -5.082455
2.213260 2.356882 -5.070208
2.210050 2.353464 -5.064724
2.204410 2.347458 -5.055367
2.199964 2.342724 -5.047795
2.195470 2.337938 -5.040441
2.189632 2.331722 -5.030298
2.186568 2.328458 -5.025557
2.179488 2.320919 -5.012565
2.178273 2.319625 -5.010643
2.169793 2.310595 -4.995943
2.169193 2.309956 -4.995005
2.160878 2.301101 -4.981045
2.159088 2.299195 -4.978158
2.152122 2.291777 -4.965915
2.148985 2.288436 -4.960371
2.143843 2.282961 -4.951019
2.138756 2.277544 -4.942711
2.134961 2.273502 -4.936150
2.128507 2.266629 -4.925073
2.126497 2.264490 -4.921478
2.118214 2.255669 -4.907494
2.117577 2.254991 -4.906563
2.109309 2.246186 -4.891716
2.108081 2.244878 -4.889768
2.100386 2.236684 -4.876774
2.097834 2.233967 -4.872168
2.091632 2.227362 -4.861647
2.087789 2.223269 -4.855224
2.082759 2.217913 -4.846795
2.077548 2.212364 -4.837588
2.074286 2.208890 -4.832108
2.067554 2.201721 -4.820599
2.065549 2.199586 -4.816986
2.057546 2.191064 -4.802568
2.056940 2.190419 -4.801600
2.048376 2.181299 -4.787223
2.047019 2.179854 -4.784531
2.040066 2.172449 -4.772295
2.037004 2.169189 -4.767543
2.031154 2.162959 -4.757404
2.026682 2.158198 -4.750041
2.022271 2.153500 -4.742546
2.016548 2.147405 -4.732318
2.013528 2.144189 -4.727413
2.006171 2.136355 -4.714829
2.004898 2.135000 -4.712967
1.996620 2.126185 -4.698114
1.996012 2.125536 -4.697140
1.987713 2.116700 -4.683191
1.985752 2.114611 -4.679558
1.978962 2.107380 -4.668071
1.975739 2.103948 -4.662589
1.970088 2.097931 -4.653236
1.965590 2.093140 -4.644880
1.961799 2.089103 -4.638324
1.955351 2.082237 -4.627255
1.953343 2.080099 -4.623662
1.945042 2.071259 -4.609745
1.944432 2.070609 -4.608782
1.935719 2.061331 -4.593692
1.934934 2.060496 -4.591973
1.927255 2.052318 -4.578988
