  0.9534542 -0.3015380  0.00000000 0.80031774078840    2.53058118876999   -6.81351880558768
   0.80076033710147    2.53198066531160   -6.81222596021297
   0.80474933590199    2.54459376235064   -6.80421920283154
   0.80773899934008    2.55404699032698   -6.79745651098843
   0.80947845692515    2.55954710411817   -6.79476039342224
   0.81396135845070    2.57372190706640   -6.79105438124901
   0.81841638283183    2.58780856330283   -6.78657308429137
   0.82176772644794    2.59840541337850   -6.78277028706691
   0.82290263903860    2.60199397365457   -6.78176846340511
   0.82742766701069    2.61630197918940   -6.77647191162261
   0.83188886003910    2.63040814050733   -6.77270490171014
   0.83635042226302    2.64451546921062   -6.76878628661017
   0.83691623355456    2.64630454789501   -6.76791785794874
   0.84085614242562    2.65876242401899   -6.76415642814041
   0.84533505338983    2.67292460892949   -6.75972003700897
   0.84982175363191    2.68711142330784   -6.75581356186303
   0.85286817761879    2.69674412647225   -6.75297754665949
   0.85430427574439    2.70128502656311   -6.75117587015805
   0.85880700689064    2.71552253018955   -6.74680697066408
   0.86325853774190    2.72959813998715   -6.74301768211022
   0.86770748099158    2.74366556786454   -6.73912145307049
   0.86799818461081    2.74458476416977   -6.73828763635697
   0.87223534429440    2.75798253863187   -6.73355946534194
   0.87663385785393    2.77189050931028   -6.72907617474572
   0.88051521814435    2.78416325654202   -6.72330024290006
   0.88111726506971    2.78606691123620   -6.72230852183477
   0.88559541495284    2.80022668963067   -6.71420599813196
   0.88893540283372    2.81078763320510   -6.70853909290999
   0.89007352424863    2.81438633968917   -6.70583917398211
   0.89452197153703    2.82845219935158   -6.69829036040450
   0.89675331457003    2.83550764048105   -6.69366210425663
   0.89903161465404    2.84271155842655   -6.68896038805978
   0.90349409208487    2.85682178098722   -6.68148549369888
   0.90489955677537    2.86126581905609   -6.67873031121069
   0.90800286165130    2.87107837792091   -6.67236762313972
   0.91247277254478    2.88521210487213   -6.66479190834289
   0.91276215793223    2.88612713296717   -6.66392504497312
   0.91694946874289    2.89936728675729   -6.65657321457714
   0.92081474968648    2.91158919156666   -6.64912170078205
   0.92143318668485    2.91354467119026   -6.64805869820250
   0.92591802732564    2.92772560556392   -6.63983729099005
   0.92899022081668    2.93743979114356   -6.63424194078557
   0.93041492579216    2.94194466642839   -6.63146721339510
   0.93484891431831    2.95596480790927   -6.62405830477462
   0.93710158853253    2.96308769760719   -6.61936819918822
   0.93937558275883    2.97027800055707   -6.61473613006030
   0.94380971829471    2.98429860687838   -6.60732762104749
   0.94521751629837    2.98875002281495   -6.60449687558846
   0.94835583278035    2.99867328734969   -6.59800678604096
   0.95280857732802    3.01275273481971   -6.59069597619315
   0.95335965396253    3.01449522295133   -6.58971688536484
   0.95728636023731    3.02691135285367   -6.58221152725619
   0.96120301911379    3.03929571317773   -6.57479817574442
   0.96175985314292    3.04105640602206   -6.57384968274121
   0.96624234409649    3.05522991075376   -6.56548458402201
   0.96927025971434    3.06480409099893   -6.55989175475811
   0.97069867608233    3.06932070159786   -6.55699051151148
   0.97517255150599    3.08346696427705   -6.54784376355887
   0.97625544751963    3.08689104966447   -6.54512113548567
   0.97958186641710    3.09740908851189   -6.53585486367490
   0.98153736917795    3.10359233080304   -6.53017101635432
   0.98403669666818    3.11149513091480   -6.52275418603814
   0.98601660689598    3.11775554889954   -6.51538075030465
   0.98853737895814    3.12572615611784   -6.50779839254773
   0.99077291166317    3.13279484486723   -6.50049150068486
   0.99303275429748    3.13994040089892   -6.49300245072217
   0.99527822606437    3.14704051666994   -6.48569819823457
   0.99748742956315    3.15402595324250   -6.47908811747134
   1.00000511942749    3.16198681464188   -6.47071237799031
   1.00196332499314    3.16817860312241   -6.46419800159426
   1.00448102038003    3.17613948198388   -6.45582249264853
   1.00643569858466    3.18232011705246   -6.45011496658412
   1.00923737226216    3.19117892692763   -6.44093491246492
   1.01091584273679    3.19648620126695   -6.43535146320215
   1.01397057666846    3.20614518023271   -6.42597108591380
   1.01538591565112    3.21062044052336   -6.42127343705201
   1.01846967488727    3.22037119664929   -6.41115908885023
   1.01988373137000    3.22484240171283   -6.40647474807134
   1.02297610602708    3.23462039954669   -6.39637173140572
   1.02437489979037    3.23904334433968   -6.39171942034363
   1.02770203202877    3.24956363875020   -6.38138489193183
   1.02882102576394    3.25310186407279   -6.37766298880970
   1.03217800780252    3.26371654267468   -6.36649744033668
   1.03331087410953    3.26729863266195   -6.36274665806656
   1.03693444841872    3.27875626819295   -6.35161230654023
   1.03777369966420    3.28140995597997   -6.34882102516868
   1.04141045377270    3.29290926564927   -6.33672565120004
   1.04223647648566    3.29552112520501   -6.33396646605766
   1.04555007223569    3.30599861763691   -6.32195218013662
   1.04665581020139    3.30949492860576   -6.31726852838658
   1.04801228887812    3.31378407433797   -6.30764784139610
   1.04856009823611    3.31551623143721   -6.29280841481191
   1.04854905562173    3.31548131501491   -6.27796682680040
   1.04825965962270    3.31456625336635   -6.26312250474390
   1.04796861189555    3.31364596900201   -6.24820312916097
   1.04767759911565    3.31272579513982   -6.23328414904494
   1.04761959681207    3.31254239355959   -6.21837748612422
   1.04719455488081    3.31119842345765   -6.20337272992632
   1.04708520166808    3.31085265181100   -6.18853147355660
   1.04679432697743    3.30993291458299   -6.17361406167599
   1.04650448011869    3.30901642732928   -6.16348175986963
   1.04623017753203    3.30814909060729   -6.15881359303333
   1.04593226154031    3.30720708899213   -6.14377852392518
   1.04504786402384    3.30441065002230   -6.12910448363834
   1.04324515947957    3.29871055120388   -6.11407906179675
   1.04215775887445    3.29527222243052   -6.10867132527967
   1.03994458553104    3.28827423332583   -6.09927617276736
   1.03761648520062    3.28091284846397   -6.08923515316472
   1.03629286010853    3.27672758480140   -6.08433572947116
   1.03318290843402    3.26689400895470   -6.07130795564576
   1.03266370780535    3.26525231181724   -6.06939558205165
   1.02898500821771    3.25362037177499   -6.05445422101621
   1.02864994243507    3.25256090361209   -6.05264479675872
   1.02533486782409    3.24207873506532   -6.03951530267760
   1.02419484051034    3.23847400218508   -6.03488430397963
   1.02140672269314    3.22965805554203   -6.02457460697068
   1.01975290558308    3.22442873441732   -6.01790909631564
   1.01774685264161    3.21808565393985   -6.00963494319246
   1.01525291888812    3.21019990866523   -5.99923975371945
   1.01410911245675    3.20658322632608   -5.99469512378591
   1.01064028479322    3.19561489514330   -5.98092215611508
   1.01037000790798    3.19476028757098   -5.97995759634368
   1.00669415445800    3.18313734693241   -5.96504663796017
   1.00616501289914    3.18146421686567   -5.96301027752844
   1.00304708330044    3.17160541505701   -5.95011270138497
   1.00170878995143    3.16737377079694   -5.94525230280654
   0.99918899802297    3.15940626273257   -5.93494424896691
   0.99727327321144    3.15334879714878   -5.92733970695142
   0.99553932946298    3.14786611794702   -5.92000990328236
   0.99271794252491    3.13894497532096   -5.90884361627326
   0.99168170987888    3.13566843813131   -5.90484626513357
   0.98829900409221    3.12497242179354   -5.89088708034011
   0.98803393968609    3.12413429592707   -5.88991079536879
   0.98430221227879    3.11233468347660   -5.87520523298689
   0.98370405708995    3.11044333433900   -5.87245686875530
   0.98064525841852    3.10077150278556   -5.86027115223417
   0.97923131740457    3.09630066283091   -5.85470431195249
   0.97671768824493    3.08835264126055   -5.84533739765139
   0.97477428095173    3.08220764448284   -5.83683185308418
   0.97307521037776    3.07683523323445   -5.83040332671164
   0.97029339897410    3.06803922728577   -5.81907458296088
   0.96942200820914    3.06528391528219   -5.81547158396491
   0.96590167473858    3.05415272425047   -5.80108001629959
   0.96562890632968    3.05329023855350   -5.80007480934133
   0.96210275663647    3.04214065679661   -5.78561128200333
   0.96120264910291    3.03929454321420   -5.78210956565227
   0.95816751099900    3.02969752568023   -5.77067912278584
   0.95679911737522    3.02537070523548   -5.76496557934815
   0.95451904003799    3.01816116766747   -5.75575021424769
   0.95231986913147    3.01120745385697   -5.74720587252410
   0.95066466884884    3.00597375918120   -5.74059185976972
   0.94776331299449    2.99679975719080   -5.72872374939133
   0.94717559759595    2.99494141836349   -5.72585697710653
   0.94355642095410    2.98349768812746   -5.71096396897661
   0.94329166000714    2.98266052178995   -5.71003000852461
   0.93962820294202    2.97107677815616   -5.69603591306064
   0.93876303966367    2.96834115728231   -5.69234863060007
   0.93597284247288    2.95951863572106   -5.68110849772305
   0.93428258333250    2.95417408596688   -5.67460723671667
   0.93212438722012    2.94734993325186   -5.66595559068477
   0.92985002824665    2.94015847698214   -5.65670057439817
   0.92847287721238    2.93580396586261   -5.65103003676697
   0.92529249539605    2.92574769197621   -5.63822747025042
   0.92475160796531    2.92403742180760   -5.63632902606434
   0.92117018595646    2.91271307061215   -5.62118055097156
   0.92088922191775    2.91182467057445   -5.62023946257639
   0.91736720374970    2.90068815257875   -5.60671305776963
   0.91629339865139    2.89729281239859   -5.60279419063462
   0.91358777871950    2.88873772164570   -5.59133257712738
   0.91193679049929    2.88351734538761   -5.58470996880184
   0.90986508689957    2.87696667945710   -5.57663243414475
   0.90736849783733    2.86907253817420   -5.56625223855717
   0.90621378830895    2.86542138056257   -5.56171002341846
   0.90296119662786    2.85513678120481   -5.54831766300625
   0.90242262657494    2.85343383851682   -5.54632278627974
   0.89890312459891    2.84230527664635   -5.53186839980322
   0.89835005921948    2.84055650016168   -5.53000110907518
   0.89505234967577    2.83012923944757   -5.51671688336252
   0.89390594478211    2.82650434084700   -5.51211980945931
   0.89132293646573    2.81833694442087   -5.50202579728321
   0.88945513263615    2.81243100357443   -5.49430144702662
   0.88755182058473    2.80641278677354   -5.48664622628183
   0.88499001512817    2.79831243316739   -5.47648733517185
   0.88382146655971    2.79461751691750   -5.47195794621039
   0.88043609210903    2.78391306234249   -5.45801452029335
   0.88016744859929    2.78306361945552   -5.45703321103899
   0.87643986810661    2.77127711942730   -5.44234850803247
   0.87591644121887    2.76962205898279   -5.44037019477621
   0.87278791138133    2.75972973953027   -5.42743072633911
   0.87144366133618    2.75547926037197   -5.42260417174541
   0.86894091638983    2.74756565436431   -5.41228477442247
   0.86694491635616    2.74125436088602   -5.40397723756542
   0.86521606353698    2.73578777905310   -5.39759423083712
   0.86251618441837    2.72725084058317   -5.38703298440270
   0.86136143346702    2.72359955199331   -5.38245102180818
   0.85797665263788    2.71289697443218   -5.36851053204813
   0.85770609739280    2.71204148669422   -5.36752933442664
   0.85425751723496    2.70113717752973   -5.35284873086854
   0.85346693708384    2.69863738631346   -5.34991571937547
   0.85041078386873    2.68897391961518   -5.33770333819193
   0.84898739113561    2.68447319360214   -5.33216781304687
   0.84648338553060    2.67655560142883   -5.32279041617875
   0.84448773352513    2.67024540840551   -5.31448461013275
   0.84283267745856    2.66501216973670   -5.30787520510902
   0.84000269745301    2.65606385608369   -5.29675556953951
   0.83910789923349    2.65323453039632   -5.29318997508932
   0.83572966327210    2.64255264751481   -5.27827950406050
   0.83545814292019    2.64169410813736   -5.27734662191585
   0.83180477443661    2.63014226430211   -5.26336699541910
   0.83101225454066    2.62763633966967   -5.26043445384495
   0.82795578410609    2.61797186993277   -5.24822437227191
   0.82653262940187    2.61347189656013   -5.24269000575718
   0.82422765189847    2.60618362539808   -5.23354326121120
   0.82203434777819    2.59924846219333   -5.22501062923453
   0.82037913622822    2.59401473189059   -5.21840246781372
   0.81747994084255    2.58484756123868   -5.20655072923798
   0.81665353138420    2.58223447880537   -5.20372037388669
   0.81327855091345    2.57156288968963   -5.18881330925719
   0.81302786274058    2.57077022105042   -5.18780868813684
   0.80943518270630    2.55941027230923   -5.17367540795027
   0.80856558734061    2.55666063730542   -5.17002460001575
   0.80570579894581    2.54761807040115   -5.15899476211139
   0.80401172504762    2.54226145849482   -5.15250097774141
   0.80185883149147    2.53545407230687   -5.14385786963054
   0.79958627937672    2.52826832927134   -5.13461686914978
   0.79820881630835    2.52391283150915   -5.12894889882325
   0.79503120375069    2.51386531393733   -5.11616589475283
   0.79448295055707    2.51213175344288   -5.11427032023478
   0.79092077489248    2.50086825862263   -5.09914278440470
   0.79066269968289    2.50005223239032   -5.09815528463924
   0.78726590437333    2.48931166539499   -5.08423010379491
   0.78612043584968    2.48568972756888   -5.07963764573085
   0.78333608149766    2.47688568089217   -5.06932212950711
   0.78163533760258    2.47150797865162   -5.06285195154380
   0.77941694120903    2.46449347441580   -5.05442278227094
   0.77713136760334    2.45726655780838   -5.04428052024833
   0.77596353451041    2.45357390387112   -5.03974209554072
   0.77279736365169    2.44356256461527   -5.02713187010144
   0.77217606389801    2.44159803304345   -5.02437324131078
   0.76847696828512    2.42990160136844   -5.00971276917485
   0.76821893316428    2.42908570189556   -5.00872546611635
   0.76474086620429    2.41808815632880   -4.99503122197085
   0.76365788492577    2.41466380133633   -4.99028172083318
   0.76089898416774    2.40594023817620   -4.97990229182099
   0.75925013241569    2.40072661736766   -4.97329179460719
   0.75725334391889    2.39441283079213   -4.96500138172217
   0.75475963960043    2.38652781098432   -4.95467605538617
   0.75360432428666    2.38287473789706   -4.95009798219621
   0.75022224508653    2.37218070280751   -4.93617102880675
   0.74994252903921    2.37129624888196   -4.93519062456619
   0.74631217639322    2.35981718044910   -4.92029731398375
   0.74578551934901    2.35815190634472   -4.91834389393823
   0.74257984028710    2.34801564331083   -4.90562283589416
   0.74123547752761    2.34376480775307   -4.90080197063642
   0.73873034304417    2.33584364609936   -4.89049120269127
   0.73675162073900    2.32958698429110   -4.88308713819986
   0.73481441618178    2.32346160038237   -4.87559751083548
   0.73225268081998    2.31536146841378   -4.86452086490599
   0.73117180137948    2.31194375937142   -4.86070218229749
   0.72785298288734    2.30144975278239   -4.84649183928719
   0.72757258453523    2.30056314142913   -4.84556051559577
   0.72385618536716    2.28881199642086   -4.83089468844432
   0.72322494168206    2.28681602242998   -4.82833374602885
   0.72022140103636    2.27731891513081   -4.81600019726457
   0.71879932817128    2.27282236250174   -4.81047116479644
   0.71630120595395    2.26492337342746   -4.80110561670369
   0.71430744687116    2.25861916577005   -4.79280936107541
   0.71265737728263    2.25340169419834   -4.78621070987855
   0.70981862729837    2.24442565013027   -4.77419888764444
   0.70901040489333    2.24187007462532   -4.77131394781691
   0.70541635404101    2.23050579139774   -4.75711052381303
   0.70513599516890    2.22961930487907   -4.75617938544649
   0.70144080684285    2.21793522793028   -4.74152368475976
   0.70084562428822    2.21605327817473   -4.73882185569015
   0.69778715702087    2.20638249451122   -4.72662451589443
   0.69636529561919    2.20188661052321   -4.72109653542019
   0.69406646120611    2.19461776363235   -4.71196273841295
   0.69193564430320    2.18788018317349   -4.70330628401747
   0.69022506868695    2.18247139331935   -4.69684085282552
   0.68738675123386    2.17349671690213   -4.68483125395250
   0.68657850333811    2.17094106079629   -4.68194681432247
   0.68312255190204    2.16001344386655   -4.66728071469067
   0.68284223163813    2.15912707942586   -4.66634975888715
   0.67928604210560    2.14788251257939   -4.65216058929546
   0.67848647889374    2.14535431718893   -4.64925381866061
   0.67556422536312    2.13611423735999   -4.63750115383108
   0.67405171624420    2.13133172795263   -4.63152385771137
   0.67179647881914    2.12420073345733   -4.62214728397763
   0.66951584296369    2.11698942987113   -4.61294612526136
   0.66806762141264    2.11241019586510   -4.60748394816257
   0.66496252670904    2.10259197761776   -4.59544629156556
   0.66415814737073    2.10004855377693   -4.59260258505616
   0.66076260511951    2.08931194891526   -4.57770098669174
   0.66048232259216    2.08842570379648   -4.57677020980995
   0.65685825937038    2.07696652233823   -4.56281539189505
   0.65605880560494    2.07443867301415   -4.55990915991014
   0.65321838993643    2.06545736210136   -4.54792911380788
   0.65157072025191    2.06024747895565   -4.54132459679231
   0.64936963121100    2.05328770006055   -4.53280750498243
   0.64708932343428    2.04607743384965   -4.52360801575981
   0.64564108878014    2.04149815841204   -4.51814680864559
   0.64253643095042    2.03168132154705   -4.50611134681395
   0.64170019114094    2.02903715583221   -4.50325562456827
   0.63798657337293    2.01729480552927   -4.49045968882711
   0.63741900816798    2.01550018102221   -4.48860161064620
   0.63357509437724    2.00334583852255   -4.47806244358739
   0.63214152230018    1.99881292572295   -4.47349079372178
   0.62902292403761    1.98895200961881   -4.46527106182047
   0.62655486653101    1.98114808427678   -4.45858642614760
   0.62460900058726    1.97499531331825   -4.45294485368049
   0.62122358350184    1.96429072393346   -4.44370023797845
   0.62012595380899    1.96082005108516   -4.44081668649486
   0.61585280816794    1.94730849008258   -4.42903289882494
   0.61557259366774    1.94642246006364   -4.42810242723918
   0.61116030256692    1.93247092520436   -4.41660839586187
   0.61030185013458    1.92975652382849   -4.41391643350251
   0.60674787799210    1.91851896830419   -4.40427429443058
   0.60473163997812    1.91214368292664   -4.39881832532268
   0.60219350870849    1.90411818640419   -4.39237821732391
   0.59909465283219    1.89431969514551   -4.38413783394781
   0.59764417664632    1.88973333205039   -4.37967695013318
   0.59375511861885    1.87743624480020   -4.36926382428693
   0.59322868059267    1.87577166322441   -4.36818428892918
   0.58880965293303    1.86179882756401   -4.35592107080613
   0.58823093456807    1.85996893709259   -4.35408697449984
   0.58433494747608    1.84764994034392   -4.34374666452718
   0.58262358064411    1.84223864868893   -4.33924605977808
   0.57985429395612    1.83348224552330   -4.33167765775939
   0.57724923929749    1.82524513921056   -4.32458442510100
   0.57530381569720    1.81909376692906   -4.31894465536241
   0.57191828880228    1.80838883032986   -4.30970372512325
   0.57082089748597    1.80491891122119   -4.30682111950114
   0.56639985653711    1.79093970959940   -4.29522418414927
   0.56609432159274    1.78997361707973   -4.29441985258302
   0.56192578514086    1.77679282726062   -4.28327111296631
   0.56076345465854    1.77311757241648   -4.27971010866221
   0.55744352515648    1.76262005284672   -4.27116700947795
   0.55516614838441    1.75541905438645   -4.26482150822558
   0.55289405236393    1.74823475350760   -4.25843626936138
   0.54985822575763    1.73863555894933   -4.24992888121124
   0.54848387949794    1.73428991644461   -4.24610933449372
   0.54451791936914    1.72174966700888   -4.23505806272153
   0.54399896292089    1.72010874196272   -4.23395764363964
   0.53950405266025    1.70589596774686   -4.22192156046025
   0.53872413487989    1.70342989063374   -4.21982792275815
   0.53503748081317    1.69177279876227   -4.20978213053841
   0.53330705138065    1.68630123172427   -4.20529889898020
   0.53048556852419    1.67737978580709   -4.19794730546309
   0.52795434415485    1.66937612870048   -4.19062563704117
   0.52600934089071    1.66322608550954   -4.18498760883063
   0.52262367604893    1.65252071272640   -4.17575022730450
   0.52152651099611    1.64905150905625   -4.17286853489657
   0.51710762213273    1.63507911226555   -4.16125881722165
   0.51679816404749    1.63410061488966   -4.16047456458234
   0.51263532208242    1.62093783087060   -4.14931644422913
   0.51147063906312    1.61725513737364   -4.14576653364752
   0.50815479315758    1.60677053001612   -4.13721203629468
   0.50587477841361    1.59956119036619   -4.13088234674288
   0.50360316246122    1.59237840744851   -4.12449908241192
   0.50050493390308    1.58258189975146   -4.11622530493783
   0.49912460780472    1.57821734917254   -4.11242903860888
   0.49493489557602    1.56496960216914   -4.10114072321471
   0.49463799982171    1.56403082651466   -4.10028514247199
   0.49022455344970    1.55007563872181   -4.08802599927383
   0.48939369619147    1.54744849247592   -4.08591245394999
   0.48560661654569    1.53547385787325   -4.07639002606551
   0.48397959034631    1.53032924882117   -4.07159227129448
   0.48120252341836    1.52154824476534   -4.06406206610450
   0.47845167398889    1.51285013966959   -4.05647774945938
   0.47672502718486    1.50739053319179   -4.05107222145457
   0.47333919665649    1.49668463651254   -4.04183824476932
   0.47224224575176    1.49321610997233   -4.03895743280378
   0.46783970261467    1.47929539788803   -4.02764582812912
   0.46755967755571    1.47840996687674   -4.02671617722410
   0.46335768724656    1.46512339694358   -4.01539155756790
   0.46214432056871    1.46128676714822   -4.01208183832483
   0.45888013903339    1.45096552101182   -4.00334528708928
   0.45659335868892    1.44373478873184   -3.99698418144244
   0.45432219730135    1.43655344313481   -3.99060282075364
   0.45122517384528    1.42676074593507   -3.98233108560193
   0.44984511575740    1.42239704279741   -3.97853594490159
   0.44565452347511    1.40914651309040   -3.96725253548753
   0.44535768904461    1.40820793134002   -3.96639721011471
   0.44106002709326    1.39461885048439   -3.95463797421135
   0.44014419345407    1.39172301141792   -3.95198537619718
   0.43647873245290    1.38013293139719   -3.94280395130801
   0.43452882848869    1.37396739233658   -3.93720968760538
   0.43200142157844    1.36597580592347   -3.93073624587940
   0.42887786824185    1.35609922202079   -3.92243205730807
   0.42743139825254    1.35152552640153   -3.91894559250376
   0.42305281341717    1.33768056976355   -3.90863083867651
   0.42271014825148    1.33659707257470   -3.90754250955302
   0.41846847245922    1.32318501830961   -3.89847329913563
   0.41598649824938    1.31533708876074   -3.89271519491450
   0.41399126427010    1.30902821752394   -3.88825337141719
   0.40975314518169    1.29562740945195   -3.87825746265917
   0.40945180621362    1.29467458448610   -3.87743561089113
   0.40523955743624    1.28135557757771   -3.86794043394354
   0.40288012825583    1.27389513181240   -3.86267077797608
   0.40063349432138    1.26679134130167   -3.85806319554716
   0.39637648470664    1.25333080194033   -3.84812960031675
   0.39607176975954    1.25236730222793   -3.84733674871422
   0.39168886492642    1.23850868588397   -3.83768214208903
   0.38993162445524    1.23295234312925   -3.83341466494496
   0.38712764252518    1.22408623462729   -3.82693266729891
   0.38348898232605    1.21258089795541   -3.81841100367973
   0.38263206547911    1.20987135205546   -3.81665204877614
   0.37825534620187    1.19603229425750   -3.80700530581545
   0.37681909386061    1.19149090654125   -3.80343417241358
   0.37377442681030    1.18186375875866   -3.79675983848928
   0.37034696038734    1.17102621060367   -3.78879347229397
   0.36921794539710    1.16745629836691   -3.78604939943462
   0.36490831339529    1.15382936856331   -3.77601594806646
   0.36374338538467    1.15014590041098   -3.77321101822998
   0.36033409268094    1.13936581702239   -3.76604584057409
   0.35722938428926    1.12954882028199   -3.75881833270138
   0.35586404744255    1.12523166527651   -3.75586192908405
   0.35140719019169    1.11113921355982   -3.74591647291166
   0.35055704306285    1.10845107330969   -3.74376785441999
   0.34691268474859    1.09692771936513   -3.73543444945366
   0.34404018035372    1.08784494484215   -3.72916388521007
   0.34233475347813    1.08245243515476   -3.72559206605177
   0.33798523996667    1.06869940118909   -3.71527336459841
   0.33764616681173    1.06762726183271   -3.71421335526877
   0.33348104138299    1.05445725756857   -3.70476478026604
   0.33099397462157    1.04659322552118   -3.69899555377843
   0.32900032979571    1.04028937914080   -3.69452217164711
   0.32464719464762    1.02652489366649   -3.68481934929662
   0.32433906023769    1.02555058171307   -3.68401501335743
   0.31995099709928    1.01167565495930   -3.67449930706952
   0.31777382186772    1.00479149082692   -3.66959977454412
   0.31548020476246    0.99753914091012   -3.66429782857807
   0.31141403341854    0.98468202655564   -3.65459806087646
   0.31111230340620    0.98372796511926   -3.65375955668707
   0.30672785857047    0.96986447933227   -3.64383882948131
   0.30492264844566    0.96415645794178   -3.63963343299383
   0.30203746644909    0.95503359721461   -3.63360974043798
   0.29847207962044    0.94375994878793   -3.62519745216484
   0.29768641274981    0.94127569322027   -3.62312584934518
   0.29317685770784    0.92701661263599   -3.61363889820966
   0.29175231433332    0.92251224832865   -3.61013091246666
   0.28861740896944    0.91259976964913   -3.60298185993239
   0.28529280212850    0.90208746047120   -3.59532006767559
   0.28413350499403    0.89842179698384   -3.59274526954126
   0.27979377826061    0.88469970852286   -3.58238994348580
   0.27892705732427    0.88195916238023   -3.58021685273507
   0.27539230319621    0.87078237365305   -3.57229168141445
   0.27218674608950    0.86064649623795   -3.56530336407949
   0.27069830079363    0.85594007593226   -3.56208097699037
   0.26628294977519    0.84197886570333   -3.55221337968757
   0.26568388052472    0.84008462632970   -3.55085306321571
   0.26184134086747    0.82793462879980   -3.54302823764880
   0.25812296006145    0.81617721791054   -3.53594205549120
   0.25724790776864    0.81341032826344   -3.53417772231022
   0.25278694741885    0.79930490266847   -3.52677143320947
   0.24997399788754    0.79041043887478   -3.52117327094125
   0.24830897707866    0.78514569198350   -3.51840837635919
   0.24392149637678    0.77127260687691   -3.51045612096488
   0.24159268276449    0.76390896663871   -3.50615284700155
   0.23935684108574    0.75683930092350   -3.50261763389273
   0.23496997071097    0.74296814565333   -3.49466259751916
   0.23325151998103    0.73753445492104   -3.49111694510261
   0.23048542557821    0.72878814566735   -3.48627824315791
   0.22608922735222    0.71488749600557   -3.47833265259534
   0.22487993463236    0.71106374794575   -3.47603431429063
   0.22144769186009    0.70021109711452   -3.47010132654618
   0.21709435515316    0.68644597431707   -3.46223921170806
   0.21672278837273    0.68527109107134   -3.46146878691717
   0.21257191680395    0.67214615709372   -3.45466895781584
   0.20857076387573    0.65949462905991   -3.44687083735561
   0.20801130072153    0.65772562299934   -3.44594211337891
   0.20356259124273    0.64365893429860   -3.43855678726623
   0.20025120621017    0.63318843209040   -3.43181542001317
   0.19918278278114    0.62981010859044   -3.42969068293004
   0.19466962200067    0.61553962676694   -3.42215943030590
   0.19186144756960    0.60666026169996   -3.41677885444020
   0.19020924358268    0.60143604122324   -3.41383437154275
   0.18571880846659    0.58723741728297   -3.40636981152401
   0.18346486210700    0.58011050509875   -3.40193383901137
   0.18117958489493    0.57288452567927   -3.39768706126015
   0.17692779821396    0.55944050108107   -3.38951347571297
   0.17536186626241    0.55448907024614   -3.38670565494254
   0.17223193849051    0.54459233056626   -3.38190704268342
   0.16797629383556    0.53113610716766   -3.37345798681440
   0.16698133787019    0.52799008562984   -3.37176515241772
   0.16328554237604    0.51630408883333   -3.36612994713135
   0.15900409265266    0.50276627056633   -3.35757696124782
   0.15860103944606    0.50149182816587   -3.35682445603946
   0.15432752651333    0.48797910579778   -3.35033139438288
   0.15038836322920    0.47552358719779   -3.34287112992265
   0.14984391143200    0.47380204660712   -3.34196197729681
   0.14546333926543    0.45995080608628   -3.33397748037516
   0.14208323548276    0.44926301720869   -3.32760048023158
   0.14098609996318    0.44579390692179   -3.32561461016835
   0.13649185998668    0.43158325212466   -3.31814547249722
   0.13368484322845    0.42270754758517   -3.31276560588275
   0.13203299804561    0.41748446163644   -3.30982075231965
   0.12750147128103    0.40315590711062   -3.30230365940194
   0.12435013805595    0.39319148401651   -3.29818028229421
   0.12286663967295    0.38850070570402   -3.29646373925143
   0.11835572925727    0.37423733946790   -3.29420799087222
   0.11388196301557    0.36009142201883   -3.29420606850830
   0.10940798555380    0.34594483669813   -3.29374026420667
   0.10493423878373    0.33179898081780   -3.29373849056438
   0.10046086803391    0.31765431390246   -3.29369611276940
   0.09598679362704    0.30350742204419   -3.29327122896820
   0.09151307033660    0.28936164040578   -3.29326967723471
   0.08703935456806    0.27521588255139   -3.29326819953039
   0.08256543799761    0.26106948976724   -3.29280284392035
   0.07809219630741    0.24692523093465   -3.29276077997015
   0.07361806581035    0.23277816172086   -3.29233632267097
   0.06913670463938    0.21860822932852   -3.29237758142494
   0.06467119065246    0.20448840526670   -3.29275722795132
   0.06019702284574    0.19034121808086   -3.29233300082946
   0.05572335348906    0.17619560697941   -3.29233204156902
   0.05124968949912    0.16205001284742   -3.29233115631845
   0.04678532930923    0.14793383705790   -3.29229139420250
   0.04230220178393    0.13375831950509   -3.29140172250001
   0.03783788848212    0.11964229197432   -3.29136207361780
   0.03334692358116    0.10544199286985   -3.29051516409919
   0.02888108576276    0.09132114486242   -3.29093601048404
   0.02440763362676    0.07717622060636   -3.29139951423290
   0.01993400096351    0.06303072552843   -3.29139914714305
   0.01546979556359    0.04891503918028   -3.29135987195158
   0.01098675539040    0.03473979783228   -3.29093469430401
   0.00651295684576    0.02059377824226   -3.29047060617544
   0.00203933671582    0.00644832279432   -3.29047053506763
  -0.00243428128002   -0.00769712590566   -3.29047053793150
  -0.00689838380053   -0.02181248695216   -3.29043161324085
  -0.01138150503659   -0.03598798461860   -3.29000682337335
  -0.01583685381523   -0.05007566659042   -3.28996984789240
  -0.02034562948399   -0.06433228281952   -3.28912395413107
  -0.02480234385525   -0.07842428275509   -3.29000771830698
  -0.02927611340238   -0.09257021065582   -3.28954422539365
  -0.03373123046726   -0.10665715995553   -3.28997150528862
  -0.03824014181217   -0.12091420518862   -3.28912589382520
  -0.04268728522721   -0.13497594204175   -3.28950701794487
  -0.04717055043658   -0.14915189494755   -3.28908280579383
  -0.05162575410202   -0.16323911807571   -3.28904643572334
  -0.05613480451698   -0.17749660304421   -3.28820116066597
  -0.06058180490241   -0.19155788764191   -3.28858254624810
  -0.06506500682173   -0.20573364042645   -3.28844377796466
  -0.06953862548717   -0.21987909124367   -3.28844429848983
  -0.07401238325543   -0.23402498189996   -3.28816092606301
  -0.07848600427282   -0.24817044015401   -3.28816218524696
  -0.08295962800500   -0.26231590699214   -3.28816351835467
  -0.08742355118768   -0.27643070097767   -3.28766202549310
  -0.09190689243039   -0.29060689429867   -3.28752010812671
  -0.09638065244988   -0.30475279207327   -3.28724007642530
  -0.10083568327191   -0.31883946867563   -3.28720456064324
  -0.10532793911301   -0.33304384969489   -3.28659531217981
  -0.10980158446096   -0.34718938488145   -3.28659649126720
  -0.11427523441091   -0.36133493461939   -3.28659774363425
  -0.11874900337859   -0.37548086068791   -3.28632107132174
  -0.12322266105216   -0.38962643484774   -3.28632306874289
  -0.12769632413427   -0.40377202610917   -3.28632514004985
  -0.13216999289430   -0.41791763532406   -3.28632728524253
  -0.13661840360014   -0.43198337931349   -3.28628188255109
  -0.14111748817155   -0.44620935257739   -3.28475099015246
  -0.14559117526201   -0.46035501975256   -3.28475275290979
  -0.15006486910939   -0.47450070829289   -3.28475458880181
  -0.15453856998310   -0.48864641905026   -3.28475649781500
  -0.15901227815255   -0.50279215287657   -3.28475847993584
  -0.16355446774555   -0.51715442295262   -3.28552789048366
  -0.16798309251165   -0.53115760438176   -3.28898657455428
  -0.17234183057161   -0.54493980609886   -3.29441078022006
  -0.17564639257004   -0.55538873407351   -3.30007977268522
  -0.17675909294899   -0.55890705998858   -3.30220616941919
  -0.18128822276372   -0.57322803542938   -3.31018748850579
  -0.18380613743332   -0.58118960765635   -3.31469966838299
  -0.18576142413893   -0.58737216678716   -3.31853991051370
  -0.19023473662526   -0.60151664947507   -3.32596477480650
  -0.19195638630552   -0.60696045519432   -3.32933424049359
  -0.19476388684100   -0.61583768942324   -3.33487426218789
  -0.19921793112961   -0.62992124663590   -3.34234182733460
  -0.20031976859948   -0.63340522435155   -3.34436104679975
  -0.20371059393825   -0.64412691447457   -3.35065244788816
  -0.20813024549740   -0.65810172288689   -3.35815126461632
  -0.20869484054298   -0.65988695583726   -3.35923837061688
  -0.21260146362505   -0.67223958327417   -3.36680217988186
  -0.21682331898768   -0.68558896592292   -3.37404220067265
  -0.21712393317245   -0.68653949914528   -3.37480277537083
  -0.22159935437499   -0.70069064953191   -3.38315172329216
  -0.22491151337830   -0.71116359901286   -3.38893953653995
  -0.22602192843163   -0.71467469879545   -3.39093535384772
  -0.23054545691710   -0.72897796299762   -3.39893425264144
  -0.23330535449591   -0.73770467807580   -3.40377944552056
  -0.23496909826201   -0.74296538699535   -3.40671563881280
  -0.23948090461994   -0.75723158617455   -3.41473912756976
  -0.24140828175318   -0.76332589605733   -3.41864300381083
  -0.24391634398028   -0.77125631515053   -3.42342434366455
  -0.24842858444284   -0.78552388695581   -3.43144761234999
  -0.24952903620537   -0.78900348310555   -3.43346919549232
  -0.25291971070389   -0.79972469627614   -3.43976273419946
  -0.25739352286854   -0.81387075893221   -3.44718981573556
  -0.25793815076224   -0.81559285633481   -3.44815290163098
  -0.26181133652369   -0.82783975594608   -3.45591585622292
  -0.26603356137444   -0.84119030690543   -3.46315747053412
  -0.26633493988982   -0.84214325691869   -3.46391688410724
  -0.27081500658158   -0.85630909620578   -3.47225553791283
  -0.27437523339966   -0.86756642883058   -3.47809965529484
  -0.27523298657491   -0.87027861917609   -3.48005420305095
  -0.27975758038565   -0.88458525190548   -3.48805366523951
  -0.28227269388280   -0.89253796690744   -3.49269956139327
  -0.28423689099573   -0.89874870048448   -3.49639486281939
  -0.28870424003565   -0.91287432693001   -3.50384125167766
  -0.29088921100367   -0.91978314095207   -3.50778825188914
  -0.29313918516264   -0.92689749315461   -3.51254973483727
  -0.29763597558940   -0.94111621240055   -3.51965643932851
  -0.29877001324667   -0.94470200616292   -3.52241333612210
  -0.30212414272112   -0.95530766504084   -3.52891615408654
  -0.30642441567030   -0.96890500179492   -3.53684976097065
  -0.30677363095823   -0.97000921027790   -3.53781975746126
  -0.31099629365254   -0.98336114568574   -3.54688367677056
  -0.31324141220280   -0.99046014459617   -3.55237925669533
  -0.31548529873030   -0.99755524788678   -3.55803893024540
  -0.31984875316098   -1.01135236262957   -3.56655911245746
  -0.32018321926351   -1.01240993462157   -3.56752983629397
  -0.32435768646887   -1.02560947730896   -3.57691294811310
  -0.32663250175925   -1.03280237643937   -3.58229126874816
  -0.32890301391140   -1.03998166917305   -3.58774547889752
  -0.33314544204755   -1.05339610232743   -3.59685808985595
  -0.33343748894150   -1.05431954602784   -3.59763790952875
  -0.33784932484751   -1.06826964157452   -3.60724149206035
  -0.33982283872080   -1.07450983447415   -3.61178569996536
  -0.34239051801414   -1.08262876097968   -3.61805862873863
  -0.34656891869356   -1.09584074119649   -3.62657292030835
  -0.34686168379491   -1.09676645584764   -3.62735156385657
  -0.35127358687658   -1.11071676380175   -3.63695585363844
  -0.35324729225255   -1.11695756222724   -3.64150019908821
  -0.35581485072744   -1.12507610670837   -3.64777379010212
  -0.35991466579058   -1.13803960151483   -3.65639401901006
  -0.36022821105331   -1.13903102242585   -3.65739110935777
  -0.36476287625293   -1.15336950059109   -3.66727918060931
  -0.36667220447623   -1.15940674035076   -3.67121661058746
  -0.36923599959993   -1.16751338522597   -3.67749789318185
  -0.37311051418636   -1.17976448654277   -3.68606684770017
  -0.37365308676876   -1.18148008511141   -3.68710892171418
  -0.37817873228143   -1.19579004329143   -3.69701218926226
  -0.37981358667956   -1.20095940487801   -3.70094046048253
  -0.38259865914840   -1.20976572221900   -3.70753429379035
  -0.38647263723710   -1.22201512714575   -3.71602725245584
  -0.38699847770168   -1.22367781924932   -3.71710459077202
  -0.39161824094247   -1.23828537492115   -3.72763583310547
  -0.39300823624101   -1.24268049922701   -3.73043964474585
  -0.39602449260460   -1.25221781325268   -3.73725516944282
  -0.39966957238724   -1.26374344845906   -3.74552533079799
  -0.40050427468168   -1.26638275259651   -3.74747858608292
  -0.40496747755382   -1.28049526898128   -3.75674589265831
  -0.40639543969841   -1.28501044333918   -3.76036875653096
  -0.40951541458448   -1.29487571228641   -3.76758520230890
  -0.41309634487599   -1.30619850868608   -3.77524838937777
  -0.41399352082698   -1.30903535269051   -3.77779712347230
  -0.41846162234669   -1.32316335845499   -3.78710116687365
  -0.41958549554422   -1.32671701249425   -3.78987870205276
  -0.42294225303068   -1.33733098106896   -3.79731012269388
  -0.42629426861963   -1.34792995590301   -3.80475042050288
  -0.42741679176564   -1.35147934111900   -3.80753069461151
  -0.43184693669534   -1.36548732926079   -3.81716439622197
  -0.43324938616290   -1.36992183328327   -3.81981966054758
  -0.43636960670691   -1.37978787899371   -3.82703708572443
  -0.43972206218639   -1.39038824474869   -3.83447751933490
  -0.44084774475596   -1.39394761996920   -3.83725088474810
  -0.44538431265491   -1.40829211441381   -3.84718651618638
  -0.44597742586850   -1.41016752097374   -3.84889569154442
  -0.44986099207111   -1.42244724323504   -3.85739721635216
  -0.45286819772672   -1.43195593918790   -3.86420995742589
  -0.45419877231482   -1.43616317695273   -3.86728012976370
  -0.45874972280579   -1.45055314873087   -3.87720549343859
  -0.45958776972602   -1.45320302847680   -3.87906633702699
  -0.46322736138709   -1.46471131040398   -3.88742222830693
  -0.46629723400887   -1.47441815746316   -3.89394102618895
  -0.46770411375334   -1.47886666989113   -3.89764129140210
  -0.47216441376319   -1.49297000751062   -3.90695787789865
  -0.47296843356813   -1.49551229451750   -3.90902016720764
  -0.47665134527884   -1.50715755316919   -3.91809443706851
  -0.47911902402355   -1.51496028087723   -3.92389215055778
  -0.48106074707204   -1.52109995212265   -3.92861207130107
  -0.48500534016435   -1.53357263961662   -3.93874232933990
  -0.48560215914958   -1.53545976371765   -3.94039730918424
  -0.49001051768059   -1.54939886390671   -3.95182629494895
  -0.49058449837233   -1.55121377399455   -3.95363036767594
  -0.49455646072238   -1.56377300227763   -3.96455304361929
  -0.49617852575179   -1.56890192425594   -3.96849844412614
  -0.49896420804601   -1.57771016984689   -3.97598209352639
  -0.50177038672736   -1.58658322441189   -3.98336867352996
  -0.50343946470023   -1.59186079993654   -3.98805254119992
  -0.50714200952444   -1.60356813791644   -3.99801073508367
  -0.50791156606707   -1.60600145310018   -4.00010124283573
  -0.51239922142827   -1.62019128753714   -4.01130663368297
  -0.51296990727738   -1.62199577942935   -4.01309712280505
  -0.51694219903496   -1.63455604928933   -4.02402117834421
  -0.51834084103227   -1.63897851420275   -4.02773910775513
  -0.52141750146889   -1.64870682413311   -4.03610480620942
  -0.52388911349976   -1.65652198877644   -4.04282637263258
  -0.52583114029128   -1.66266262044839   -4.04754752956385
  -0.52925648427067   -1.67349345749915   -4.05747208019996
  -0.53037290550783   -1.67702354865860   -4.06026573199555
  -0.53470764808323   -1.69072987735832   -4.07188603319257
  -0.53501560798311   -1.69170363751609   -4.07286145261502
  -0.53933098960988   -1.70534874746492   -4.08442305233191
  -0.54044854822750   -1.70888243498799   -4.08721523017886
  -0.54373803825670   -1.71928370583865   -4.09585381175119
  -0.54604499433782   -1.72657823320532   -4.10208700012601
  -0.54821459746602   -1.73343845456928   -4.10792638376250
  -0.55181442576661   -1.74482100591858   -4.11740788238624
  -0.55269504436756   -1.74760549606850   -4.12002605654837
  -0.55709807286072   -1.76152774283445   -4.13136728432797
  -0.55740438020116   -1.76249627764779   -4.13234397546237
  -0.56172014278448   -1.77614259217007   -4.14390712087541
  -0.56283839062197   -1.77967845898610   -4.14669907536234
  -0.56612816271163   -1.79008062170366   -4.15533880070009
  -0.56838413602925   -1.79721394306962   -4.16179397672585
  -0.57067554212911   -1.80445930185229   -4.16807697251828
  -0.57397981442650   -1.81490731380079   -4.17666904456720
  -0.57515345511724   -1.81861833119174   -4.18016224333123
  -0.57952272223698   -1.83243382548657   -4.19111613734564
  -0.57979510959183   -1.83329510630184   -4.19183444409094
  -0.58410920339229   -1.84693614418170   -4.20340597794898
  -0.58517171843924   -1.85029578555108   -4.20641990093621
  -0.58852010265669   -1.86088327809511   -4.21575741425973
  -0.59054829247116   -1.86729635471479   -4.22106582046344
  -0.59299809624042   -1.87504256227550   -4.22783262332523
  -0.59608967970290   -1.88481805837526   -4.23616711650605
  -0.59747782703805   -1.88920733947520   -4.23993148481185
  -0.60174504347723   -1.90270015251562   -4.25081795757819
  -0.60202555899935   -1.90358713435704   -4.25174331333688
  -0.60643586403525   -1.91753238933738   -4.26318020539187
  -0.60734419522976   -1.92040450589416   -4.26569034797106
  -0.61098346768389   -1.93191177849836   -4.27591683998240
  -0.61266310456485   -1.93722274098026   -4.28056479818017
  -0.61546251311188   -1.94607438857937   -4.28800314828888
  -0.61848454574349   -1.95562996699487   -4.29567114650468
  -0.61994160696807   -1.96023715178897   -4.30009026203028
  -0.62407158981185   -1.97329603623168   -4.31055528770870
  -0.62435158590016   -1.97418137563863   -4.31148492467249
  -0.62890112166576   -1.98856687409668   -4.32334096780821
  -0.62946024601932   -1.99033480887958   -4.32519737352051
  -0.63337937771644   -2.00272698818987   -4.33542569507372
  -0.63528454889433   -2.00875108349406   -4.34030229170906
  -0.63785897845553   -2.01689135414826   -4.34751466824303
  -0.64065868797060   -2.02574395339951   -4.35495420271845
  -0.64233890287152   -2.03105674356354   -4.35960419869331
  -0.64625803688405   -2.04344893019509   -4.36983351678780
  -0.64682034322775   -2.04522692633733   -4.37169597719732
  -0.65129714688672   -2.05938244801054   -4.38285366009766
  -0.65186028791381   -2.06116308339717   -4.38471624255542
  -0.65577746802170   -2.07354909183961   -4.39494409686775
  -0.65745817244887   -2.07886342987128   -4.39959448960368
  -0.66025761342215   -2.08771518000125   -4.40703468852369
  -0.66299928278732   -2.09638425800332   -4.41470483392369
  -0.66466946901264   -2.10166533778968   -4.41939322233732
  -0.66861184341117   -2.11413100983911   -4.42957125551037
  -0.66921498045328   -2.11603811145039   -4.43121704410009
  -0.67369820275137   -2.13021392867201   -4.44330829270011
  -0.67420325684303   -2.13181089487495   -4.44446529567268
  -0.67817823535476   -2.14437966017266   -4.45540016902328
  -0.67957833672954   -2.14880673959475   -4.45912089661177
  -0.68265904946166   -2.15854786276445   -4.46749242226754
  -0.68517827756926   -2.16651358804380   -4.47400422589320
  -0.68714050452119   -2.17271809202965   -4.47958504772748
  -0.69044491708303   -2.18316654749020   -4.48911324420688
  -0.69161981292662   -2.18688153363759   -4.49260713958600
  -0.69490728807663   -2.19727643349945   -4.50399990244394
  -0.69597269733159   -2.20064522626955   -4.50787213510115
  -0.69855220079517   -2.20880154045406   -4.51887861361212
  -0.70052184153155   -2.21502948660856   -4.52629266141128
  -0.70239048399889   -2.22093807920294   -4.53398622182898
  -0.70500620821171   -2.22920892233264   -4.54488073756794
  -0.70583255013261   -2.23182179121452   -4.54863481318930
  -0.70927917399287   -2.24271991462355   -4.56328616499401
  -0.70955342333516   -2.24358708298837   -4.56421229641794
  -0.71303567746326   -2.25459786825774   -4.57862239181178
  -0.71390381187832   -2.25734288377860   -4.58226611852434
  -0.71620365706310   -2.26461492669989   -4.59327320835156
  -0.71852245291400   -2.27194689107083   -4.60234279865792
  -0.71992585848554   -2.27638441826603   -4.60792501034069
  -0.72294557955577   -2.28593268759231   -4.62111211653248
  -0.72348505653496   -2.28763849795456   -4.62303380426228
  -0.72693209146137   -2.29853792114268   -4.63768729571172
  -0.72743437095856   -2.30012611415939   -4.63969867486497
  -0.73048822676201   -2.30978231650952   -4.65279475936721
  -0.73184458932961   -2.31407109510803   -4.65848708622954
  -0.73413125348845   -2.32130146001246   -4.66767720188641
  -0.73632843531545   -2.32824888441197   -4.67709016425414
  -0.73777613034388   -2.33282645356896   -4.68256124734363
  -0.74094436717726   -2.34284432537601   -4.69628681777941
  -0.74121524029136   -2.34370081820647   -4.69721275238660
  -0.74478088671430   -2.35497528746265   -4.71232617613447
  -0.74536390149754   -2.35681876308247   -4.71506080766164
  -0.74814510919233   -2.36561286012143   -4.72720996768455
  -0.74977816573777   -2.37077653695061   -4.73384717161082
  -0.75178828525039   -2.37713247580660   -4.74209445442473
  -0.75433120306409   -2.38517310724082   -4.75320571334172
  -0.75522722594026   -2.38800630525654   -4.75674828158402
  -0.75872757976526   -2.39907432123585   -4.77110122199483
  -0.75901047200858   -2.39996881819987   -4.77209867573382
  -0.76243978737301   -2.41081221265349   -4.78675058364137
  -0.76329777155250   -2.41352513342762   -4.79042662785653
  -0.76580520666550   -2.42145356960442   -4.80163681206437
  -0.76784541652729   -2.42790465326066   -4.80977997403716
  -0.76944707714406   -2.43296905708557   -4.81652267770183
  -0.77226879821560   -2.44189125623182   -4.82856973252973
  -0.77309043320689   -2.44448924194053   -4.83140954650844
  -0.77645327858380   -2.45512246024600   -4.84629478805478
  -0.77670127430834   -2.45590661544267   -4.84729690860465
  -0.78001935092552   -2.46639827624486   -4.86141499944678
  -0.78116366078152   -2.47001655039791   -4.86600212836484
  -0.78346367510107   -2.47728912811838   -4.87607309813846
  -0.78565273649245   -2.48421087593899   -4.88459368938251
  -0.78710776454955   -2.48881163191723   -4.89096216113962
  -0.79020863348614   -2.49861648841340   -4.90394494094355
  -0.79075180153658   -2.50033396983450   -4.90585139406523
  -0.79411632503841   -2.51097249432168   -4.92074046164748
  -0.79463214947345   -2.51260351603405   -4.92271355796766
  -0.79748129265390   -2.52161242308323   -4.93563086538343
  -0.79917317495044   -2.52696210520950   -4.94211728876614
  -0.80120506033175   -2.53338686710296   -4.95029207637244
  -0.80380280243646   -2.54160085133498   -4.96128191893113
  -0.80485578398735   -2.54493034806986   -4.96518678872535
  -0.80807001893009   -2.55509366454761   -4.97952258182541
  -0.80834484680080   -2.55596266220230   -4.98053817102999
  -0.81197493172905   -2.56744088411955   -4.99542402459068
  -0.81256996804987   -2.56932237148805   -4.99812538561722
  -0.81522885328114   -2.57772968849034   -5.00986105189545
  -0.81712727708807   -2.58373244880577   -5.01748561351923
  -0.81879103223744   -2.58899319371884   -5.02498172387996
  -0.82160630379470   -2.59789499969039   -5.03611756516387
  -0.82263115593550   -2.60113555205680   -5.04010415208729
  -0.82601190984809   -2.61182539662608   -5.05402491520688
  -0.82625313426366   -2.61258814114264   -5.05495981644984
  -0.82944635462748   -2.62268501013911   -5.06966405282017
  -0.83058114210348   -2.62627317480631   -5.07428078109401
  -0.83289690022224   -2.63359553395744   -5.08433194798602
  -0.83507184467922   -2.64047264444610   -5.09289276850280
  -0.83653918746407   -2.64511233923178   -5.09922606102677
  -0.83962893394343   -2.65488202684490   -5.11226271022425
  -0.84016933074824   -2.65659074566872   -5.11411975751404
  -0.84355925259658   -2.66730957898154   -5.12902378817083
  -0.84406473972073   -2.66890791442051   -5.13103872167153
  -0.84711523589582   -2.67855349372441   -5.14414384160464
  -0.84859636959956   -2.68323679499055   -5.15043133897486
  -0.85076107584429   -2.69008153255283   -5.15904173124237
  -0.85296088021365   -2.69703724935425   -5.16846463045083
  -0.85440166417069   -2.70159296590649   -5.17394104830876
  -0.85750905683786   -2.71141845024713   -5.18693081432710
  -0.85783741817501   -2.71245671915031   -5.18860671583316
  -0.86142059318556   -2.72378661328564   -5.20373753520234
  -0.86200413916769   -2.72563176854075   -5.20647497792136
  -0.86478697006434   -2.73443099809632   -5.21863617291310
  -0.86648859666165   -2.73981149141541   -5.22603535822491
  -0.86823040231026   -2.74531902971452   -5.23330530203125
  -0.87103803980276   -2.75419669699754   -5.24448235826097
  -0.87188969613174   -2.75688960929420   -5.24821353490398
  -0.87537946265751   -2.76792414854436   -5.26257455560652
  -0.87564807050704   -2.76877347867480   -5.26357131437759
  -0.87909177848427   -2.77966238214730   -5.27823903014963
  -0.87995052827741   -2.78237772376929   -5.28191898648914
  -0.88246173086480   -2.79031807258947   -5.29314139071053
  -0.88443949784225   -2.79657171367956   -5.30147726233389
  -0.88590655174712   -2.80121049503521   -5.30781322987789
  -0.88899876033861   -2.81098796777458   -5.32085644415403
  -0.88953413368609   -2.81268080257386   -5.32271408065503
  -0.89312220463539   -2.82402617752372   -5.33785006391405
  -0.89337473110677   -2.82482465880880   -5.33885614862567
  -0.89656621045065   -2.83491602275136   -5.35252304269712
  -0.89792068171689   -2.83919882111055   -5.35828109197964
  -0.90013549802175   -2.84620200521106   -5.36765764173235
  -0.90245127513307   -2.85352442441611   -5.37674183946571
  -0.90386270448757   -2.85798732257735   -5.38233423287549
  -0.90689655596517   -2.86758027183672   -5.39554767044880
  -0.90720920700387   -2.86856886523763   -5.39723625237225
  -0.91080001930732   -2.87992290826878   -5.41237519901075
  -0.91138381135714   -2.88176884158271   -5.41511392660525
  -0.91444296687726   -2.89144180148123   -5.42728068085000
  -0.91580621898571   -2.89575236460557   -5.43298425642594
  -0.91808842485204   -2.90296863252003   -5.44218807976758
  -0.92036383655045   -2.91016341747513   -5.45238234045710
  -0.92151924599309   -2.91381678819509   -5.45686419402726
  -0.92491372649951   -2.92455003585088   -5.47084573330452
  -0.92516707217300   -2.92535110742896   -5.47177286587241
  -0.92848491047607   -2.93584201468895   -5.48691633668648
  -0.92933610628090   -2.93853347082178   -5.49059365598778
  -0.93192777940300   -2.94672826510908   -5.50159239564612
  -0.93383047036089   -2.95274451803050   -5.50922660095111
  -0.93576992957907   -2.95887703111096   -5.51673114137673
  -0.93832272034999   -2.96694888054589   -5.52786303134656
  -0.93919902594696   -2.96971973310392   -5.53140984950374
  -0.94251956076867   -2.98021916667663   -5.54655616318423
  -0.94277769700232   -2.98103538586526   -5.54748388083314
  -0.94596699614055   -2.99111985606156   -5.56123642024609
  -0.94729357221614   -2.99531445064728   -5.56608428703412
  -0.94961363015273   -3.00265040569610   -5.57614753554308
  -0.95179058311083   -3.00953386700631   -5.58471819321709
  -0.95345491009922   -3.01479642005761   -5.59128773516259
  -0.95635295677447   -3.02395995852091   -5.60411059230745
  -0.95685359136248   -3.02554295038313   -5.60622953963374
  -0.96019978611732   -3.03612351991069   -5.62111484956448
  -0.96074131749184   -3.03783582621061   -5.62297812682363
  -0.96365522555072   -3.04704951790303   -5.63580274880720
  -0.96525510764400   -3.05210829808890   -5.64158695328262
  -0.96730327607326   -3.05858454650172   -5.65071696825418
  -0.96976764389629   -3.06637680517265   -5.66114208668828
  -0.97086827269915   -3.06985696111871   -5.66585892209016
  -0.97430673187668   -3.08072926804078   -5.67960949340480
  -0.97457672418843   -3.08158297580008   -5.68057269919947
  -0.97789397085016   -3.09207201230752   -5.69569494159224
  -0.97870774868830   -3.09464515392875   -5.69848627677315
  -0.98134706172603   -3.10299058422995   -5.71038349004590
  -0.98323928881977   -3.10897375072027   -5.71801462956108
  -0.98517746474780   -3.11510220607498   -5.72552221302779
  -0.98778968510395   -3.12336197011278   -5.73648195071725
  -0.98864746995945   -3.12607426063032   -5.74022002125910
  -0.99214065441419   -3.13711960727146   -5.75459794153481
  -0.99239896528239   -3.13793637864938   -5.75558641891486
  -0.99558024862677   -3.14799550314101   -5.77028104321744
  -0.99670676118063   -3.15155750274742   -5.77490069778645
  -0.99922366744999   -3.15951588644246   -5.78519757348265
  -1.00120660652840   -3.16578588156385   -5.79354460853331
  -1.00267308778579   -3.17042285222500   -5.79988726975964
  -1.00577138064679   -3.18021956324582   -5.81294722951827
  -1.00629484467478   -3.18187474112671   -5.81480563842738
  -1.00971051657530   -3.19267499534820   -5.82973800434725
  -1.01022465013895   -3.19430067057488   -5.83176310766294
  -1.01326974037542   -3.20392915645967   -5.84488207020057
  -1.01467558875400   -3.20837440773899   -5.85044227142726
  -1.01698571393395   -3.21567895570306   -5.85957095118733
  -1.01919792597460   -3.22267390519665   -5.86907495950879
  -1.02056851565332   -3.22700766950265   -5.87472708294892
  -1.02367536795006   -3.23683144520785   -5.88773974899247
  -1.02400780147602   -3.23788259025245   -5.88946834508158
  -1.02740635105991   -3.24862870421165   -5.90435268419316
  -1.02818152489369   -3.25107978110500   -5.90731926936604
  -1.03096840443912   -3.25989181236909   -5.91950087757385
  -1.03271814394503   -3.26542443729198   -5.92672744923198
  -1.03462018340118   -3.27143863018401   -5.93442682895641
  -1.03722090055475   -3.27966202143317   -5.94538740828514
  -1.03808132061010   -3.28238264437519   -5.94912871844953
  -1.04157607376439   -3.29343295119824   -5.96351430854316
  -1.04183449712671   -3.29425007827927   -5.96450332146750
  -1.04528922065041   -3.30517381258620   -5.97920295127859
  -1.04614923247205   -3.30789314470521   -5.98288920711636
  -1.04874250191381   -3.31609298650840   -5.99390095474350
  -1.05071800927493   -3.32233948275800   -6.00230253298421
  -1.05232516531881   -3.32742126296201   -6.00906522154497
  -1.05519860872874   -3.33650700662302   -6.02095631927846
  -1.05580125508470   -3.33841255669914   -6.02378482470768
  -1.05934484875175   -3.34961729578893   -6.03891931171077
  -1.05959346242693   -3.35040340492736   -6.03984785939001
  -1.06279864783314   -3.36053810703643   -6.05361970392093
  -1.06412357112083   -3.36472747555536   -6.05847233340015
  -1.06637754425031   -3.37185447238516   -6.06878488749702
  -1.06862348267876   -3.37895606372633   -6.07806515351370
  -1.07001571104449   -3.38335824892509   -6.08370723236134
  -1.07312401500898   -3.39318661476110   -6.09672700392689
  -1.07364213498664   -3.39482489491180   -6.09863799572520
  -1.07677831476455   -3.40474140325106   -6.11358037411099
  -1.07762128489557   -3.40740685004492   -6.11725624014435
  -1.07987928943918   -3.41454659408782   -6.12851908165498
  -1.08134303275710   -3.41917490746479   -6.14356142690071
  -1.08205969236847   -3.42144096410560   -6.15774120654271
  -1.08221998125459   -3.42194779285539   -6.15872621486200
  -1.08251143905219   -3.42286937385045   -6.17323951092319
  -1.08280118087574   -3.42378552898596   -6.18854232113223
  -1.08308806095313   -3.42469263536420   -6.20340563921165
  -1.08337752016889   -3.42560789690218   -6.21832245926112
  -1.08366700461621   -3.42652323822165   -6.23323970426330
  -1.08381892108682   -3.42700359363948   -6.24821416068453
  -1.08396558325070   -3.42746733509381   -6.26307345119460
  -1.08425514083110   -3.42838290765790   -6.27799197189991
  -1.08440719272360   -3.42886369127578   -6.29296955958119
  -1.08441634763672   -3.42889263884215   -6.30788751872012
  -1.08355666042757   -3.42617433313828   -6.32303582216041
  -1.08213065349252   -3.42166534109553   -6.33047069896657
  -1.08043626177899   -3.41630772426642   -6.33798895300659
  -1.07750602735574   -3.40704240908940   -6.34775934847554
  -1.07610613116942   -3.40261597846718   -6.35241296847656
  -1.07307457937942   -3.39303030075251   -6.36187829538687
  -1.07135259175682   -3.38758542646949   -6.36730821926274
  -1.06861622753636   -3.37893312317918   -6.37591066585172
  -1.06665637519346   -3.37273612763734   -6.38242610116820
  -1.06413609014868   -3.36476706035367   -6.38987038116946
  -1.06189625979033   -3.35768478255076   -6.39731680387989
  -1.05970767154144   -3.35076453079283   -6.40402408298691
  -1.05713512578702   -3.34263021668030   -6.41221152572658
  -1.05515909871622   -3.33638207712395   -6.41866906967480
  -1.05237565016472   -3.32758089456190   -6.42710082674457
  -1.05068009892936   -3.32221961135883   -6.43263419633336
  -1.04761593063180   -3.31253080120528   -6.44199156963886
  -1.04627081427101   -3.30827758278234   -6.44591535999039
  -1.04285582468647   -3.29747948602397   -6.45688405053514
  -1.04173591305381   -3.29393835833646   -6.46060775201954
  -1.03816621670253   -3.28265108332582   -6.47201000450361
  -1.03728221071647   -3.27985588236368   -6.47470060954300
  -1.03326511730455   -3.26715395098862   -6.48643734035038
  -1.03270516081761   -3.26538338502441   -6.48829930028469
  -1.02878545645251   -3.25298939495482   -6.50133317755179
  -1.02821320095170   -3.25117993987002   -6.50312700163695
  -1.02395484825677   -3.23771515372855   -6.51599444706883
  -1.02367486830879   -3.23682986535683   -6.51692548163305
  -1.01928879639811   -3.22296123480664   -6.53025958929565
  -1.01899504148476   -3.22203239039907   -6.53113375227839
  -1.01485515045070   -3.20894217654971   -6.54438625699819
  -1.01429519178374   -3.20717160369237   -6.54624842881085
  -1.01040498622443   -3.19487088798017   -6.55849523781689
  -1.00952922922836   -3.19210177008210   -6.56115205209676
  -1.00589748578969   -3.18061830400362   -6.57051479392977
  -1.00364706451471   -3.17350253803340   -6.57604022515034
  -1.00142125370868   -3.16646458964309   -6.58087854390977
  -0.99683554562733   -3.15196471538513   -6.58954004023113
  -0.99628376274023   -3.15021999410354   -6.59051951076137
  -0.99239831711019   -3.13793432914793   -6.59723780268209
  -0.98793529616158   -3.12382238800002   -6.60479158807936
  -0.98763040319005   -3.12285832537961   -6.60558545200581
  -0.98343139593565   -3.10958118777796   -6.61303838777654
  -0.97920001878615   -3.09620169751879   -6.62028754001782
  -0.97889181601218   -3.09522716940029   -6.62103193322660
  -0.97446455128723   -3.08122828838132   -6.62883976590243
  -0.97079365500475   -3.06962102216077   -6.63515998146418
  -0.96992500371540   -3.06687437229857   -6.63683372828486
  -0.96549739920698   -3.05287441689428   -6.64370879345116
  -0.96233100995319   -3.04286238707962   -6.64965954025563
  -0.96093153622340   -3.03843729225253   -6.65249524264703
  -0.95648521394859   -3.02437815182069   -6.66018184983057
  -0.95397213695580   -3.01643187618571   -6.66488107445492
  -0.95199159545388   -3.01016946213074   -6.66843971750850
  -0.94752076940279   -2.99603284147805   -6.67600334687174
  -0.94556458171331   -2.98984743346271   -6.67975209625861
  -0.94302499363031   -2.98181733053915   -6.68424392177802
  -0.93855738608924   -2.96769088672061   -6.69183221634509
  -0.93715652621384   -2.96326140894181   -6.69462261768406
  -0.93405845685047   -2.95346540461392   -6.70004893998179
  -0.92958323618349   -2.93931488831486   -6.70757268100582
  -0.92872284521574   -2.93659435734697   -6.70931470746211
  -0.92509198256747   -2.92511367630188   -6.71585477675148
  -0.92063838383702   -2.91103152793102   -6.72353478016971
  -0.92033667741436   -2.91007754108454   -6.72435853933198
  -0.91617007766635   -2.89690287506620   -6.73101389866892
  -0.91167194049976   -2.88267989746850   -6.73840911060032
  -0.91113323494293   -2.88097652632111   -6.73944647866739
  -0.90722763838059   -2.86862714470942   -6.74518122179445
  -0.90273348035735   -2.85441674904611   -6.74972409921258
  -0.89875020310915   -2.84182174338746   -6.75385417748773
  -0.89818007271820   -2.84001900783762   -6.75470332309245
  -0.89376458773594   -2.82605737401905   -6.75899868950707
  -0.88927986778161   -2.81187682125240   -6.76270301265083
  -0.88472572648586   -2.79747676024330   -6.76750838214031
  -0.88361367962044   -2.79396050071882   -6.76853300240035
  -0.88028093511151   -2.78342246047373   -6.77164794565086
  -0.87581996136409   -2.76931699251587   -6.77558215475265
  -0.87131174807192   -2.75506215450504   -6.77905780758269
  -0.86762816209308   -2.74341476383732   -6.78331637392288
  -0.86678739111038   -2.74075627068586   -6.78424442261763
  -0.86234042165021   -2.72669508387289   -6.78822531026653
  -0.85785881880386   -2.71252438731013   -6.79204019614837
  -0.85337431037197   -2.69834450337123   -6.79667078398029
  -0.85168671808357   -2.69300838612469   -6.79846141057977
  -0.84888759256001   -2.68415763343744   -6.80120823905162
  -0.84436640938128   -2.66986178502630   -6.80553174268157
  -0.83988591700806   -2.65569459974695   -6.81039044722712
  -0.83792441529828   -2.64949238895548   -6.81317862091300
  -0.83513020685300   -2.64065718392532   -6.82583632734399
  -0.83457961261147   -2.63891622110614   -6.82772397851349
      
      
