# shadow point cont 2D ind 211  size 1163
# norm -0.0862864 -0.9962704  0.0000000
# angle  1.6571901
   3.49977909  -6.84113616
   3.50158389  -6.84135869
   3.51579282  -6.83829251
   3.53066908  -6.83459366
   3.54541048  -6.83054215
   3.54910659  -6.82894643
   3.56018840  -6.82504377
   3.57529069  -6.82069847
   3.58997772  -6.81574568
   3.59460019  -6.81396768
   3.60480782  -6.81021294
   3.61991089  -6.80587142
   3.63478551  -6.80124040
   3.64112144  -6.79924843
   3.64943131  -6.79631654
   3.66464164  -6.79148534
   3.67935357  -6.78649115
   3.68487160  -6.78457520
   3.69420475  -6.78096726
   3.70926451  -6.77666085
   3.72384483  -6.77219212
   3.73136272  -6.76958661
   3.73886548  -6.76701794
   3.75374150  -6.76238811
   3.76855937  -6.75763785
   3.77687753  -6.75463348
   3.78349125  -6.75219581
   3.79836775  -6.74756640
   3.81307066  -6.74269937
   3.81772261  -6.74014181
   3.82803712  -6.73475557
   3.84235406  -6.72774900
   3.84631594  -6.72485431
   3.85758651  -6.71859356
   3.87161272  -6.71052038
   3.87262691  -6.70974067
   3.88729825  -6.70195046
   3.89833666  -6.69538449
   3.90214771  -6.69274605
   3.91705454  -6.68515347
   3.92535345  -6.68045407
   3.93210048  -6.67626641
   3.94655121  -6.66833545
   3.95127530  -6.66547799
   3.96163349  -6.65922016
   3.97634032  -6.65152171
   3.97731517  -6.65067315
   3.99136957  -6.64250246
   4.00323697  -6.63588151
   4.00600210  -6.63399146
   4.02132538  -6.62602031
   4.02952402  -6.62131047
   4.03596482  -6.61749122
   4.05081258  -6.60902984
   4.05552667  -6.60634900
   4.06590870  -6.60013351
   4.08035547  -6.59215875
   4.08135231  -6.59133142
   4.09544726  -6.58306337
   4.10730771  -6.57632177
   4.11010384  -6.57447740
   4.12475658  -6.56352608
   4.12743230  -6.56155603
   4.13964486  -6.54953163
   4.14239679  -6.54678189
   4.15446470  -6.53468749
   4.15724961  -6.53189651
   4.16954938  -6.52085905
   4.17322497  -6.51725291
   4.18416519  -6.50590316
   4.18788646  -6.50212917
   4.19902626  -6.49096594
   4.20353977  -6.48711664
   4.21374874  -6.47688136
   4.21838922  -6.47222899
   4.22859828  -6.46199397
   4.23328243  -6.45731538
   4.24346859  -6.44798583
   4.24901942  -6.44245714
   4.25844215  -6.43236464
   4.26319278  -6.42771366
   4.27349363  -6.41851368
   4.27899280  -6.41305032
   4.28797917  -6.40348887
   4.29451417  -6.39767242
   4.30297853  -6.38942656
   4.30950701  -6.38307215
   4.31786233  -6.37470134
   4.32436095  -6.36819076
   4.33294726  -6.35912109
   4.33895565  -6.35332525
   4.34720796  -6.34301575
   4.34985754  -6.33859267
   4.35378937  -6.32426971
   4.35416954  -6.30945127
   4.35368818  -6.29448957
   4.35316478  -6.27960197
   4.35266455  -6.26470876
   4.35171623  -6.24971832
   4.35167968  -6.23479687
   4.35164321  -6.21987581
   4.35109599  -6.20524056
   4.35027147  -6.18988278
   4.35101845  -6.17539176
   4.34924449  -6.16052999
   4.34656987  -6.15116171
   4.34494694  -6.14564101
   4.33696869  -6.13065727
   4.33237528  -6.12407590
   4.32607302  -6.11551853
   4.31762719  -6.10432220
   4.31486030  -6.10058321
   4.30395330  -6.08602325
   4.30227582  -6.08407842
   4.29213709  -6.07085763
   4.28769008  -6.06512879
   4.28031173  -6.05571145
   4.27266466  -6.04560570
   4.26879720  -6.04096777
   4.25788258  -6.02679942
   4.25697519  -6.02579981
   4.24667211  -6.01091954
   4.24285038  -6.00628553
   4.23454594  -5.99593761
   4.22790000  -5.98761351
   4.22304894  -5.98119032
   4.21296013  -5.96799694
   4.21122387  -5.96601389
   4.20091384  -5.95113371
   4.19824774  -5.94820025
   4.18807953  -5.93595283
   4.18313135  -5.92965423
   4.17666662  -5.92119786
   4.16800856  -5.90923390
   4.16547048  -5.90624608
   4.15490461  -5.89154839
   4.15314399  -5.88959437
   4.14275712  -5.87656368
   4.13830240  -5.87083368
   4.13092924  -5.86142170
   4.12327442  -5.85131785
   4.11880927  -5.84646830
   4.10848878  -5.83251968
   4.10759558  -5.83153875
   4.09702120  -5.81674790
   4.09341811  -5.81208299
   4.08489222  -5.80185999
   4.07830794  -5.79260520
   4.07369497  -5.78693847
   4.06360398  -5.77374933
   4.06249384  -5.77198990
   4.05154634  -5.75689145
   4.04889837  -5.75396233
   4.03945291  -5.74191617
   4.03372262  -5.73455448
   4.02732895  -5.72697397
   4.01890292  -5.71579308
   4.01551410  -5.71180757
   4.00492358  -5.69710888
   4.00404364  -5.69613236
   3.99283695  -5.68214947
   3.98920971  -5.67739401
   3.98158674  -5.66724562
   3.97381987  -5.65721576
   3.97012175  -5.65250309
   3.95916270  -5.63833582
   3.95829155  -5.63735945
   3.94774644  -5.62258911
   3.94434263  -5.61864567
   3.93499791  -5.60748208
   3.92947017  -5.59994460
   3.92378210  -5.59255875
   3.91414389  -5.57977188
   3.91228319  -5.57785017
   3.90108790  -5.56292371
   3.89914713  -5.56018051
   3.88989379  -5.54799401
   3.88452202  -5.54129397
   3.87805785  -5.53284411
   3.86986339  -5.52244539
   3.86621892  -5.51768928
   3.85565917  -5.50299231
   3.85455004  -5.50126918
   3.84359157  -5.48804486
   3.83972941  -5.48252888
   3.83232842  -5.47314241
   3.82479938  -5.46387565
   3.82024457  -5.45819882
   3.80966970  -5.44447701
   3.80876344  -5.44348278
   3.79777737  -5.42838604
   3.79493131  -5.42471311
   3.78638573  -5.41362863
   3.78001071  -5.40512388
   3.77456064  -5.39849393
   3.76509075  -5.38553557
   3.76338864  -5.38356649
   3.75235461  -5.36846570
   3.75032965  -5.36580581
   3.74005226  -5.35372471
   3.73531517  -5.34725227
   3.72814527  -5.33858707
   3.72039953  -5.32859805
   3.71673641  -5.32388102
   3.70575849  -5.30971171
   3.70487926  -5.30873614
   3.69413150  -5.29421902
   3.69052142  -5.28945828
   3.68226926  -5.27911202
   3.67561509  -5.26986889
   3.67106476  -5.26419545
   3.66072098  -5.25025369
   3.65982473  -5.24929021
   3.64809311  -5.23478639
   3.64559425  -5.23178491
   3.63655141  -5.21944287
   3.63082323  -5.21208941
   3.62448706  -5.20451503
   3.61612195  -5.19326343
   3.61328410  -5.18960013
   3.60209037  -5.17468483
   3.60123325  -5.17369648
   3.59090575  -5.15976874
   3.58606520  -5.15336601
   3.57942420  -5.14507581
   3.57110738  -5.13475507
   3.56732679  -5.13015037
   3.55662013  -5.11577404
   3.55574123  -5.11479892
   3.54447037  -5.10011496
   3.54161929  -5.09628404
   3.53308351  -5.08520038
   3.52660469  -5.07682286
   3.52131417  -5.07005527
   3.51157125  -5.05726246
   3.50987259  -5.05536280
   3.49885066  -5.04027618
   3.49687309  -5.03757110
   3.48744222  -5.02554551
   3.48194415  -5.01893975
   3.47534426  -5.01063092
   3.46699174  -5.00032107
   3.46327310  -4.99571543
   3.45270238  -4.98103099
   3.45184558  -4.98004308
   3.44094487  -4.96589579
   3.43718981  -4.96117534
   3.42942604  -4.95120623
   3.42214452  -4.94174593
   3.41763989  -4.93607660
   3.40727922  -4.92215758
   3.40642252  -4.92116980
   3.39515506  -4.90631049
   3.39230369  -4.90262888
   3.38380166  -4.89156869
   3.37762766  -4.88381255
   3.37197344  -4.87644613
   3.36272392  -4.86424745
   3.36082405  -4.86154000
   3.34979582  -4.84645659
   3.34804730  -4.84450219
   3.33774580  -4.83150457
   3.33289413  -4.82512900
   3.32566065  -4.81659838
   3.31794394  -4.80651773
   3.31423987  -4.80191722
   3.30366992  -4.78723786
   3.30281344  -4.78625039
   3.29192493  -4.77211183
   3.28825836  -4.76735013
   3.28005480  -4.75698362
   3.27321738  -4.74784441
   3.26858249  -4.74230383
   3.25797253  -4.72861855
   3.25714040  -4.72761920
   3.24613986  -4.71254763
   3.24351772  -4.70961689
   3.23409292  -4.69759995
   3.22850533  -4.69018781
   3.22227285  -4.68247178
   3.21367660  -4.67144915
   3.21086659  -4.66779612
   3.19968038  -4.65289656
   3.19859967  -4.65114610
   3.18833517  -4.63802346
   3.18374843  -4.63247897
   3.17640597  -4.62309745
   3.16888297  -4.61291085
   3.16521842  -4.60819947
   3.15439643  -4.59374795
   3.15354025  -4.59276089
   3.14218599  -4.57844407
   3.13916174  -4.57461841
   3.12917504  -4.56327842
   3.12438644  -4.55845224
   3.11386350  -4.54862684
   3.10921105  -4.54397019
   3.09796072  -4.53362697
   3.09432509  -4.52999927
   3.08144921  -4.51858783
   3.07953067  -4.51679096
   3.06544250  -4.50393378
   3.06449661  -4.50301907
   3.04985695  -4.48971515
   3.04819628  -4.48856929
   3.03494855  -4.47654044
   3.03207414  -4.47393112
   3.02013995  -4.46363975
   3.01548832  -4.45898405
   3.00531809  -4.44947984
   2.99884672  -4.44388026
   2.99024307  -4.43575948
   2.98279629  -4.42922263
   2.97525838  -4.42196858
   2.96695849  -4.41433366
   2.96060982  -4.40869988
   2.95036322  -4.39922303
   2.94563727  -4.39476972
   2.93360618  -4.38447165
   2.93076922  -4.38172831
   2.91773411  -4.36959258
   2.91581615  -4.36779637
   2.90173599  -4.35494370
   2.90079039  -4.35402932
   2.88634136  -4.34138045
   2.88440342  -4.33960911
   2.87132879  -4.32769837
   2.86845705  -4.32492444
   2.85647246  -4.31448323
   2.85170141  -4.31003387
   2.84141733  -4.30076561
   2.83575923  -4.29534854
   2.82678829  -4.28746434
   2.81925427  -4.28022241
   2.81193054  -4.27349082
   2.80344613  -4.26532970
   2.79695564  -4.25956331
   2.78644331  -4.25052356
   2.78182806  -4.24601490
   2.77065005  -4.23575716
   2.76710164  -4.23278247
   2.75406644  -4.22065123
   2.75214903  -4.21885566
   2.73807669  -4.20600736
   2.73713136  -4.20509329
   2.72243831  -4.19180103
   2.72074981  -4.19067166
   2.70768208  -4.17877176
   2.70480600  -4.17599876
   2.69311174  -4.16543940
   2.68830712  -4.16084365
   2.67798948  -4.15157801
   2.67223645  -4.14622841
   2.66291437  -4.13788215
   2.65562204  -4.13131243
   2.64817354  -4.12462326
   2.63866805  -4.11648608
   2.63307962  -4.11107334
   2.62308663  -4.10153682
   2.61862335  -4.09754350
   2.60631498  -4.08663033
   2.60347965  -4.08388889
   2.59044423  -4.07176198
   2.58852735  -4.06996702
   2.57446262  -4.05712295
   2.57351755  -4.05620920
   2.55920744  -4.04350805
   2.55729671  -4.04170297
   2.54395631  -4.02976355
   2.54119978  -4.02712465
   2.52923755  -4.01665927
   2.52445108  -4.01224455
   2.51433917  -4.00291848
   2.50775434  -3.99717941
   2.49946980  -3.98989457
   2.49118369  -3.98220957
   2.48447622  -3.97598557
   2.47434479  -3.96738062
   2.46969917  -3.96365857
   2.45563693  -3.95249193
   2.45463321  -3.95166956
   2.43971696  -3.94070981
   2.43606856  -3.93785374
   2.42491927  -3.92933161
   2.41657558  -3.92296259
   2.41021143  -3.91807980
   2.39799691  -3.90797363
   2.39527307  -3.90602879
   2.38042684  -3.89496751
   2.37849765  -3.89319077
   2.36581361  -3.88326945
   2.35910020  -3.87808256
   2.35068154  -3.87160499
   2.34028074  -3.86347446
   2.33575565  -3.85973350
   2.32185337  -3.84828922
   2.32083425  -3.84748971
   2.30660495  -3.83695606
   2.30171021  -3.83311430
   2.29112642  -3.82515729
   2.28279111  -3.81878877
   2.27633239  -3.81395098
   2.26404196  -3.80409327
   2.26135492  -3.80211083
   2.24693285  -3.79125983
   2.24390024  -3.78878855
   2.23201519  -3.77938914
   2.22534224  -3.77389611
   2.21692247  -3.76742108
   2.20650597  -3.75931599
   2.20180558  -3.75567080
   2.18738400  -3.74494644
   2.18638372  -3.74410560
   2.17245262  -3.73294526
   2.16764759  -3.72931999
   2.15759390  -3.72178441
   2.14838055  -3.71430731
   2.14270259  -3.70971202
   2.13038777  -3.69965178
   2.12762238  -3.69776191
   2.11284172  -3.68662181
   2.11086166  -3.68492109
   2.09828771  -3.67522399
   2.09096180  -3.66937284
   2.08354663  -3.66371426
   2.07213929  -3.65495216
   2.06859484  -3.65196697
   2.05403483  -3.64001352
   2.05299088  -3.63925100
   2.03873048  -3.62879225
   2.03391933  -3.62517026
   2.02387433  -3.61763400
   2.01466568  -3.61015775
   2.00898432  -3.60556473
   1.99596733  -3.59517151
   1.99424262  -3.59404983
   1.97948458  -3.58294636
   1.97644827  -3.58048249
   1.96458365  -3.57108285
   1.95693089  -3.56543000
   1.94952300  -3.56002847
   1.93723729  -3.55088458
   1.93447291  -3.54899482
   1.92007104  -3.53969552
   1.91311565  -3.53566507
   1.90471640  -3.53043414
   1.89081148  -3.52102327
   1.88976302  -3.52028515
   1.87523828  -3.51139326
   1.86675747  -3.50601578
   1.86005667  -3.50169043
   1.84526912  -3.49223667
   1.84347671  -3.49120035
   1.83071191  -3.48348179
   1.82011266  -3.47665003
   1.81565127  -3.47368496
   1.80100144  -3.46390993
   1.79638663  -3.46107822
   1.78609766  -3.45469780
   1.77304454  -3.44644975
   1.77094227  -3.44498280
   1.75653807  -3.43602203
   1.74972270  -3.43170403
   1.74139661  -3.42690975
   1.72660543  -3.41777702
   1.72556474  -3.41701585
   1.71198719  -3.40813409
   1.70230032  -3.40203307
   1.69684452  -3.39838895
   1.68197099  -3.38886233
   1.67909580  -3.38716178
   1.66709222  -3.37983644
   1.65601227  -3.37222124
   1.65246923  -3.37009208
   1.63772368  -3.36049284
   1.63198682  -3.35706292
   1.62282211  -3.35147295
   1.60863850  -3.34254626
   1.60758790  -3.34181243
   1.59333045  -3.33278030
   1.58455540  -3.32741016
   1.57789012  -3.32322567
   1.56310479  -3.31377394
   1.56131402  -3.31273613
   1.54856145  -3.30501474
   1.53468242  -3.29826935
   1.53277151  -3.29755850
   1.51774577  -3.29483975
   1.50284738  -3.29363444
   1.48800614  -3.29362698
   1.47316500  -3.29361959
   1.45832395  -3.29361227
   1.44348299  -3.29360504
   1.42866877  -3.29340152
   1.41377064  -3.29332681
   1.39896069  -3.29358376
   1.38414722  -3.29338037
   1.36927990  -3.29310600
   1.35443949  -3.29309921
   1.33959917  -3.29309249
   1.32475894  -3.29308584
   1.30991880  -3.29307927
   1.29507745  -3.29260876
   1.28023748  -3.29260234
   1.26539887  -3.29306000
   1.25055779  -3.29258971
   1.23571808  -3.29258351
   1.22087844  -3.29257738
   1.20603888  -3.29257133
   1.19122856  -3.29236851
   1.17632680  -3.29229628
   1.16152068  -3.29255361
   1.14668143  -3.29254786
   1.13184226  -3.29254217
   1.11703311  -3.29233961
   1.10216440  -3.29206709
   1.08732545  -3.29206163
   1.07248657  -3.29205624
   1.05764777  -3.29205093
   1.04280903  -3.29204569
   1.02797037  -3.29204053
   1.01313177  -3.29203544
   0.99829324  -3.29203042
   0.98345478  -3.29202548
   0.96861524  -3.29155662
   0.95377805  -3.29201581
   0.93893978  -3.29201109
   0.92410046  -3.29154246
   0.90926344  -3.29200187
   0.89442425  -3.29153339
   0.87958624  -3.29152897
   0.86474829  -3.29152462
   0.84991039  -3.29152034
   0.83507256  -3.29151614
   0.82023478  -3.29151201
   0.80543024  -3.29131058
   0.79052221  -3.29124185
   0.77575527  -3.29130267
   0.76088441  -3.29103231
   0.74604690  -3.29102855
   0.73120945  -3.29102486
   0.71633391  -3.29122322
   0.70156875  -3.29128419
   0.68669738  -3.29101426
   0.67186012  -3.29101087
   0.65705662  -3.29034605
   0.64218492  -3.29007641
   0.62730878  -3.29027543
   0.61251057  -3.29053409
   0.59767452  -3.29099504
   0.58283753  -3.29099210
   0.56799962  -3.29052526
   0.55316368  -3.29098643
   0.53832586  -3.29051974
   0.52348904  -3.29051710
   0.50868850  -3.29031691
   0.49381567  -3.29004809
   0.47897896  -3.29004567
   0.46410161  -3.29024577
   0.44934234  -3.29030734
   0.43446904  -3.29003883
   0.41963247  -3.29003670
   0.40479593  -3.29003465
   0.38995942  -3.29003267
   0.37512294  -3.29003076
   0.36028649  -3.29002892
   0.34545007  -3.29002716
   0.33061368  -3.29002548
   0.31577731  -3.29002387
   0.30094097  -3.29002233
   0.28610466  -3.29002086
   0.27126836  -3.29001947
   0.25649980  -3.28982231
   0.24152413  -3.28975755
   0.22675962  -3.29001575
   0.21196188  -3.28935302
   0.19708655  -3.28908575
   0.18225038  -3.28908480
   0.16741424  -3.28908393
   0.15257811  -3.28908313
   0.13774200  -3.28908241
   0.12290591  -3.28908176
   0.10806982  -3.28908118
   0.09323376  -3.28908068
   0.07839770  -3.28908025
   0.06356165  -3.28907990
   0.04872562  -3.28907962
   0.03388960  -3.28907941
   0.01905358  -3.28907928
   0.00421757  -3.28907922
  -0.01054801  -3.28888344
  -0.02552887  -3.28882024
  -0.04024928  -3.28841793
  -0.05512632  -3.28857794
  -0.07000906  -3.28835526
  -0.08472718  -3.28888467
  -0.09963493  -3.28815299
  -0.11447024  -3.28857449
  -0.12930688  -3.28815413
  -0.14414285  -3.28815481
  -0.15897882  -3.28815557
  -0.17381480  -3.28815640
  -0.18865078  -3.28815730
  -0.20348676  -3.28815827
  -0.21832276  -3.28815932
  -0.23315875  -3.28816045
  -0.24799476  -3.28816165
  -0.26275779  -3.28796729
  -0.27766675  -3.28764306
  -0.29250279  -3.28764317
  -0.30733941  -3.28723929
  -0.32217546  -3.28724086
  -0.33706030  -3.28744573
  -0.35180264  -3.28751081
  -0.36668368  -3.28724600
  -0.38151925  -3.28764532
  -0.39635591  -3.28724980
  -0.41119205  -3.28725181
  -0.42602820  -3.28725390
  -0.44086438  -3.28725606
  -0.45570057  -3.28725829
  -0.47053679  -3.28726059
  -0.48537352  -3.28679904
  -0.50020929  -3.28726543
  -0.51504605  -3.28680402
  -0.52980620  -3.28707524
  -0.54476958  -3.28654858
  -0.55950795  -3.28661496
  -0.57439142  -3.28635091
  -0.58922782  -3.28635381
  -0.60406426  -3.28635678
  -0.61890073  -3.28635982
  -0.63373722  -3.28636294
  -0.64857375  -3.28636613
  -0.66341031  -3.28636940
  -0.67824691  -3.28637274
  -0.69308353  -3.28637615
  -0.70792020  -3.28637964
  -0.72275690  -3.28638320
  -0.73759363  -3.28638684
  -0.75243078  -3.28592662
  -0.76726721  -3.28639433
  -0.78210407  -3.28639819
  -0.79684442  -3.28537055
  -0.81177834  -3.28490826
  -0.82661532  -3.28491094
  -0.84145203  -3.28508589
  -0.85628939  -3.28491651
  -0.87112650  -3.28491940
  -0.88596365  -3.28492237
  -0.90080084  -3.28492540
  -0.91563809  -3.28492851
  -0.93047538  -3.28493169
  -0.94531272  -3.28493494
  -0.96015011  -3.28493826
  -0.97498755  -3.28494165
  -0.98982505  -3.28494512
  -1.00466260  -3.28494865
  -1.01950043  -3.28461410
  -1.03433785  -3.28495593
  -1.04917556  -3.28495968
  -1.06401333  -3.28496350
  -1.07885136  -3.28463499
  -1.09368923  -3.28464039
  -1.10852717  -3.28464587
  -1.12328343  -3.28445727
  -1.13820335  -3.28405570
  -1.15304147  -3.28405994
  -1.16787965  -3.28406426
  -1.18271789  -3.28406864
  -1.19755621  -3.28407310
  -1.21239458  -3.28407763
  -1.22723302  -3.28408223
  -1.24207153  -3.28408690
  -1.25691011  -3.28409164
  -1.27174876  -3.28409645
  -1.28658747  -3.28410134
  -1.30160081  -3.28481921
  -1.31624903  -3.28777229
  -1.33101328  -3.29351023
  -1.34542378  -3.29965797
  -1.34642257  -3.30047909
  -1.36049376  -3.30959451
  -1.36983665  -3.31501401
  -1.37545365  -3.31864414
  -1.39019813  -3.32720375
  -1.39475890  -3.32999608
  -1.40522499  -3.33707772
  -1.41905343  -3.34461594
  -1.42005228  -3.34543714
  -1.43489257  -3.35473988
  -1.44371993  -3.35977994
  -1.44954717  -3.36342919
  -1.46459532  -3.37234631
  -1.46742148  -3.37412517
  -1.47942639  -3.38164775
  -1.49325816  -3.38918622
  -1.49425708  -3.39000749
  -1.50909589  -3.39931169
  -1.51723706  -3.40411975
  -1.52375110  -3.40800198
  -1.53879997  -3.41692011
  -1.54163017  -3.41869838
  -1.55363210  -3.42622246
  -1.56652902  -3.43376948
  -1.56830084  -3.43481889
  -1.58302312  -3.44353248
  -1.59164996  -3.44854801
  -1.59827878  -3.45295581
  -1.61291284  -3.46164850
  -1.61572189  -3.46346417
  -1.62784228  -3.47080194
  -1.64077278  -3.47832106
  -1.64278742  -3.47991923
  -1.65745525  -3.48856366
  -1.66565853  -3.49341545
  -1.67237060  -3.49773754
  -1.68712826  -3.50623141
  -1.68993749  -3.50804727
  -1.70205709  -3.51538628
  -1.71418943  -3.52269832
  -1.71700452  -3.52450419
  -1.73159974  -3.53324962
  -1.73889639  -3.53803578
  -1.74638999  -3.54267709
  -1.76142089  -3.55163404
  -1.76317664  -3.55268346
  -1.77616803  -3.56199978
  -1.78513814  -3.56782038
  -1.79094849  -3.57230014
  -1.80510259  -3.58218870
  -1.80607184  -3.58306680
  -1.82071288  -3.59356845
  -1.82626438  -3.59727383
  -1.83570230  -3.60449517
  -1.84686027  -3.61190712
  -1.85053979  -3.61473469
  -1.86513919  -3.62529319
  -1.86785334  -3.62721827
  -1.88008798  -3.63631167
  -1.88837521  -3.64190004
  -1.89516753  -3.64709055
  -1.90903211  -3.65650291
  -1.91000148  -3.65738115
  -1.92454828  -3.66800223
  -1.93009188  -3.67176643
  -1.93963034  -3.67881366
  -1.94986556  -3.68621575
  -1.95457940  -3.68983112
  -1.96929099  -3.70023604
  -1.97103512  -3.70131461
  -1.98395104  -3.71072632
  -1.99226745  -3.71636277
  -1.99902296  -3.72155215
  -2.01204434  -3.73081637
  -2.01378908  -3.73189434
  -2.02848655  -3.74233128
  -2.03320141  -3.74592670
  -2.04364563  -3.75393783
  -2.05311390  -3.76035967
  -2.05852236  -3.76416365
  -2.07323489  -3.77457049
  -2.07498156  -3.77564889
  -2.08789575  -3.78506274
  -2.09542689  -3.79048566
  -2.10288873  -3.79601110
  -2.11661815  -3.80558001
  -2.11761319  -3.80641259
  -2.13265490  -3.81729021
  -2.13715701  -3.82026853
  -2.14759467  -3.82828250
  -2.15707718  -3.83470424
  -2.16247734  -3.83850908
  -2.17703388  -3.84912478
  -2.17802799  -3.84997452
  -2.19207003  -3.86002704
  -2.19938367  -3.86483631
  -2.20684962  -3.87036204
  -2.21978623  -3.87973592
  -2.22174647  -3.88145979
  -2.23644285  -3.89189822
  -2.24021918  -3.89459331
  -2.25142942  -3.90286326
  -2.26058929  -3.90952570
  -2.26626191  -3.91404792
  -2.27918657  -3.92436873
  -2.28111393  -3.92614408
  -2.29586273  -3.93835302
  -2.29681760  -3.93925025
  -2.31089331  -3.95209204
  -2.31353491  -3.95411566
  -2.32559392  -3.96435308
  -2.33118834  -3.96897123
  -2.34062832  -3.97715763
  -2.34810216  -3.98364876
  -2.35538659  -3.99029332
  -2.36532749  -3.99900009
  -2.37002565  -4.00264438
  -2.38244457  -4.01336878
  -2.38533603  -4.01603231
  -2.39934769  -4.02801130
  -2.40032531  -4.02892346
  -2.41466144  -4.04066105
  -2.41753371  -4.04335097
  -2.42971853  -4.05438240
  -2.43499263  -4.05844510
  -2.44441511  -4.06664861
  -2.45191457  -4.07305128
  -2.45954314  -4.07933258
  -2.46973873  -4.08774408
  -2.47453560  -4.09221535
  -2.48645235  -4.10261589
  -2.48911505  -4.10462156
  -2.50386706  -4.11683548
  -2.50482755  -4.11773268
  -2.51867517  -4.12991355
  -2.52154788  -4.13260399
  -2.53360583  -4.14284595
  -2.53918334  -4.14750372
  -2.54850529  -4.15581081
  -2.55613478  -4.16214892
  -2.56356113  -4.16859317
  -2.57377019  -4.17701457
  -2.57855812  -4.18147832
  -2.59049617  -4.19189823
  -2.59313896  -4.19388715
  -2.60738312  -4.20652962
  -2.60836640  -4.20744172
  -2.62293527  -4.21985035
  -2.62557800  -4.22187522
  -2.63753739  -4.23223841
  -2.64230059  -4.23674667
  -2.65269470  -4.24584112
  -2.65921493  -4.25140071
  -2.66730440  -4.25823312
  -2.67736237  -4.26677182
  -2.68230200  -4.27106775
  -2.69454932  -4.28118918
  -2.69740857  -4.28382988
  -2.71127287  -4.29607087
  -2.71220370  -4.29696310
  -2.72666961  -4.30857253
  -2.72962464  -4.31116514
  -2.74168172  -4.32141190
  -2.74653421  -4.32580958
  -2.75674461  -4.33513620
  -2.76400011  -4.34095437
  -2.77148701  -4.34734503
  -2.78118941  -4.35537433
  -2.78665251  -4.36006017
  -2.79861198  -4.37049173
  -2.80143467  -4.37321189
  -2.81528359  -4.38534584
  -2.81625993  -4.38622801
  -2.83104480  -4.39844847
  -2.83296091  -4.40024322
  -2.84588506  -4.41151454
  -2.85041308  -4.41535235
  -2.86081174  -4.42445060
  -2.86733413  -4.43001260
  -2.87555244  -4.43666285
  -2.88596336  -4.44492620
  -2.89043751  -4.44880301
  -2.90245370  -4.46002042
  -2.90534022  -4.46269687
  -2.91935870  -4.47467159
  -2.92035090  -4.47563227
  -2.93406598  -4.48984622
  -2.93495736  -4.49080938
  -2.94637979  -4.50447105
  -2.95012232  -4.51020518
  -2.95638427  -4.51962204
  -2.96457370  -4.53093697
  -2.96726522  -4.53472829
  -2.97805705  -4.54916025
  -2.97975376  -4.55119236
  -2.98893154  -4.56434627
  -2.99451774  -4.57266116
  -2.99916735  -4.57916424
  -3.00947255  -4.59306246
  -3.01033054  -4.59406929
  -3.02056276  -4.60894780
  -3.02410588  -4.61372175
  -3.03078968  -4.62380502
  -3.03898894  -4.63512488
  -3.04165756  -4.63892523
  -3.05219121  -4.65360319
  -3.05407164  -4.65638057
  -3.06239629  -4.66842182
  -3.06877479  -4.67698101
  -3.07330844  -4.68356189
  -3.08361683  -4.69748110
  -3.08444589  -4.69847327
  -3.09425390  -4.71284955
  -3.09874708  -4.71870624
  -3.10522247  -4.72804397
  -3.11356243  -4.74015289
  -3.11544925  -4.74290931
  -3.12662029  -4.75781555
  -3.12850108  -4.76059351
  -3.13685828  -4.77271022
  -3.14332082  -4.78204211
  -3.14709051  -4.78758980
  -3.15758134  -4.80221719
  -3.15847354  -4.80323886
  -3.16867649  -4.81707209
  -3.17340270  -4.82371306
  -3.17904583  -4.83204809
  -3.18800275  -4.84438340
  -3.18988740  -4.84713963
  -3.20042128  -4.86180807
  -3.20316256  -4.86560936
  -3.21068736  -4.87672373
  -3.21798555  -4.88706110
  -3.22153746  -4.89183053
  -3.23177797  -4.90672708
  -3.23260982  -4.90772610
  -3.24264952  -4.92178105
  -3.24763193  -4.92902464
  -3.25317950  -4.93650735
  -3.26238963  -4.94962662
  -3.26404468  -4.95161162
  -3.27398897  -4.96609676
  -3.27752398  -4.97086504
  -3.28482937  -4.98119622
  -3.29217680  -4.99152064
  -3.29507340  -4.99609744
  -3.30624698  -5.01100063
  -3.30729226  -5.01277434
  -3.31648330  -5.02589071
  -3.32196640  -5.03341842
  -3.32672944  -5.04079477
  -3.33707682  -5.05469083
  -3.33790030  -5.05569389
  -3.34828357  -5.07027644
  -3.35199790  -5.07514649
  -3.35869373  -5.08526637
  -3.36687016  -5.09659435
  -3.36955609  -5.10039099
  -3.38004311  -5.11502208
  -3.38196465  -5.11791704
  -3.39005363  -5.13020620
  -3.39676550  -5.13932987
  -3.40120049  -5.14507584
  -3.41126101  -5.15920977
  -3.41206393  -5.16018170
  -3.42275748  -5.17457795
  -3.42662027  -5.18034406
  -3.43288920  -5.18981470
  -3.44129776  -5.20189932
  -3.44313058  -5.20471260
  -3.45363454  -5.21935167
  -3.45638877  -5.22315943
  -3.46453350  -5.23450084
  -3.47111529  -5.24380303
  -3.47538718  -5.24960108
  -3.48532227  -5.26407960
  -3.48616022  -5.26506237
  -3.49631764  -5.27890192
  -3.50089547  -5.28477931
  -3.50737634  -5.29412251
  -3.51580906  -5.30623511
  -3.51764230  -5.30904904
  -3.52814260  -5.32368938
  -3.53090065  -5.32749911
  -3.53843257  -5.33862462
  -3.54563274  -5.34814859
  -3.54989856  -5.35394559
  -3.55983909  -5.36842850
  -3.56067623  -5.36941118
  -3.57035880  -5.38311882
  -3.57588951  -5.39067159
  -3.58128472  -5.39826051
  -3.59046760  -5.41138782
  -3.59152466  -5.41316355
  -3.60179840  -5.42809084
  -3.60533183  -5.43286218
  -3.61264745  -5.44320879
  -3.62014680  -5.45338131
  -3.62316580  -5.45787301
  -3.63408723  -5.47304182
  -3.63512841  -5.47481492
  -3.64432830  -5.48794491
  -3.64993706  -5.49535435
  -3.65485909  -5.50261772
  -3.66494640  -5.51677713
  -3.66577062  -5.51778127
  -3.67634375  -5.53248042
  -3.67987687  -5.53725250
  -3.68719415  -5.54760166
  -3.69476856  -5.55872481
  -3.69745711  -5.56252547
  -3.70804214  -5.57721893
  -3.70968026  -5.57921561
  -3.71827931  -5.59212191
  -3.72471273  -5.60052781
  -3.72942182  -5.60701807
  -3.73932343  -5.62162007
  -3.74008212  -5.62266833
  -3.75093441  -5.63687712
  -3.75470435  -5.64241826
  -3.76117206  -5.65178181
  -3.76933529  -5.66314694
  -3.77202447  -5.66694856
  -3.78250435  -5.68157321
  -3.78451663  -5.68439070
  -3.79288070  -5.69653121
  -3.79903246  -5.70515914
  -3.80369375  -5.71168701
  -3.81346966  -5.72640016
  -3.81415351  -5.72735660
  -3.82463325  -5.74085472
  -3.82919551  -5.74699687
  -3.83544681  -5.75649598
  -3.84386252  -5.76859506
  -3.84569769  -5.77141204
  -3.85663323  -5.78563945
  -3.85944376  -5.78964430
  -3.86664314  -5.80100036
  -3.87371502  -5.81055416
  -3.87739888  -5.81618062
  -3.88799628  -5.83079471
  -3.88879289  -5.83182483
  -3.89859143  -5.84544786
  -3.90379468  -5.85232352
  -3.90948596  -5.86065354
  -3.91873758  -5.87383155
  -3.92030197  -5.87588958
  -3.93041994  -5.89010972
  -3.93396740  -5.89501228
  -3.94079416  -5.90506985
  -3.94844481  -5.91583992
  -3.95197664  -5.92064330
  -3.96249313  -5.93521990
  -3.96382135  -5.93709641
  -3.97254655  -5.95053760
  -3.97810683  -5.95791671
  -3.98366263  -5.96541200
  -3.99310486  -5.97834404
  -3.99428831  -5.98001525
  -4.00469995  -5.99499565
  -4.00812688  -5.99984048
  -4.01494058  -6.00991090
  -4.02325665  -6.02107752
  -4.02605625  -6.02481009
  -4.03603747  -6.03942576
  -4.03830758  -6.04254708
  -4.04667791  -6.05469906
  -4.05290234  -6.06531914
  -4.05562912  -6.07002746
  -4.05957851  -6.08561013
  -4.05953746  -6.10068713
  -4.05821254  -6.11549367
  -4.05728457  -6.13045936
  -4.05548801  -6.14531883
  -4.05410232  -6.16034191
  -4.05327625  -6.16687698
  -4.05228054  -6.17525569
  -4.05051025  -6.19008597
  -4.04869714  -6.20520184
  -4.04624014  -6.22003564
  -4.04235610  -6.23506527
  -4.03753879  -6.24522020
  -4.03464542  -6.24995944
  -4.02302201  -6.26444706
  -4.02216825  -6.26543335
  -4.01001693  -6.27932356
  -4.00736912  -6.28222953
  -3.99635082  -6.29443719
  -3.99253887  -6.29900548
  -3.98334522  -6.30932663
  -3.97769780  -6.31577321
  -3.97009648  -6.32399977
  -3.96280756  -6.33249166
  -3.95669988  -6.33934660
  -3.94820364  -6.34946474
  -3.94369777  -6.35423995
  -3.93338740  -6.36625602
  -3.93067066  -6.36910449
  -3.91855782  -6.38308312
  -3.91762918  -6.38401379
  -3.90447300  -6.39870224
  -3.90360145  -6.39967834
  -3.89145266  -6.41359176
  -3.88878244  -6.41648254
  -3.87840277  -6.42846846
  -3.87375956  -6.43312221
  -3.86519569  -6.44316024
  -3.85905221  -6.44996604
  -3.85153683  -6.45828023
  -3.84421476  -6.46674798
  -3.83853143  -6.47317534
  -3.82937193  -6.48352427
  -3.82553113  -6.48807220
  -3.81432529  -6.50105097
  -3.81244543  -6.50297278
  -3.79910317  -6.51369077
  -3.79363125  -6.51753885
  -3.78426690  -6.52394070
  -3.77133735  -6.53243599
  -3.76959053  -6.53351407
  -3.75458531  -6.54165828
  -3.74702085  -6.54707276
  -3.73965802  -6.55182867
  -3.72493242  -6.56134064
  -3.72317384  -6.56248624
  -3.70978913  -6.57010645
  -3.69962472  -6.57682223
  -3.69504982  -6.57971864
  -3.68021439  -6.58811620
  -3.67547727  -6.59168551
  -3.66513595  -6.59799076
  -3.65222933  -6.60657398
  -3.65044226  -6.60761063
  -3.63560557  -6.61600857
  -3.62726623  -6.62163077
  -3.62054128  -6.62588531
  -3.60584720  -6.63458367
  -3.60391505  -6.63631658
  -3.59098595  -6.64389009
  -3.57897847  -6.65144753
  -3.57628217  -6.65342155
  -3.56125887  -6.66250036
  -3.55571115  -6.66627168
  -3.54638372  -6.67179220
  -3.53237419  -6.68093736
  -3.53135193  -6.68168170
  -3.51663391  -6.69037767
  -3.50739317  -6.69604063
  -3.50176524  -6.69967747
  -3.48689662  -6.70897752
  -3.48403727  -6.71070435
  -3.47184110  -6.71794291
  -3.45802527  -6.72556985
  -3.45700301  -6.72631428
  -3.44208295  -6.73148752
  -3.42731054  -6.73653244
  -3.41800263  -6.74024057
  -3.41231647  -6.74262137
  -3.39745718  -6.74725514
  -3.38268572  -6.75230078
  -3.37612114  -6.75493297
  -3.36781141  -6.75786832
  -3.35296387  -6.76251641
  -3.33806188  -6.76807050
  -3.33340276  -6.76992271
  -3.32334154  -6.77311996
  -3.30834012  -6.77828676
  -3.29359122  -6.78331780
  -3.28978944  -6.78491286
  -3.27846333  -6.78899775
  -3.26384279  -6.79352149
  -3.24959952  -6.79907056
  -3.24857941  -6.79970936
  -3.23395010  -6.80425301
  -3.21909429  -6.80889825
  -3.20603245  -6.81445020
  -3.20414410  -6.81537225
  -3.18934764  -6.82003673
  -3.17444883  -6.82559363
  -3.16696255  -6.82929653
  -3.15943965  -6.83488160
  -3.15280703  -6.84427784
         
