# shadow point cont 2D ind 72  size 1122
# norm  0.8443279 -0.5358268  0.0000000
# angle  0.5654867
   3.11083329  -6.81407207
   3.11259704  -6.81300997
   3.12741749  -6.80517166
   3.14235577  -6.79924153
   3.14337790  -6.79859034
   3.15752534  -6.79436862
   3.17225270  -6.79034886
   3.18723845  -6.78594294
   3.19360949  -6.78378000
   3.20200087  -6.78107720
   3.21702347  -6.77675902
   3.23189912  -6.77305697
   3.24556984  -6.76896309
   3.24659526  -6.76827331
   3.26154022  -6.76428036
   3.27652457  -6.76008506
   3.29106004  -6.75583197
   3.29671342  -6.75383864
   3.30599383  -6.75100542
   3.32104165  -6.74667481
   3.33591819  -6.74297375
   3.34795670  -6.73934606
   3.35075583  -6.73845164
   3.36576015  -6.73331914
   3.38063568  -6.72868514
   3.38796741  -6.72507255
   3.39534288  -6.72124407
   3.41020845  -6.71374343
   3.41765503  -6.71019254
   3.42510515  -6.70556829
   3.43985063  -6.69780659
   3.44444445  -6.69497166
   3.45482868  -6.68874944
   3.46950399  -6.68103356
   3.47051526  -6.68023967
   3.48456858  -6.67201648
   3.49664295  -6.66556835
   3.49945687  -6.66375001
   3.51430131  -6.65611121
   3.52358687  -6.65069557
   3.52920069  -6.64703553
   3.54404238  -6.63938004
   3.55053442  -6.63582400
   3.55873175  -6.63091720
   3.57378374  -6.62264969
   3.57666501  -6.62097648
   3.58886022  -6.61381245
   3.60268862  -6.60610485
   3.60371086  -6.60536065
   3.61840317  -6.59766160
   3.62951450  -6.59120881
   3.63308856  -6.58913553
   3.64813850  -6.58082736
   3.65646752  -6.57634041
   3.66282937  -6.57240734
   3.67805761  -6.56438092
   3.68263442  -6.56168596
   3.69278479  -6.55507003
   3.70509153  -6.54701114
   3.70796119  -6.54439875
   3.72153284  -6.53195894
   3.72246146  -6.53102800
   3.73663052  -6.51728275
   3.73755321  -6.51636616
   3.75148245  -6.50240254
   3.75241107  -6.50147164
   3.76656182  -6.48772754
   3.76750283  -6.48681068
   3.78189633  -6.47331700
   3.78282495  -6.47238616
   3.79629000  -6.45795462
   3.79721861  -6.45702381
   3.81161218  -6.44353088
   3.81254080  -6.44260009
   3.82647013  -6.42863846
   3.82739876  -6.42770770
   3.84109595  -6.41444636
   3.84318482  -6.41255983
   3.85639812  -6.39997580
   3.85828652  -6.39814761
   3.87128759  -6.38422496
   3.87219953  -6.38327878
   3.88634653  -6.36951005
   3.88729073  -6.36859600
   3.90122797  -6.35464896
   3.90215660  -6.35371833
   3.91585395  -6.34045883
   3.91771121  -6.33859761
   3.93071849  -6.32466492
   3.93163043  -6.32371884
   3.93971542  -6.30931111
   3.94133540  -6.29432809
   3.94180039  -6.27937208
   3.94179535  -6.26435718
   3.94131517  -6.24937171
   3.94126395  -6.23452229
   3.94123098  -6.21960477
   3.94119809  -6.20468766
   3.94116527  -6.18977098
   3.94113252  -6.17485471
   3.94063468  -6.15993518
   3.94015565  -6.14495756
   3.93872563  -6.13000842
   3.93365560  -6.11383962
   3.93255098  -6.11208763
   3.92263991  -6.09913437
   3.91698826  -6.09265008
   3.90910399  -6.08388964
   3.90236167  -6.07566756
   3.89641702  -6.06857990
   3.88743265  -6.05789233
   3.88395709  -6.05402937
   3.87283954  -6.04057670
   3.87113157  -6.03882442
   3.85848692  -6.02414447
   3.85755484  -6.02321095
   3.84564965  -6.00922204
   3.84267515  -6.00564116
   3.83254634  -5.99428530
   3.82811208  -5.98941714
   3.81958078  -5.97936521
   3.81284275  -5.97114339
   3.80708066  -5.96472301
   3.79792325  -5.95431686
   3.79407661  -5.94980733
   3.78344453  -5.93722585
   3.78124803  -5.93461833
   3.76897367  -5.91997437
   3.76811621  -5.91898514
   3.75584460  -5.90500485
   3.75318663  -5.90209036
   3.74228746  -5.88981169
   3.73860780  -5.88510893
   3.72917418  -5.87487200
   3.72369876  -5.86824579
   3.71690124  -5.85993060
   3.70843245  -5.85067661
   3.70401402  -5.84502390
   3.69395059  -5.83274373
   3.69124413  -5.82977618
   3.67928796  -5.81538837
   3.67835654  -5.81445518
   3.66554781  -5.80022743
   3.66345135  -5.79766196
   3.65249422  -5.78561425
   3.64884117  -5.78089478
   3.63958172  -5.77039081
   3.63367343  -5.76321548
   3.62725097  -5.75572387
   3.61901310  -5.74627213
   3.61353665  -5.74055191
   3.60410465  -5.72946035
   3.60119771  -5.72588763
   3.58982638  -5.71125665
   3.58900212  -5.71025221
   3.57542492  -5.69580782
   3.57430763  -5.69409160
   3.56296757  -5.68110449
   3.55939571  -5.67724201
   3.54997688  -5.66620376
   3.54450156  -5.65958529
   3.53716896  -5.65103641
   3.52959225  -5.64181801
   3.52410798  -5.63610831
   3.51468825  -5.62501110
   3.51112924  -5.62120971
   3.49975680  -5.60716955
   3.49882580  -5.60623689
   3.48578949  -5.59131821
   3.48462502  -5.58968678
   3.47356035  -5.57666830
   3.46998929  -5.57280688
   3.46049902  -5.56174111
   3.45508622  -5.55599219
   3.44685110  -5.54661142
   3.44019494  -5.53833648
   3.43379043  -5.53168595
   3.42529508  -5.52153058
   3.42166656  -5.51676567
   3.41042795  -5.50377266
   3.40860514  -5.50188374
   3.39636105  -5.48721336
   3.39550443  -5.48622527
   3.38314131  -5.47222486
   3.38034910  -5.46942789
   3.37086405  -5.45757112
   3.36547669  -5.45180488
   3.35720661  -5.44244455
   3.35104519  -5.43562922
   3.34349404  -5.42729202
   3.33592111  -5.41807885
   3.33119207  -5.41264680
   3.32132289  -5.40025314
   3.31861096  -5.39722779
   3.30681134  -5.38275522
   3.30588076  -5.38182311
   3.29308400  -5.36761137
   3.29098963  -5.36504879
   3.28083460  -5.35296286
   3.27634609  -5.34815893
   3.26711465  -5.33781464
   3.26122150  -5.33063877
   3.25413562  -5.32292303
   3.24656437  -5.31371221
   3.24175122  -5.30823926
   3.23144303  -5.29618867
   3.22875881  -5.29334870
   3.21677188  -5.27909513
   3.21584150  -5.27816327
   3.20363912  -5.26354096
   3.20189143  -5.26158672
   3.19057345  -5.24861657
   3.18700480  -5.24475836
   3.17752587  -5.23370247
   3.17188514  -5.22723294
   3.16453424  -5.21881344
   3.15722742  -5.21031536
   3.15169772  -5.20365255
   3.14210813  -5.19273987
   3.13877372  -5.18878479
   3.12778283  -5.17560277
   3.12582039  -5.17359947
   3.11349294  -5.15893031
   3.11256277  -5.15799872
   3.10046879  -5.14402820
   3.09744528  -5.14053546
   3.08795023  -5.12961634
   3.08256637  -5.12385478
   3.07429318  -5.11450023
   3.06790739  -5.10694644
   3.06151376  -5.09935870
   3.05302610  -5.08921399
   3.04852800  -5.08447406
   3.03818903  -5.07152381
   3.03697992  -5.06976037
   3.02395803  -5.05486138
   3.02302804  -5.05393003
   3.01093653  -5.03996291
   3.00814664  -5.03716898
   2.99798081  -5.02509076
   2.99326424  -5.01956197
   2.98498997  -5.01020917
   2.97860547  -5.00265720
   2.97195339  -4.99530394
   2.96349884  -4.98513379
   2.95892161  -4.98040191
   2.94838959  -4.96762986
   2.94657888  -4.96574969
   2.93452198  -4.95089780
   2.93369906  -4.94989522
   2.92095744  -4.93545741
   2.91909786  -4.93359524
   2.90777551  -4.92082482
   2.90397893  -4.91623640
   2.89499191  -4.90568966
   2.88933549  -4.89924309
   2.88201335  -4.89081148
   2.87444866  -4.88160989
   2.86964361  -4.87614325
   2.85957463  -4.86483542
   2.85665126  -4.86126555
   2.84479004  -4.84711988
   2.84378033  -4.84609986
   2.83155027  -4.83148693
   2.82980401  -4.82953466
   2.81850695  -4.81657997
   2.81494117  -4.81272566
   2.80547631  -4.80168177
   2.79984024  -4.79521869
   2.79248446  -4.78680564
   2.78495469  -4.77757660
   2.77948284  -4.77192547
   2.77029835  -4.76066865
   2.76669773  -4.75678654
   2.75524529  -4.74308854
   2.75429824  -4.74210468
   2.74138546  -4.72727625
   2.74053011  -4.72628990
   2.72833618  -4.71236380
   2.72545566  -4.70871863
   2.71530527  -4.69746632
   2.71059156  -4.69194155
   2.70231370  -4.68259396
   2.69570496  -4.67430412
   2.68951044  -4.66745194
   2.68085550  -4.65748551
   2.67656798  -4.65259642
   2.66646524  -4.64040317
   2.66436807  -4.63766788
   2.65205306  -4.62301626
   2.65112376  -4.62208584
   2.63909988  -4.60816586
   2.63621990  -4.60452148
   2.62607327  -4.59327202
   2.62159099  -4.58847652
   2.61308133  -4.57840243
   2.60670183  -4.57085753
   2.60006041  -4.56351245
   2.59161252  -4.55335179
   2.58704268  -4.54862518
   2.57651896  -4.53586501
   2.57468666  -4.53395087
   2.56261684  -4.51910402
   2.56167670  -4.51814030
   2.54890025  -4.50395650
   2.54704201  -4.50209614
   2.53318586  -4.48881802
   2.53220115  -4.48796207
   2.51776191  -4.47639241
   2.51483113  -4.47363463
   2.50270045  -4.46440450
   2.49608557  -4.45904888
   2.48784001  -4.45239936
   2.47745461  -4.44416002
   2.47275483  -4.44051296
   2.45902379  -4.42929829
   2.45809481  -4.42836827
   2.44303351  -4.41720149
   2.43940661  -4.41439142
   2.42839741  -4.40584886
   2.42084228  -4.39950879
   2.41353644  -4.39377552
   2.40163074  -4.38417666
   2.39867722  -4.38160947
   2.38404113  -4.37014972
   2.38305665  -4.36929402
   2.36895928  -4.35835502
   2.36436051  -4.35463277
   2.35409966  -4.34631866
   2.34572203  -4.33975476
   2.33902070  -4.33445054
   2.32713762  -4.32487501
   2.32416336  -4.32234880
   2.30972317  -4.31093578
   2.30879440  -4.31000601
   2.29466914  -4.29883155
   2.28988010  -4.29533553
   2.27958511  -4.28706847
   2.27143495  -4.28023386
   2.26473431  -4.27493042
   2.25276357  -4.26558049
   2.25009216  -4.26358338
   2.23523980  -4.25130658
   2.23423983  -4.25048394
   2.22038156  -4.23938524
   2.21555636  -4.23581928
   2.20531218  -4.22842354
   2.19615141  -4.22095171
   2.19065710  -4.21621657
   2.17848263  -4.20607068
   2.17581148  -4.20407386
   2.16086604  -4.19205933
   2.15998822  -4.19121393
   2.14611146  -4.18073888
   2.14051123  -4.17609293
   2.13103934  -4.16891846
   2.12182085  -4.16143915
   2.11617558  -4.15688729
   2.10326461  -4.14656586
   2.10131723  -4.14482009
   2.08641824  -4.13279165
   2.08478382  -4.13171360
   2.07162042  -4.12153740
   2.06595642  -4.11704877
   2.05674920  -4.10952096
   2.04739741  -4.10218137
   2.04188489  -4.09746819
   2.02899888  -4.08707250
   2.02705168  -4.08532696
   2.01238067  -4.07394591
   2.00970464  -4.07189998
   1.99758204  -4.06267897
   1.99091734  -4.05732514
   1.98250778  -4.05089296
   1.97235319  -4.04245401
   1.96765654  -4.03881051
   1.95378947  -4.02758338
   1.95280557  -4.02672837
   1.93812149  -4.01451064
   1.93541343  -4.01239642
   1.92311767  -4.00343697
   1.91666325  -3.99784360
   1.90825443  -3.99141229
   1.89793790  -3.98320077
   1.89337332  -3.97941809
   1.87953865  -3.96810576
   1.87855484  -3.96725085
   1.86370561  -3.95609897
   1.86006968  -3.95324011
   1.84884205  -3.94406122
   1.84225492  -3.93859935
   1.83401372  -3.93284755
   1.82117806  -3.92328366
   1.81917921  -3.92163964
   1.80454388  -3.91205063
   1.79897940  -3.90821949
   1.78949520  -3.90205548
   1.77663576  -3.89354506
   1.77463701  -3.89190115
   1.75979811  -3.88256584
   1.75434807  -3.87867944
   1.74515949  -3.87296262
   1.73200424  -3.86402939
   1.73028417  -3.86293021
   1.71546785  -3.85342486
   1.70886146  -3.84894738
   1.70041510  -3.84352745
   1.68651830  -3.83429124
   1.68553471  -3.83343659
   1.67072225  -3.82402466
   1.66421799  -3.81942144
   1.65586743  -3.81384671
   1.64198055  -3.80455932
   1.64099700  -3.80370473
   1.62639574  -3.79488784
   1.61883999  -3.78948762
   1.61135048  -3.78495732
   1.59670027  -3.77519991
   1.59567970  -3.77445664
   1.58185374  -3.76523979
   1.57341600  -3.75974956
   1.56680709  -3.75528489
   1.55218095  -3.74571274
   1.55116994  -3.74488256
   1.53713509  -3.73662444
   1.52873784  -3.73023228
   1.52208014  -3.72586065
   1.50750223  -3.71621373
   1.50658746  -3.71539881
   1.49260642  -3.70689874
   1.48330377  -3.70050804
   1.47773764  -3.69679258
   1.46297228  -3.68648999
   1.46107468  -3.68546139
   1.44806473  -3.67724379
   1.43807200  -3.67037397
   1.43322917  -3.66700020
   1.41851000  -3.65756766
   1.41659401  -3.65595257
   1.40355418  -3.64838144
   1.39330869  -3.64106259
   1.38869672  -3.63823443
   1.37397789  -3.62790455
   1.37136787  -3.62600035
   1.35903060  -3.61866174
   1.34798717  -3.61113478
   1.34417266  -3.60851569
   1.32933162  -3.59922851
   1.32560694  -3.59648604
   1.31447618  -3.58905690
   1.30335772  -3.58163045
   1.29961614  -3.57888870
   1.28480971  -3.56951234
   1.28094516  -3.56695278
   1.26996304  -3.56024490
   1.25711145  -3.55169807
   1.25532775  -3.55066229
   1.24050740  -3.54299319
   1.23021263  -3.53667855
   1.22548256  -3.53407818
   1.21064318  -3.52664819
   1.20150081  -3.52180019
   1.19598923  -3.51891658
   1.18096502  -3.51086079
   1.17440150  -3.50733282
   1.16630671  -3.50318527
   1.15147286  -3.49563094
   1.14576198  -3.49227463
   1.13663037  -3.48738178
   1.12189802  -3.47970355
   1.11803724  -3.47705745
   1.10678085  -3.47177767
   1.09214291  -3.46411761
   1.09007918  -3.46257395
   1.07709583  -3.45607397
   1.06236734  -3.44847206
   1.06141543  -3.44769422
   1.04760556  -3.44084632
   1.03356077  -3.43284515
   1.03255163  -3.43205340
   1.01775547  -3.42535134
   1.00476228  -3.41800631
   1.00290760  -3.41707785
   0.98807026  -3.40965020
   0.97694257  -3.40315180
   0.97323328  -3.40129494
   0.95839618  -3.39386760
   0.94912331  -3.38829784
   0.94355946  -3.38551266
   0.92872261  -3.37808563
   0.92028429  -3.37362959
   0.91370058  -3.37010197
   0.89922729  -3.36295702
   0.89163129  -3.35859095
   0.88421306  -3.35487767
   0.86955410  -3.34717640
   0.86381335  -3.34373863
   0.85454071  -3.33909722
   0.83999491  -3.33124666
   0.83613794  -3.32851152
   0.82471332  -3.32269541
   0.81012474  -3.31574118
   0.80744141  -3.31401882
   0.79504221  -3.30784366
   0.78045295  -3.30088994
   0.77305788  -3.29838541
   0.76563989  -3.29652793
   0.75060965  -3.29529056
   0.73568293  -3.29520102
   0.72096921  -3.29474831
   0.70600984  -3.29426591
   0.69117314  -3.29426243
   0.67633606  -3.29460837
   0.66149983  -3.29425568
   0.64666323  -3.29425242
   0.63182666  -3.29424923
   0.61699012  -3.29424611
   0.60215362  -3.29424307
   0.58743791  -3.29380376
   0.57248070  -3.29366878
   0.55764475  -3.29330649
   0.54280788  -3.29366610
   0.52797199  -3.29330108
   0.51313565  -3.29329848
   0.49829934  -3.29329596
   0.48346304  -3.29329351
   0.46862677  -3.29329114
   0.45379053  -3.29328884
   0.43895430  -3.29328661
   0.42423610  -3.29286335
   0.40918570  -3.29320775
   0.39444573  -3.29328038
   0.37972684  -3.29286142
   0.36477397  -3.29234870
   0.34993786  -3.29234692
   0.33510175  -3.29234521
   0.32026508  -3.29272723
   0.30542958  -3.29234202
   0.29059352  -3.29234054
   0.27584271  -3.29149733
   0.26092198  -3.29140990
   0.24602046  -3.29179589
   0.23124997  -3.29187140
   0.21641396  -3.29187028
   0.20157732  -3.29233318
   0.18674195  -3.29186827
   0.17198945  -3.29148949
   0.15706990  -3.29140261
   0.14223391  -3.29140187
   0.12739791  -3.29140120
   0.11256192  -3.29140060
   0.09772593  -3.29140008
   0.08288994  -3.29139963
   0.06805395  -3.29139925
   0.05332976  -3.29101125
   0.03828977  -3.29132364
   0.02362852  -3.29055670
   0.00871058  -3.29047061
  -0.00618815  -3.29085759
  -0.02096137  -3.29093461
  -0.03571619  -3.29055678
  -0.05063351  -3.29047103
  -0.06546956  -3.29047132
  -0.08030561  -3.29047168
  -0.09514091  -3.29000818
  -0.10997699  -3.29000869
  -0.12481307  -3.29000928
  -0.13964917  -3.29000994
  -0.15437728  -3.29009834
  -0.16932153  -3.28954754
  -0.18421843  -3.28993529
  -0.19891433  -3.28963522
  -0.21383003  -3.28955041
  -0.22866624  -3.28955151
  -0.24350247  -3.28955269
  -0.25833872  -3.28955394
  -0.27317499  -3.28955527
  -0.28801128  -3.28955667
  -0.30284760  -3.28955814
  -0.31757694  -3.28918326
  -0.33251957  -3.28863343
  -0.34735596  -3.28863512
  -0.36219238  -3.28863689
  -0.37702883  -3.28863873
  -0.39186530  -3.28864065
  -0.40670181  -3.28864264
  -0.42153744  -3.28818075
  -0.43637492  -3.28864685
  -0.45121152  -3.28864906
  -0.46604723  -3.28818739
  -0.48080760  -3.28781134
  -0.49572075  -3.28772825
  -0.51055749  -3.28773076
  -0.52539427  -3.28773334
  -0.54023109  -3.28773600
  -0.55506794  -3.28773872
  -0.56982855  -3.28689904
  -0.58474096  -3.28681651
  -0.59966396  -3.28767207
  -0.61433996  -3.28690781
  -0.62925201  -3.28682559
  -0.64414475  -3.28721557
  -0.65885176  -3.28691724
  -0.67376346  -3.28683532
  -0.68860071  -3.28683872
  -0.70343800  -3.28684219
  -0.71827534  -3.28684573
  -0.73311168  -3.28638537
  -0.74794911  -3.28638906
  -0.76269918  -3.28596084
  -0.77769230  -3.28630288
  -0.79246173  -3.28640057
  -0.80729938  -3.28640456
  -0.82205041  -3.28597647
  -0.83707101  -3.28679173
  -0.85218539  -3.28987483
  -0.86743311  -3.29534672
  -0.87056602  -3.29683365
  -0.88300305  -3.30321065
  -0.89736477  -3.31023043
  -0.90034229  -3.31190116
  -0.91267855  -3.31899941
  -0.92705024  -3.32602324
  -0.92812705  -3.32665492
  -0.94215969  -3.33448662
  -0.95595763  -3.34151963
  -0.95703793  -3.34214441
  -0.97178448  -3.35024941
  -0.98378875  -3.35638490
  -0.98672431  -3.35793915
  -1.00168101  -3.36542607
  -1.01183783  -3.37111708
  -1.01654731  -3.37380081
  -1.03125465  -3.38116824
  -1.04053181  -3.38581440
  -1.04609814  -3.38860211
  -1.06077910  -3.39667899
  -1.06914010  -3.40098492
  -1.07652387  -3.40528207
  -1.09038729  -3.41244660
  -1.09697015  -3.41554125
  -1.10620174  -3.42014686
  -1.12017980  -3.42828399
  -1.12479065  -3.43059794
  -1.13528751  -3.43605607
  -1.14981221  -3.44405799
  -1.15339750  -3.44577741
  -1.16494412  -3.45183649
  -1.17940063  -3.45889530
  -1.18237090  -3.46057104
  -1.19462544  -3.46763117
  -1.20909215  -3.47469426
  -1.21024825  -3.47540288
  -1.22394151  -3.48361942
  -1.23786673  -3.49020285
  -1.23914854  -3.49086030
  -1.25381807  -3.49893399
  -1.26662147  -3.50536469
  -1.26847724  -3.50629419
  -1.28339615  -3.51468250
  -1.29445921  -3.52023610
  -1.29851520  -3.52245357
  -1.31321629  -3.53054547
  -1.32229758  -3.53510811
  -1.32869584  -3.53882271
  -1.34333428  -3.54776009
  -1.34608265  -3.54966967
  -1.35807797  -3.55788803
  -1.36904488  -3.56466427
  -1.37272900  -3.56705470
  -1.38747312  -3.57610128
  -1.39237348  -3.57929764
  -1.40262240  -3.58577405
  -1.41570063  -3.59400336
  -1.41752979  -3.59512241
  -1.43200585  -3.60490723
  -1.43871228  -3.60909351
  -1.44716952  -3.61459071
  -1.46178641  -3.62356048
  -1.46281242  -3.62435331
  -1.47658555  -3.63374560
  -1.48493869  -3.63932317
  -1.49138610  -3.64393711
  -1.50615653  -3.65226140
  -1.50832123  -3.65371602
  -1.52141839  -3.66200369
  -1.53167049  -3.66844396
  -1.53668020  -3.67175222
  -1.55080222  -3.68113485
  -1.55466428  -3.68369008
  -1.56561583  -3.69133664
  -1.57859544  -3.69867828
  -1.58096987  -3.70028828
  -1.59533203  -3.70994078
  -1.60100029  -3.71349977
  -1.61052493  -3.71964968
  -1.62432243  -3.72821932
  -1.62529860  -3.72888309
  -1.63979233  -3.73829773
  -1.64735976  -3.74329783
  -1.65475182  -3.74807125
  -1.66960429  -3.75737035
  -1.67138389  -3.75842303
  -1.68478590  -3.76707500
  -1.69398490  -3.77278877
  -1.69981123  -3.77674724
  -1.71413601  -3.78617860
  -1.71698394  -3.78793404
  -1.72901742  -3.79549798
  -1.74031925  -3.80268034
  -1.74425015  -3.80525931
  -1.75855880  -3.81449010
  -1.76413254  -3.81798572
  -1.77364163  -3.82438040
  -1.78649114  -3.83296563
  -1.78834007  -3.83449664
  -1.80363785  -3.84336224
  -1.80996900  -3.84734295
  -1.81847038  -3.85264092
  -1.83308128  -3.86160932
  -1.83410553  -3.86240570
  -1.84778671  -3.87171632
  -1.85643329  -3.87678322
  -1.86331685  -3.88118434
  -1.87760605  -3.89040362
  -1.88039160  -3.89226399
  -1.89242332  -3.90060052
  -1.90267650  -3.90704941
  -1.90714806  -3.90981687
  -1.92226723  -3.91933075
  -1.92595708  -3.92215265
  -1.93699604  -3.93036627
  -1.94652219  -3.93649512
  -1.95262895  -3.94088604
  -1.96555584  -3.95121053
  -1.96728269  -3.95267470
  -1.98146406  -3.96424350
  -1.98441855  -3.96681035
  -1.99656296  -3.97605242
  -2.00325762  -3.98138282
  -2.01173661  -3.98769352
  -2.02288099  -3.99606653
  -2.02671218  -3.99918721
  -2.04118877  -4.01051865
  -2.04215597  -4.01140295
  -2.05603121  -4.02258181
  -2.06067583  -4.02630224
  -2.07075752  -4.03452881
  -2.07954888  -4.04035263
  -2.08680324  -4.04566008
  -2.09901275  -4.05587764
  -2.10058621  -4.05695642
  -2.11545051  -4.06904871
  -2.11818131  -4.07098369
  -2.13063568  -4.08075840
  -2.13700356  -4.08558478
  -2.14548437  -4.09189847
  -2.15663072  -4.10027357
  -2.16044529  -4.10339412
  -2.17495718  -4.11470353
  -2.17592456  -4.11558804
  -2.18975723  -4.12670820
  -2.19448545  -4.13031618
  -2.20496519  -4.13849541
  -2.21395963  -4.14537757
  -2.21950405  -4.14998702
  -2.23263382  -4.16005944
  -2.23475286  -4.16202105
  -2.24923650  -4.17324800
  -2.25196778  -4.17518350
  -2.26387949  -4.18471105
  -2.27055174  -4.19007090
  -2.27897019  -4.19651034
  -2.29012014  -4.20488552
  -2.29391861  -4.20785487
  -2.30850597  -4.21916982
  -2.30948080  -4.22004361
  -2.32360090  -4.23098423
  -2.32824722  -4.23470656
  -2.33843092  -4.24302484
  -2.34688310  -4.24941872
  -2.35358621  -4.25477007
  -2.36643098  -4.26429629
  -2.36852480  -4.26626893
  -2.38304715  -4.27747450
  -2.38577892  -4.27941053
  -2.39769287  -4.28894057
  -2.40436641  -4.29430184
  -2.41278645  -4.30074300
  -2.42319120  -4.30887871
  -2.42787674  -4.31264476
  -2.44232518  -4.32340894
  -2.44330021  -4.32428295
  -2.45718676  -4.33549641
  -2.46185905  -4.33918762
  -2.47225946  -4.34726978
  -2.48071327  -4.35366540
  -2.48742396  -4.35912961
  -2.49935432  -4.36862620
  -2.50196114  -4.37048449
  -2.51664340  -4.38200497
  -2.51940008  -4.38391120
  -2.53175654  -4.39383106
  -2.53820686  -4.39856085
  -2.54687911  -4.40560217
  -2.55702167  -4.41315997
  -2.56170756  -4.41692372
  -2.57565149  -4.42809617
  -2.57664034  -4.42895345
  -2.59100228  -4.43972125
  -2.59575984  -4.44328992
  -2.60611427  -4.45154317
  -2.61456977  -4.45794059
  -2.62125819  -4.46343082
  -2.63321039  -4.47290615
  -2.63582565  -4.47476337
  -2.65102029  -4.48676696
  -2.65199146  -4.48764996
  -2.66571752  -4.50030305
  -2.66773166  -4.50296398
  -2.67988903  -4.51763701
  -2.68081901  -4.51856801
  -2.69248740  -4.53226202
  -2.69577922  -4.53648292
  -2.70478388  -4.54787566
  -2.71059219  -4.55513071
  -2.71621947  -4.56254261
  -2.72547820  -4.57373726
  -2.72830165  -4.57743561
  -2.74033377  -4.59156868
  -2.74115659  -4.59257112
  -2.75175881  -4.60704100
  -2.75530631  -4.61088897
  -2.76453971  -4.62211772
  -2.77014340  -4.62951117
  -2.77659301  -4.63701261
  -2.78525235  -4.64800525
  -2.78874621  -4.65191120
  -2.79987567  -4.66604611
  -2.80069859  -4.66704871
  -2.81213056  -4.68153899
  -2.81518129  -4.68519795
  -2.82416960  -4.69660821
  -2.82968560  -4.70313807
  -2.83622025  -4.71150200
  -2.84435617  -4.72184549
  -2.84819400  -4.72639907
  -2.85924190  -4.73958784
  -2.86101103  -4.74152674
  -2.87238894  -4.75629646
  -2.87413365  -4.75807401
  -2.88457731  -4.77109838
  -2.88945086  -4.77753682
  -2.89584490  -4.78600654
  -2.90413986  -4.79529136
  -2.90876776  -4.80090020
  -2.91880574  -4.81409041
  -2.91992038  -4.81580036
  -2.93195291  -4.83080131
  -2.93370488  -4.83258010
  -2.94392168  -4.84583385
  -2.94858292  -4.85138928
  -2.95598825  -4.86073582
  -2.96347853  -4.87000512
  -2.96807565  -4.87563944
  -2.97837776  -4.88860493
  -2.98014735  -4.89054447
  -2.99179405  -4.90524206
  -2.99344061  -4.90724829
  -3.00371869  -4.92012532
  -3.00838713  -4.92571553
  -3.01583459  -4.93503142
  -3.02305778  -4.94358160
  -3.02791621  -4.94993691
  -3.03819174  -4.96291443
  -3.03997646  -4.96484375
  -3.05197769  -4.97998487
  -3.05280109  -4.98098815
  -3.06330187  -4.99465698
  -3.06797051  -5.00024802
  -3.07541903  -5.00956544
  -3.08284791  -5.01801171
  -3.08757877  -5.02447764
  -3.09755011  -5.03671917
  -3.09956631  -5.03938313
  -3.11178653  -5.05429606
  -3.11264293  -5.05528382
  -3.12333285  -5.06877352
  -3.12783852  -5.07369845
  -3.13536385  -5.08389249
  -3.14244010  -5.09255905
  -3.14780351  -5.09925004
  -3.15714824  -5.11127055
  -3.15982603  -5.11416552
  -3.17138291  -5.12884948
  -3.17223943  -5.12983741
  -3.18359888  -5.14356134
  -3.18743720  -5.14825518
  -3.19559557  -5.15867495
  -3.20184445  -5.16628174
  -3.20761643  -5.17358585
  -3.21698981  -5.18561842
  -3.21968410  -5.18850189
  -3.23121962  -5.20318687
  -3.23209395  -5.20416458
  -3.24327125  -5.21814726
  -3.24704465  -5.22282457
  -3.25520424  -5.23324612
  -3.26168732  -5.24159597
  -3.26722987  -5.24816037
  -3.27637397  -5.25946530
  -3.27930076  -5.26307925
  -3.29083541  -5.27776623
  -3.29170987  -5.27874410
  -3.30353488  -5.29295697
  -3.30643622  -5.29664264
  -3.31545384  -5.30805432
  -3.32107852  -5.31544115
  -3.32750738  -5.32297744
  -3.33596135  -5.33320593
  -3.33965584  -5.33789314
  -3.35063217  -5.35204613
  -3.35148906  -5.35303458
  -3.36312278  -5.36753994
  -3.36607234  -5.37117989
  -3.37531906  -5.38242777
  -3.38087062  -5.38905406
  -3.38721746  -5.39757218
  -3.39581921  -5.40856429
  -3.39928723  -5.41249583
  -3.41034344  -5.42651247
  -3.41127491  -5.42744547
  -3.42279738  -5.44216012
  -3.42547972  -5.44504186
  -3.43495720  -5.45703869
  -3.44031698  -5.46377510
  -3.44681840  -5.47218666
  -3.45523221  -5.48242291
  -3.45892785  -5.48711177
  -3.47029020  -5.50102961
  -3.47111445  -5.50203411
  -3.48308872  -5.51700954
  -3.48512567  -5.51966398
  -3.49525431  -5.53189168
  -3.49977048  -5.53759846
  -3.50669358  -5.54659162
  -3.51489141  -5.55610141
  -3.51949481  -5.56174469
  -3.52972147  -5.57487107
  -3.53137022  -5.57688044
  -3.54299117  -5.59160695
  -3.54478104  -5.59429959
  -3.55491127  -5.60652953
  -3.55962737  -5.61209349
  -3.56704408  -5.62145647
  -3.57455104  -5.63074358
  -3.57915516  -5.63638790
  -3.58948519  -5.64937916
  -3.59125735  -5.65132224
  -3.60346779  -5.66624127
  -3.60449641  -5.66797451
  -3.61485779  -5.68095403
  -3.61929368  -5.68674579
  -3.62671160  -5.69611050
  -3.63439458  -5.70529777
  -3.63886251  -5.71103825
  -3.64916845  -5.72308790
  -3.65118761  -5.72575619
  -3.66313676  -5.74090192
  -3.66396143  -5.74190701
  -3.67428411  -5.75583974
  -3.67901104  -5.76135491
  -3.68662471  -5.77055825
  -3.69390817  -5.77912279
  -3.69942663  -5.78571983
  -3.70875850  -5.79787480
  -3.71129082  -5.80086450
  -3.72281554  -5.81557650
  -3.72364034  -5.81658179
  -3.73422012  -5.83029874
  -3.73889176  -5.83589977
  -3.74635326  -5.84523580
  -3.75359763  -5.85380668
  -3.75846547  -5.86017567
  -3.76854517  -5.87244929
  -3.77122701  -5.87534977
  -3.78250427  -5.89026518
  -3.78354963  -5.89200541
  -3.79456620  -5.90522128
  -3.79835915  -5.90984309
  -3.80669750  -5.92016034
  -3.81329711  -5.92850477
  -3.81881738  -5.93510434
  -3.82801650  -5.94641553
  -3.83093079  -5.95005236
  -3.84246561  -5.96475462
  -3.84332360  -5.96574459
  -3.85474966  -5.97950913
  -3.85828736  -5.98348772
  -3.86644874  -5.99485628
  -3.87295308  -6.00233690
  -3.87855226  -6.00980804
  -3.88788145  -6.02101705
  -3.89068116  -6.02475278
  -3.90258505  -6.03893272
  -3.90344319  -6.03992289
  -3.91513270  -6.05446370
  -3.91803769  -6.05815734
  -3.92643763  -6.06936571
  -3.93267046  -6.07706295
  -3.93827064  -6.08453553
  -3.94760142  -6.09574675
  -3.95103440  -6.09970804
  -3.96230755  -6.11366596
  -3.96316583  -6.11465632
  -3.97101177  -6.12934809
  -3.97626747  -6.14458334
  -3.97691712  -6.15834701
  -3.97738443  -6.15928205
  -3.97741741  -6.17419948
  -3.97745046  -6.18911729
  -3.97748359  -6.20403548
  -3.97796115  -6.21899172
  -3.97801527  -6.23387234
  -3.97804862  -6.24879169
  -3.97854732  -6.26371418
  -3.97811554  -6.27863153
  -3.97861440  -6.29355482
  -3.97818275  -6.30847293
  -3.97710466  -6.31383068
  -3.97425244  -6.32308148
  -3.96474904  -6.33741883
  -3.96226404  -6.34021811
  -3.95019792  -6.35230961
  -3.94741342  -6.35509999
  -3.93465026  -6.36742287
  -3.93279394  -6.36928316
  -3.91857757  -6.38179516
  -3.91760664  -6.38267260
  -3.90342926  -6.39650167
  -3.90244688  -6.39747346
  -3.88781836  -6.41062861
  -3.88684035  -6.41159889
  -3.87314935  -6.42485315
  -3.87129307  -6.42671364
  -3.85835109  -6.43878159
  -3.85551237  -6.44159558
  -3.84327434  -6.45340846
  -3.83973176  -6.45647791
  -3.82842911  -6.46735604
  -3.82464824  -6.47112954
  -3.81358571  -6.48130295
  -3.80886778  -6.48601264
  -3.79888961  -6.49554716
  -3.79251848  -6.50115440
  -3.78403738  -6.50950051
  -3.77754061  -6.51601318
  -3.76905885  -6.52407922
  -3.76176038  -6.53089745
  -3.75422779  -6.53802148
  -3.74598022  -6.54578211
  -3.73940661  -6.55195994
  -3.73020013  -6.56066718
  -3.72482572  -6.56525847
  -3.71171419  -6.57533798
  -3.70974611  -6.57704957
  -3.69508578  -6.58535193
  -3.68675306  -6.59004642
  -3.68050040  -6.59314421
  -3.66544983  -6.60113082
  -3.65802418  -6.60495948
  -3.65037359  -6.60952518
  -3.63580592  -6.61598817
  -3.62994732  -6.61956847
  -3.62085322  -6.62434731
  -3.60598707  -6.63177558
  -3.60204690  -6.63442527
  -3.59112405  -6.64049349
  -3.57634778  -6.64756739
  -3.57327964  -6.64940331
  -3.56139439  -6.65592689
  -3.54652869  -6.66335587
  -3.54551872  -6.66412208
  -3.53193949  -6.67148570
  -3.51782380  -6.67933594
  -3.51680268  -6.68007984
  -3.50212136  -6.68695021
  -3.48978199  -6.69385518
  -3.48695376  -6.69563003
  -3.47234724  -6.70273378
  -3.46106053  -6.70887422
  -3.45734427  -6.71073174
  -3.44258031  -6.71852155
  -3.43320820  -6.72386212
  -3.42767259  -6.72672123
  -3.41284536  -6.73395889
  -3.40436636  -6.73833267
  -3.39780302  -6.74190946
  -3.38316958  -6.74696196
  -3.36843642  -6.75162681
  -3.36290454  -6.75329884
  -3.35357167  -6.75592430
  -3.33879795  -6.76037022
  -3.32402694  -6.76413751
  -3.31085280  -6.76811549
  -3.30895771  -6.76889479
  -3.29411955  -6.77294141
  -3.27933600  -6.77705270
  -3.26445498  -6.78094027
  -3.25864919  -6.78276893
  -3.24936253  -6.78557272
  -3.23466410  -6.78962274
  -3.21981845  -6.79333550
  -3.20663206  -6.79769101
  -3.20475120  -6.79854610
  -3.19007916  -6.80260435
  -3.17523845  -6.80669262
  -3.16036208  -6.81059048
  -3.15441315  -6.81257686
  -3.14507145  -6.81642549
  -3.13090809  -6.82248461
  -3.12111605  -6.82934032
         
