# shadow point cont 2D ind 220  size 1179
# norm -0.1564345 -0.9876883  0.0000000
# angle  1.7278760
   3.55934802  -6.84140723
   3.56112811  -6.84149551
   3.57524198  -6.83933925
   3.58991855  -6.83533287
   3.60484891  -6.83156061
   3.61306252  -6.82877797
   3.61950062  -6.82673895
   3.63470464  -6.82180481
   3.64935908  -6.81762688
   3.65958800  -6.81384683
   3.66429324  -6.81217773
   3.67916864  -6.80754712
   3.69420505  -6.80328180
   3.70786683  -6.79900580
   3.70888947  -6.79834133
   3.72379577  -6.79365612
   3.73883200  -6.78939100
   3.75263781  -6.78460721
   3.75366083  -6.78393900
   3.76842433  -6.77976635
   3.78346039  -6.77550143
   3.79813765  -6.77058470
   3.80186433  -6.76947667
   3.81305435  -6.76587781
   3.82809024  -6.76161310
   3.84275643  -6.75672841
   3.84929306  -6.75468941
   3.85768585  -6.75199050
   3.87269283  -6.74685431
   3.88716512  -6.74165939
   3.89088263  -6.73980253
   3.90203518  -6.73423201
   3.91668481  -6.72677777
   3.91947141  -6.72491822
   3.93195669  -6.71788570
   3.94559882  -6.71021794
   3.94659876  -6.70939513
   3.96150834  -6.70172534
   3.97351149  -6.69526247
   3.97634923  -6.69349073
   3.99124711  -6.68593952
   4.00060112  -6.68062362
   4.00628997  -6.67710726
   4.02080084  -6.66914648
   4.02741734  -6.66536397
   4.03603572  -6.66030379
   4.05072058  -6.65250423
   4.05436828  -6.65065346
   4.06556919  -6.64424028
   4.08029985  -6.63654678
   4.08126835  -6.63568914
   4.09551363  -6.62780353
   4.10733493  -6.62096854
   4.11017287  -6.61919713
   4.12506835  -6.61164697
   4.13521580  -6.60600563
   4.13992657  -6.60334032
   4.15488667  -6.59515281
   4.16212577  -6.59113711
   4.16965903  -6.58666970
   4.18435085  -6.57900814
   4.18807614  -6.57639614
   4.19938648  -6.56826793
   4.20759653  -6.56187696
   4.21386392  -6.55606383
   4.22401729  -6.54661650
   4.22869986  -6.54200926
   4.23903695  -6.53190533
   4.24377552  -6.52735955
   4.25471660  -6.51699522
   4.25843002  -6.51327409
   4.27050140  -6.50211317
   4.27328649  -6.49932239
   4.28623271  -6.48706823
   4.28811135  -6.48523217
   4.30114029  -6.47234784
   4.30299704  -6.47048741
   4.31692544  -6.45746689
   4.31785382  -6.45653670
   4.33177962  -6.44258396
   4.33270801  -6.44165378
   4.34686752  -6.42793476
   4.34779592  -6.42700462
   4.36225134  -6.41358336
   4.36317950  -6.41265299
   4.37710488  -6.39963025
   4.37896121  -6.39776955
   4.39208706  -6.38468968
   4.39482207  -6.38276851
   4.40680944  -6.37079236
   4.40959399  -6.36800145
   4.42184632  -6.35609335
   4.42463162  -6.35330322
   4.43519182  -6.33882812
   4.43604897  -6.33694386
   4.43964717  -6.32426339
   4.43983892  -6.30943768
   4.43977066  -6.29459889
   4.43883274  -6.27958875
   4.43876449  -6.26474928
   4.43846460  -6.24984302
   4.43749895  -6.23481992
   4.43745474  -6.21989836
   4.43675322  -6.20505473
   4.43643570  -6.19005412
   4.43638150  -6.17523112
   4.43549861  -6.16589878
   4.43474786  -6.16044898
   4.43143131  -6.14569218
   4.42337884  -6.13064999
   4.42148981  -6.12786060
   4.41245691  -6.11551734
   4.40672105  -6.10815061
   4.40032003  -6.10055634
   4.39174248  -6.08949894
   4.38882316  -6.08585102
   4.37690404  -6.07163238
   4.37604514  -6.07064173
   4.36548526  -6.05600192
   4.36190757  -6.05206061
   4.35333055  -6.04098455
   4.34694791  -6.03339037
   4.34054953  -6.02579817
   4.33173837  -6.01400601
   4.32905154  -6.01107189
   4.31784390  -5.99611724
   4.31675954  -5.99436138
   4.30594619  -5.98101868
   4.30208640  -5.97643664
   4.29356790  -5.96623790
   4.28695538  -5.95789867
   4.28143091  -5.95128200
   4.27213988  -5.93908382
   4.27022453  -5.93633967
   4.25808960  -5.92138014
   4.25700546  -5.91962460
   4.24689108  -5.90640541
   4.24233891  -5.90075879
   4.23475184  -5.89147782
   4.22736269  -5.88212003
   4.22261617  -5.87653769
   4.21233947  -5.86354931
   4.21048142  -5.86159557
   4.19927208  -5.84668101
   4.19751140  -5.84472709
   4.18715282  -5.83168731
   4.18267714  -5.82596407
   4.17526983  -5.81657996
   4.16750594  -5.80653759
   4.16314943  -5.80162711
   4.15236039  -5.78813577
   4.15137518  -5.78710835
   4.13954356  -5.77195175
   4.13760155  -5.76920699
   4.12834249  -5.75701350
   4.12287208  -5.75038929
   4.11619946  -5.74210777
   4.10777755  -5.73183684
   4.10344809  -5.72690981
   4.09285950  -5.71320492
   4.09196162  -5.71217585
   4.08097063  -5.69709465
   4.07811404  -5.69340598
   4.06889762  -5.68211180
   4.06339401  -5.67549798
   4.05677800  -5.66716942
   4.04842466  -5.65685460
   4.04465320  -5.65223103
   4.03381266  -5.63778230
   4.03291560  -5.63681782
   4.02073735  -5.62277813
   4.01801704  -5.61899079
   4.00918562  -5.60743435
   4.00345225  -5.60007584
   3.99706891  -5.59249506
   3.98865986  -5.58131430
   3.98586855  -5.57756519
   3.97437958  -5.56286726
   3.97349978  -5.56189102
   3.96234726  -5.54784919
   3.95871272  -5.54311589
   3.95039787  -5.53278046
   3.94389164  -5.52528386
   3.93803075  -5.51803946
   3.92903760  -5.50657419
   3.92617129  -5.50290740
   3.91468329  -5.48821188
   3.91380364  -5.48723582
   3.90252339  -5.47333347
   3.89886982  -5.46858022
   3.89070486  -5.45813041
   3.88408003  -5.44981673
   3.87859894  -5.44319440
   3.86911745  -5.43118760
   3.86648406  -5.42826335
   3.85594487  -5.41355534
   3.85422962  -5.41157741
   3.84399506  -5.39846332
   3.83935766  -5.39288053
   3.83127706  -5.38327009
   3.82428980  -5.37433343
   3.81956560  -5.36878916
   3.80920734  -5.35581485
   3.80746662  -5.35384674
   3.79627071  -5.33892792
   3.79455573  -5.33695036
   3.78431410  -5.32383681
   3.77958387  -5.31832591
   3.77204516  -5.30907145
   3.76475689  -5.29961015
   3.76016781  -5.29394646
   3.74981013  -5.28097667
   3.74868782  -5.27926272
   3.73660629  -5.26431389
   3.73489158  -5.26233669
   3.72478594  -5.24916965
   3.72016351  -5.24351270
   3.71260033  -5.23426818
   3.70509650  -5.22500276
   3.70055177  -5.21932814
   3.69044707  -5.20616243
   3.68936490  -5.20440985
   3.67806651  -5.18954357
   3.67537784  -5.18665343
   3.66567842  -5.17485742
   3.66027286  -5.16820630
   3.65319748  -5.15944541
   3.64548573  -5.14945421
   3.64181841  -5.14473955
   3.63057477  -5.13080779
   3.62971765  -5.12981951
   3.61844021  -5.11495687
   3.61581586  -5.11202333
   3.60638262  -5.09999518
   3.60088071  -5.09338930
   3.59428486  -5.08507586
   3.58591947  -5.07476950
   3.58217792  -5.07015932
   3.57096261  -5.05623675
   3.57012988  -5.05523663
   3.55900958  -5.04018245
   3.55609893  -5.03655252
   3.54685371  -5.02540977
   3.54149692  -5.01862564
   3.53491777  -5.01028268
   3.52654481  -4.99999548
   3.52275960  -4.99537505
   3.51156070  -4.98143352
   3.51068196  -4.98045866
   3.50005844  -4.96596737
   3.49656907  -4.96194740
   3.48802346  -4.95086883
   3.48150673  -4.94337911
   3.47566716  -4.93617464
   3.46642725  -4.92490983
   3.46359313  -4.92125330
   3.45239295  -4.90635101
   3.45153621  -4.90536323
   3.44065611  -4.89121558
   3.43709147  -4.88723965
   3.42788284  -4.87608720
   3.42213133  -4.86861999
   3.41632269  -4.86140763
   3.40707358  -4.85015512
   3.40422668  -4.84649804
   3.39278225  -4.83181132
   3.39192564  -4.83082371
   3.38077902  -4.81672655
   3.37711328  -4.81210762
   3.36889884  -4.80177380
   3.36245034  -4.79329413
   3.35697818  -4.78664990
   3.34751507  -4.77467446
   3.34549038  -4.77197913
   3.33342166  -4.75706750
   3.33254329  -4.75609314
   3.32145351  -4.74215598
   3.31753849  -4.73663961
   3.31019675  -4.72725457
   3.30270298  -4.71789801
   3.29737906  -4.71212912
   3.28791801  -4.70015580
   3.28594165  -4.69745261
   3.27451631  -4.68276998
   3.27280356  -4.68079542
   3.26271007  -4.66764549
   3.25806899  -4.66198924
   3.24984675  -4.65252506
   3.24303553  -4.64350780
   3.23850428  -4.63784316
   3.22810444  -4.62490363
   3.22646593  -4.62294251
   3.21534897  -4.60785747
   3.21355849  -4.60593329
   3.20290774  -4.59318454
   3.19836397  -4.58762709
   3.19026171  -4.57802553
   3.18350639  -4.56982849
   3.17707635  -4.56315194
   3.16870119  -4.55476940
   3.16132951  -4.54806047
   3.15368713  -4.54085479
   3.14526372  -4.53340672
   3.13882312  -4.52780264
   3.12842168  -4.51855158
   3.12387205  -4.51479623
   3.11164402  -4.50377765
   3.10899806  -4.50174973
   3.09436452  -4.48934578
   3.09340337  -4.48844985
   3.07929589  -4.47556740
   3.07736444  -4.47378814
   3.06428855  -4.46266339
   3.05963737  -4.45890974
   3.04924991  -4.44984169
   3.04288346  -4.44416194
   3.03461266  -4.43653687
   3.02618765  -4.42909091
   3.01965630  -4.42353842
   3.00939837  -4.41436209
   3.00488665  -4.41044345
   2.99276179  -4.39919838
   2.99007190  -4.39721296
   2.97579882  -4.38460723
   2.97483787  -4.38371154
   2.96023448  -4.37126690
   2.95756863  -4.36925832
   2.94522961  -4.35836637
   2.94069691  -4.35456609
   2.93040812  -4.34529882
   2.92392706  -4.33967944
   2.91556331  -4.33224656
   2.90713667  -4.32480267
   2.90070720  -4.31920132
   2.89029266  -4.30995649
   2.88584486  -4.30615997
   2.87353542  -4.29518896
   2.87089050  -4.29316215
   2.85675999  -4.28033043
   2.85579925  -4.27943496
   2.84119775  -4.26699360
   2.83926713  -4.26521527
   2.82619526  -4.25409646
   2.82238751  -4.25052866
   2.81137892  -4.24103216
   2.80489916  -4.23541422
   2.79653836  -4.22798323
   2.78811004  -4.22054134
   2.78168605  -4.21494132
   2.77157590  -4.20558861
   2.76695629  -4.20168034
   2.75479316  -4.19068282
   2.75223321  -4.18857650
   2.73811223  -4.17558619
   2.73712945  -4.17472058
   2.72218496  -4.16274687
   2.72025473  -4.16096898
   2.70742954  -4.14974682
   2.70274139  -4.14586533
   2.69263113  -4.13742907
   2.68589498  -4.13117537
   2.67768254  -4.12369008
   2.66935678  -4.11604017
   2.66295745  -4.11040462
   2.65251032  -4.10121019
   2.64772362  -4.09679249
   2.63580161  -4.08645505
   2.63296618  -4.08371355
   2.61913849  -4.07133694
   2.61814411  -4.07048603
   2.60336531  -4.05823279
   2.60136041  -4.05655698
   2.58845007  -4.04552943
   2.58377143  -4.04162756
   2.57339102  -4.03257740
   2.56707350  -4.02692172
   2.55883158  -4.01921665
   2.55040006  -4.01180481
   2.54384373  -4.00624799
   2.53361505  -3.99715177
   2.52902762  -3.99319376
   2.51655166  -3.98250487
   2.51390820  -3.98047961
   2.49899204  -3.96833835
   2.49801413  -3.96746967
   2.48437707  -3.95692840
   2.47780667  -3.95213373
   2.46932529  -3.94587139
   2.45799807  -3.93780386
   2.45433827  -3.93494307
   2.43951418  -3.92351548
   2.43851316  -3.92269248
   2.42467925  -3.91257862
   2.41902272  -3.90793396
   2.41002399  -3.90111307
   2.39899614  -3.89232328
   2.39519319  -3.88965809
   2.38037509  -3.87956207
   2.37836603  -3.87789314
   2.36553688  -3.86821864
   2.35884006  -3.86301775
   2.35041453  -3.85654576
   2.33926767  -3.84817245
   2.33555208  -3.84538139
   2.32050912  -3.83440873
   2.31874827  -3.83334321
   2.30608265  -3.82384170
   2.29939265  -3.81836096
   2.29083459  -3.81197684
   2.27982060  -3.80351764
   2.27610531  -3.80072688
   2.26149177  -3.78996725
   2.25940511  -3.78844924
   2.24664296  -3.77918818
   2.23969383  -3.77387387
   2.23129932  -3.76756168
   2.21971429  -3.75851549
   2.21666334  -3.75607701
   2.20185400  -3.74481730
   2.20016103  -3.74366349
   2.18720363  -3.73425678
   2.17986380  -3.72870193
   2.17228415  -3.72312704
   2.16001357  -3.71432155
   2.15706801  -3.71172732
   2.14247521  -3.70098485
   2.14042128  -3.69939923
   2.12777773  -3.68989507
   2.12009258  -3.68427545
   2.11270082  -3.67885027
   2.10049415  -3.66969448
   2.09779450  -3.66771997
   2.08287898  -3.65666983
   2.08088543  -3.65498679
   2.06807988  -3.64540126
   2.06065140  -3.63982176
   2.05327244  -3.63421258
   2.04106537  -3.62505859
   2.03807803  -3.62253719
   2.02361528  -3.61170853
   2.02088055  -3.60977787
   2.00865400  -3.60076717
   2.00154881  -3.59502103
   1.99399293  -3.58921100
   1.98164106  -3.58042711
   1.97894272  -3.57845177
   1.96419198  -3.56707702
   1.96145765  -3.56514628
   1.94959472  -3.55658551
   1.94074875  -3.55047557
   1.93437552  -3.54655612
   1.91964552  -3.53780954
   1.91569779  -3.53542870
   1.90479326  -3.52881132
   1.89251622  -3.52047533
   1.88963170  -3.51879208
   1.87508841  -3.51021410
   1.86752976  -3.50558122
   1.85992620  -3.50112487
   1.84531906  -3.49245137
   1.84319797  -3.49103140
   1.83044258  -3.48330329
   1.81900335  -3.47616024
   1.81508655  -3.47373213
   1.80083228  -3.46558223
   1.79400143  -3.46127939
   1.78563765  -3.45586953
   1.77114011  -3.44662110
   1.77006680  -3.44594855
   1.75607619  -3.43781952
   1.74581195  -3.43128969
   1.74111118  -3.42860696
   1.72654572  -3.41981333
   1.72080979  -3.41638036
   1.71165737  -3.41077378
   1.69710230  -3.40188326
   1.69604112  -3.40116600
   1.68225273  -3.39258726
   1.67270750  -3.38650201
   1.66685878  -3.38305775
   1.65222654  -3.37448933
   1.64761258  -3.37165799
   1.63732497  -3.36527923
   1.62338038  -3.35677987
   1.62231033  -3.35610204
   1.60765843  -3.34759881
   1.59917848  -3.34222581
   1.59280993  -3.33830439
   1.57814403  -3.32926937
   1.57414944  -3.32700911
   1.56324753  -3.32056578
   1.55003693  -3.31241680
   1.54826656  -3.31135083
   1.53313610  -3.30283369
   1.52131599  -3.29802244
   1.51749810  -3.29672442
   1.50253039  -3.29434463
   1.48766630  -3.29409087
   1.47282515  -3.29408349
   1.45798410  -3.29407617
   1.44314172  -3.29360491
   1.42830086  -3.29359775
   1.41346009  -3.29359066
   1.39864398  -3.29336574
   1.38375283  -3.29333386
   1.36896330  -3.29335187
   1.35409825  -3.29309909
   1.33923103  -3.29331364
   1.32444294  -3.29333163
   1.30957755  -3.29307916
   1.29473749  -3.29307266
   1.27989752  -3.29306624
   1.26505763  -3.29305989
   1.25021782  -3.29305362
   1.23537809  -3.29304742
   1.22053845  -3.29304129
   1.20569889  -3.29303524
   1.19085940  -3.29302926
   1.17602000  -3.29302335
   1.16118067  -3.29301752
   1.14634142  -3.29301177
   1.13150224  -3.29300608
   1.11666187  -3.29253648
   1.10188151  -3.29277839
   1.08698543  -3.29252554
   1.07208729  -3.29274405
   1.05733531  -3.29229631
   1.04246776  -3.29204561
   1.02759817  -3.29226273
   1.01281990  -3.29228076
   0.99795197  -3.29203034
   0.98311471  -3.29248939
   0.96824343  -3.29224298
   0.95346697  -3.29226108
   0.93859851  -3.29201102
   0.92376031  -3.29200638
   0.90892217  -3.29200181
   0.89408409  -3.29199731
   0.87924607  -3.29199289
   0.86440811  -3.29198854
   0.84957021  -3.29198426
   0.83473237  -3.29198006
   0.81989459  -3.29197594
   0.80505686  -3.29197188
   0.79021919  -3.29196790
   0.77538157  -3.29196400
   0.76060586  -3.29174322
   0.74564327  -3.29171727
   0.73086793  -3.29148875
   0.71606406  -3.29126631
   0.70119338  -3.29101768
   0.68632079  -3.29123739
   0.67155273  -3.29125590
   0.65674481  -3.29079047
   0.64184358  -3.29007638
   0.62697043  -3.29029655
   0.61217025  -3.29099803
   0.59733322  -3.29099501
   0.58249623  -3.29099207
   0.56765928  -3.29098920
   0.55282238  -3.29098641
   0.53798551  -3.29098369
   0.52314869  -3.29098104
   0.50831190  -3.29097847
   0.49347515  -3.29097597
   0.47863844  -3.29097354
   0.46380176  -3.29097119
   0.44896512  -3.29096892
   0.43412851  -3.29096671
   0.41929098  -3.29050063
   0.40445444  -3.29049858
   0.38965568  -3.29027762
   0.37478161  -3.29003076
   0.35994516  -3.29002892
   0.34510874  -3.29002717
   0.33027235  -3.29002548
   0.31543598  -3.29002387
   0.30059964  -3.29002233
   0.28576333  -3.29002087
   0.27092704  -3.29001948
   0.25609077  -3.29001817
   0.24125452  -3.29001693
   0.22641830  -3.29001576
   0.21158209  -3.29001467
   0.19674591  -3.29001365
   0.18190974  -3.29001271
   0.16714311  -3.28979471
   0.15223758  -3.28954710
   0.13740147  -3.28954638
   0.12256536  -3.28954573
   0.10772928  -3.28954515
   0.09289239  -3.28908071
   0.07805634  -3.28908028
   0.06322109  -3.28954387
   0.04838426  -3.28907965
   0.03354823  -3.28907945
   0.01871222  -3.28907931
   0.00387621  -3.28907926
  -0.01085217  -3.28922993
  -0.02579569  -3.28861542
  -0.04070515  -3.28884173
  -0.05546775  -3.28907977
  -0.07023118  -3.28886307
  -0.08513963  -3.28861652
  -0.09997561  -3.28861698
  -0.11488600  -3.28884371
  -0.12960394  -3.28839934
  -0.14448354  -3.28861881
  -0.15931952  -3.28861956
  -0.17415551  -3.28862011
  -0.18899218  -3.28815736
  -0.20382748  -3.28861892
  -0.21866348  -3.28861843
  -0.23350015  -3.28816052
  -0.24833549  -3.28861766
  -0.26317151  -3.28861738
  -0.27800754  -3.28861717
  -0.29284358  -3.28861703
  -0.30760466  -3.28795046
  -0.32251627  -3.28768907
  -0.33735233  -3.28768915
  -0.35218842  -3.28768929
  -0.36702451  -3.28768950
  -0.38186062  -3.28768979
  -0.39669734  -3.28724989
  -0.41161112  -3.28794219
  -0.42629198  -3.28796525
  -0.44120524  -3.28769162
  -0.45604201  -3.28725838
  -0.47087822  -3.28726069
  -0.48571446  -3.28726307
  -0.50055072  -3.28726553
  -0.51538646  -3.28769551
  -0.53022331  -3.28727066
  -0.54505964  -3.28727334
  -0.55981717  -3.28705964
  -0.57473237  -3.28677197
  -0.58956879  -3.28677324
  -0.60440523  -3.28677458
  -0.61924171  -3.28677599
  -0.63407869  -3.28636306
  -0.64891474  -3.28677902
  -0.66375131  -3.28678064
  -0.67858838  -3.28637286
  -0.69342455  -3.28678409
  -0.70826122  -3.28678593
  -0.72309836  -3.28638333
  -0.73793510  -3.28638696
  -0.75277187  -3.28639067
  -0.76760868  -3.28639446
  -0.78244553  -3.28639832
  -0.79728242  -3.28640225
  -0.81211895  -3.28680072
  -0.82680309  -3.28567157
  -0.84179344  -3.28513230
  -0.85663051  -3.28513447
  -0.87146762  -3.28513672
  -0.88630478  -3.28513905
  -0.90114198  -3.28514144
  -0.91597923  -3.28514390
  -0.93081686  -3.28496595
  -0.94565420  -3.28496891
  -0.96049128  -3.28515172
  -0.97532903  -3.28497502
  -0.99016653  -3.28497819
  -1.00500407  -3.28498142
  -1.01984167  -3.28498473
  -1.03467933  -3.28498810
  -1.04951704  -3.28499155
  -1.06435481  -3.28499506
  -1.07919263  -3.28499865
  -1.09403051  -3.28500230
  -1.10886845  -3.28500603
  -1.12370646  -3.28500982
  -1.13854452  -3.28501369
  -1.15325244  -3.28467597
  -1.16822116  -3.28409366
  -1.18319235  -3.28464664
  -1.19789761  -3.28468048
  -1.21273598  -3.28468648
  -1.22748699  -3.28447761
  -1.24241304  -3.28411473
  -1.25725162  -3.28411915
  -1.27222518  -3.28467121
  -1.28714892  -3.28603368
  -1.30187897  -3.29026165
  -1.31638134  -3.29565583
  -1.32562125  -3.30031079
  -1.33130970  -3.30380400
  -1.34608694  -3.31224942
  -1.35067936  -3.31507068
  -1.36108347  -3.32128154
  -1.37568445  -3.32909868
  -1.37669373  -3.32989047
  -1.39066750  -3.33815764
  -1.40184369  -3.34455917
  -1.40543326  -3.34660395
  -1.42038470  -3.35573899
  -1.42766342  -3.35963891
  -1.43518752  -3.36415665
  -1.45003878  -3.37249693
  -1.45283333  -3.37429827
  -1.46496119  -3.38163733
  -1.47803828  -3.38891758
  -1.47983615  -3.38993634
  -1.49464210  -3.39835330
  -1.50401119  -3.40376669
  -1.50965848  -3.40734450
  -1.52411217  -3.41540064
  -1.52973809  -3.41903477
  -1.53927161  -3.42509365
  -1.55388699  -3.43289389
  -1.55567092  -3.43392975
  -1.56866164  -3.44144511
  -1.58167555  -3.44876308
  -1.58369005  -3.45036111
  -1.59842702  -3.45890344
  -1.60677706  -3.46354797
  -1.61348113  -3.46781686
  -1.62806719  -3.47568930
  -1.63188220  -3.47829634
  -1.64296797  -3.48488851
  -1.65693850  -3.49314616
  -1.65794260  -3.49395459
  -1.67274178  -3.50237579
  -1.68304845  -3.50779998
  -1.68764188  -3.51065688
  -1.70237516  -3.51919772
  -1.70888335  -3.52288248
  -1.71738203  -3.52819392
  -1.73213981  -3.53671722
  -1.73391135  -3.53777285
  -1.74677214  -3.54547892
  -1.75897693  -3.55261755
  -1.76174366  -3.55449938
  -1.77665675  -3.56461250
  -1.78121765  -3.56751254
  -1.79151812  -3.57480241
  -1.80257969  -3.58234868
  -1.80632247  -3.58509126
  -1.82093350  -3.59472996
  -1.82469173  -3.59743094
  -1.83605413  -3.60545657
  -1.84618558  -3.61208052
  -1.85089888  -3.61569530
  -1.86561318  -3.62609615
  -1.86658994  -3.62695644
  -1.88035582  -3.63648406
  -1.88798176  -3.64171852
  -1.89556444  -3.64709024
  -1.90945231  -3.65646455
  -1.91042559  -3.65733673
  -1.92485877  -3.66719069
  -1.93138616  -3.67176441
  -1.93997929  -3.67791943
  -1.95289714  -3.68640717
  -1.95464179  -3.68748504
  -1.96934866  -3.69791481
  -1.97411297  -3.70146020
  -1.98452203  -3.70858089
  -1.99559256  -3.71612833
  -1.99933611  -3.71887174
  -2.01394638  -3.72851396
  -2.01691348  -3.73103541
  -2.02879527  -3.73966353
  -2.03888424  -3.74637509
  -2.04370706  -3.74979974
  -2.05863869  -3.75988936
  -2.05962025  -3.76074957
  -2.07359011  -3.77088148
  -2.08093161  -3.77567049
  -2.08846344  -3.78106121
  -2.10286841  -3.79006846
  -2.10385680  -3.79091473
  -2.11810716  -3.80160458
  -2.12366677  -3.80534839
  -2.13322206  -3.81232503
  -2.14579913  -3.82041850
  -2.14778925  -3.82208370
  -2.16261274  -3.83234797
  -2.16715738  -3.83527784
  -2.17769855  -3.84315848
  -2.18850620  -3.85014906
  -2.19229052  -3.85283021
  -2.20721362  -3.86294770
  -2.20922355  -3.86460173
  -2.22219387  -3.87394066
  -2.23038701  -3.87976526
  -2.23697195  -3.88422868
  -2.25155051  -3.89394455
  -2.25254428  -3.89478038
  -2.26658865  -3.90483306
  -2.27312141  -3.90942455
  -2.28158369  -3.91580797
  -2.29260495  -3.92435115
  -2.29644992  -3.92791540
  -2.31024863  -3.93921190
  -2.31121847  -3.94009068
  -2.32597099  -3.95230477
  -2.32861264  -3.95432842
  -2.34068141  -3.96456089
  -2.34553181  -3.96895016
  -2.35579049  -3.97725950
  -2.36408850  -3.98387100
  -2.37071433  -3.98923825
  -2.38193530  -3.99847957
  -2.38579053  -4.00203084
  -2.39990015  -4.01315177
  -2.40087011  -4.01403069
  -2.41524716  -4.02648200
  -2.41795574  -4.02845899
  -2.43002845  -4.03867888
  -2.43559309  -4.04336623
  -2.44470569  -4.05098248
  -2.45323828  -4.05824104
  -2.45977338  -4.06373969
  -2.47181690  -4.07308149
  -2.47470870  -4.07574538
  -2.48923023  -4.08729817
  -2.49018208  -4.08820212
  -2.50417034  -4.10021953
  -2.50783935  -4.10306646
  -2.51895225  -4.11240305
  -2.52551221  -4.11790859
  -2.53414923  -4.12497572
  -2.54355419  -4.13238744
  -2.54928427  -4.13773038
  -2.56113816  -4.14721868
  -2.56403233  -4.14997878
  -2.57839333  -4.16168661
  -2.57936792  -4.16256026
  -2.59352660  -4.17436609
  -2.59719811  -4.17722151
  -2.60832722  -4.18654524
  -2.61483225  -4.19205634
  -2.62346057  -4.19922069
  -2.63203568  -4.20655544
  -2.63845329  -4.21212666
  -2.65030430  -4.22161704
  -2.65300660  -4.22363080
  -2.66776203  -4.23585761
  -2.66872569  -4.23675710
  -2.68247213  -4.24812297
  -2.68637224  -4.25162484
  -2.69750332  -4.26095020
  -2.70400213  -4.26646342
  -2.71240985  -4.27297852
  -2.72260539  -4.28139887
  -2.72717389  -4.28520817
  -2.74025395  -4.29627370
  -2.74195953  -4.29738730
  -2.75694659  -4.31027145
  -2.75791153  -4.31117107
  -2.77165657  -4.32253918
  -2.77629694  -4.32627081
  -2.78676574  -4.33525070
  -2.79338219  -4.34068903
  -2.80182660  -4.34804882
  -2.81178899  -4.35580443
  -2.81643455  -4.35952614
  -2.83018617  -4.37092790
  -2.83115348  -4.37181245
  -2.84627043  -4.38448557
  -2.84803670  -4.38559647
  -2.86105825  -4.39672207
  -2.86568050  -4.40046490
  -2.87587827  -4.40889178
  -2.88325790  -4.41528180
  -2.89095473  -4.42168699
  -2.90100415  -4.42998515
  -2.90600877  -4.43448595
  -2.91958012  -4.44513491
  -2.92055088  -4.44601472
  -2.93533091  -4.45824301
  -2.93724731  -4.46003805
  -2.95026866  -4.47116584
  -2.95492372  -4.47495774
  -2.96491605  -4.48449499
  -2.97049341  -4.49007751
  -2.97974074  -4.50037627
  -2.98346220  -4.50503664
  -2.99400221  -4.51968824
  -2.99485152  -4.52067779
  -3.00516635  -4.53458787
  -3.00954060  -4.54035953
  -3.01603293  -4.54965899
  -3.02441867  -4.56082088
  -3.02718136  -4.56456201
  -3.03835404  -4.57942723
  -3.03922726  -4.58040313
  -3.04906868  -4.59379652
  -3.05426062  -4.60079287
  -3.05975134  -4.60918710
  -3.06878419  -4.62056320
  -3.07153467  -4.62431930
  -3.08206478  -4.63898135
  -3.08399970  -4.64171652
  -3.09324633  -4.65380335
  -3.09868979  -4.66140653
  -3.10413303  -4.66895527
  -3.11379041  -4.68266296
  -3.11462644  -4.68363596
  -3.12578786  -4.69852941
  -3.12857877  -4.70225149
  -3.13694193  -4.71344228
  -3.14335328  -4.72187401
  -3.14811573  -4.72830686
  -3.15812739  -4.74243220
  -3.15899598  -4.74341147
  -3.16982516  -4.75788666
  -3.17336947  -4.76266220
  -3.18004850  -4.77275078
  -3.18819883  -4.78315637
  -3.19184757  -4.78785765
  -3.20238330  -4.80253932
  -3.20323303  -4.80352945
  -3.21355987  -4.81745002
  -3.21793637  -4.82322504
  -3.22441611  -4.83252463
  -3.23281649  -4.84369604
  -3.23558232  -4.84741719
  -3.24674612  -4.86234535
  -3.24757797  -4.86334433
  -3.25697953  -4.87714863
  -3.26238777  -4.88387289
  -3.26815303  -4.89208639
  -3.27742835  -4.90425186
  -3.27997206  -4.90721425
  -3.28985748  -4.92167684
  -3.29242584  -4.92463801
  -3.30102392  -4.93656963
  -3.30735112  -4.94513122
  -3.31189331  -4.95165839
  -3.32202960  -4.96482631
  -3.32370423  -4.96680738
  -3.33444972  -4.98118172
  -3.33732583  -4.98498613
  -3.34577372  -4.99628982
  -3.35192340  -5.00477472
  -3.35657646  -5.01128007
  -3.36689064  -5.02519122
  -3.36774566  -5.02617209
  -3.37831343  -5.04089052
  -3.38193430  -5.04556508
  -3.38945636  -5.05575236
  -3.39678040  -5.06612196
  -3.40032842  -5.07086573
  -3.41128516  -5.08501503
  -3.41213194  -5.08600445
  -3.42194476  -5.10036944
  -3.42644479  -5.10625927
  -3.43291206  -5.11555917
  -3.44132745  -5.12674062
  -3.44409314  -5.13048623
  -3.45527069  -5.14540372
  -3.45632080  -5.14718442
  -3.46546807  -5.16020711
  -3.47091451  -5.16694204
  -3.47666904  -5.17515670
  -3.48615506  -5.18714144
  -3.48813095  -5.18984493
  -3.49930508  -5.20474922
  -3.50123669  -5.20758118
  -3.51015840  -5.21982246
  -3.51605799  -5.22809553
  -3.52138598  -5.23481733
  -3.53060023  -5.24795015
  -3.53226629  -5.24990873
  -3.54309894  -5.26439143
  -3.54584320  -5.26820314
  -3.55392466  -5.27944422
  -3.56050417  -5.28792111
  -3.56515479  -5.29442876
  -3.57525094  -5.30758557
  -3.57632771  -5.30932948
  -3.58691714  -5.32406356
  -3.59045541  -5.32883358
  -3.59770327  -5.33908100
  -3.60539075  -5.34930894
  -3.60892846  -5.35405142
  -3.61949901  -5.36876515
  -3.62033143  -5.36971175
  -3.63078068  -5.38381618
  -3.63507339  -5.38947258
  -3.64152836  -5.39877290
  -3.64973702  -5.40919501
  -3.65270740  -5.41368443
  -3.66388679  -5.42859649
  -3.66498912  -5.43032371
  -3.67459060  -5.44303018
  -3.67989672  -5.45003132
  -3.68531160  -5.45841381
  -3.69485042  -5.47137914
  -3.69649667  -5.47333321
  -3.70796114  -5.48802168
  -3.70991020  -5.49086112
  -3.71827853  -5.50299174
  -3.72473387  -5.51138639
  -3.73006779  -5.51811378
  -3.73972229  -5.53179298
  -3.74058940  -5.53277573
  -3.75163917  -5.54761358
  -3.75454399  -5.55152354
  -3.76268487  -5.56285895
  -3.76943100  -5.57202710
  -3.77387043  -5.57777921
  -3.78418491  -5.59169272
  -3.78504215  -5.59268135
  -3.79564645  -5.60742306
  -3.79918382  -5.61219491
  -3.80650319  -5.62254644
  -3.81412782  -5.63268386
  -3.81768688  -5.63746398
  -3.82824174  -5.65215197
  -3.82906437  -5.65309567
  -3.83956238  -5.66723234
  -3.84391495  -5.67276105
  -3.85058975  -5.68197450
  -3.85882215  -5.69335845
  -3.86151186  -5.69716056
  -3.87209045  -5.71186679
  -3.87374828  -5.71374869
  -3.88397954  -5.72664553
  -3.88879709  -5.73334794
  -3.89445187  -5.74170043
  -3.90369142  -5.75384293
  -3.90561187  -5.75660057
  -3.91674767  -5.77148683
  -3.91871423  -5.77433418
  -3.92708812  -5.78647318
  -3.93354084  -5.79487097
  -3.93824386  -5.80137107
  -3.94830600  -5.81453342
  -3.95004127  -5.81650036
  -3.96013831  -5.83086943
  -3.96367227  -5.83576851
  -3.97092546  -5.84617401
  -3.97826980  -5.85555559
  -3.98209764  -5.86108379
  -3.99302812  -5.87523322
  -3.99388589  -5.87622258
  -4.00453285  -5.89096434
  -4.00830785  -5.89650623
  -4.01537033  -5.90611265
  -4.02312071  -5.91703647
  -4.02591993  -5.92076829
  -4.03715089  -5.93571515
  -4.03793226  -5.93667829
  -4.04854298  -5.95081667
  -4.05272162  -5.95647779
  -4.05921325  -5.96583663
  -4.06761518  -5.97699403
  -4.07038613  -5.98074740
  -4.08132978  -5.99501251
  -4.08344266  -5.99779262
  -4.09254547  -6.01009270
  -4.09790470  -6.01788788
  -4.10309667  -6.02560973
  -4.11235359  -6.03771989
  -4.11425136  -6.04049790
  -4.12484897  -6.05513288
  -4.12748012  -6.05920961
  -4.13401165  -6.07064140
  -4.13916084  -6.08609046
  -4.13863833  -6.10100400
  -4.13725758  -6.11589652
  -4.13543048  -6.13080873
  -4.13411040  -6.14565847
  -4.13270700  -6.16063679
  -4.13138716  -6.17548588
  -4.12998372  -6.19046645
  -4.12815687  -6.20538065
  -4.12724346  -6.21283791
  -4.12569604  -6.22050355
  -4.12195083  -6.23513123
  -4.11351699  -6.24996652
  -4.11152359  -6.25264558
  -4.10048414  -6.26481386
  -4.09653731  -6.26923533
  -4.08724765  -6.27950370
  -4.08161953  -6.28596792
  -4.07357629  -6.29461979
  -4.06700768  -6.30200285
  -4.05964652  -6.30950820
  -4.05192438  -6.31854731
  -4.04639437  -6.32418640
  -4.03726397  -6.33455626
  -4.03271702  -6.33928835
  -4.02245359  -6.35041112
  -4.01946937  -6.35396612
  -4.00782762  -6.36643908
  -4.00509425  -6.36928904
  -3.99277151  -6.38302663
  -3.99195085  -6.38402876
  -3.97954634  -6.39861479
  -3.97768898  -6.40047614
  -3.96492143  -6.41373895
  -3.96306408  -6.41560035
  -3.95169272  -6.42843939
  -3.94813233  -6.43229378
  -3.93776437  -6.44332838
  -3.93328683  -6.44812640
  -3.92406689  -6.45842385
  -3.91826271  -6.46470853
  -3.91083791  -6.47311086
  -3.90336404  -6.48144825
  -3.89690978  -6.48800417
  -3.88874270  -6.49655574
  -3.88223848  -6.50306306
  -3.87353478  -6.51102776
  -3.86516000  -6.51747442
  -3.85856983  -6.52188896
  -3.84390779  -6.53058690
  -3.84193265  -6.53211706
  -3.82902748  -6.53987773
  -3.81700977  -6.54739411
  -3.81418049  -6.54918502
  -3.79932881  -6.55755941
  -3.79269594  -6.56207290
  -3.78443808  -6.56684373
  -3.76938798  -6.57579685
  -3.76756551  -6.57696776
  -3.75469601  -6.58450328
  -3.74265506  -6.59200889
  -3.73982585  -6.59380001
  -3.72477539  -6.60275372
  -3.71849541  -6.60686459
  -3.71011210  -6.61147821
  -3.69532466  -6.62095663
  -3.69433466  -6.62187053
  -3.68020730  -6.62971613
  -3.66924070  -6.63659652
  -3.66533695  -6.63901386
  -3.65042210  -6.64737501
  -3.64491471  -6.65131950
  -3.63571621  -6.65700688
  -3.62098656  -6.66558788
  -3.61999154  -6.66649310
  -3.60585345  -6.67434030
  -3.59566741  -6.68106549
  -3.59109260  -6.68396253
  -3.57611213  -6.69200481
  -3.57058280  -6.69593571
  -3.56136698  -6.70163495
  -3.54663679  -6.71021692
  -3.54565022  -6.71112123
  -3.53150134  -6.71896992
  -3.51939320  -6.72547382
  -3.51660338  -6.72694601
  -3.50183790  -6.73198850
  -3.48687221  -6.73714648
  -3.47940112  -6.74015193
  -3.47205126  -6.74311109
  -3.45718441  -6.74735477
  -3.44233458  -6.75238844
  -3.43486998  -6.75493574
  -3.42734746  -6.75754567
  -3.41249217  -6.76218050
  -3.39749113  -6.76734321
  -3.39186295  -6.76961885
  -3.38283312  -6.77279079
  -3.36799800  -6.77744166
  -3.35312222  -6.78207600
  -3.34739797  -6.78466820
  -3.33809569  -6.78815076
  -3.32330186  -6.79186046
  -3.30830478  -6.79742082
  -3.30277380  -6.79950605
  -3.29347071  -6.80298865
  -3.27861580  -6.80762456
  -3.26383437  -6.81266935
  -3.26003652  -6.81436216
  -3.24896781  -6.81824082
  -3.23405299  -6.82247108
  -3.21921148  -6.82750965
  -3.21542600  -6.82909840
  -3.20425559  -6.83266993
  -3.18942835  -6.83637833
  -3.17455261  -6.84008096
         
