-0.382105 -2.092207 -4.578124
-0.382803 -2.096028 -4.582569
-0.384151 -2.103412 -4.592742
-0.385436 -2.110449 -4.602278
-0.386269 -2.115008 -4.607850
-0.388129 -2.125191 -4.621633
-0.388271 -2.125969 -4.622721
-0.390160 -2.136315 -4.637376
-0.390812 -2.139881 -4.641157
-0.392281 -2.147929 -4.652501
-0.393486 -2.154522 -4.660682
-0.394334 -2.159165 -4.667136
-0.396125 -2.168973 -4.680417
-0.396450 -2.170755 -4.682239
-0.398340 -2.181103 -4.696896
-0.398826 -2.183762 -4.699746
-0.400344 -2.192076 -4.711773
-0.401540 -2.198625 -4.720026
-0.402513 -2.203951 -4.726662
-0.404210 -2.213242 -4.739569
-0.404517 -2.214924 -4.741541
-0.406520 -2.225894 -4.756423
-0.406795 -2.227398 -4.758444
-0.408474 -2.236589 -4.771547
-0.409514 -2.242283 -4.778800
-0.410641 -2.248459 -4.786416
-0.412184 -2.256904 -4.798337
-0.412531 -2.258806 -4.801072
-0.414655 -2.270432 -4.816218
-0.414855 -2.271528 -4.817874
-0.416652 -2.281367 -4.831060
-0.417489 -2.285951 -4.836661
-0.418708 -2.292625 -4.845731
-0.420195 -2.300770 -4.856022
-0.420716 -2.303619 -4.860602
-0.422752 -2.314771 -4.875295
-0.422925 -2.315715 -4.876271
-0.424723 -2.325560 -4.890376
-0.425541 -2.330043 -4.896023
-0.426838 -2.337140 -4.905488
-0.428175 -2.344462 -4.914807
-0.428893 -2.348393 -4.920167
-0.430810 -2.358891 -4.934836
-0.430940 -2.359601 -4.935807
-0.432904 -2.370354 -4.949932
-0.433558 -2.373939 -4.954641
-0.434908 -2.381328 -4.964820
-0.436229 -2.388564 -4.974185
-0.437025 -2.392921 -4.979926
-0.438939 -2.403400 -4.993589
-0.439086 -2.404209 -4.994591
-0.441087 -2.415164 -5.009489
-0.441575 -2.417837 -5.013266
-0.443091 -2.426134 -5.024382
-0.444250 -2.432482 -5.032799
-0.445258 -2.438001 -5.039286
-0.446960 -2.447320 -5.052189
-0.447267 -2.449003 -5.054162
-0.449108 -2.459081 -5.069046
-0.449634 -2.461961 -5.072651
-0.451159 -2.470314 -5.083723
-0.452266 -2.476372 -5.091445
-0.453280 -2.481923 -5.098841
-0.455020 -2.491455 -5.111558
-0.455334 -2.493173 -5.113511
-0.457404 -2.504505 -5.128836
-0.457612 -2.505644 -5.130538
-0.459344 -2.515126 -5.143298
-0.460285 -2.520279 -5.150087
-0.461464 -2.526738 -5.158420
-0.462999 -2.535139 -5.170385
-0.463469 -2.537715 -5.173315
-0.465515 -2.548916 -5.188029
-0.465674 -2.549790 -5.188937
-0.467485 -2.559704 -5.203094
-0.468303 -2.564184 -5.208744
-0.469488 -2.570671 -5.217994
-0.471019 -2.579053 -5.229027
-0.471654 -2.582532 -5.232904
-0.473580 -2.593078 -5.247590
-0.473714 -2.593810 -5.248615
-0.475669 -2.604515 -5.262689
-0.476324 -2.608101 -5.267401
-0.477674 -2.615494 -5.277587
-0.479037 -2.622956 -5.287732
-0.479682 -2.626486 -5.292482
-0.481672 -2.637384 -5.306489
-0.481839 -2.638298 -5.307421
-0.483694 -2.648457 -5.322279
-0.484345 -2.652022 -5.326997
-0.485696 -2.659416 -5.337185
-0.487059 -2.666882 -5.346387
-0.487868 -2.671311 -5.352087
-0.489733 -2.681523 -5.365015
-0.489927 -2.682585 -5.366766
-0.491994 -2.693902 -5.382102
-0.492367 -2.695946 -5.384744
-0.493887 -2.704270 -5.396789
-0.495082 -2.710810 -5.405053
-0.496056 -2.716142 -5.411699
-0.497756 -2.725452 -5.424624
-0.498063 -2.727135 -5.426599
-0.500069 -2.738118 -5.441503
-0.500430 -2.740094 -5.444192
-0.502076 -2.749108 -5.456405
-0.503104 -2.754736 -5.463768
-0.504085 -2.760106 -5.471307
-0.505780 -2.769386 -5.483293
-0.506134 -2.771328 -5.485996
-0.508208 -2.782684 -5.501335
-0.508414 -2.783808 -5.503038
-0.510147 -2.793296 -5.515808
-0.511129 -2.798675 -5.522449
-0.512274 -2.804947 -5.530935
-0.513763 -2.813099 -5.542168
-0.514275 -2.815901 -5.545850
-0.516322 -2.827109 -5.560577
-0.516477 -2.827960 -5.561488
-0.518345 -2.838186 -5.575438
-0.519154 -2.842614 -5.581174
-0.520305 -2.848919 -5.590563
-0.521788 -2.857041 -5.600871
-0.522465 -2.860745 -5.605490
-0.524464 -2.871689 -5.619511
-0.524602 -2.872446 -5.620572
-0.526484 -2.882754 -5.635300
-0.527140 -2.886343 -5.640016
-0.528491 -2.893742 -5.650211
-0.529855 -2.901212 -5.659420
-0.530551 -2.905022 -5.664900
-0.532490 -2.915640 -5.678226
-0.532695 -2.916758 -5.679841
-0.534630 -2.927357 -5.695149
-0.535161 -2.930264 -5.698714
-0.536684 -2.938600 -5.709863
-0.537843 -2.944946 -5.718306
-0.538692 -2.949598 -5.724775
-0.540518 -2.959595 -5.737879
-0.540707 -2.960631 -5.739683
-0.542751 -2.971822 -5.754384
-0.543274 -2.974685 -5.758112
-0.544722 -2.982612 -5.769513
-0.545911 -2.989122 -5.777787
-0.546885 -2.994458 -5.784439
-0.548587 -3.003778 -5.797376
-0.548895 -3.005463 -5.799352
-0.550902 -3.016454 -5.814269
-0.551198 -3.018071 -5.816321
-0.553022 -3.028059 -5.829417
-0.553897 -3.032852 -5.835762
-0.555079 -3.039325 -5.844111
-0.556577 -3.047527 -5.855353
-0.557087 -3.050317 -5.859030
-0.559135 -3.061532 -5.873767
-0.559287 -3.062362 -5.874682
-0.561114 -3.072365 -5.888858
-0.561928 -3.076826 -5.894509
-0.563117 -3.083335 -5.903781
-0.564645 -3.091702 -5.914831
-0.565163 -3.094540 -5.918485
-0.567172 -3.105537 -5.933461
-0.567317 -3.106330 -5.934364
-0.569192 -3.116596 -5.948323
-0.570042 -3.121253 -5.954855
-0.571155 -3.127350 -5.963464
-0.572679 -3.135694 -5.973632
-0.573325 -3.139229 -5.978390
-0.575314 -3.150120 -5.992437
-0.575473 -3.150989 -5.993357
-0.577345 -3.161238 -6.008236
-0.578035 -3.165018 -6.012817
-0.579352 -3.172231 -6.023161
-0.580711 -3.179671 -6.032382
-0.581407 -3.183483 -6.037867
-0.583391 -3.194346 -6.052008
-0.583539 -3.195157 -6.053013
-0.585424 -3.205477 -6.067719
-0.586107 -3.209219 -6.072353
-0.587439 -3.216508 -6.082647
