# shadow point cont 3D ind 52  size 1089
# norm  0.9177546 -0.3971479  0.0000000
# angle  0.4084070
   1.13699942576080    2.62745064747580   -6.81393209777958
   1.13795612697679    2.62966145354346   -6.81171388246760
   1.14347913718265    2.64242437708821   -6.80046728913625
   1.14468204940984    2.64520414323283   -6.79864169529473
   1.14954020718016    2.65643068344908   -6.79452050426791
   1.15540348406494    2.66997991689478   -6.79046397843376
   1.16126358850234    2.68352181924712   -6.78623384915896
   1.16425873185815    2.69044318716623   -6.78388847337172
   1.16721224577848    2.69726835513596   -6.78119104461769
   1.17313362499228    2.71095185514198   -6.77664708706441
   1.17904643638248    2.72461555607586   -6.77302129886886
   1.18451137792051    2.73724429084667   -6.76880925024275
   1.18491747860024    2.73818273414728   -6.76814436378891
   1.19078648087477    2.75174519818804   -6.76398512973918
   1.19669193945197    2.76539190777362   -6.76028213568396
   1.20261959879705    2.77908992030676   -6.75595072387507
   1.20553796969791    2.78583387755010   -6.75387409613862
   1.20851850429713    2.79272148662457   -6.75128280611571
   1.21444924189089    2.80642661257071   -6.74681475881212
   1.22031880537078    2.81999037348053   -6.74289240795670
   1.22545773580261    2.83186574103527   -6.73875706466462
   1.22621622394909    2.83361850372489   -6.73803772923774
   1.23213858883345    2.84730428148119   -6.73367514443092
   1.23799715657097    2.86084263272963   -6.72883065616736
   1.24307031702356    2.87256601482984   -6.72384027450576
   1.24380807246433    2.87427086706335   -6.72291098212668
   1.24972182389042    2.88793674029202   -6.71466990272416
   1.25413575468611    2.89813673253852   -6.70896824701455
   1.25561128116393    2.90154647304644   -6.70710975290406
   1.26152218881788    2.91520577470543   -6.69886591792969
   1.26482513480081    2.92283843252811   -6.69422239465663
   1.26744514166752    2.92889291116931   -6.69053501580559
   1.27329214548719    2.94240453978030   -6.68303421358088
   1.27551289096608    2.94753637979198   -6.67934746249714
   1.27924841561653    2.95616866793491   -6.67380639593858
   1.28515544690949    2.96981901185214   -6.66562778294164
   1.28587039164735    2.97147115166140   -6.66460831709940
   1.29109158269656    2.98353661228699   -6.65719847837853
   1.29659390947327    2.99625173924709   -6.64977963383335
   1.29699659921626    2.99718230033794   -6.64899969638386
   1.30283832197990    3.01068172514851   -6.64124679288456
   1.30728240020563    3.02095138399534   -6.63477857482263
   1.30875809189870    3.02436150629320   -6.63292095078156
   1.31468454349408    3.03805672788146   -6.62477156532041
   1.31834919859794    3.04652524616498   -6.61991399187915
   1.32063593654804    3.05180958577983   -6.61656855190152
   1.32647917766833    3.06531251930558   -6.60895025028131
   1.32901887578781    3.07118141538172   -6.60512922914693
   1.33243980059120    3.07908670617253   -6.59984345972289
   1.33824117508737    3.09249289163830   -6.59212172062362
   1.33937343813916    3.09510939717131   -6.59029789001891
   1.34424380606239    3.10636415338613   -6.58311914059372
   1.34974703269317    3.11908135978629   -6.57563100783313
   1.35014734201152    3.12000642004036   -6.57483063255186
   1.35595434858743    3.13342562047449   -6.56690372437661
   1.36072641993819    3.14445322671270   -6.56033555755654
   1.36184336106064    3.14703432535608   -6.55852371044445
   1.36775201713203    3.16068842391477   -6.54938181541043
   1.36990158437813    3.16565578073534   -6.54562031115636
   1.37359738169525    3.17419626442759   -6.53813093004446
   1.37694732803715    3.18193753367156   -6.53093825001641
   1.37952715795332    3.18789916885802   -6.52442492002135
   1.38284407808444    3.19556411903185   -6.51605073325473
   1.38542391412825    3.20152576837847   -6.50953757822143
   1.38903403671317    3.20986826944602   -6.50097396971926
   1.39130752047810    3.21512198044611   -6.49547086734378
   1.39537649338624    3.22452482204816   -6.48628082140684
   1.39721924476583    3.22878316923438   -6.48162881747344
   1.40127329280302    3.23815152149463   -6.47139450451953
   1.40311604924693    3.24240988038381   -6.46674262377732
   1.40745958053548    3.25244718896803   -6.45630955181772
   1.40893348093573    3.25585317183240   -6.45258736537928
   1.41371360843925    3.26689939474122   -6.44129861312697
   1.41483171043875    3.26948317601320   -6.43854353809205
   1.41970268413433    3.28073933208533   -6.42674187073450
   1.42080834860123    3.28329437191527   -6.42395095869459
   1.42559955822430    3.29436620409136   -6.41185712387447
   1.42670522626115    3.29692125217098   -6.40906628432911
   1.43179493208580    3.30868286837011   -6.39675310656208
   1.43254209849035    3.31040946805779   -6.39491972487276
   1.43777672908747    3.32250598564616   -6.38209609709848
   1.43852703638698    3.32423984351384   -6.38027140607306
   1.44402921077064    3.33695461831438   -6.36720918064007
   1.44439777085126    3.33780631040894   -6.36627897151691
   1.44992617128076    3.35058169002558   -6.35232597273694
   1.45029473272817    3.35143338527864   -6.35139578730595
   1.45605286342145    3.36473964021205   -6.33807787682332
   1.45641895693588    3.36558563240846   -6.33714192446657
   1.46153419307102    3.37740624567418   -6.32247203240892
   1.46188133546837    3.37820844442293   -6.32151150412940
   1.46477506084169    3.38489544921245   -6.30786277145455
   1.46555829065803    3.38670538652767   -6.29314091408477
   1.46554340763000    3.38667099387913   -6.27827662009580
   1.46545589426633    3.38646876242780   -6.26336938586588
   1.46507300792770    3.38558396430429   -6.24831792094194
   1.46513579706448    3.38572906143834   -6.23351812980627
   1.46475410763025    3.38484702919771   -6.21859803345394
   1.46465645547131    3.38462136837289   -6.20369399926196
   1.46427199390971    3.38373293012387   -6.18877514227065
   1.46420609145232    3.38358063853039   -6.17379422298314
   1.46387263801719    3.38281007310690   -6.15894055376841
   1.46348934200189    3.38192432827645   -6.14405779553225
   1.46269093527884    3.38007931919914   -6.12925211780129
   1.46160861775218    3.37757823096483   -6.12192523266891
   1.46025217790968    3.37444368343410   -6.11467274127011
   1.45614438059284    3.36495112391710   -6.09971962238654
   1.45580508957272    3.36416706863063   -6.09880596147951
   1.45133183338786    3.35382998349853   -6.08494245971029
   1.44985831125743    3.35042487476412   -6.08106787121292
   1.44617734285174    3.34191865866432   -6.06990311844508
   1.44395765997982    3.33678927419247   -6.06332038154232
   1.44101378657969    3.32998638415048   -6.05499008574877
   1.43801711146353    3.32306147654203   -6.04558165463446
   1.43591495584648    3.31820368153180   -6.03982916309332
   1.43212008522412    3.30943425293940   -6.02779740889036
   1.43107211159682    3.30701252877385   -6.02486700596736
   1.42625223053002    3.29587444080054   -6.01089595538278
   1.42589611658732    3.29505151003371   -6.00993114916358
   1.42107646135828    3.28391394394069   -5.99498573340945
   1.42037005674884    3.28228153920379   -5.99305516273806
   1.41617315643432    3.27258307480801   -5.98026828822133
   1.41437324890711    3.26842373392302   -5.97548416609634
   1.41098215884699    3.26058738715606   -5.96532101948919
   1.40841383372231    3.25465233797408   -5.95778515227274
   1.40588285477043    3.24880359070543   -5.95014905548182
   1.40251034162191    3.24101017264827   -5.94001881980884
   1.40073322099179    3.23690348917556   -5.93523817101904
   1.39659323602824    3.22733654839567   -5.92223415211930
   1.39589474553964    3.22572243211298   -5.92028109582424
   1.39098206230380    3.21436989098025   -5.90557552854441
   1.39061925830203    3.21353150039908   -5.90458890480346
   1.38613343655061    3.20316537795591   -5.89075279556321
   1.38466543691360    3.19977303095084   -5.88695190562753
   1.38096853438980    3.19122999327665   -5.87568216302241
   1.37878408806577    3.18618203566259   -5.86909975542535
   1.37583252227737    3.17936136956013   -5.86078143910399
   1.37292984299356    3.17265367350429   -5.85214091614811
   1.37074218228632    3.16759828788892   -5.84561238963521
   1.36695496797095    3.15884655197807   -5.83358844968273
   1.36590742951054    3.15642583342386   -5.83065954843874
   1.36108776400218    3.14528824357672   -5.81669476066320
   1.36073179584473    3.14446564969972   -5.81573045253294
   1.35580919361071    3.13309018711462   -5.80102331647486
   1.35510267248023    3.13145751311348   -5.79907779440359
   1.35072993868497    3.12135272151791   -5.78585394910634
   1.34921311984121    3.11784755998235   -5.78130060752008
   1.34581753443338    3.11000082507974   -5.77115799681911
   1.34325807133164    3.10408625482447   -5.76361124501614
   1.34066460621942    3.09809311055904   -5.75623929843200
   1.33731518782236    3.09035306132361   -5.74590383276596
   1.33557540888339    3.08633266940777   -5.74107430936890
   1.33144318775025    3.07678366978138   -5.72807836115570
   1.33074498155014    3.07517021045065   -5.72612628960080
   1.32583133038828    3.06381543257285   -5.71143065294426
   1.32547214344729    3.06298540052596   -5.71044217691523
   1.32075329924609    3.05208079497307   -5.69626570080601
   1.31966016682312    3.04955471498794   -5.69348184036460
   1.31547619560035    3.03988612796037   -5.68157301554605
   1.31363072959277    3.03562150763897   -5.67591535921241
   1.31039387847627    3.02814158604082   -5.66640674629409
   1.30773794537985    3.02200408678116   -5.65815245030956
   1.30532304353957    3.01642357789077   -5.65124777002800
   1.30190837914164    3.00853275404338   -5.64022374336120
   1.30050884043254    3.00529861090833   -5.63633213484592
   1.29595767003670    2.99478147665794   -5.62352822406774
   1.29550148389947    2.99372729269401   -5.62186394421756
   1.29066352812203    2.98254743652883   -5.60691658944013
   1.28996912871837    2.98094277418565   -5.60498262736452
   1.28550502742731    2.97062684476489   -5.59200677328108
   1.28410542169992    2.96739254675969   -5.58805547434967
   1.28042431277068    2.95888600592913   -5.57684534118580
   1.27822089407664    2.95379420575480   -5.57027478263930
   1.27525493604322    2.94694028113643   -5.56193044966184
   1.27222404611870    2.93993630777093   -5.55272270083867
   1.27035220923147    2.93561074794223   -5.54723826704375
   1.26629989006986    2.92624639087773   -5.53499202971938
   1.26525299146228    2.92382715093618   -5.53206535270315
   1.26053330287600    2.91292059412449   -5.51789144149480
   1.26017840381495    2.91210047078352   -5.51692468363488
   1.25526610502465    2.90074881805199   -5.50222067979090
   1.25446646081745    2.89890094931755   -5.49955677237937
   1.25035687073348    2.88940424696015   -5.48753431614188
   1.24856520842526    2.88526395965206   -5.48274193571783
   1.24517335316139    2.87742584460354   -5.47260741260996
   1.24261670328632    2.87151777533154   -5.46506677361057
   1.24001674239400    2.86550962020395   -5.45769875901111
   1.23667927305136    2.85779718360411   -5.44737336751963
   1.23493068778202    2.85375644145948   -5.44254500195500
   1.23081026788004    2.84423471286925   -5.42956068256127
   1.23011247931535    2.84262221863702   -5.42761006848983
   1.22530545512640    2.83151384115543   -5.41269415834605
   1.22495328442528    2.83070002268225   -5.41172222424866
   1.22013023216070    2.81955460650327   -5.39777863385624
   1.21896700182193    2.81686653979231   -5.39416225513413
   1.21521614080934    2.80819881140755   -5.38308822451234
   1.21301903690458    2.80312160385024   -5.37649156084415
   1.21014045992015    2.79646960492203   -5.36793239966858
   1.20721476777632    2.78970872928440   -5.35948034360809
   1.20497064799778    2.78452287445320   -5.35302980505917
   1.20129354147162    2.77602558263045   -5.34177058179198
   1.19988564608515    2.77277212835338   -5.33787984700721
   1.19543863349785    2.76249568859703   -5.32393151519226
   1.19507747823271    2.76166110802141   -5.32296377223485
   1.19017301266429    2.75032755679764   -5.30826963098154
   1.18946408478564    2.74868932112964   -5.30633922272788
   1.18499729429389    2.73836717733276   -5.29335578811543
   1.18347217533942    2.73484283537301   -5.28879738634248
   1.18008266925608    2.72701014896040   -5.27866787631999
   1.17761920126862    2.72131741032569   -5.27187195497564
   1.17501301553871    2.71529487044717   -5.26352414863384
   1.17162881439933    2.70747444303675   -5.25339342069928
   1.16983592613562    2.70333132271268   -5.24860478462967
   1.16581754518449    2.69404539222525   -5.23638814060412
   1.16503215016885    2.69223045142968   -5.23370589349299
   1.16011651424620    2.68087108704031   -5.21901235046642
   1.15976258861511    2.68005321316323   -5.21802717281988
   1.15504743636268    2.66915713920057   -5.20387134538602
   1.15397784689876    2.66668546378382   -5.20098847653427
   1.14978080193308    2.65698666511892   -5.18919924723054
   1.14793282282202    2.65271623735805   -5.18354177366828
   1.14495628399405    2.64583786196612   -5.17427253879163
   1.14204188982771    2.63910309441403   -5.16579815435686
   1.13988998881389    2.63413034457445   -5.15913115722814
   1.13622100782670    2.62565182976437   -5.14789168895315
   1.13480768968380    2.62238584423656   -5.14400163186349
   1.13035644287199    2.61209961976469   -5.13100937146496
   1.12990904104497    2.61106573514396   -5.12932413440242
   1.12473434463209    2.59910771728356   -5.11440221539506
   1.12429160504882    2.59808460647244   -5.11269149486668
   1.11982626234305    2.58776580831153   -5.09972933654007
   1.11843838127631    2.58455860439851   -5.09578670675321
   1.11475423520700    2.57604504515134   -5.08458480754784
   1.11255472397740    2.57096227459455   -5.07802439359042
   1.10957963420863    2.56408724778087   -5.06967794521028
   1.10656162186322    2.55711303274489   -5.06049220735036
   1.10468035139736    2.55276567320221   -5.05501279848450
   1.10064698787782    2.54344512004202   -5.04278362628338
   1.09961012358922    2.54104906804347   -5.03983925861181
   1.09478742975238    2.52990448014212   -5.02590973900215
   1.09442873820875    2.52907559289098   -5.02494899278171
   1.08988193194055    2.51856854354456   -5.01027876899274
   1.08878683617510    2.51603792654266   -5.00749854101343
   1.08470563406554    2.50660682492352   -4.99536859956677
   1.08301702828718    2.50270468720457   -4.99039864485008
   1.07964340158689    2.49490869588112   -4.98023998881730
   1.07708152208108    2.48898854164552   -4.97273463753785
   1.07456624462810    2.48317607840000   -4.96510947940560
   1.07111510707557    2.47520097006531   -4.95515624625158
   1.06956902403805    2.47162818296802   -4.95067372641502
   1.06519101973996    2.46151121195901   -4.93747374519097
   1.06448787595110    2.45988634253388   -4.93553776671089
   1.05968903328289    2.44879687143121   -4.92062433991512
   1.05933777262347    2.44798515594031   -4.91965473236015
   1.05451459586887    2.43683945208188   -4.90572392770722
   1.05335356738199    2.43415647355042   -4.90211371064006
   1.04960619639004    2.42549681012751   -4.89105228330973
   1.04747010769479    2.42056060040019   -4.88435118810980
   1.04453607940420    2.41378046106400   -4.87592351264614
   1.04154972884876    2.40687941210767   -4.86761225019954
   1.03936866481532    2.40183927050602   -4.86101503672197
   1.03570171404783    2.39336544725684   -4.84978304225555
   1.03428008971863    2.39008026726503   -4.84589407170997
   1.02983753281488    2.37981412398584   -4.83291112027279
   1.02939694266203    2.37879598021535   -4.83121133852084
   1.02448425846121    2.36744343685268   -4.81655275596064
   1.02377771755687    2.36581071715686   -4.81460598855303
   1.01941919190298    2.35573875863878   -4.80141532913787
   1.01794135024771    2.35232366807143   -4.79675972480219
   1.01424963369724    2.34379261447451   -4.78651476453930
   1.01210454331355    2.33883560307253   -4.77985884250325
   1.00917717914463    2.33207086361291   -4.77139174101131
   1.00615132832735    2.32507853493719   -4.76223411140414
   1.00427271397848    2.32073731331870   -4.75672119000219
   1.00025797679011    2.31145980307023   -4.74451793897910
   0.99918192473729    2.30897319349168   -4.74160311370151
   0.99438761175408    2.29789418987343   -4.72766347275966
   0.99404378686731    2.29709965743930   -4.72669961726314
   0.98949233607803    2.28658187523791   -4.71203500234301
   0.98842365859802    2.28411230729165   -4.70915535509951
   0.98432565200900    2.27464237281170   -4.69713578604700
   0.98248884681563    2.27039776645108   -4.69152942545720
   0.97924656144830    2.26290528704020   -4.68201467117031
   0.97662280629827    2.25684214662732   -4.67465581185189
   0.97399029518758    2.25075877238318   -4.66734224408569
   0.97075469245724    2.24328173563522   -4.65693582636150
   0.96926488598126    2.23983899599856   -4.65224001524031
   0.96472808916136    2.22935507712243   -4.63945563705440
   0.96402697396243    2.22773489549203   -4.63755331793244
   0.95920942391555    2.21660219418793   -4.62266438753186
   0.95876712945211    2.21558011198806   -4.62095543613600
   0.95403554910740    2.20464607494403   -4.60777297584563
   0.95287513831912    2.20196452382983   -4.60416505977986
   0.94896344288684    2.19292512903032   -4.59265112164890
   0.94707093022602    2.18855179030792   -4.58717150522953
   0.94407147933869    2.18162046827079   -4.57798525384006
   0.94111696148361    2.17479298034472   -4.56867843796973
   0.93926924243999    2.17052315356423   -4.56309465647023
   0.93534656803306    2.16145838785125   -4.55164187332033
   0.93403203606893    2.15842068371346   -4.54772381113263
   0.92939073056066    2.14769525950786   -4.53406152844864
   0.92904404939993    2.14689412661404   -4.53308550515690
   0.92412483564207    2.13552649433532   -4.51842407541965
   0.92341687179273    2.13389048640762   -4.51649709112286
   0.91894150998919    2.12354853547784   -4.50354243742536
   0.91737203809153    2.11992169991374   -4.49912149953803
   0.91302273826295    2.10987106102005   -4.48866256940427
   0.91159221285781    2.10656531185534   -4.48573820209881
   0.90593033027479    2.09348147318171   -4.47400945063712
   0.90553897431953    2.09257710292897   -4.47315298869374
   0.89977139465457    2.07924901271032   -4.46156142917696
   0.89864070237943    2.07663613702798   -4.45886252219615
   0.89381707943850    2.06548940209377   -4.44958375914270
   0.89093540353604    2.05883024198849   -4.44377083764770
   0.88790703219569    2.05183208872762   -4.43750229294809
   0.88378575850674    2.04230838715213   -4.42931735622694
   0.88197480443266    2.03812351920348   -4.42549568251282
   0.87647639642915    2.02541744799395   -4.41420537173310
   0.87608923830208    2.02452277834981   -4.41333138390389
   0.87025692378322    2.01104509471016   -4.40193532856944
   0.86911780123086    2.00841273780660   -4.39929095364501
   0.86429220459806    1.99726144193955   -4.39001444120014
   0.86141103591345    1.99060345394558   -4.38420225089310
   0.85838299007098    1.98360605286594   -4.37793465164326
   0.85403243445314    1.97355251201448   -4.36930938893896
   0.85247643595579    1.96995681164145   -4.36584447642273
   0.84695387923754    1.95719493604473   -4.35464102845731
   0.84656676393669    1.95630036536615   -4.35376716839157
   0.84073504472258    1.94282405739461   -4.34237283191494
   0.83929702256396    1.93950098425479   -4.33946918692578
   0.83484627306070    1.92921590899515   -4.33023365157147
   0.83224483899726    1.92320434956998   -4.32465911976677
   0.82887401654091    1.91541483847191   -4.31832063184478
   0.82481102676358    1.90602582306939   -4.30997742669426
   0.82295615937965    1.90173947744910   -4.30628747609265
   0.81743440080979    1.88897944626448   -4.29508554935840
   0.81704732743416    1.88808497246936   -4.29421181516037
   0.81121619042047    1.87461000988363   -4.28281917139237
   0.80977844208192    1.87128756950463   -4.27991588502717
   0.80532814772443    1.86100354602483   -4.27068169532964
   0.80244606664806    1.85434344961789   -4.26486225871228
   0.79943010069093    1.84737396350623   -4.25855477794411
   0.79534291586453    1.83792903664420   -4.25022716260837
   0.79345475609746    1.83356575686574   -4.24666131339983
   0.78795490589691    1.82085635293549   -4.23535370371229
   0.78755745202072    1.81993789121893   -4.23453059124441
   0.78177184253887    1.80656813655175   -4.22309126167695
   0.78065953505487    1.80399774561504   -4.22039782419873
   0.77591141604294    1.79302548996607   -4.21083394271106
   0.77320996394112    1.78678280249126   -4.20556680253338
   0.76983980449206    1.77899482351264   -4.19923021654201
   0.76577899650380    1.76961084992718   -4.19088846938520
   0.76392449565736    1.76532535132504   -4.18719959485562
   0.75848507681242    1.75275559601802   -4.17576704280029
   0.75810096854508    1.75186797418388   -4.17488261166969
   0.75210455161605    1.73801107224906   -4.16305194104449
   0.75105633044999    1.73558877605518   -4.16109317729889
   0.74620992734134    1.72438939925933   -4.15095368895301
   0.74401478780499    1.71931673108959   -4.14623810243778
   0.74040321255802    1.71097087311810   -4.13948048127371
   0.73634296380110    1.70158819184001   -4.13112640525928
   0.73449859023459    1.69732609600098   -4.12740594800728
   0.72892765516087    1.68445242462099   -4.11628794952761
   0.72853028319947    1.68353415219832   -4.11546507579748
   0.72274980402169    1.67017625296435   -4.10402644481326
   0.72164037486479    1.66761251344913   -4.10133341360616
   0.71672328127856    1.65624978059795   -4.09223591595157
   0.71414702294362    1.65029639884873   -4.08670140282933
   0.71088350691596    1.64275485827655   -4.08002484948024
   0.70683428084435    1.63339764892132   -4.07160296695980
   0.70499007934613    1.62913595070865   -4.06788302746266
   0.69946699024318    1.61637284484349   -4.05671568831401
   0.69908295899241    1.61548540098413   -4.05583149622174
   0.69324384227946    1.60199199840140   -4.04444449279308
   0.69213494627177    1.59942949092128   -4.04181374980140
   0.68739466628027    1.58847535017971   -4.03221826464590
   0.68470037831211    1.58224921804099   -4.02696950684399
   0.68138751689322    1.57459364699774   -4.02043967669879
   0.67764275289174    1.56594000797435   -4.01229892366507
   0.67546659472891    1.56091120317075   -4.00754731682869
   0.67029477196710    1.54895982592617   -3.99723713789864
   0.66950711426748    1.54713965637641   -3.99555326124862
   0.66364626259137    1.53359602725729   -3.98429923703913
   0.66263219596410    1.53125265754573   -3.98230226846312
   0.65789471854452    1.52030499316573   -3.97269555338747
   0.65519626739135    1.51406924047409   -3.96746043484041
   0.65188369915446    1.50641434693446   -3.96093149376610
   0.64812148713085    1.49772038791090   -3.95280736872809
   0.64589076823713    1.49256550069737   -3.94821539564257
   0.64075257791012    1.48069184342395   -3.93792568781455
   0.63998466224462    1.47891729502331   -3.93615776681188
   0.63416576189822    1.46547060970725   -3.92561864833589
   0.63269706099026    1.46207664216062   -3.92276852502334
   0.62829397182183    1.45190170343648   -3.91525143374086
   0.62419347364411    1.44242601123477   -3.90798582727807
   0.62230632025936    1.43806505706867   -3.90442291936777
   0.61643772350347    1.42450353012618   -3.89497095851186
   0.61530808487057    1.42189308926740   -3.89323290747228
   0.61050944671330    1.41080409076162   -3.88488533210968
   0.60652768230387    1.40160277610956   -3.87805270543766
   0.60461552664033    1.39718404508611   -3.87460455395939
   0.59874001425773    1.38360653707321   -3.86522060580478
   0.59774057260192    1.38129696367663   -3.86329241249169
   0.59291183070542    1.37013839953404   -3.85562360122533
   0.58914562089733    1.36143520217563   -3.84851421432041
   0.58691831550890    1.35628820310741   -3.84485574909985
   0.58111286125398    1.34287258987543   -3.83525980136932
   0.58030766731361    1.34101189646432   -3.83362591145751
   0.57520543641047    1.32922133651652   -3.82506050912864
   0.57144909477371    1.32054094315657   -3.81876734967965
   0.56922188714719    1.31539417000279   -3.81510915962219
   0.56342920946859    1.30200808169667   -3.80514784344645
   0.56259077847028    1.30007058197637   -3.80379593116960
   0.55742565511614    1.28813468614947   -3.79557652811174
   0.55375334010838    1.27964846687243   -3.78902268120735
   0.55152622862152    1.27450191588431   -3.78536476358460
   0.54570491007924    1.26104964244729   -3.77495854308499
   0.54503388658470    1.25949899864286   -3.77380723251319
   0.53982810606749    1.24746914965555   -3.76544089444567
   0.53608619473618    1.23882210276396   -3.75910841313262
   0.53383417494871    1.23361799208929   -3.75556380044309
   0.52793079889163    1.21997609492377   -3.74543136071615
   0.52722204652134    1.21833826483168   -3.74439473521914
   0.52212573241883    1.20656137780341   -3.73581296669027
   0.51844327896771    1.19805172996610   -3.72926772267142
   0.51623177841095    1.19294125370895   -3.72554953262651
   0.51024167335481    1.17909893765178   -3.71550392783108
   0.50983600183742    1.17816148608682   -3.71476038289220
   0.50443403675748    1.16567828132404   -3.70606790265809
   0.50075159879651    1.15716866928236   -3.69952308442269
   0.49854019191442    1.15205840949460   -3.69580514799156
   0.49254770203799    1.13821058244289   -3.68576758827874
   0.49181058899204    1.13650721469621   -3.68483815065530
   0.48687326288598    1.12509772725035   -3.67595908215188
   0.48310785049011    1.11639637260285   -3.66951371292523
   0.48085557098386    1.11119166175348   -3.66596314935932
   0.47493811944676    1.09751723807279   -3.65598724143648
   0.47454237676297    1.09660273068851   -3.65514894568543
   0.46906099388541    1.08393600222376   -3.64646479230300
   0.46566555902172    1.07608961520812   -3.64031642740137
   0.46305705589715    1.07006172014651   -3.63577784883755
   0.45724880154833    1.05663963627933   -3.62624767831286
   0.45685124481819    1.05572093688129   -3.62541557679947
   0.45126497795860    1.04281183583457   -3.61622247804549
   0.44801489603851    1.03530133965331   -3.61036513723068
   0.44536812394930    1.02918501023224   -3.60599236549121
   0.43957983616817    1.01580906638061   -3.59623161433187
   0.43886934824882    1.01416722567125   -3.59519125517278
   0.43357406161512    1.00193054025255   -3.58649221814317
   0.43028376451052    0.99432711226306   -3.58085427986320
   0.42767546655499    0.98829969131913   -3.57631631975747
   0.42187230452204    0.97488937509960   -3.56677441289610
   0.42147102658917    0.97396207650943   -3.56595500813894
   0.41612846064591    0.96161613505267   -3.55685347072979
   0.41228164378954    0.95272666579614   -3.55070580594210
   0.40998703910289    0.94742414722573   -3.54737897652735
   0.40415141574644    0.93393881731356   -3.53883597886550
   0.40229924454867    0.92965870221188   -3.53592067278703
   0.39819278630373    0.92016923710745   -3.53061259171799
   0.39240734127381    0.90679986246628   -3.52295191593104
   0.39124498217736    0.90411380907752   -3.52105306913053
   0.38640096121122    0.89291993708825   -3.51481962651855
   0.38062205208031    0.87956566601853   -3.50702464451968
   0.38020156633119    0.87859398078392   -3.50631324253857
   0.37460937929955    0.86567119902677   -3.49902734898545
   0.36944250374521    0.85373125410413   -3.49172666704080
   0.36871693058577    0.85205455346174   -3.49074776069691
   0.36274389849400    0.83825169069739   -3.48355213932565
   0.35806387877400    0.82743680322700   -3.47664746235409
   0.35692545116989    0.82480605225407   -3.47493879214187
   0.35114362990055    0.81144505162952   -3.46778803165753
   0.34700367373584    0.80187817739983   -3.46179849255252
   0.34513420854400    0.79755809823581   -3.45913683131353
   0.33923605798789    0.78392827649057   -3.45165459556574
   0.33589983138617    0.77621871169553   -3.44705456891997
   0.33326650548638    0.77013345458489   -3.44363365179560
   0.32744929840458    0.75669068217245   -3.43593497685973
   0.32482925822155    0.75063612654175   -3.43233556850366
   0.32147623246804    0.74288774119745   -3.42787736014174
   0.31572657101686    0.72960105752779   -3.41990825714261
   0.31351041991632    0.72447983449805   -3.41679702409852
   0.30975859108918    0.71580986962581   -3.41254062392792
   0.30400904994762    0.70252346397528   -3.40468256521141
   0.30239269912847    0.69878829761539   -3.40242224852294
   0.29797178640494    0.68857217108560   -3.39684876047896
   0.29219576454694    0.67522457210990   -3.38882185962404
   0.29102967014661    0.67252988694319   -3.38726978858503
   0.28618257254218    0.66132890526230   -3.38105817949005
   0.28040686880150    0.64798204141235   -3.37303051080315
   0.27997749781150    0.64698982359753   -3.37240784150324
   0.27439357972793    0.63408615025196   -3.36526820940447
   0.26922632991710    0.62214534047359   -3.35798426662372
   0.26850087083818    0.62046890345573   -3.35700570368750
   0.26260480451967    0.60684389809940   -3.34947884539114
   0.25785587630734    0.59586977249862   -3.34287998403033
   0.25683553623258    0.59351190570527   -3.34156776666442
   0.25093569388674    0.57987817446463   -3.33401899018982
   0.24679695932437    0.57031412319138   -3.32803673144204
   0.24492249140407    0.56598248340398   -3.32540045274531
   0.23914754308254    0.55263736522471   -3.31822976858685
   0.23534415015293    0.54384824274225   -3.31325832020310
   0.23313391486602    0.53874069035121   -3.31047218890067
   0.22723998580706    0.52512062391029   -3.30304260332455
   0.22311400282980    0.51558603981160   -3.29852084990720
   0.22125367050601    0.51128706546041   -3.29680299567067
   0.21527657473896    0.49747481209656   -3.29472856662813
   0.20938621901724    0.48386300315081   -3.29422850363204
   0.20349154960061    0.47024122584426   -3.29379535327445
   0.19760114352997    0.45662930054901   -3.29329549299694
   0.19170911578409    0.44301362778340   -3.29375700862742
   0.18581675858580    0.42939719369817   -3.29375463668420
   0.17992407949750    0.41578001576902   -3.29328837926594
   0.17403175219973    0.40216365077982   -3.29328615608625
   0.16813943800042    0.38854731605939   -3.29328400693839
   0.16224713654475    0.37493101078777   -3.29328193182224
   0.15635291887267    0.36131027740129   -3.29284929198369
   0.15046261593116    0.34769859042339   -3.29281406802426
   0.14457034965133    0.33408236643834   -3.29281221483400
   0.13867809469607    0.32046616862280   -3.29281043566575
   0.13278585071052    0.30684999615680   -3.29280873051941
   0.12689158948467    0.29322916212350   -3.29191245525550
   0.12101261918567    0.27964366333727   -3.29230625855172
   0.11510887437038    0.26600091402182   -3.29234010711752
   0.10921508453975    0.25238116931861   -3.29190800305243
   0.10332451962157    0.23876887694836   -3.29187342733997
   0.09743233571646    0.22515284332003   -3.29187216664135
   0.09154016029742    0.21153682930188   -3.29187097994543
   0.08564799300963    0.19792083407393   -3.29186986725212
   0.07975583349825    0.18430485681620   -3.29186882856131
   0.07386205880658    0.17068514709706   -3.29097318562458
   0.06797128340465    0.15707236832756   -3.29093908792266
   0.06207914680791    0.14345644402242   -3.29093827144600
   0.05618701656844    0.12984053440809   -3.29093752895294
   0.05029489233142    0.11622463866460   -3.29093686044336
   0.04440277374201    0.10260875597198   -3.29093626591718
   0.03851066044538    0.08899288551024   -3.29093574537429
   0.03261855208670    0.07537702645942   -3.29093529881460
   0.02672644831112    0.06176117799954   -3.29093492623799
   0.02083434876382    0.04814533931062   -3.29093462764439
   0.01494225308996    0.03452950957271   -3.29093440303368
   0.00904903214297    0.02091107948200   -3.29003958347743
   0.00315783785044    0.00729733271344   -3.29000629263418
  -0.00273424661575   -0.00631847112508   -3.29000628997516
  -0.00862632862761   -0.01993426929199   -3.29000636128013
  -0.01451840853998   -0.03355006260726   -3.29000650654898
  -0.02041048670770   -0.04716585189087   -3.29000672578163
  -0.02629170094579   -0.06075653611437   -3.28957812941095
  -0.03219462227408   -0.07439738246365   -3.28954344269520
  -0.03808669825369   -0.08801316669083   -3.28954388336318
  -0.04397877390772   -0.10162895016565   -3.28954439798537
  -0.04987084959100   -0.11524473370807   -3.28954498656167
  -0.05576315585244   -0.12886105008518   -3.28908171136406
  -0.06165523002469   -0.14247683013582   -3.28908244815894
  -0.06753614707093   -0.15606682758947   -3.28865439782117
  -0.07343937145072   -0.16970837424944   -3.28862019719534
  -0.07933145088362   -0.18332416645671   -3.28862115530360
  -0.08522353247454   -0.19693996365088   -3.28862218734688
  -0.09111561657832   -0.21055576665193   -3.28862329332510
  -0.09700791530918   -0.22417206562690   -3.28816053792767
  -0.10290000286993   -0.23778787661651   -3.28816179202077
  -0.10879209400805   -0.25140369587296   -3.28816312003917
  -0.11467269302164   -0.26499295839652   -3.28773572282220
  -0.12057628517755   -0.27863535493696   -3.28770204748610
  -0.12646839008927   -0.29225120602232   -3.28770359668665
  -0.13236049999745   -0.30586706865380   -3.28770521980295
  -0.13825261525691   -0.31948294365138   -3.28770691683492
  -0.14414492692460   -0.33309927252158   -3.28724475461176
  -0.15002530133831   -0.34668801602547   -3.28681785486727
  -0.15593114837729   -0.36033562329321   -3.28721544088348
  -0.16180948549844   -0.37391965889176   -3.28682180003825
  -0.16771346843244   -0.38756295846707   -3.28678862325044
  -0.17360562152874   -0.40117892090044   -3.28679076324102
  -0.17949778245991   -0.41479490143910   -3.28679297712808
  -0.18537811961519   -0.42838355884381   -3.28590265735758
  -0.19128452654483   -0.44203245994256   -3.28630062207356
  -0.19714978779708   -0.45558627899090   -3.28633453945415
  -0.20306652227427   -0.46925904564391   -3.28627949537381
  -0.20896123770739   -0.48288092928828   -3.28630812931459
  -0.21483887644001   -0.49646335100616   -3.28591530377986
  -0.22074332683743   -0.51010773082571   -3.28588265136361
  -0.22663556149715   -0.52372388174099   -3.28588545571921
  -0.23252780718496   -0.53734005814070   -3.28588833395195
  -0.23842006425571   -0.55095626084482   -3.28589128606173
  -0.24429847252115   -0.56454046084811   -3.28497357237550
  -0.25020826726595   -0.57819719072577   -3.28539287967176
  -0.25609704803902   -0.59180536017995   -3.28543665499388
  -0.26198935155845   -0.60542167022063   -3.28543990260267
  -0.26781461156443   -0.61888305184287   -3.28805004779260
  -0.27364039155759   -0.63234563508460   -3.29291220490931
  -0.27941707018566   -0.64569475176636   -3.29945642054489
  -0.27979297571387   -0.64656341818879   -3.30035523490372
  -0.28539540553063   -0.65950986962576   -3.30861114111448
  -0.29055048898278   -0.67142256460807   -3.31510973412914
  -0.29128693249672   -0.67312438515757   -3.31603811303778
  -0.29717850374199   -0.68673900301253   -3.32346521821687
  -0.30160659009896   -0.69697170683111   -3.32984046958427
  -0.30306222133130   -0.70033547213936   -3.33177560314880
  -0.30896165528218   -0.71396825963494   -3.33924763655830
  -0.31331158391033   -0.72402035159871   -3.34491998554321
  -0.31479709100589   -0.72745315595342   -3.34765457864789
  -0.32075719720803   -0.74122614874922   -3.35507385210802
  -0.32401601442425   -0.74875683100884   -3.35970001531220
  -0.32658397578690   -0.75469103958636   -3.36345320698395
  -0.33260211752302   -0.76859814458826   -3.37143103980316
  -0.33506863193046   -0.77429792308420   -3.37455359401422
  -0.33837023156533   -0.78192746968010   -3.37924858423179
  -0.34430411685156   -0.79563986951435   -3.38669839243738
  -0.34611562287336   -0.79982601293893   -3.38946526689748
  -0.35016099457325   -0.80917431536663   -3.39506014933197
  -0.35609070818207   -0.82287707502319   -3.40313497204974
  -0.35718444309410   -0.82540454727839   -3.40432249943863
  -0.36206184963168   -0.83667556877128   -3.41129597334525
  -0.36783007858749   -0.85000515941255   -3.41824868753349
  -0.36821109060057   -0.85088562622525   -3.41912325744004
  -0.37384671489090   -0.86390878556473   -3.42707840297942
  -0.37893631743621   -0.87567016309939   -3.43381947760940
  -0.37966156390092   -0.87734610879479   -3.43479785011888
  -0.38555814441905   -0.89097230239633   -3.44230460291312
  -0.39032317633816   -0.90198364146779   -3.44882972558367
  -0.39144747621549   -0.90458174519038   -3.45059828074116
  -0.39734340925241   -0.91820644255111   -3.45808827369496
  -0.40137514983920   -0.92752324533501   -3.46368546175863
  -0.40323341442028   -0.93181744141474   -3.46639323159304
  -0.40912888239727   -0.94544106408538   -3.47387258036595
  -0.41209663665678   -0.95229913953733   -3.47836066114110
  -0.41509629149931   -0.95923093288712   -3.48275387583049
  -0.42091456759836   -0.97267617565268   -3.48965752795394
  -0.42317792105426   -0.97790647688981   -3.49304159620872
  -0.42688371939328   -0.98647007158006   -3.49851253044898
  -0.43267227189191   -0.99984662715774   -3.50552961152635
  -0.43452088785190   -1.00411852658966   -3.50833493466165
  -0.43866713326796   -1.01369993442171   -3.51435704029106
  -0.44442222993058   -1.02699917812396   -3.52128772920114
  -0.44556972350635   -1.02965087932125   -3.52319601209857
  -0.45045337298615   -1.04093632740242   -3.53014363745200
  -0.45582428613092   -1.05334777537684   -3.53800689184649
  -0.45620285529751   -1.05422259710439   -3.53889911276932
  -0.46216375576146   -1.06799742533094   -3.54808685356916
  -0.46505529906461   -1.07467938765382   -3.55286349717374
  -0.46805818690235   -1.08161865201474   -3.55821437234444
  -0.47385712443157   -1.09501920598216   -3.56690937481818
  -0.47423414491005   -1.09589044890264   -3.56780495141705
  -0.47984397433398   -1.10885399982289   -3.57687244670110
  -0.48310155490498   -1.11638182436400   -3.58247579089608
  -0.48566550042039   -1.12230675286609   -3.58716751133704
  -0.49155885601692   -1.13592549411353   -3.59645575550487
  -0.49227670559668   -1.13758434661635   -3.59744799351637
  -0.49752587473918   -1.14971446080081   -3.60651977708557
  -0.50114289762890   -1.15807290753194   -3.61230819977217
  -0.50342180778775   -1.16333915818849   -3.61669141910801
  -0.50924636814482   -1.17679892301749   -3.62531257103574
  -0.51002422814479   -1.17859645141923   -3.62701425136616
  -0.51529045530370   -1.19076598435383   -3.63590334427507
  -0.51887677949035   -1.19905349056782   -3.64185738307542
  -0.52110224386247   -1.20419623529835   -3.64551218160960
  -0.52692706865531   -1.21765661120236   -3.65503706232822
  -0.52770666411238   -1.21945815000884   -3.65673241740535
  -0.53282564393046   -1.23128741441540   -3.66435891821382
  -0.53723040605473   -1.24146621911236   -3.67176030516655
  -0.53871151579244   -1.24488886177265   -3.67451936624150
  -0.54471006782448   -1.25875069763941   -3.68442274179382
  -0.54611084638203   -1.26198770589520   -3.68655680087781
  -0.55065590397934   -1.27249071430161   -3.69441512605498
  -0.55496835420665   -1.28245619879108   -3.70131434404508
  -0.55647035423475   -1.28592711606416   -3.70399355662212
  -0.56230829447222   -1.29941779997247   -3.71349638595553
  -0.56413265415765   -1.30363364646113   -3.71640094028109
  -0.56825677404020   -1.31316392520197   -3.72354333065209
  -0.57331620020462   -1.32485556923482   -3.73121894117598
  -0.57407451747682   -1.32660793705725   -3.73300426071119
  -0.58012226822225   -1.34058346444262   -3.74276781295666
  -0.58191988297231   -1.34473750703222   -3.74568635339195
  -0.58594430974079   -1.35403740857920   -3.75229605465621
  -0.59137866717910   -1.36659546766559   -3.76095107861019
  -0.59175861039388   -1.36747346463118   -3.76183927691036
  -0.59766097029881   -1.38111301360763   -3.77120240648052
  -0.60026859482213   -1.38713887834153   -3.77564834079814
  -0.60363451821378   -1.39491706836904   -3.78197493274189
  -0.60907178904132   -1.40748185990071   -3.79054922850159
  -0.60945537811111   -1.40836828194013   -3.79143234185138
  -0.61541311583480   -1.42213580150517   -3.80071889973273
  -0.61802193868036   -1.42816443539838   -3.80515045585158
  -0.62131824152742   -1.43578174183984   -3.81079706033466
  -0.62709741923186   -1.44913663354637   -3.81961497782802
  -0.62747557412964   -1.45001049795518   -3.82050725751806
  -0.63310283781955   -1.46301433708702   -3.83037867592797
  -0.63606447105414   -1.46985826768496   -3.83489772660466
  -0.63901241391580   -1.47667056169769   -3.84047177197458
  -0.64481977653729   -1.49009058490459   -3.84913207758499
  -0.64521039975546   -1.49099326190184   -3.84998672707550
  -0.65078977208264   -1.50388643062419   -3.85918279656536
  -0.65439609182587   -1.51222014384310   -3.86502540585609
  -0.65668970981213   -1.51752038228345   -3.86935868163325
  -0.66250792488926   -1.53096548403565   -3.87886533270038
  -0.66321364272449   -1.53259630173099   -3.87989980263111
  -0.66847747590880   -1.54476030251671   -3.88891729164725
  -0.67181398423440   -1.55247051833721   -3.89435900481930
  -0.67438565865095   -1.55841330727602   -3.89903246414847
  -0.68019966789782   -1.57184868992796   -3.90779681012279
  -0.68098276946972   -1.57365833088775   -3.90942354805102
  -0.68616589426932   -1.58563582560068   -3.91772559123652
  -0.68948505116898   -1.59330594464165   -3.92411638045353
  -0.69199921127283   -1.59911582584569   -3.92896455296891
  -0.69751475935133   -1.61186150543153   -3.93921489644873
  -0.69789844036715   -1.61274813994567   -3.94009829147346
  -0.70380490212263   -1.62639716773945   -3.95128612610571
  -0.70495553622629   -1.62905612626851   -3.95391039039759
  -0.70976893083887   -1.64017922493052   -3.96312863109338
  -0.71234521951666   -1.64613267679793   -3.96870815478865
  -0.71566920030146   -1.65381394317974   -3.97519055753587
  -0.72001413639630   -1.66385449807974   -3.98380331858390
  -0.72147851683930   -1.66723848162092   -3.98662337171651
  -0.72731163532989   -1.68071802312961   -3.99796169454900
  -0.72768798155789   -1.68158770794918   -3.99886646737057
  -0.73329471475384   -1.69454410390871   -4.01070194451341
  -0.73474373404947   -1.69789258993276   -4.01360628416478
  -0.73925535729595   -1.70831833611307   -4.02260247857594
  -0.74220410413991   -1.71513248801927   -4.02817889918797
  -0.74515287542585   -1.72194669640757   -4.03375539516711
  -0.74984289001831   -1.73278468066546   -4.04330275154023
  -0.75089782127296   -1.73522248295918   -4.04530824895121
  -0.75690689739717   -1.74910863856802   -4.05702833890628
  -0.75755172025119   -1.75059873626458   -4.05818940410923
  -0.76284621536586   -1.76283359259072   -4.06907292849106
  -0.76468067188835   -1.76707277149316   -4.07280128676094
  -0.76866362767155   -1.77627683924758   -4.08046379072065
  -0.77234495950749   -1.78478389518514   -4.08790393623821
  -0.77456504634079   -1.78991421315669   -4.09252587120307
  -0.77974695929913   -1.80188890746968   -4.10274532639102
  -0.78044680497971   -1.80350615541627   -4.10380699510008
  -0.78639441911372   -1.81725028074586   -4.11567876528492
  -0.78741328436194   -1.81960473941618   -4.11767591070018
  -0.79233716233107   -1.83098315005120   -4.12763221098113
  -0.79484151579421   -1.83677036944565   -4.13251341364746
  -0.79815307368197   -1.84442292820619   -4.13904110084941
  -0.80221100184523   -1.85380024690873   -4.14739039769942
  -0.80405436973946   -1.85806001877625   -4.15110880145319
  -0.80962691789724   -1.87093741777358   -4.16206363208580
  -0.80999565329156   -1.87178951499419   -4.16299305509227
  -0.81586406647865   -1.88535061773422   -4.17435134596436
  -0.81700110197714   -1.88797815174086   -4.17693783424278
  -0.82183077064969   -1.89913885753654   -4.18619940024234
  -0.82470878108329   -1.90578954724303   -4.19200609249210
  -0.82764459466370   -1.91257381214058   -4.19762953145524
  -0.83213577097882   -1.92295230825037   -4.20667524434494
  -0.83356495075886   -1.92625494785892   -4.20959593509516
  -0.83940102317426   -1.93974131548509   -4.22086750376814
  -0.83976979623242   -1.94059349974174   -4.22179704493323
  -0.84541520469299   -1.95363926896459   -4.23275157211221
  -0.84726395279292   -1.95791147375390   -4.23641636970743
  -0.85133796790525   -1.96732596720236   -4.24472780828253
  -0.85463600231588   -1.97494727505113   -4.25129641819448
  -0.85724186403012   -1.98096906617360   -4.25679920570677
  -0.86229610580890   -1.99264872979813   -4.26640986032451
  -0.86305968925414   -1.99441326702844   -4.26819276335474
  -0.86900310789678   -2.00814769714953   -4.28018056196425
  -0.86963907144913   -2.00961732220785   -4.28130616676416
  -0.87483766133070   -2.02163055461660   -4.29156600859104
  -0.87707646892110   -2.02680413370530   -4.29613627191255
  -0.88082263336267   -2.03546100895479   -4.30337473676519
  -0.88450735143549   -2.04397589002406   -4.31080707916598
  -0.88673799908163   -2.04913061259416   -4.31540011209992
  -0.89217174483438   -2.06168725815861   -4.32592100532514
  -0.89255567136376   -2.06257446002114   -4.32680515693751
  -0.89848430314310   -2.07627471971725   -4.33882755817021
  -0.89951129713400   -2.07864796280359   -4.34082381032665
  -0.90442777915115   -2.09000928240199   -4.35078822756691
  -0.90699748805017   -2.09594752929777   -4.35545551613189
  -0.91026078012265   -2.10348855234009   -4.36213248285833
  -0.91438180000088   -2.11301166739362   -4.37032565651535
  -0.91623575813413   -2.11729591185956   -4.37401394335982
  -0.92182764434586   -2.13021799846289   -4.38497968977565
  -0.92221861600631   -2.13112148066272   -4.38583538687563
  -0.92811951672513   -2.14475765765901   -4.39699807852227
  -0.92957205508972   -2.14811427577162   -4.39987479708484
  -0.93387028963885   -2.15804690976707   -4.40861776003527
  -0.93687345877146   -2.16498682416208   -4.41498245169365
  -0.93985453802695   -2.17187569186293   -4.42140189803874
  -0.94424592532916   -2.18202358916972   -4.42987146228301
  -0.94576718615136   -2.18553901551182   -4.43346007576605
  -0.95154764912334   -2.19889687729638   -4.44410379643000
  -0.95193866385404   -2.19980045902570   -4.44495961871597
  -0.95753784720985   -2.21273940833406   -4.45590040855267
  -0.95937693779615   -2.21698929592614   -4.45963013008736
  -0.96345252198002   -2.22640741528496   -4.46794610958825
  -0.96675252846233   -2.23403328032251   -4.47451797545396
  -0.96935941327782   -2.24005743569249   -4.48002374756394
  -0.97404475607170   -2.25088462406084   -4.48964108955307
  -0.97518583052313   -2.25352149153703   -4.49233293388998
  -0.97990305781847   -2.26442236064094   -4.50454395551668
  -0.98097570108012   -2.26690109296786   -4.50741115033529
  -0.98479786702926   -2.27573359733884   -4.51919595898298
  -0.98690315361722   -2.28059862759597   -4.52500514243568
  -0.98958666305635   -2.28679985202371   -4.53407873612425
  -0.99282002053348   -2.29427170029761   -4.54447601804642
  -0.99430035722632   -2.29769255655659   -4.54913851398559
  -0.99872947392512   -2.30792764135467   -4.56308897840420
  -0.99907603805412   -2.30872850380411   -4.56406449537189
  -1.00386960806931   -2.31980579052454   -4.57894505512819
  -1.00455668066598   -2.32139352161577   -4.58090556272432
  -1.00867945338457   -2.33092068724439   -4.59382754232165
  -1.01061582038586   -2.33539536736824   -4.60014751296125
  -1.01320987237730   -2.34138986783154   -4.60848381614769
  -1.01644362839816   -2.34886263708566   -4.61888262784950
  -1.01792842569250   -2.35229380118654   -4.62356101103519
  -1.02235314911429   -2.36251873372045   -4.63749801132202
  -1.02273563724201   -2.36340261163283   -4.63846644267521
  -1.02749420275053   -2.37439900771109   -4.65335660408882
  -1.02818135646407   -2.37598692625234   -4.65531740941272
  -1.03204386138025   -2.38491264847607   -4.66801176003735
  -1.03424053607410   -2.38998886418550   -4.67456194426204
  -1.03683600201785   -2.39598663209980   -4.68290000815416
  -1.03998143405591   -2.40325529667232   -4.69253803192806
  -1.04156105954590   -2.40690559580387   -4.69800130729411
  -1.04599705198546   -2.41715656950136   -4.71097230335148
  -1.04643480865688   -2.41816816548259   -4.71267010159671
  -1.05112175400381   -2.42899905713253   -4.72777938504030
  -1.05189858185949   -2.43079420038956   -4.73049505004861
  -1.05567127640432   -2.43951238309039   -4.74243646572172
  -1.05786822353297   -2.44458922835950   -4.74898766315397
  -1.06073661129555   -2.45121768138527   -4.75755168573053
  -1.06376042718162   -2.45820530761244   -4.76670279876130
  -1.06562931352345   -2.46252404913300   -4.77221846684331
  -1.06951922566065   -2.47151310570766   -4.78554264975564
  -1.06998718381104   -2.47259449318893   -4.78731781948637
  -1.07476842393131   -2.48364328720335   -4.80221261478186
  -1.07557227557425   -2.48550087874813   -4.80485994570815
  -1.07956182432061   -2.49472018194148   -4.81710200370924
  -1.08140800247885   -2.49898644794596   -4.82268543121172
  -1.08436727754577   -2.50582492913995   -4.83199011478689
  -1.08739148227783   -2.51281345393716   -4.84114267534476
  -1.08926298351302   -2.51713823811976   -4.84666047786038
  -1.09315342327197   -2.52612851395633   -4.85998670824699
  -1.09361751570089   -2.52720096828236   -4.86176078642419
  -1.09840083037736   -2.53825455631330   -4.87665800399175
  -1.09911313492441   -2.53990059500158   -4.87857725991833
  -1.10293525541260   -2.54873299431848   -4.89132048310620
  -1.10513276453293   -2.55381113827373   -4.89787376033573
  -1.10783400327766   -2.56005333270940   -4.90596785818691
  -1.11105817529845   -2.56750395464611   -4.91552238585151
  -1.11289977676335   -2.57175964453628   -4.92111424649696
  -1.11687713101641   -2.58095076791829   -4.93522334036431
  -1.11725097091467   -2.58181466095154   -4.93621553539976
  -1.12203637743291   -2.59287308294360   -4.95111521953205
  -1.12284045000090   -2.59473118501606   -4.95376339375009
  -1.12657401735878   -2.60335895012270   -4.96577467119531
  -1.12882655528420   -2.60856425814354   -4.97220700098269
  -1.13174142148973   -2.61530011651382   -4.98067757976209
  -1.13469637131624   -2.62212860266696   -4.98998621959045
  -1.13627060514251   -2.62576644239880   -4.99532382035589
  -1.14063499544159   -2.63585195331230   -5.00948199457682
  -1.14097481605842   -2.63663723242458   -5.01046886408099
  -1.14567512819505   -2.64749901290302   -5.02558446012954
  -1.14647931451083   -2.64935737783109   -5.02823306648729
  -1.15021185208410   -2.65798276324593   -5.04025196985959
  -1.15240994609689   -2.66306225880789   -5.04680739807853
  -1.15510795154831   -2.66929698154355   -5.05490371593655
  -1.15842808329912   -2.67696935333261   -5.06521105600651
  -1.16018410235650   -2.68102727394783   -5.07005270380594
  -1.16418909831124   -2.69028227353359   -5.08319859381971
  -1.16486883040550   -2.69185304172459   -5.08517266175681
  -1.16931714587898   -2.70213249227325   -5.10006592451738
  -1.17002972363326   -2.70377916230617   -5.10198614887723
  -1.17385503962608   -2.71261894599860   -5.11473601232354
  -1.17605343469963   -2.71769913727096   -5.12129254273651
  -1.17902677102205   -2.72457011210919   -5.12963877068893
  -1.18198254550378   -2.73140050392809   -5.13895049095470
  -1.18382976951697   -2.73566918676075   -5.14454231224707
  -1.18792420621654   -2.74513087171292   -5.15845340222023
  -1.18826411869631   -2.74591636310792   -5.15944060427645
  -1.19296249381791   -2.75677366740873   -5.17455981142434
  -1.19367516622875   -2.75842055618007   -5.17648036929363
  -1.19787069712692   -2.76811585604138   -5.18923526525856
  -1.19970810318088   -2.77236185090891   -5.19484398164707
  -1.20267445124348   -2.77921667683153   -5.20413802994765
  -1.20563064990050   -2.78604804886169   -5.21345132786369
  -1.20747880874965   -2.79031889197279   -5.21904447513946
  -1.21148496754952   -2.79957657873511   -5.23219475651268
  -1.21216488685229   -2.80114777953944   -5.23416950042378
  -1.21661123546304   -2.81142268493650   -5.24906631956399
  -1.21732400432990   -2.81306979660456   -5.25098721629139
  -1.22141789138580   -2.82253021140514   -5.26396763758683
  -1.22331139454284   -2.82690583902926   -5.26945165283729
  -1.22632555276047   -2.83387114770143   -5.27864999790865
  -1.22937252902610   -2.84091229440790   -5.28871410755705
  -1.23084764635669   -2.84432108943240   -5.29330432990771
  -1.23522695046817   -2.85444106413291   -5.30747517427147
  -1.23556695833650   -2.85522677595786   -5.30846271978827
  -1.24037181693662   -2.86633014905893   -5.32336806670323
  -1.24114077031060   -2.86810709546238   -5.32610651698195
  -1.24480745820196   -2.87658031124067   -5.33827140312697
  -1.24700425112291   -2.88165680015678   -5.34482367056252
  -1.24969581658601   -2.88787664095752   -5.35292454027505
  -1.25293720973776   -2.89536705857984   -5.36249140223628
  -1.25477733102209   -2.89961932797452   -5.36806478653944
  -1.25879462124527   -2.90890273793836   -5.38124207790015
  -1.25922361238487   -2.90989407797072   -5.38299316866403
  -1.26391915426604   -2.92074483503918   -5.39811799425352
  -1.26463212145697   -2.92239240500713   -5.40003958473974
  -1.26856429944990   -2.93147913221158   -5.41256487054170
  -1.27076069921789   -2.93655471260482   -5.41915805043596
  -1.27363827324781   -2.94320439384193   -5.42771285806002
  -1.27659579210162   -2.95003881666686   -5.43703103884809
  -1.27843374470092   -2.95428607452613   -5.44260491469783
  -1.28245477546701   -2.96357812837464   -5.45578542359776
  -1.28314705586652   -2.96517789398817   -5.45774683678646
  -1.28768902702702   -2.97567377005996   -5.47244503491457
  -1.28837037985030   -2.97724828353472   -5.47442334424607
  -1.29248901085482   -2.98676587822683   -5.48734462858474
  -1.29442177431491   -2.99123223105830   -5.49370767525371
  -1.29704329508515   -2.99729020812414   -5.50203611793103
  -1.30025799423786   -3.00471893955431   -5.51158400776358
  -1.30209377952020   -3.00896118903960   -5.51715836356661
  -1.30611856587543   -3.01826192154254   -5.53034215946879
  -1.30654770601514   -3.01925360589382   -5.53209385023428
  -1.31134878977721   -3.03034825585883   -5.54699687980616
  -1.31203508925367   -3.03193420037466   -5.54898345893492
  -1.31615271582906   -3.04144947396799   -5.56190631554296
  -1.31808651717665   -3.04591822521598   -5.56827078075764
  -1.32070869016417   -3.05197770946704   -5.57660085586726
  -1.32392387989813   -3.05940757456358   -5.58615050842064
  -1.32575749976091   -3.06364482005950   -5.59172533014468
  -1.32978605606710   -3.07295426440510   -5.60491248556185
  -1.33021527263342   -3.07394612536785   -5.60666448290616
  -1.33475562664254   -3.08443826442328   -5.62133968897167
  -1.33579252799012   -3.08683440206008   -5.62432097753835
  -1.33982014655882   -3.09614167942218   -5.63648165632550
  -1.34166410447183   -3.10040281474264   -5.64210276595986
  -1.34437782414562   -3.10667385090364   -5.65117929894116
  -1.34759351295004   -3.11410486928397   -5.66073074018082
  -1.34942496982380   -3.11833711640718   -5.66630601134983
  -1.35345730975344   -3.12765530419069   -5.67949660184678
  -1.35388660403365   -3.12864734473965   -5.68124891015261
  -1.35843987099866   -3.13916932387550   -5.69593876729582
  -1.35948546339149   -3.14158554533289   -5.69881899001857
  -1.36350106889221   -3.15086506213283   -5.71108304816524
  -1.36542726191208   -3.15531623157280   -5.71743823034975
  -1.36830756676992   -3.16197222338089   -5.72599986227477
  -1.37126695737708   -3.16881097157261   -5.73532490231696
  -1.37309625422924   -3.17303822718042   -5.74090060400801
  -1.37713239076070   -3.18236518839308   -5.75409470820181
  -1.37781256721892   -3.18393698344862   -5.75605359099198
  -1.38236894256705   -3.19446614563405   -5.77076595200716
  -1.38314083128203   -3.19624987521035   -5.77351045870828
  -1.38716644212527   -3.20555251299266   -5.78567409273752
  -1.38901245244477   -3.20981839114469   -5.79129792105676
  -1.39198439872204   -3.21668615377812   -5.80060637688812
  -1.39494427727859   -3.22352602955435   -5.80993319400070
  -1.39677141761705   -3.22774830175305   -5.81550930484237
  -1.40081136302998   -3.23708406477146   -5.82870700440052
  -1.40124081660854   -3.23807647343719   -5.83045994776795
  -1.40604852550027   -3.24918643317352   -5.84538125793453
  -1.40673172184091   -3.25076520676557   -5.84736231890801
  -1.41058060440821   -3.25965944959842   -5.86005969205416
  -1.41278344602214   -3.26474991621930   -5.86666199133110
  -1.41541146490526   -3.27082290953802   -5.87499247700505
  -1.41871608458133   -3.27845943503737   -5.88530600604410
  -1.42017348299998   -3.28182728407224   -5.88989837945053
  -1.42449429061726   -3.29181208135043   -5.90333369009880
  -1.42517514019244   -3.29338543188747   -5.90531174572930
  -1.42981335388576   -3.30410371133031   -5.91975774883422
  -1.43064277473756   -3.30602038983052   -5.92252748765471
  -1.43429782425537   -3.31446671091436   -5.93469040148077
  -1.43646748853775   -3.31948050924562   -5.94129548565653
  -1.43934992191143   -3.32614141976362   -5.94986251625277
  -1.44231080048136   -3.33298360643441   -5.95919296211533
  -1.44413364049531   -3.33719594116949   -5.96476981735202
  -1.44818123769338   -3.34654938642007   -5.97797496482144
  -1.44861085574562   -3.34754217516206   -5.97972856074998
  -1.45318328945944   -3.35810844604111   -5.99439580457713
  -1.45419275417883   -3.36044118137103   -5.99740198989435
  -1.45796184197308   -3.36915102936305   -6.00931321656691
  -1.46006456306491   -3.37401013110839   -6.01519821338120
  -1.46303874189726   -3.38088305287222   -6.02451253876131
  -1.46609763689243   -3.38795174213760   -6.03458139059203
  -1.46757287398902   -3.39136081392497   -6.03922775454848
  -1.47187226854404   -3.40129612853586   -6.05263102794877
  -1.47255334444795   -3.40287000208775   -6.05460987920040
  -1.47710080187265   -3.41337855616806   -6.06930345208255
  -1.47789845443523   -3.41522182248336   -6.07196810473560
  -1.48169433999633   -3.42399359646081   -6.08396853322258
  -1.48375674805425   -3.42875954028133   -6.08986112125659
  -1.48673168683561   -3.43563421818369   -6.09917746141577
  -1.48965921491207   -3.44239933641131   -6.10956309933110
  -1.49106986169648   -3.44565914879386   -6.11435235010075
  -1.49454669107974   -3.45369362744639   -6.12909025184100
  -1.49563714282074   -3.45621351274098   -6.13578228837165
  -1.49681268061720   -3.45893002030859   -6.14411850558402
  -1.49758771630747   -3.46072102211569   -6.15926067001839
  -1.49787627464841   -3.46138784109779   -6.17422374949448
  -1.49798193575518   -3.46163200950905   -6.18909198317986
  -1.49836381738100   -3.46251448587827   -6.20400934705005
  -1.49866110281456   -3.46320147198150   -6.21897558159717
  -1.49867851492274   -3.46324170898944   -6.23379345762109
  -1.49906139776064   -3.46412649902323   -6.24881152332880
  -1.49915303134489   -3.46433825174254   -6.26367866126168
  -1.49946187428120   -3.46505194565882   -6.27864915735739
  -1.49954920310735   -3.46525375066912   -6.29357184576946
  -1.49942847928281   -3.46497477437082   -6.30886276006917
  -1.49800188453964   -3.46167810843001   -6.32374336096924
  -1.49569231536656   -3.45634100897182   -6.33214651068691
  -1.49375596786762   -3.45186637391522   -6.33847383430505
  -1.48981333761339   -3.44275549296003   -6.34815049225448
  -1.48756462296690   -3.43755902001550   -6.35358871971062
  -1.48391729052019   -3.42913053203077   -6.36211748456333
  -1.48129473223224   -3.42307015740296   -6.36847755726072
  -1.47802040114695   -3.41550362470718   -6.37608319432398
  -1.47502485275617   -3.40858132080748   -6.38336682617198
  -1.47203095266005   -3.40166282589200   -6.39072914502768
  -1.46875498382628   -3.39409250858281   -6.39825652826200
  -1.46613286883761   -3.38803315835918   -6.40469482716644
  -1.46248512473059   -3.37960371908360   -6.41314666534728
  -1.46023439197756   -3.37440258257002   -6.41865995592544
  -1.45649184129587   -3.36575405822689   -6.42780631276761
  -1.45427918906592   -3.36064092061003   -6.43339120950049
  -1.45029180584262   -3.35142662164519   -6.44296142423045
  -1.44845285822917   -3.34717706444388   -6.44670022941389
  -1.44385929092970   -3.33656195672987   -6.45735569544747
  -1.44247640972255   -3.33336630681064   -6.46037923281309
  -1.43730425279726   -3.32141415735980   -6.47247335514292
  -1.43655244186197   -3.31967682479484   -6.47429641336839
  -1.43103351535358   -3.30692333811816   -6.48736521337237
  -1.43065702012499   -3.30605330897856   -6.48827502016037
  -1.42486549510335   -3.29266988430550   -6.50156364505843
  -1.42449672125234   -3.29181769821669   -6.50249459322764
  -1.41886705446660   -3.27880830585806   -6.51625775483078
  -1.41849148516099   -3.27794041640021   -6.51714988329951
  -1.41297119591961   -3.26518378063338   -6.53018857632736
  -1.41223364738858   -3.26347940654006   -6.53205057527363
  -1.40708910792723   -3.25159107728287   -6.54424138859633
  -1.40596384328926   -3.24899074412998   -6.54694471164682
  -1.40119613693760   -3.23797322480955   -6.55822298124582
  -1.39938502463000   -3.23378799120482   -6.56205654857670
  -1.39531212065458   -3.22437606544225   -6.57043779472662
  -1.39164566061025   -3.21590337618741   -6.57711220561195
  -1.38933019158243   -3.21055264296932   -6.58053939687243
  -1.38340215742421   -3.19685376429412   -6.58874975581213
  -1.38120998182695   -3.19178794538347   -6.59169149595007
  -1.37744509188292   -3.18308779805095   -6.59689609053025
  -1.37160528866659   -3.16959280905251   -6.60459639914234
  -1.37013686449793   -3.16619948101267   -6.60656018672685
  -1.36567429118385   -3.15588708253838   -6.61199651867573
  -1.35971094290390   -3.14210659774280   -6.62005933795794
  -1.35865736285037   -3.13967191789065   -6.62124068949946
  -1.35389570058336   -3.12866836562575   -6.62700016737623
  -1.34800776035330   -3.11506213855186   -6.63533748007405
  -1.34758445634898   -3.11408394071374   -6.63611076882605
  -1.34208462159606   -3.10137457248086   -6.64279969424652
  -1.33647613319012   -3.08841412047035   -6.65080140495111
  -1.33607182785316   -3.08747982596210   -6.65156902000913
  -1.33031081225337   -3.07416690440310   -6.65872328627206
  -1.32506369151808   -3.06204152380838   -6.66583568913130
  -1.32432004489334   -3.06032305785195   -6.66673530365962
  -1.31842081631281   -3.04669074493925   -6.67416984129549
  -1.31395984791911   -3.03638205521713   -6.68053636543171
  -1.31248343906787   -3.03297027566452   -6.68239494760720
  -1.30663135686628   -3.01944691160534   -6.69005009045478
  -1.30261339391633   -3.01016194706166   -6.69596008231218
  -1.30071279036224   -3.00576991138806   -6.69843147140263
  -1.29480473287690   -2.99211719608015   -6.70579398864585
  -1.29115042405983   -2.98367258665472   -6.71065256948745
  -1.28893585105906   -2.97855501039837   -6.71344072893887
  -1.28305332293532   -2.96496128996428   -6.72095412696848
  -1.28006963782858   -2.95806640049648   -6.72539258235035
  -1.27712534876131   -2.95126254990441   -6.72924463552382
  -1.27124730466282   -2.93767919144129   -6.73677215904163
  -1.26826501999562   -2.93078753819833   -6.74048859682624
  -1.26522576308069   -2.92376422985881   -6.74365055177978
  -1.25931872033442   -2.91011385947451   -6.74828625179541
  -1.25343094488212   -2.89650801317959   -6.75306210267828
  -1.25120781176690   -2.89137065566588   -6.75489178315676
  -1.24750476292173   -2.88281341468102   -6.75755809751582
  -1.24162396670855   -2.86922369645610   -6.76151834671065
  -1.23574278570041   -2.85563308902248   -6.76538950679821
  -1.23019101026213   -2.84280369294763   -6.76991686562152
  -1.22978611807862   -2.84186804231702   -6.77055287817251
  -1.22390289961215   -2.82827272659501   -6.77449406198669
  -1.21799567805095   -2.81462194299380   -6.77819741637259
  -1.21208209923835   -2.80095646865139   -6.78271777909657
  -1.20949601186549   -2.79498037333569   -6.78463400710933
  -1.20615592807169   -2.78726189509567   -6.78721433500453
  -1.20025621001058   -2.77362845106009   -6.79099418376791
  -1.19434187607421   -2.75996123172963   -6.79462221885164
  -1.18849196672061   -2.74644288882588   -6.79880486919418
  -1.18808743268425   -2.74550806582451   -6.79943641166201
  -1.18251145441631   -2.73262274031028   -6.80371410719684
  -1.17662196244548   -2.71901292737506   -6.80760177305602
  -1.17067621950126   -2.70527312610994   -6.81290150586990
  -1.17026947504141   -2.70433319512124   -6.81357055585782
  -1.16522382819229   -2.69267339320728   -6.82820537259052
      
      
