# shadow point cont 2D ind 222  size 1182
# norm -0.1719291 -0.9851093  0.0000000
# angle  1.7435839
   3.56113154  -6.84289566
   3.57503732  -6.84118356
   3.58987764  -6.83848692
   3.60461851  -6.83535339
   3.61926419  -6.83048622
   3.62591943  -6.82854118
   3.63436786  -6.82609100
   3.64901472  -6.82122435
   3.66368368  -6.81744640
   3.67414458  -6.81363095
   3.67881886  -6.81186218
   3.69386840  -6.80756790
   3.70864363  -6.80291321
   3.72247542  -6.79876417
   3.72344521  -6.79796825
   3.73860176  -6.79318362
   3.75332988  -6.78913392
   3.76810552  -6.78497763
   3.77001377  -6.78422422
   3.78308280  -6.77987444
   3.79810955  -6.77559753
   3.81261370  -6.77041006
   3.81741255  -6.76914274
   3.82775386  -6.76589901
   3.84259061  -6.76135712
   3.85732048  -6.75727001
   3.86472644  -6.75455871
   3.87216390  -6.75177780
   3.88726277  -6.74738305
   3.90162680  -6.74225890
   3.90639070  -6.73951892
   3.91675145  -6.73426489
   3.93138679  -6.72670485
   3.93508606  -6.72479432
   3.94625920  -6.71833186
   3.96030834  -6.71023926
   3.96131878  -6.70944608
   3.97620233  -6.70186172
   3.98889737  -6.69504797
   3.99073587  -6.69408644
   4.00596251  -6.68597252
   4.01594697  -6.68031852
   4.02059296  -6.67753146
   4.03567826  -6.66935828
   4.04300501  -6.66556804
   4.05053777  -6.66109983
   4.06524709  -6.65323055
   4.06989374  -6.65059894
   4.08007946  -6.64496102
   4.09493972  -6.63671733
   4.09674632  -6.63570518
   4.11002553  -6.62849971
   4.12367398  -6.62083143
   4.12467903  -6.62002192
   4.13958982  -6.61236171
   4.15076783  -6.60607867
   4.15442861  -6.60412188
   4.16939837  -6.59586263
   4.17862151  -6.59100061
   4.18437634  -6.58764547
   4.19894326  -6.57992183
   4.20441923  -6.57618812
   4.21372092  -6.56969893
   4.22390071  -6.56144597
   4.22856101  -6.55774762
   4.24048709  -6.54668791
   4.24327215  -6.54389694
   4.25624000  -6.53166634
   4.25811572  -6.52982670
   4.27193915  -6.51692023
   4.27285501  -6.51597867
   4.28688048  -6.50189121
   4.28781944  -6.50097276
   4.30256087  -6.48795202
   4.30348899  -6.48702153
   4.31741090  -6.47306430
   4.31833903  -6.47213383
   4.33226399  -6.45910971
   4.33412026  -6.45724882
   4.34711720  -6.44515546
   4.34990164  -6.44236419
   4.36212101  -6.43042209
   4.36568315  -6.42747995
   4.37682106  -6.41631526
   4.38053372  -6.41259374
   4.39171603  -6.40230374
   4.39631552  -6.39771024
   4.40670140  -6.38757245
   4.41137570  -6.38296294
   4.42154102  -6.37361093
   4.42706034  -6.36812645
   4.43620746  -6.35869829
   4.44169616  -6.35314313
   4.45099134  -6.34199087
   4.45328461  -6.33872354
   4.45667745  -6.32430336
   4.45752829  -6.30944678
   4.45698890  -6.29455950
   4.45652178  -6.27959764
   4.45642933  -6.26479596
   4.45505018  -6.24975087
   4.45498211  -6.23492300
   4.45473688  -6.22001390
   4.45379055  -6.20487963
   4.45396995  -6.19006265
   4.45390008  -6.17523348
   4.45291096  -6.16058714
   4.45019373  -6.15029558
   4.44866198  -6.14573213
   4.44096612  -6.13053743
   4.43625749  -6.12405330
   4.42907048  -6.11542509
   4.42130186  -6.10537184
   4.41760126  -6.10066356
   4.40637504  -6.08673071
   4.40545383  -6.08572847
   4.39395228  -6.07098244
   4.39114982  -6.06724490
   4.38210938  -6.05580738
   4.37663353  -6.04918081
   4.36995559  -6.04089351
   4.36130086  -6.02985400
   4.35846302  -6.02612980
   4.34659689  -6.01197227
   4.34568276  -6.01097189
   4.33418523  -5.99622952
   4.33138330  -5.99249271
   4.32234453  -5.98105746
   4.31663537  -5.97368879
   4.31020675  -5.96610881
   4.30188216  -5.95578762
   4.29806941  -5.95116076
   4.28749618  -5.93644048
   4.28663752  -5.93545017
   4.27494318  -5.92110421
   4.27208498  -5.91741337
   4.26278375  -5.90617020
   4.25711050  -5.89969613
   4.25045499  -5.89137661
   4.24205146  -5.88016933
   4.23923225  -5.87646073
   4.22734109  -5.86225429
   4.22648259  -5.86126418
   4.21518551  -5.84638331
   4.21226049  -5.84275506
   4.20284741  -5.83160177
   4.19724586  -5.82413136
   4.19094804  -5.81646826
   4.18231199  -5.80545385
   4.17883415  -5.80151455
   4.16801170  -5.78700209
   4.16715335  -5.78601217
   4.15545938  -5.77167040
   4.15260221  -5.76798098
   4.14329037  -5.75673918
   4.13751435  -5.74942669
   4.13121301  -5.74176361
   4.12258311  -5.73075276
   4.11975870  -5.72704343
   4.10828538  -5.71230451
   4.10742717  -5.71131479
   4.09571805  -5.69697694
   4.09279406  -5.69335009
   4.08339287  -5.68220390
   4.07779333  -5.67473630
   4.07215538  -5.66730520
   4.06269384  -5.65621703
   4.05977279  -5.65253372
   4.04856948  -5.63762113
   4.04771141  -5.63663160
   4.03666448  -5.62252225
   4.03293259  -5.61785514
   4.02459322  -5.60754204
   4.01820996  -5.59995487
   4.01183315  -5.59237469
   4.00323325  -5.58132455
   4.00035002  -5.57766542
   3.98913745  -5.56274594
   3.98825764  -5.56176969
   3.97695903  -5.54785506
   3.97345667  -5.54393947
   3.96412874  -5.53269990
   3.95838224  -5.52539771
   3.95277321  -5.51794017
   3.94353137  -5.50666448
   3.94065188  -5.50300698
   3.92943964  -5.48808970
   3.92855996  -5.48711364
   3.91726372  -5.47320173
   3.91376192  -5.46928688
   3.90454993  -5.45799890
   3.89881404  -5.45064235
   3.89308277  -5.44329262
   3.88383954  -5.43201819
   3.88099008  -5.42834945
   3.86975185  -5.41344719
   3.86887231  -5.41247131
   3.85758617  -5.39855999
   3.85395703  -5.39382176
   3.84566827  -5.38341178
   3.83913109  -5.37600664
   3.83340229  -5.36865870
   3.82415764  -5.35738551
   3.82128562  -5.35373119
   3.80980750  -5.33902638
   3.80894999  -5.33803759
   3.79790296  -5.32393598
   3.79417356  -5.31927230
   3.78583975  -5.30896676
   3.77945796  -5.30138443
   3.77309135  -5.29381169
   3.76470855  -5.28264437
   3.76184929  -5.27890278
   3.74973432  -5.26495141
   3.74887694  -5.26396279
   3.73823725  -5.24932325
   3.73450846  -5.24466039
   3.72552960  -5.23412871
   3.71979453  -5.22677553
   3.71407064  -5.21943109
   3.70482310  -5.20816036
   3.70195852  -5.20450913
   3.69048561  -5.18981002
   3.68962837  -5.18882159
   3.67884212  -5.17464604
   3.67533003  -5.17062254
   3.66677747  -5.15953908
   3.66002092  -5.15132303
   3.65441920  -5.14483708
   3.64493866  -5.13283299
   3.64234407  -5.12990815
   3.63109832  -5.11501122
   3.63021932  -5.11403605
   3.61893451  -5.10013725
   3.61520691  -5.09547603
   3.60687706  -5.08517593
   3.60049623  -5.07759708
   3.59405331  -5.07004546
   3.58547796  -5.05906442
   3.58266951  -5.05533950
   3.57120172  -5.04064596
   3.57034474  -5.03965787
   3.55929722  -5.02556366
   3.55579864  -5.02165307
   3.54659545  -5.01037711
   3.54086110  -5.00302719
   3.53450446  -4.99546152
   3.52566104  -4.98368636
   3.52303896  -4.98077394
   3.51140788  -4.96638921
   3.51052914  -4.96541438
   3.49966914  -4.95100280
   3.49617107  -4.94709288
   3.48761539  -4.93604659
   3.48123514  -4.92846998
   3.47552088  -4.92113227
   3.46626736  -4.90986631
   3.46278003  -4.90599538
   3.45220700  -4.89132047
   3.45132839  -4.89034581
   3.44035807  -4.87640141
   3.43657576  -4.87160312
   3.42759378  -4.86104930
   3.42171981  -4.85378962
   3.41526648  -4.84636301
   3.40665127  -4.83532440
   3.40380513  -4.83168052
   3.39259468  -4.81678196
   3.39171620  -4.81580747
   3.38064679  -4.80172023
   3.37707607  -4.79786166
   3.36789104  -4.78673807
   3.36210889  -4.77925671
   3.35566089  -4.77183233
   3.34704407  -4.76079480
   3.34420157  -4.75715234
   3.33257082  -4.74277339
   3.33169246  -4.74179905
   3.32086936  -4.72740024
   3.31746845  -4.72343742
   3.30838369  -4.71199416
   3.30250675  -4.70473599
   3.29606406  -4.69731382
   3.28767678  -4.68701127
   3.28396943  -4.68241085
   3.27339646  -4.66774160
   3.27251822  -4.66676743
   3.26060043  -4.65265579
   3.25775020  -4.64897603
   3.24855379  -4.63770941
   3.24299521  -4.63029756
   3.23673401  -4.62258254
   3.22812542  -4.61156180
   3.22456855  -4.60768479
   3.21321207  -4.59400870
   3.21238007  -4.59300961
   3.20115114  -4.57793160
   3.19841282  -4.57508775
   3.18783868  -4.56324650
   3.18308661  -4.55864688
   3.17198956  -4.54833004
   3.16820540  -4.54467063
   3.15457587  -4.53300375
   3.15360260  -4.53212479
   3.13847467  -4.51946942
   3.13752632  -4.51855737
   3.12358416  -4.50633415
   3.11993265  -4.50347165
   3.10881374  -4.49415980
   3.10305802  -4.48876929
   3.09411061  -4.48104263
   3.08575923  -4.47341573
   3.07898011  -4.46718455
   3.06899444  -4.45869030
   3.06436369  -4.45478840
   3.05209942  -4.44376214
   3.04940927  -4.44177647
   3.03514217  -4.42916699
   3.03418113  -4.42827119
   3.01934277  -4.41516617
   3.01764229  -4.41404684
   3.00456539  -4.40292429
   3.00076207  -4.39935289
   2.98974810  -4.38985361
   2.98326640  -4.38423356
   2.97490516  -4.37679902
   2.96646867  -4.36935662
   2.95994047  -4.36380437
   2.94897453  -4.35436119
   2.94518753  -4.35070859
   2.93232357  -4.33921061
   2.93035285  -4.33748422
   2.91601758  -4.32491151
   2.91504203  -4.32403719
   2.90060908  -4.31245812
   2.89776084  -4.30972859
   2.88574942  -4.29929822
   2.88086141  -4.29489190
   2.87073089  -4.28649412
   2.86327377  -4.27996374
   2.85588451  -4.27344696
   2.84672507  -4.26501690
   2.84114901  -4.26017511
   2.82990257  -4.25006515
   2.82605980  -4.24648355
   2.81303887  -4.23525488
   2.81132461  -4.23414592
   2.79635704  -4.22128134
   2.79539426  -4.22038887
   2.78154874  -4.20902354
   2.77767325  -4.20551704
   2.76676708  -4.19613529
   2.76103809  -4.19058919
   2.75200118  -4.18285144
   2.74425758  -4.17571310
   2.73700339  -4.16988109
   2.72679062  -4.16076930
   2.72191187  -4.15620721
   2.70987907  -4.14585164
   2.70696157  -4.14321730
   2.69251232  -4.13162011
   2.69153506  -4.13074429
   2.67737702  -4.11793560
   2.67475736  -4.11587524
   2.66237561  -4.10504363
   2.65858428  -4.10147457
   2.64757300  -4.09198219
   2.64109500  -4.08636623
   2.63260266  -4.07900310
   2.62430664  -4.07166732
   2.61777815  -4.06595193
   2.60679529  -4.05647421
   2.60294103  -4.05290914
   2.58991954  -4.04168593
   2.58797492  -4.03993013
   2.57334440  -4.02770039
   2.57239089  -4.02679586
   2.55864337  -4.01422028
   2.55561276  -4.01174319
   2.54344018  -4.00174555
   2.53794467  -3.99704060
   2.52862475  -3.98869700
   2.52116718  -3.98217128
   2.51354218  -3.97578059
   2.50241261  -3.96743287
   2.49875258  -3.96457186
   2.48406468  -3.95305204
   2.48236916  -3.95190032
   2.46940490  -3.94249178
   2.46246136  -3.93744366
   2.45418947  -3.93105999
   2.44236570  -3.92209183
   2.43927193  -3.91974481
   2.42466150  -3.90920029
   2.42260920  -3.90761043
   2.40969514  -3.89824371
   2.40226333  -3.89266083
   2.39473967  -3.88713945
   2.38258148  -3.87790306
   2.37980805  -3.87602275
   2.36492207  -3.86510304
   2.36224949  -3.86310566
   2.35003540  -3.85372255
   2.34254138  -3.84830962
   2.33518118  -3.84273407
   2.32242198  -3.83292308
   2.32035435  -3.83136670
   2.30581948  -3.82067066
   2.30202383  -3.81799526
   2.29087047  -3.80981099
   2.28234190  -3.80340657
   2.27603084  -3.79863539
   2.26276545  -3.78868148
   2.26107479  -3.78752929
   2.24621430  -3.77636654
   2.24249922  -3.77357590
   2.23179356  -3.76562187
   2.22289831  -3.75875625
   2.21644892  -3.75407069
   2.20265124  -3.74369323
   2.20163458  -3.74288002
   2.18700160  -3.73212768
   2.18212670  -3.72875312
   2.17205452  -3.72140683
   2.16285857  -3.71391975
   2.15736774  -3.70987070
   2.14305995  -3.69912865
   2.14202595  -3.69835136
   2.12740527  -3.68787021
   2.12196334  -3.68397207
   2.11242051  -3.67688387
   2.10228589  -3.66924257
   2.09745121  -3.66580057
   2.08325396  -3.65509324
   2.08226588  -3.65424416
   2.06814755  -3.64416607
   2.06151402  -3.63939092
   2.05324927  -3.63302766
   2.04285586  -3.62460518
   2.03802068  -3.62116480
   2.02338966  -3.61071935
   2.02236717  -3.60991728
   2.00872590  -3.59953048
   2.00277234  -3.59510355
   1.99363214  -3.58850105
   1.98249058  -3.58013274
   1.97877676  -3.57734335
   1.96379108  -3.56618222
   1.96204854  -3.56508143
   1.94906781  -3.55595757
   1.94098421  -3.55001716
   1.93397949  -3.54560914
   1.91928595  -3.53720883
   1.91647666  -3.53538675
   1.90433903  -3.52788937
   1.89211580  -3.52081818
   1.88929076  -3.51902250
   1.87490403  -3.51004309
   1.86694430  -3.50579407
   1.85958606  -3.50135553
   1.84511715  -3.49229213
   1.84299487  -3.49087412
   1.83025014  -3.48313748
   1.81818859  -3.47565508
   1.81536108  -3.47386389
   1.80065974  -3.46493826
   1.79378045  -3.46098716
   1.78545369  -3.45634541
   1.77052911  -3.44728341
   1.76873754  -3.44624604
   1.75620827  -3.43838777
   1.74485631  -3.43081162
   1.74089913  -3.42845596
   1.72607888  -3.41997643
   1.71952457  -3.41636261
   1.71154837  -3.41148716
   1.69667634  -3.40184397
   1.69560254  -3.40117254
   1.68162390  -3.39303738
   1.67134883  -3.38651643
   1.66664797  -3.38383477
   1.65198640  -3.37539246
   1.64635550  -3.37177232
   1.63707613  -3.36608023
   1.62219569  -3.35738055
   1.62111406  -3.35675710
   1.60760920  -3.34858048
   1.59721345  -3.34192460
   1.59261634  -3.33906764
   1.57784869  -3.33041754
   1.57211215  -3.32698781
   1.56298294  -3.32136923
   1.54818775  -3.31260853
   1.54711328  -3.31193875
   1.53327542  -3.30428333
   1.51832895  -3.29799869
   1.51731819  -3.29739745
   1.50235096  -3.29456846
   1.48737593  -3.29362684
   1.47248252  -3.29386003
   1.45769339  -3.29407609
   1.44285243  -3.29406885
   1.42806509  -3.29382757
   1.41317111  -3.29359065
   1.39833042  -3.29358364
   1.38348983  -3.29357670
   1.36862319  -3.29334504
   1.35386316  -3.29379273
   1.33896859  -3.29355632
   1.32412835  -3.29354967
   1.30928820  -3.29354310
   1.29444677  -3.29307259
   1.27960680  -3.29306617
   1.26476691  -3.29305983
   1.24992710  -3.29305355
   1.23508738  -3.29304735
   1.22024773  -3.29304123
   1.20540817  -3.29303518
   1.19056869  -3.29302920
   1.17572928  -3.29302330
   1.16094716  -3.29278286
   1.14599435  -3.29278952
   1.13121153  -3.29300603
   1.11637243  -3.29300042
   1.10159142  -3.29276020
   1.08669472  -3.29252549
   1.07185583  -3.29252011
   1.05698685  -3.29229108
   1.04223684  -3.29273873
   1.02733837  -3.29204041
   1.01249977  -3.29203532
   0.99766247  -3.29249430
   0.98282278  -3.29202537
   0.96798439  -3.29202050
   0.95314606  -3.29201571
   0.93830779  -3.29201099
   0.92346959  -3.29200635
   0.90863145  -3.29200178
   0.89379337  -3.29199728
   0.87895535  -3.29199286
   0.86411739  -3.29198851
   0.84927949  -3.29198424
   0.83444165  -3.29198004
   0.81966571  -3.29174088
   0.80470519  -3.29175067
   0.78992847  -3.29196789
   0.77509085  -3.29196398
   0.76025328  -3.29196015
   0.74547861  -3.29172131
   0.73057852  -3.29148878
   0.71574111  -3.29148517
   0.70090375  -3.29148164
   0.68606535  -3.29101421
   0.67122809  -3.29101083
   0.65645492  -3.29077233
   0.64155392  -3.29054035
   0.62665326  -3.29078037
   0.61187952  -3.29099803
   0.59704249  -3.29099501
   0.58220550  -3.29099207
   0.56736856  -3.29098920
   0.55253165  -3.29098641
   0.53769479  -3.29098369
   0.52292379  -3.29074582
   0.50795625  -3.29075797
   0.49318443  -3.29097598
   0.47834771  -3.29097356
   0.46351103  -3.29097121
   0.44867439  -3.29096893
   0.43383778  -3.29096673
   0.41906842  -3.29072936
   0.40416386  -3.29003466
   0.38932831  -3.29049664
   0.37449182  -3.29049473
   0.35965537  -3.29049290
   0.34481801  -3.29002719
   0.32998254  -3.29048946
   0.31514525  -3.29002390
   0.30030891  -3.29002236
   0.28547259  -3.29002090
   0.27063630  -3.29001952
   0.25586943  -3.28978293
   0.24096393  -3.28955303
   0.22612770  -3.28955186
   0.21129149  -3.28955077
   0.19645531  -3.28954975
   0.18161914  -3.28954881
   0.16671337  -3.28979194
   0.15201751  -3.28977585
   0.13711074  -3.28954642
   0.12227464  -3.28954578
   0.10743855  -3.28954520
   0.09260247  -3.28954470
   0.07776560  -3.28908033
   0.06293036  -3.28954393
   0.04809432  -3.28954365
   0.03325750  -3.28907950
   0.01842148  -3.28907937
   0.00358547  -3.28907932
  -0.01117758  -3.28884416
  -0.02608642  -3.28861549
  -0.04099478  -3.28885991
  -0.05568496  -3.28884470
  -0.07059438  -3.28861620
  -0.08543036  -3.28861659
  -0.10026634  -3.28861705
  -0.11510232  -3.28861759
  -0.12993830  -3.28861820
  -0.14477428  -3.28861888
  -0.15961026  -3.28861964
  -0.17444624  -3.28862047
  -0.18928223  -3.28862137
  -0.20411822  -3.28862235
  -0.21884419  -3.28830377
  -0.23386575  -3.28794107
  -0.24862690  -3.28816180
  -0.26346225  -3.28862701
  -0.27829893  -3.28816442
  -0.29305828  -3.28793093
  -0.30797095  -3.28770339
  -0.32288312  -3.28794942
  -0.33753002  -3.28830099
  -0.35247916  -3.28770832
  -0.36731525  -3.28771012
  -0.38215136  -3.28771198
  -0.39698687  -3.28793580
  -0.41182364  -3.28771593
  -0.42665980  -3.28771802
  -0.44149656  -3.28725625
  -0.45633218  -3.28772242
  -0.47105316  -3.28737536
  -0.48608347  -3.28704374
  -0.50072505  -3.28737667
  -0.51567773  -3.28680421
  -0.53059292  -3.28705133
  -0.54534985  -3.28773738
  -0.56010652  -3.28704166
  -0.57502312  -3.28681265
  -0.58985953  -3.28681395
  -0.60477585  -3.28706545
  -0.61945144  -3.28705352
  -0.63436895  -3.28681825
  -0.64920549  -3.28681983
  -0.66404206  -3.28682147
  -0.67887866  -3.28682319
  -0.69371529  -3.28682497
  -0.70855196  -3.28682683
  -0.72338912  -3.28638346
  -0.73822585  -3.28638709
  -0.75306263  -3.28639081
  -0.76780227  -3.28612799
  -0.78273634  -3.28517635
  -0.79757324  -3.28517824
  -0.81241018  -3.28518020
  -0.82724716  -3.28518224
  -0.84208418  -3.28518434
  -0.85692125  -3.28518652
  -0.87175836  -3.28518876
  -0.88659552  -3.28519108
  -0.90143272  -3.28519347
  -0.91626997  -3.28519593
  -0.93110727  -3.28519846
  -0.94594462  -3.28520106
  -0.96078234  -3.28501320
  -0.97561947  -3.28520648
  -0.99045697  -3.28520929
  -1.00529483  -3.28502274
  -1.02013243  -3.28502607
  -1.03496980  -3.28521816
  -1.04980779  -3.28503292
  -1.06464556  -3.28503645
  -1.07948338  -3.28504006
  -1.09432127  -3.28504373
  -1.10915921  -3.28504747
  -1.12399721  -3.28505128
  -1.13870592  -3.28468969
  -1.15367352  -3.28431695
  -1.16851171  -3.28432061
  -1.18334996  -3.28432434
  -1.19818828  -3.28432815
  -1.21302685  -3.28414765
  -1.22786529  -3.28415194
  -1.24270380  -3.28415631
  -1.25754238  -3.28416075
  -1.27259994  -3.28519855
  -1.28727837  -3.28754157
  -1.30205868  -3.29242289
  -1.31680275  -3.29911408
  -1.31858941  -3.30011584
  -1.33153422  -3.30764147
  -1.34458157  -3.31494894
  -1.34640288  -3.31593518
  -1.36150491  -3.32473989
  -1.37066456  -3.32960919
  -1.37631126  -3.33318637
  -1.39105640  -3.34170202
  -1.39566910  -3.34451334
  -1.40602297  -3.35073822
  -1.42052009  -3.35873774
  -1.42151894  -3.35955894
  -1.43551702  -3.36782378
  -1.44671712  -3.37418411
  -1.45033178  -3.37619677
  -1.46514311  -3.38463236
  -1.47342862  -3.38937482
  -1.48013193  -3.39364292
  -1.49499894  -3.40195125
  -1.49866366  -3.40389470
  -1.50981390  -3.41035913
  -1.52383793  -3.41856211
  -1.52483687  -3.41938341
  -1.53958624  -3.42781516
  -1.55060618  -3.43361862
  -1.55422112  -3.43563157
  -1.56922307  -3.44463584
  -1.57580394  -3.44834315
  -1.58402171  -3.45308062
  -1.59888927  -3.46139036
  -1.60177228  -3.46316818
  -1.61379409  -3.47053898
  -1.62773517  -3.47800303
  -1.62873421  -3.47882444
  -1.64319295  -3.48687106
  -1.65357192  -3.49307083
  -1.65816524  -3.49592761
  -1.67297803  -3.50435003
  -1.67872966  -3.50769417
  -1.68803028  -3.51329123
  -1.70284947  -3.52162814
  -1.70473614  -3.52258904
  -1.71760706  -3.53017657
  -1.73057475  -3.53765645
  -1.73237297  -3.53867559
  -1.74737964  -3.54763927
  -1.75576366  -3.55231569
  -1.76232963  -3.55685269
  -1.77689389  -3.56656222
  -1.77787741  -3.56741660
  -1.79166290  -3.57689464
  -1.79993722  -3.58257549
  -1.80647276  -3.58716076
  -1.82125870  -3.59650983
  -1.82223656  -3.59737425
  -1.83623905  -3.60749116
  -1.84279437  -3.61206152
  -1.85132219  -3.61825942
  -1.86494061  -3.62708209
  -1.86592873  -3.62792806
  -1.88073841  -3.63820498
  -1.88627425  -3.64195432
  -1.89586087  -3.64891655
  -1.90778423  -3.65659604
  -1.91051247  -3.65852838
  -1.92532801  -3.66878985
  -1.92987009  -3.67170114
  -1.94030878  -3.67974472
  -1.95047425  -3.68631597
  -1.95520833  -3.68990026
  -1.96992562  -3.69935700
  -1.97273744  -3.70121451
  -1.98473570  -3.70964270
  -1.99332425  -3.71583246
  -1.99979112  -3.72051836
  -2.01443202  -3.73008492
  -2.01543444  -3.73092582
  -2.02942986  -3.74101537
  -2.03676205  -3.74585210
  -2.04424777  -3.75129125
  -2.05868550  -3.76024856
  -2.05967903  -3.76108413
  -2.07401163  -3.77161698
  -2.07969078  -3.77535682
  -2.08888566  -3.78178963
  -2.10174951  -3.79039292
  -2.10350544  -3.79146054
  -2.11831320  -3.80174214
  -2.12309708  -3.80526872
  -2.13343555  -3.81245868
  -2.14537359  -3.82013954
  -2.14832541  -3.82270411
  -2.16303102  -3.83310529
  -2.16579282  -3.83498575
  -2.17798766  -3.84313005
  -2.18734521  -3.84968350
  -2.19280676  -3.85345703
  -2.20763401  -3.86369254
  -2.20942114  -3.86474306
  -2.22254203  -3.87380375
  -2.23170026  -3.87962140
  -2.23740298  -3.88408716
  -2.25189959  -3.89386587
  -2.25287796  -3.89473086
  -2.26686445  -3.90485748
  -2.27347693  -3.90943151
  -2.28186751  -3.91580129
  -2.29297470  -3.92426817
  -2.29660040  -3.92716074
  -2.31061378  -3.93912731
  -2.31158754  -3.94000003
  -2.32626141  -3.95138127
  -2.32918422  -3.95400799
  -2.34127278  -3.96421466
  -2.34682920  -3.96891871
  -2.35604957  -3.97636903
  -2.36470406  -3.98355917
  -2.37092271  -3.98846196
  -2.38284530  -3.99885764
  -2.38573672  -4.00152109
  -2.40027066  -4.01307113
  -2.40124454  -4.01394400
  -2.41517291  -4.02510001
  -2.41906218  -4.02860185
  -2.43027859  -4.03780159
  -2.43690516  -4.04328730
  -2.44518909  -4.04980935
  -2.45547036  -4.05812969
  -2.46004809  -4.06192509
  -2.47311131  -4.07299531
  -2.47482368  -4.07410260
  -2.48980436  -4.08698839
  -2.49150887  -4.08807739
  -2.50472614  -4.09898719
  -2.50934541  -4.10279166
  -2.51940755  -4.11128198
  -2.52699244  -4.11766853
  -2.53447588  -4.12404498
  -2.54555384  -4.13251051
  -2.54918079  -4.13540446
  -2.56319430  -4.14737691
  -2.56416841  -4.14825004
  -2.57884733  -4.15963683
  -2.58177475  -4.16226459
  -2.59386896  -4.17247608
  -2.59944205  -4.17718325
  -2.60864064  -4.18463718
  -2.61732331  -4.19183080
  -2.62376165  -4.19739898
  -2.63564788  -4.20690391
  -2.63854888  -4.20955650
  -2.65322483  -4.22090928
  -2.65423237  -4.22179565
  -2.66821889  -4.23379627
  -2.67189938  -4.23670644
  -2.68290047  -4.24609920
  -2.68955067  -4.25158802
  -2.69795319  -4.25889603
  -2.70810904  -4.26643700
  -2.71291824  -4.27089574
  -2.72576967  -4.28133224
  -2.72766992  -4.28314601
  -2.74240310  -4.29532095
  -2.74341558  -4.29620711
  -2.75694599  -4.30690781
  -2.76179926  -4.31129992
  -2.77206410  -4.31961605
  -2.77967162  -4.32600628
  -2.78713956  -4.33238534
  -2.79822518  -4.34085508
  -2.80208287  -4.34440916
  -2.81589076  -4.35575352
  -2.81684310  -4.35665802
  -2.83155682  -4.36887798
  -2.83353568  -4.37062897
  -2.84634786  -4.38108679
  -2.85192283  -4.38571366
  -2.86154914  -4.39364149
  -2.87003720  -4.40020638
  -2.87646534  -4.40577662
  -2.88756648  -4.41504310
  -2.89125487  -4.41794054
  -2.90528309  -4.42995007
  -2.90625454  -4.43085815
  -2.92095862  -4.44308047
  -2.92365562  -4.44505548
  -2.93561876  -4.45450265
  -2.94229307  -4.45999458
  -2.95045269  -4.46665612
  -2.95993656  -4.47486806
  -2.96537412  -4.47967008
  -2.97579381  -4.48982731
  -2.98018020  -4.49469248
  -2.98853736  -4.50488882
  -2.99481299  -4.51349813
  -3.00008721  -4.52026886
  -3.00975757  -4.53298033
  -3.01084669  -4.53472356
  -3.02138790  -4.54940874
  -3.02493089  -4.55418227
  -3.03224325  -4.56441988
  -3.03980948  -4.57463977
  -3.04340036  -4.57937436
  -3.05433831  -4.59349710
  -3.05520022  -4.59447894
  -3.06603502  -4.60894828
  -3.06957839  -4.61372238
  -3.07688125  -4.62405810
  -3.08418041  -4.63438375
  -3.08778533  -4.63910864
  -3.09898708  -4.65304124
  -3.09984850  -4.65402302
  -3.10975797  -4.66849360
  -3.11413330  -4.67426685
  -3.12060783  -4.68357694
  -3.12875691  -4.69398063
  -3.13241115  -4.69868227
  -3.14293456  -4.71334183
  -3.14380310  -4.71432105
  -3.15409945  -4.72824259
  -3.15882582  -4.73470061
  -3.16526395  -4.74313206
  -3.17363752  -4.75429946
  -3.17643000  -4.75803958
  -3.18759454  -4.77291819
  -3.18844423  -4.77390826
  -3.19875932  -4.78780325
  -3.20326258  -4.79349960
  -3.20992507  -4.80269458
  -3.21808938  -4.81403703
  -3.22080455  -4.81779571
  -3.23225870  -4.83248462
  -3.23333070  -4.83424212
  -3.24269824  -4.84706228
  -3.24824048  -4.85473131
  -3.25366799  -4.86229464
  -3.26284948  -4.87443763
  -3.26483147  -4.87716513
  -3.27599143  -4.89203331
  -3.27796616  -4.89473504
  -3.28666407  -4.90640322
  -3.29291305  -4.91430866
  -3.29834186  -4.92187324
  -3.30752251  -4.93498003
  -3.30856330  -4.93671056
  -3.31974162  -4.95163080
  -3.32253391  -4.95535489
  -3.33086813  -4.96644929
  -3.33738825  -4.97494318
  -3.34272253  -4.98162452
  -3.35220166  -4.99456756
  -3.35388289  -4.99654637
  -3.36442069  -5.01121993
  -3.36721331  -5.01494452
  -3.37561940  -5.02623348
  -3.38202672  -5.03550646
  -3.38581200  -5.04097748
  -3.39664746  -5.05545304
  -3.39752480  -5.05645529
  -3.40847256  -5.07059240
  -3.41204867  -5.07540312
  -3.41936323  -5.08575108
  -3.42661151  -5.09516015
  -3.43051984  -5.10061672
  -3.44146856  -5.11475524
  -3.44232619  -5.11573662
  -3.45286538  -5.13042016
  -3.45673903  -5.13589625
  -3.46405691  -5.14535900
  -3.47135660  -5.15569305
  -3.47491640  -5.16043950
  -3.48569629  -5.17485783
  -3.48661562  -5.17591759
  -3.49756058  -5.19003308
  -3.50121078  -5.19474684
  -3.50810261  -5.20471297
  -3.51627429  -5.21608985
  -3.51897302  -5.21982947
  -3.53016062  -5.23475352
  -3.53101105  -5.23574463
  -3.54125570  -5.24956825
  -3.54606301  -5.25611777
  -3.55250775  -5.26455893
  -3.56111401  -5.27650237
  -3.56305144  -5.27924131
  -3.57486602  -5.29438089
  -3.57593912  -5.29614013
  -3.58525743  -5.30896234
  -3.59087402  -5.31665462
  -3.59628275  -5.32418445
  -3.60555240  -5.33635293
  -3.60809341  -5.33930486
  -3.61864723  -5.35401459
  -3.62060105  -5.35669064
  -3.62996234  -5.36859850
  -3.63558860  -5.37629397
  -3.64101314  -5.38384680
  -3.65048973  -5.39676444
  -3.65218653  -5.39874982
  -3.66269232  -5.41340111
  -3.66554377  -5.41708380
  -3.67412650  -5.42810948
  -3.68038338  -5.43688462
  -3.68481947  -5.44351572
  -3.69515059  -5.45741391
  -3.69598845  -5.45841197
  -3.70741281  -5.47305293
  -3.71020647  -5.47689844
  -3.71835661  -5.48824712
  -3.72504307  -5.49741183
  -3.72952022  -5.50313888
  -3.73987842  -5.51707312
  -3.74071640  -5.51807133
  -3.75124505  -5.53273755
  -3.75467367  -5.53669153
  -3.76242793  -5.54765412
  -3.76962157  -5.55724489
  -3.77392796  -5.56297962
  -3.78454788  -5.57671788
  -3.78541509  -5.57770075
  -3.79597883  -5.59240710
  -3.79963216  -5.59712539
  -3.80716322  -5.60732586
  -3.81425069  -5.61695535
  -3.81806789  -5.62248641
  -3.82860305  -5.63716301
  -3.82945254  -5.63813699
  -3.83985311  -5.65213736
  -3.84422122  -5.65790900
  -3.85125005  -5.66736740
  -3.85894959  -5.67761866
  -3.86246674  -5.68232637
  -3.87334737  -5.69684797
  -3.87419639  -5.69782189
  -3.88460905  -5.71182068
  -3.88918790  -5.71837987
  -3.89545763  -5.72695113
  -3.90381561  -5.73810954
  -3.90661260  -5.74184053
  -3.91782023  -5.75678413
  -3.91866124  -5.75776605
  -3.92885184  -5.77159298
  -3.93372623  -5.77816329
  -3.93956512  -5.78637515
  -3.94861868  -5.79878923
  -3.95048426  -5.80158742
  -3.96186967  -5.81618336
  -3.96364160  -5.81823825
  -3.97295578  -5.83111316
  -3.97860665  -5.83878408
  -3.98404462  -5.84635660
  -3.99329148  -5.85850308
  -3.99521246  -5.86126147
  -4.00664706  -5.87588054
  -4.00871270  -5.87865793
  -4.01775067  -5.89083700
  -4.02337394  -5.89850047
  -4.02881270  -5.90607415
  -4.03818397  -5.91898394
  -4.03993498  -5.92094202
  -4.05053732  -5.93559859
  -4.05334035  -5.93947903
  -4.06093057  -5.95058958
  -4.06792202  -5.95926766
  -4.07262702  -5.96577056
  -4.08300435  -5.97972448
  -4.08384318  -5.98072388
  -4.09463023  -5.99545117
  -4.09780352  -5.99936102
  -4.10565728  -6.01026813
  -4.11278922  -6.01981070
  -4.11681533  -6.02517962
  -4.12750134  -6.03969372
  -4.12832203  -6.04069240
  -4.13840863  -6.05460521
  -4.14287684  -6.06101083
  -4.14894679  -6.07086651
  -4.15302969  -6.08616445
  -4.15215169  -6.10099935
  -4.15074419  -6.11598600
  -4.14942832  -6.13082448
  -4.14802080  -6.14581338
  -4.14666579  -6.16067309
  -4.14487837  -6.17556393
  -4.14394271  -6.19050288
  -4.14239186  -6.20078973
  -4.14164403  -6.20547047
  -4.13971291  -6.22047102
  -4.13538359  -6.23527439
  -4.12709288  -6.24937163
  -4.12616418  -6.25030205
  -4.11455929  -6.26473224
  -4.11177319  -6.26752358
  -4.10063061  -6.27962195
  -4.09668376  -6.28404353
  -4.08737911  -6.29431491
  -4.08198137  -6.30005209
  -4.07344040  -6.30922963
  -4.06729659  -6.31603367
  -4.05978172  -6.32431922
  -4.05229072  -6.33263844
  -4.04585302  -6.33920853
  -4.03743861  -6.34846299
  -4.03285437  -6.35409960
  -4.02259090  -6.36522264
  -4.01893304  -6.36900810
  -4.00795679  -6.38125281
  -4.00523149  -6.38410100
  -3.99314406  -6.39711696
  -3.99129711  -6.39899197
  -3.97876176  -6.41342370
  -3.97783308  -6.41435440
  -3.96413679  -6.42854822
  -3.96320811  -6.42947894
  -3.95088640  -6.44326063
  -3.94823859  -6.44616736
  -3.93696110  -6.45814716
  -3.93317138  -6.46273756
  -3.92303514  -6.47303628
  -3.91832756  -6.47856566
  -3.90935370  -6.48812959
  -3.90354948  -6.49441461
  -3.89520536  -6.50276305
  -3.88875428  -6.50840382
  -3.87831705  -6.51740047
  -3.87381001  -6.52027183
  -3.85881673  -6.52924813
  -3.85417679  -6.53226152
  -3.84412851  -6.53795669
  -3.82996967  -6.54690474
  -3.82875002  -6.54788812
  -3.81440067  -6.55562313
  -3.80487419  -6.56177485
  -3.79924084  -6.56549303
  -3.78445957  -6.57386032
  -3.77982439  -6.57687405
  -3.76957042  -6.58315468
  -3.75571446  -6.59173022
  -3.75477527  -6.59246321
  -3.74004481  -6.60023841
  -3.72971295  -6.60659480
  -3.72510231  -6.60949964
  -3.71010447  -6.61847778
  -3.70547405  -6.62149191
  -3.69521625  -6.62777330
  -3.68077990  -6.63595728
  -3.67976784  -6.63670762
  -3.66569093  -6.64485902
  -3.65616680  -6.65101245
  -3.65053708  -6.65473165
  -3.63594961  -6.66252209
  -3.63112564  -6.66611520
  -3.62106603  -6.67181244
  -3.60690943  -6.68076385
  -3.60571533  -6.68174370
  -3.59133888  -6.68948503
  -3.58181590  -6.69563936
  -3.57618799  -6.69935912
  -3.56176858  -6.70746339
  -3.55604320  -6.71092096
  -3.54671557  -6.71644185
  -3.53170992  -6.72447040
  -3.53068760  -6.72521480
  -3.51695654  -6.73007974
  -3.50198589  -6.73524104
  -3.48896386  -6.74010577
  -3.48675014  -6.74120440
  -3.47236613  -6.74586626
  -3.45743038  -6.75009458
  -3.44612717  -6.75490877
  -3.44259704  -6.75605644
  -3.42767821  -6.76029483
  -3.41272882  -6.76490815
  -3.39975003  -6.76992616
  -3.39783242  -6.77083836
  -3.38311050  -6.77553515
  -3.36817410  -6.77976378
  -3.35602786  -6.78475566
  -3.35334325  -6.78572729
  -3.33848425  -6.79037161
  -3.32360868  -6.79500626
  -3.31231243  -6.79933319
  -3.30858420  -6.80051255
  -3.29372745  -6.80571724
  -3.27898378  -6.80984453
  -3.26858171  -6.81414635
  -3.26395474  -6.81591654
  -3.24910316  -6.82055645
  -3.23429735  -6.82427771
  -3.22382703  -6.82877801
  -3.21915414  -6.83075212
  -3.20454851  -6.83448250
  -3.18965743  -6.83776154
  -3.17486346  -6.84004852
         
