0.000000 0.000000 0.000000
2.571287 3.108152 -6.068728
2.563707 3.098989 -6.054515
2.562033 3.096965 -6.051577
2.555424 3.088977 -6.039223
2.552481 3.085420 -6.033838
2.547102 3.078917 -6.024288
2.543013 3.073975 -6.017033
2.539008 3.069133 -6.009370
2.533661 3.062670 -5.999037
2.530798 3.059209 -5.994058
2.523960 3.050944 -5.981403
2.522806 3.049549 -5.979486
2.514997 3.040109 -5.964844
2.514436 3.039432 -5.963868
2.506765 3.030159 -5.949727
2.505091 3.028135 -5.946780
2.498369 3.020010 -5.934685
2.495336 3.016343 -5.929298
2.490118 3.010036 -5.920096
2.486027 3.005090 -5.912261
2.481839 3.000028 -5.904835
2.476238 2.993258 -5.894786
2.473400 2.989826 -5.890173
2.466950 2.982030 -5.877959
2.465689 2.980506 -5.875251
2.457908 2.971101 -5.860291
2.457335 2.970408 -5.859329
2.449575 2.961027 -5.845394
2.447713 2.958777 -5.841770
2.441368 2.951107 -5.830487
2.438393 2.947511 -5.824772
2.433021 2.941017 -5.815238
2.428927 2.936069 -5.807976
2.424798 2.931077 -5.800337
2.419357 2.924501 -5.790251
2.416949 2.921590 -5.785662
2.409856 2.913016 -5.773253
2.408251 2.911075 -5.770514
2.400882 2.902168 -5.755794
2.400309 2.901475 -5.754832
2.392550 2.892096 -5.740901
2.390836 2.890025 -5.738009
2.384342 2.882174 -5.725996
2.381430 2.878654 -5.721013
2.375967 2.872051 -5.711031
2.371797 2.867010 -5.703500
2.367692 2.862048 -5.696132
2.362340 2.855578 -5.685773
2.359514 2.852162 -5.680954
2.352845 2.844101 -5.668781
2.351180 2.842088 -5.666021
2.343869 2.833251 -5.651325
2.343297 2.832559 -5.650364
2.335116 2.822670 -5.636205
2.333826 2.821111 -5.633546
2.326926 2.812770 -5.621310
2.324423 2.809745 -5.616555
2.318959 2.803140 -5.606575
2.314753 2.798055 -5.598288
2.310776 2.793248 -5.591405
2.305198 2.786506 -5.581354
2.302345 2.783057 -5.576741
2.295899 2.775265 -5.564536
2.294601 2.773696 -5.561808
2.286871 2.764352 -5.546886
2.286298 2.763660 -5.545924
2.278119 2.753773 -5.531769
2.276830 2.752214 -5.529111
2.270331 2.744358 -5.517102
2.267282 2.740673 -5.511406
2.261965 2.734246 -5.502147
2.257801 2.729212 -5.494621
2.253629 2.724169 -5.487216
2.248181 2.717584 -5.477107
2.245399 2.714221 -5.472352
2.238864 2.706322 -5.459922
2.237191 2.704299 -5.457162
2.229746 2.695300 -5.442724
2.229186 2.694623 -5.441749
2.221135 2.684891 -5.427362
2.219993 2.683511 -5.425436
2.213345 2.675475 -5.412697
2.210450 2.671975 -5.407723
2.204984 2.665368 -5.397747
2.200823 2.660338 -5.390224
2.196651 2.655294 -5.382821
2.191205 2.648711 -5.372714
2.188419 2.645344 -5.367959
2.181893 2.637455 -5.355534
2.180638 2.635939 -5.353005
2.172503 2.626105 -5.338856
2.171943 2.625428 -5.337881
2.164164 2.616025 -5.322982
2.162876 2.614467 -5.320325
2.156230 2.606434 -5.308242
2.153402 2.603016 -5.303549
2.147598 2.596000 -5.293145
2.144005 2.591657 -5.286576
2.139686 2.586436 -5.278452
2.134388 2.580032 -5.269077
2.131412 2.576434 -5.263563
2.124638 2.568246 -5.250706
2.123534 2.566911 -5.248896
2.115763 2.557518 -5.233949
2.115181 2.556814 -5.233002
2.106936 2.546848 -5.219096
2.105702 2.545356 -5.216357
2.099277 2.537590 -5.203893
2.096446 2.534167 -5.199200
2.091060 2.527658 -5.189029
2.086905 2.522634 -5.181510
2.082733 2.517592 -5.174111
2.077289 2.511011 -5.164009
2.074459 2.507590 -5.159225
2.068016 2.499802 -5.147032
2.066304 2.497733 -5.144079
2.058592 2.488410 -5.130167
2.058032 2.487733 -5.129193
2.050260 2.478339 -5.114302
2.049119 2.476960 -5.112377
2.042337 2.468761 -5.099570
2.039501 2.465334 -5.094878
2.033699 2.458320 -5.084479
2.030112 2.453983 -5.077915
2.025368 2.448249 -5.069564
2.020497 2.442361 -5.060424
2.017049 2.438193 -5.054656
2.010754 2.430584 -5.042176
2.009622 2.429215 -5.040233
2.001654 2.419584 -5.025862
2.001095 2.418908 -5.024888
1.993326 2.409517 -5.010001
1.992038 2.407961 -5.007346
1.984964 2.399409 -4.995040
1.982569 2.396514 -4.990582
1.976663 2.389375 -4.980142
1.973107 2.385076 -4.973818
1.968864 2.379947 -4.965505
1.963570 2.373548 -4.956136
1.960175 2.369444 -4.950397
1.953985 2.361962 -4.938478
1.952276 2.359896 -4.935720
1.944825 2.350889 -4.921303
1.944282 2.350233 -4.920321
1.936404 2.340710 -4.905725
1.935116 2.339154 -4.903071
1.928492 2.331146 -4.891002
1.925648 2.327709 -4.886310
1.920265 2.321202 -4.876146
1.916118 2.316189 -4.868634
1.911522 2.310633 -4.861008
1.906653 2.304748 -4.851873
1.903673 2.301145 -4.846363
1.897074 2.293168 -4.834220
1.895361 2.291098 -4.831461
1.888051 2.282262 -4.816781
1.887469 2.281558 -4.815835
1.879192 2.271553 -4.801916
1.878074 2.270201 -4.799969
1.871524 2.262284 -4.787075
1.868739 2.258917 -4.782063
1.862844 2.251792 -4.771630
1.859206 2.247394 -4.765323
1.854502 2.241708 -4.757039
1.849749 2.235962 -4.747635
1.846733 2.232317 -4.742102
1.840153 2.224363 -4.730137
1.838457 2.222313 -4.727227
1.830692 2.212927 -4.713235
1.830152 2.212273 -4.712332
1.822291 2.202771 -4.697688
1.821172 2.201419 -4.695742
1.814232 2.193030 -4.682633
1.811987 2.190316 -4.678576
1.805951 2.183020 -4.667410
1.802311 2.178619 -4.661104
1.797561 2.172878 -4.652785
1.792697 2.166999 -4.643627
1.789699 2.163374 -4.638143
1.783260 2.155591 -4.625926
1.781565 2.153542 -4.623017
1.773805 2.144162 -4.609028
1.773306 2.143559 -4.608163
1.765681 2.134342 -4.593010
1.764517 2.132935 -4.591118
1.757215 2.124108 -4.578329
