# shadow point cont 2D ind 206  size 1154
# norm -0.0471065 -0.9988899  0.0000000
# angle  1.6179202
   3.44344258  -6.84376443
   3.45823924  -6.84148008
   3.47305969  -6.83864602
   3.48798723  -6.83435788
   3.50265955  -6.82997977
   3.50363191  -6.82919190
   3.51774629  -6.82418333
   3.53258765  -6.81950421
   3.54727694  -6.81514812
   3.54915581  -6.81428552
   3.56236498  -6.80935517
   3.57722449  -6.80470131
   3.59182962  -6.80031679
   3.59279733  -6.79949244
   3.60691466  -6.79416049
   3.62184507  -6.78987496
   3.63651557  -6.78548860
   3.63749080  -6.78470999
   3.65147651  -6.78021013
   3.66641312  -6.77563699
   3.68119880  -6.77104530
   3.68222311  -6.77035613
   3.69622894  -6.76487836
   3.71095330  -6.76073860
   3.72575952  -6.75583403
   3.72673672  -6.75506175
   3.74072328  -6.75056268
   3.75558470  -6.74525706
   3.76655207  -6.74024501
   3.77026921  -6.73838795
   3.78502813  -6.73095626
   3.79429482  -6.72534263
   3.79994195  -6.72165562
   3.81478535  -6.71406827
   3.82035007  -6.71048172
   3.82973385  -6.70494471
   3.84462052  -6.69675943
   3.84643801  -6.69576234
   3.85961896  -6.68763943
   3.87159156  -6.68107196
   3.87441329  -6.67923160
   3.88912706  -6.67055277
   3.89749194  -6.66588783
   3.90400078  -6.66219128
   3.91878503  -6.65384073
   3.92344745  -6.65101048
   3.93376210  -6.64454842
   3.94851718  -6.63696103
   3.94947772  -6.63608831
   3.96348488  -6.62782678
   3.97466333  -6.62144797
   3.97833560  -6.61946324
   3.99311696  -6.61110587
   4.00058064  -6.60641893
   4.00806890  -6.60181382
   4.02299923  -6.59347621
   4.02662625  -6.59156238
   4.03799502  -6.58451501
   4.05068684  -6.57697089
   4.05252318  -6.57581631
   4.06724183  -6.56472107
   4.07091661  -6.56183063
   4.08209359  -6.55076473
   4.08580586  -6.54704248
   4.09694270  -6.53587589
   4.10065499  -6.53215374
   4.11179190  -6.52098745
   4.11550422  -6.51726539
   4.12664121  -6.50609939
   4.13039947  -6.50236538
   4.14137089  -6.49223753
   4.14609413  -6.48738764
   4.15634290  -6.47725718
   4.16098340  -6.47260497
   4.17107075  -6.46246261
   4.17574354  -6.45762876
   4.18608751  -6.44729989
   4.19068282  -6.44283174
   4.20089210  -6.43259754
   4.20553271  -6.42794569
   4.21574206  -6.41771175
   4.22038270  -6.41306001
   4.23059213  -6.40282633
   4.23523281  -6.39817472
   4.24544233  -6.38794129
   4.25008304  -6.38328979
   4.26029264  -6.37305662
   4.26493339  -6.36840524
   4.27502391  -6.35826218
   4.27953094  -6.35351062
   4.28976160  -6.33960251
   4.29044204  -6.33902581
   4.29409647  -6.32435089
   4.29421477  -6.30956721
   4.29400361  -6.29458021
   4.29320020  -6.27965535
   4.29315769  -6.26479729
   4.29294329  -6.24988659
   4.29196830  -6.23488894
   4.29192602  -6.22004212
   4.29095135  -6.20504564
   4.29090847  -6.19012571
   4.29086747  -6.17529627
   4.28984636  -6.16068976
   4.28896375  -6.15964106
   4.28447895  -6.14559012
   4.27710528  -6.13083222
   4.27435848  -6.12621090
   4.26633327  -6.11575463
   4.25953060  -6.10665063
   4.25488046  -6.10104985
   4.24455158  -6.08701320
   4.24375645  -6.08612062
   4.23331732  -6.07111884
   4.22964401  -6.06647581
   4.22125112  -6.05620092
   4.21464960  -6.04683150
   4.21005265  -6.04125613
   4.19972790  -6.02722235
   4.19892624  -6.02632875
   4.18788160  -6.01111190
   4.18504990  -6.00743890
   4.17642850  -5.99641419
   4.16983112  -5.98704713
   4.16523122  -5.98147160
   4.15513461  -5.96821070
   4.15410240  -5.96654610
   4.14306726  -5.95133311
   4.14009625  -5.94786589
   4.13157964  -5.93662271
   4.12501898  -5.92727187
   4.12041612  -5.92169620
   4.11009963  -5.90766806
   4.10928487  -5.90677256
   4.09797292  -5.89179581
   4.09517252  -5.88806046
   4.08677146  -5.87685463
   4.08025074  -5.86845580
   4.07536979  -5.86214544
   4.06548164  -5.84867644
   4.06377582  -5.84677394
   4.05316941  -5.83203446
   4.05036939  -5.82829968
   4.04133663  -5.81687065
   4.03567642  -5.80945491
   4.02988402  -5.80217390
   4.02090158  -5.78971155
   4.01897079  -5.78701847
   4.00746711  -5.77229169
   4.00554033  -5.76945978
   3.99625118  -5.75734712
   3.99064442  -5.74987511
   3.98504548  -5.74240710
   3.97592064  -5.73010683
   3.97393933  -5.72750390
   3.96265067  -5.71253641
   3.96075179  -5.70971741
   3.95121839  -5.69784699
   3.94560989  -5.69025868
   3.93962626  -5.68244534
   3.93093496  -5.67053763
   3.92903094  -5.66771580
   3.91786558  -5.65280161
   3.91618583  -5.65077276
   3.90643227  -5.63811382
   3.90106249  -5.63132782
   3.89455466  -5.62294057
   3.88634722  -5.61157469
   3.88365129  -5.60778781
   3.87282682  -5.59331312
   3.87114173  -5.59114063
   3.86126002  -5.57792063
   3.85652099  -5.57144501
   3.84980757  -5.56323244
   3.84137433  -5.55201685
   3.83857609  -5.54828462
   3.82738337  -5.53335605
   3.82637597  -5.53142672
   3.81620145  -5.51843402
   3.81173836  -5.51266574
   3.80410801  -5.50351832
   3.79679821  -5.49307747
   3.79317487  -5.48834894
   3.78261616  -5.47364708
   3.78180379  -5.47255986
   3.77143472  -5.45872694
   3.76697416  -5.45295998
   3.75960223  -5.44357120
   3.75206708  -5.43336644
   3.74841208  -5.42864634
   3.73785476  -5.41394654
   3.73698163  -5.41304193
   3.72639386  -5.39925667
   3.72198486  -5.39341026
   3.71455797  -5.38410518
   3.70728215  -5.37368079
   3.70365505  -5.36895213
   3.69269163  -5.35479414
   3.69175706  -5.35381486
   3.68099189  -5.33933820
   3.67744983  -5.33451014
   3.66916320  -5.32418353
   3.66255320  -5.31491913
   3.65797987  -5.30926015
   3.64816051  -5.29590635
   3.64700100  -5.29413046
   3.63559569  -5.27942809
   3.63274236  -5.27574349
   3.62440913  -5.26450886
   3.61759925  -5.25541176
   3.61294530  -5.24982059
   3.60341043  -5.23626492
   3.60225059  -5.23445428
   3.59085155  -5.21975424
   3.58799857  -5.21607015
   3.57938584  -5.20506559
   3.57285597  -5.19666936
   3.56756128  -5.18991471
   3.55815948  -5.17692294
   3.55704095  -5.17525011
   3.54611296  -5.16008850
   3.54326033  -5.15640492
   3.53464818  -5.14540179
   3.52834710  -5.13776296
   3.52281853  -5.13025619
   3.51318374  -5.11738590
   3.51164171  -5.11534015
   3.50045930  -5.10042655
   3.49852069  -5.09768637
   3.48927203  -5.08551481
   3.48361672  -5.07810838
   3.47744637  -5.07037562
   3.46870962  -5.05853429
   3.46690184  -5.05569183
   3.45543005  -5.04098859
   3.45357317  -5.03820662
   3.44364203  -5.02586194
   3.43909033  -5.01926756
   3.43245080  -5.01095253
   3.42419772  -4.99967589
   3.42126257  -4.99604361
   3.41071154  -4.98134765
   3.40906383  -4.97934048
   3.39890351  -4.96622479
   3.39417066  -4.95975822
   3.38742559  -4.95153183
   3.37925915  -4.94020041
   3.37654577  -4.93640790
   3.36599835  -4.92171448
   3.36435082  -4.91970758
   3.35418935  -4.90659294
   3.34968165  -4.90089079
   3.34209902  -4.89168376
   3.33454890  -4.88057235
   3.33092351  -4.87677758
   3.32059380  -4.86188845
   3.31942724  -4.86023804
   3.30856216  -4.84696679
   3.30474781  -4.84144084
   3.29737485  -4.83206250
   3.28984926  -4.82187172
   3.28619878  -4.81715814
   3.27566978  -4.80245237
   3.27492482  -4.80142777
   3.26408223  -4.78712548
   3.26004984  -4.78179939
   3.25265051  -4.77244978
   3.24492239  -4.76243015
   3.24120437  -4.75776198
   3.23094434  -4.74289011
   3.23002553  -4.74193411
   3.21912077  -4.72774413
   3.21535080  -4.72312513
   3.20705445  -4.71283931
   3.20045277  -4.70358725
   3.19589633  -4.69793927
   3.18578061  -4.68375137
   3.18492715  -4.68287641
   3.17377015  -4.66791281
   3.17088549  -4.66426397
   3.16236291  -4.65323979
   3.15598435  -4.64475859
   3.15059341  -4.63812406
   3.14140102  -4.62500758
   3.14021668  -4.62326231
   3.12881822  -4.60854538
   3.12596865  -4.60486622
   3.11705108  -4.59342572
   3.11152082  -4.58593710
   3.10579172  -4.57852244
   3.09640777  -4.56741415
   3.09291226  -4.56339524
   3.08150948  -4.55152446
   3.07863941  -4.54874894
   3.06637602  -4.53776636
   3.06264363  -4.53406865
   3.05149774  -4.52380422
   3.04685463  -4.51915896
   3.03685418  -4.50961351
   3.03028871  -4.50403615
   3.02195881  -4.49653915
   3.01446804  -4.48913733
   3.00684031  -4.48189297
   2.99848248  -4.47445667
   2.99220410  -4.46863677
   2.98266898  -4.45955741
   2.97708732  -4.45397078
   2.96708815  -4.44442683
   2.96243690  -4.43977146
   2.95116804  -4.42955500
   2.94730960  -4.42602467
   2.93523121  -4.41486282
   2.93242842  -4.41205906
   2.91927894  -4.40003049
   2.91756066  -4.39903354
   2.90318234  -4.38549724
   2.90222289  -4.38454076
   2.88803119  -4.37087094
   2.88704749  -4.36992495
   2.87291875  -4.35713809
   2.87103121  -4.35528363
   2.85803891  -4.34317387
   2.85521895  -4.34038926
   2.84337897  -4.32988101
   2.83863772  -4.32527805
   2.82828182  -4.31617648
   2.82200533  -4.31035878
   2.81363533  -4.30198179
   2.80684942  -4.29571039
   2.79852486  -4.28825121
   2.79038879  -4.28057243
   2.78387914  -4.27405742
   2.77449373  -4.26569831
   2.76876945  -4.26032775
   2.75877399  -4.25078815
   2.75412450  -4.24613488
   2.74366359  -4.23612966
   2.73924776  -4.23217428
   2.72716094  -4.22100591
   2.72437140  -4.21821413
   2.71116651  -4.20616936
   2.70926325  -4.20448625
   2.69529058  -4.19131518
   2.69437158  -4.19051807
   2.67974592  -4.17726584
   2.67881615  -4.17633534
   2.66486974  -4.16237800
   2.66387627  -4.16143348
   2.64996104  -4.14930270
   2.64697526  -4.14678999
   2.63512247  -4.13539201
   2.63113332  -4.13191129
   2.62022864  -4.12233571
   2.61460991  -4.11679300
   2.60535286  -4.10837670
   2.59880067  -4.10190753
   2.59047697  -4.09441768
   2.58299052  -4.08702292
   2.57560081  -4.08045855
   2.56703245  -4.07235484
   2.56075873  -4.06654037
   2.55123081  -4.05746949
   2.54588681  -4.05258547
   2.53473343  -4.04235189
   2.53101526  -4.03863099
   2.51903503  -4.02721396
   2.51608604  -4.02461537
   2.50318536  -4.01235244
   2.50119987  -4.01064980
   2.48710012  -3.99793206
   2.48617064  -3.99700192
   2.47147026  -3.98368287
   2.47053211  -3.98280320
   2.45662118  -3.97067736
   2.45370964  -3.96797315
   2.44172075  -3.95855677
   2.43505842  -3.95311611
   2.42666133  -3.94675462
   2.41659202  -3.93818848
   2.41197050  -3.93436013
   2.39812956  -3.92327988
   2.39709385  -3.92226039
   2.38230105  -3.91114666
   2.37867966  -3.90814639
   2.36739141  -3.89901772
   2.36012895  -3.89324637
   2.35289834  -3.88741903
   2.34137874  -3.87845770
   2.33742192  -3.87512273
   2.32357169  -3.86398404
   2.32256843  -3.86303380
   2.30801012  -3.85163033
   2.30498282  -3.84893802
   2.29309278  -3.84042223
   2.28553819  -3.83403134
   2.27821224  -3.82831907
   2.26698967  -3.81914126
   2.26334157  -3.81622282
   2.24899170  -3.80467055
   2.24801989  -3.80379317
   2.23372299  -3.79304535
   2.22909985  -3.78908952
   2.21878439  -3.78089414
   2.21037478  -3.77429650
   2.20369975  -3.76911399
   2.19267450  -3.75962737
   2.18903441  -3.75669832
   2.17465875  -3.74523999
   2.17341519  -3.74423782
   2.15915707  -3.73379236
   2.15460421  -3.72986909
   2.14486167  -3.72187111
   2.13624784  -3.71467528
   2.12997054  -3.70974667
   2.11674607  -3.69979564
   2.11474517  -3.69811485
   2.09985194  -3.68601233
   2.09817207  -3.68484639
   2.08513893  -3.67493745
   2.07954405  -3.67006829
   2.07020612  -3.66279811
   2.06098679  -3.65518266
   2.05532361  -3.65069818
   2.04310407  -3.64063391
   2.04045354  -3.63860564
   2.02609144  -3.62713955
   2.02388111  -3.62533792
   2.01085759  -3.61543050
   2.00525532  -3.61056203
   1.99592110  -3.60329301
   1.98670028  -3.59567813
   1.98103851  -3.59119486
   1.96817152  -3.58078200
   1.96616915  -3.57910398
   1.95181815  -3.56763634
   1.94881557  -3.56551388
   1.93645884  -3.55679141
   1.92886349  -3.55122710
   1.92151729  -3.54653917
   1.90694269  -3.53668757
   1.90588303  -3.53596734
   1.89189891  -3.52703947
   1.88358707  -3.52113947
   1.87690972  -3.51678183
   1.86229957  -3.50690657
   1.86122587  -3.50623456
   1.84727039  -3.49819804
   1.83794315  -3.49168337
   1.83237328  -3.48796493
   1.81782278  -3.47811688
   1.81570594  -3.47667301
   1.80307598  -3.46887315
   1.79241164  -3.46180792
   1.78787884  -3.45915816
   1.77401202  -3.44915912
   1.76860782  -3.44614191
   1.75821612  -3.44057632
   1.74707039  -3.43212769
   1.74315033  -3.42940040
   1.72867686  -3.42112993
   1.72372094  -3.41735403
   1.71352803  -3.41081016
   1.70083762  -3.40228873
   1.69901024  -3.40096390
   1.68421384  -3.39169140
   1.67746202  -3.38732175
   1.66906853  -3.38200886
   1.65514621  -3.37248319
   1.65411282  -3.37177496
   1.63987403  -3.36301187
   1.63219837  -3.35723241
   1.62481477  -3.35265635
   1.61045588  -3.34289428
   1.60920869  -3.34204951
   1.59521696  -3.33319139
   1.58661953  -3.32757342
   1.58023657  -3.32383384
   1.56536275  -3.31360324
   1.56430156  -3.31288650
   1.55032218  -3.30426817
   1.53775876  -3.29850864
   1.53477233  -3.29765327
   1.51975152  -3.29457059
   1.50490289  -3.29402972
   1.49006791  -3.29362759
   1.47521223  -3.29369008
   1.46037978  -3.29400742
   1.44554476  -3.29360562
   1.43070390  -3.29359845
   1.41586313  -3.29359134
   1.40102246  -3.29358432
   1.38618062  -3.29311334
   1.37134138  -3.29357048
   1.35650097  -3.29356368
   1.34165942  -3.29309293
   1.32681920  -3.29308627
   1.31197906  -3.29307969
   1.29713901  -3.29307318
   1.28229904  -3.29306675
   1.26745916  -3.29306039
   1.25261936  -3.29305410
   1.23777559  -3.29297798
   1.22294025  -3.29257781
   1.20810069  -3.29257175
   1.19326121  -3.29256576
   1.17842181  -3.29255984
   1.16358249  -3.29255400
   1.14874324  -3.29254823
   1.13390407  -3.29254254
   1.11906498  -3.29253692
   1.10422596  -3.29253137
   1.08938701  -3.29252590
   1.07454813  -3.29252050
   1.05970933  -3.29251518
   1.04486950  -3.29204594
   1.03003193  -3.29250476
   1.01519225  -3.29203566
   1.00035373  -3.29203064
   0.98551635  -3.29248967
   0.97067689  -3.29202080
   0.95583962  -3.29247999
   0.94100031  -3.29201127
   0.92616211  -3.29200661
   0.91132398  -3.29200203
   0.89648591  -3.29199752
   0.88164790  -3.29199309
   0.86680850  -3.29191821
   0.85197224  -3.29152051
   0.83713440  -3.29151629
   0.82229663  -3.29151216
   0.80745890  -3.29150809
   0.79262124  -3.29150410
   0.77778362  -3.29150019
   0.76294606  -3.29149634
   0.74810856  -3.29149257
   0.73327110  -3.29148888
   0.71843370  -3.29148526
   0.70359634  -3.29148171
   0.68875904  -3.29147824
   0.67395057  -3.29140594
   0.65911269  -3.29047467
   0.64419772  -3.29015027
   0.62940862  -3.29007322
   0.61457246  -3.29053409
   0.59973633  -3.29099503
   0.58487788  -3.29060024
   0.57009175  -3.29138414
   0.55522461  -3.29052242
   0.54038775  -3.29051969
   0.52555093  -3.29051703
   0.51071415  -3.29051445
   0.49587741  -3.29051194
   0.48104070  -3.29050950
   0.46620403  -3.29050714
   0.45136739  -3.29050485
   0.43653078  -3.29050264
   0.42169421  -3.29050050
   0.40685768  -3.29049844
   0.39202117  -3.29049644
   0.37718469  -3.29049453
   0.36234824  -3.29049268
   0.34751104  -3.29002696
   0.33267466  -3.29002526
   0.31783830  -3.29002364
   0.30300437  -3.28995112
   0.28814321  -3.28962923
   0.27332938  -3.29001922
   0.25849582  -3.28994691
   0.24363412  -3.28962529
   0.22882357  -3.28994448
   0.21398455  -3.28955042
   0.19914837  -3.28954939
   0.18431221  -3.28954844
   0.16947607  -3.28954756
   0.15463994  -3.28954675
   0.13978030  -3.28961869
   0.12497128  -3.28993832
   0.11013166  -3.28954477
   0.09529559  -3.28954425
   0.08045954  -3.28954382
   0.06562350  -3.28954345
   0.05078746  -3.28954316
   0.03595144  -3.28954294
   0.02114864  -3.28947365
   0.00627884  -3.28861485
  -0.00855715  -3.28861486
  -0.02339252  -3.28907888
  -0.03822912  -3.28861509
  -0.05306510  -3.28861532
  -0.06790107  -3.28861562
  -0.08273705  -3.28861599
  -0.09757302  -3.28861644
  -0.11240899  -3.28861696
  -0.12724495  -3.28861756
  -0.14208093  -3.28861823
  -0.15691690  -3.28861898
  -0.17175287  -3.28861979
  -0.18658885  -3.28862069
  -0.20142483  -3.28862165
  -0.21625546  -3.28808788
  -0.23112335  -3.28776880
  -0.24592724  -3.28809021
  -0.26076933  -3.28769837
  -0.27560535  -3.28769971
  -0.29044088  -3.28816505
  -0.30527741  -3.28770260
  -0.32011297  -3.28816809
  -0.33494952  -3.28770579
  -0.34978559  -3.28770750
  -0.36462121  -3.28817321
  -0.37942189  -3.28764220
  -0.39434994  -3.28732379
  -0.40913004  -3.28771506
  -0.42393000  -3.28764825
  -0.43885871  -3.28733000
  -0.45360217  -3.28765266
  -0.46847521  -3.28679591
  -0.48333917  -3.28687114
  -0.49813988  -3.28719408
  -0.51298397  -3.28680324
  -0.52782027  -3.28680583
  -0.54265660  -3.28680850
  -0.55749295  -3.28681124
  -0.57232933  -3.28681405
  -0.58716537  -3.28727372
  -0.60200217  -3.28681990
  -0.61683863  -3.28682294
  -0.63167513  -3.28682604
  -0.64647397  -3.28676062
  -0.66140611  -3.28644310
  -0.67614692  -3.28676726
  -0.69102149  -3.28636229
  -0.70585847  -3.28591480
  -0.72072451  -3.28599108
  -0.73553182  -3.28638594
  -0.75035910  -3.28631941
  -0.76520517  -3.28637622
  -0.78004230  -3.28593329
  -0.79487919  -3.28593721
  -0.80971611  -3.28594121
  -0.82455308  -3.28594528
  -0.83939009  -3.28594942
  -0.85422714  -3.28595363
  -0.86906424  -3.28595793
  -0.88390139  -3.28596229
  -0.89873858  -3.28596673
  -0.91357582  -3.28597124
  -0.92841310  -3.28597582
  -0.94325065  -3.28551655
  -0.95808783  -3.28598522
  -0.97292526  -3.28599002
  -0.98770194  -3.28589791
  -1.00277678  -3.28498782
  -1.01739626  -3.28506572
  -1.03227594  -3.28458537
  -1.04711364  -3.28458966
  -1.06195140  -3.28459403
  -1.07678922  -3.28459846
  -1.09162710  -3.28460297
  -1.10646503  -3.28460755
  -1.12130302  -3.28461221
  -1.13614108  -3.28461693
  -1.15097920  -3.28462173
  -1.16581738  -3.28462659
  -1.18065562  -3.28463153
  -1.19549393  -3.28463654
  -1.21033230  -3.28464162
  -1.22517074  -3.28464678
  -1.23993345  -3.28454881
  -1.25495686  -3.28402868
  -1.26416608  -3.28414216
  -1.26967354  -3.28371272
  -1.28455875  -3.28339623
  -1.28736442  -3.28394984
  -1.29936396  -3.28467362
  -1.31431078  -3.28539593
  -1.32879899  -3.28831024
  -1.34349129  -3.29395141
  -1.35546162  -3.30053088
  -1.35831615  -3.30231179
  -1.37328505  -3.31129128
  -1.37960313  -3.31523517
  -1.38796424  -3.32088765
  -1.40201883  -3.32996609
  -1.40303302  -3.33074020
  -1.41780565  -3.33914424
  -1.42689369  -3.34495135
  -1.43251483  -3.34873418
  -1.44727286  -3.35710703
  -1.45110246  -3.35975692
  -1.46232779  -3.36699891
  -1.47523192  -3.37471711
  -1.47719515  -3.37626730
  -1.49179602  -3.38496284
  -1.49842201  -3.38946077
  -1.50691607  -3.39480919
  -1.52162174  -3.40332037
  -1.52262071  -3.40414168
  -1.53657574  -3.41339954
  -1.54659598  -3.41921365
  -1.55124176  -3.42209222
  -1.56616894  -3.43109921
  -1.57071444  -3.43407217
  -1.58094795  -3.44065922
  -1.59409411  -3.44855454
  -1.59592862  -3.44962916
  -1.61077113  -3.45891626
  -1.61887981  -3.46382612
  -1.62534971  -3.46788477
  -1.64043237  -3.47657945
  -1.64320056  -3.47844586
  -1.65532375  -3.48676049
  -1.66712132  -3.49354654
  -1.66998029  -3.49546284
  -1.68496271  -3.50444297
  -1.69128539  -3.50838784
  -1.69963948  -3.51404551
  -1.71435145  -3.52268239
  -1.71532654  -3.52352683
  -1.72953184  -3.53228193
  -1.73877253  -3.53788188
  -1.74436223  -3.54158137
  -1.75918386  -3.55088629
  -1.76195325  -3.55275278
  -1.77401071  -3.56111478
  -1.78321860  -3.56765066
  -1.78861699  -3.57164375
  -1.80332360  -3.58210497
  -1.80428205  -3.58298916
  -1.81835088  -3.59300578
  -1.82406289  -3.59736635
  -1.83337946  -3.60477826
  -1.84504917  -3.61267349
  -1.84807012  -3.61529567
  -1.86317378  -3.62595953
  -1.86414798  -3.62686186
  -1.87770640  -3.63666549
  -1.88438978  -3.64194827
  -1.89278410  -3.64842711
  -1.90486012  -3.65678004
  -1.90760259  -3.65866306
  -1.92227695  -3.66917892
  -1.92522495  -3.67167378
  -1.93707548  -3.68032736
  -1.94624415  -3.68697928
  -1.95197231  -3.69147538
  -1.96601107  -3.70147274
  -1.96699483  -3.70232738
  -1.98184354  -3.71347616
  -1.98555576  -3.71626340
  -1.99671575  -3.72461151
  -2.00593533  -3.73114769
  -2.01139055  -3.73514143
  -2.02632293  -3.74513585
  -2.02729636  -3.74600821
  -2.04106382  -3.75651490
  -2.04760697  -3.76106807
  -2.05631324  -3.76799924
  -2.06722793  -3.77573054
  -2.07096806  -3.77850114
  -2.08592030  -3.78947719
  -2.08766267  -3.79058932
  -2.10059625  -3.79991354
  -2.10712705  -3.80547288
  -2.11551717  -3.81195575
  -2.12837938  -3.82052729
  -2.13036987  -3.82217768
  -2.14532883  -3.83315399
  -2.14800358  -3.83518991
  -2.16003514  -3.84357629
  -2.16841532  -3.85006618
  -2.17512677  -3.85534505
  -2.18877975  -3.86502792
  -2.18977578  -3.86585868
  -2.20480994  -3.87675605
  -2.20925342  -3.87981145
  -2.21946458  -3.88724725
  -2.22964787  -3.89469946
  -2.23433288  -3.89839028
  -2.24907140  -3.90867048
  -2.25004664  -3.90958339
  -2.26369469  -3.92098466
  -2.26750050  -3.92467882
  -2.27884019  -3.93467059
  -2.28438733  -3.93932811
  -2.29368090  -3.94768884
  -2.30110879  -3.95419472
  -2.30855646  -3.96069131
  -2.31801295  -3.96884832
  -2.32361050  -3.97439513
  -2.33457809  -3.98391361
  -2.33825217  -3.98672421
  -2.35213814  -3.99882369
  -2.35310619  -3.99973839
  -2.36792451  -4.01276632
  -2.36889459  -4.01367987
  -2.38278255  -4.02577994
  -2.38561579  -4.02854926
  -2.39769147  -4.03877292
  -2.40252172  -4.04319959
  -2.41253645  -4.05179380
  -2.41923851  -4.05807042
  -2.42761848  -4.06548440
  -2.43669403  -4.07316879
  -2.44224133  -4.07782925
  -2.45336279  -4.08806398
  -2.45688843  -4.09110397
  -2.47008030  -4.10293890
  -2.47176269  -4.10412474
  -2.48679770  -4.11688565
  -2.48776258  -4.11779987
  -2.50189075  -4.13059905
  -2.50448580  -4.13267282
  -2.51656299  -4.14289898
  -2.52211768  -4.14755776
  -2.53141236  -4.15592256
  -2.53811480  -4.16221257
  -2.54629338  -4.16985760
  -2.55483444  -4.17708996
  -2.56112663  -4.18289169
  -2.57211880  -4.19240169
  -2.57601549  -4.19589457
  -2.58920340  -4.20684724
  -2.59108870  -4.20866224
  -2.60569182  -4.22102923
  -2.60665147  -4.22194415
  -2.62078763  -4.23474584
  -2.62337682  -4.23682078
  -2.63565126  -4.24776594
  -2.64008370  -4.25170900
  -2.65031400  -4.26100234
  -2.65680980  -4.26658702
  -2.66517078  -4.27402745
  -2.67353859  -4.28146388
  -2.68004654  -4.28704133
  -2.69046413  -4.29612931
  -2.69513570  -4.30072801
  -2.70788432  -4.31124426
  -2.70977937  -4.31308226
  -2.72460774  -4.32519782
  -2.72556212  -4.32611348
  -2.73993903  -4.33961481
  -2.74156032  -4.34077105
  -2.75437693  -4.35214945
  -2.75828385  -4.35565338
  -2.76923251  -4.36518126
  -2.77573090  -4.37076710
  -2.78432455  -4.37887932
  -2.79246151  -4.38564786
  -2.79895709  -4.39123625
  -2.80919633  -4.40052531
  -2.81383282  -4.40425504
  -2.82610961  -4.41518967
  -2.82892069  -4.41797039
  -2.84308238  -4.42985601
  -2.84409177  -4.43080792
  -2.85867821  -4.44391137
  -2.85967895  -4.44473466
  -2.87331291  -4.45635171
  -2.87721153  -4.45984680
  -2.88838778  -4.47009826
  -2.89373186  -4.47498313
  -2.90279392  -4.48358954
  -2.90856925  -4.48988710
  -2.91784884  -4.50198463
  -2.92032692  -4.50499160
  -2.92995466  -4.51965099
  -2.93272971  -4.52337644
  -2.94018138  -4.53453382
  -2.94763260  -4.54476056
  -2.95132343  -4.54942257
  -2.96137389  -4.56450983
  -2.96230349  -4.56544036
  -2.97152175  -4.57940313
  -2.97716602  -4.58679525
  -2.98203615  -4.59406449
  -2.99229514  -4.60799748
  -2.99318136  -4.60895630
  -3.00249783  -4.62383334
  -3.00714248  -4.63034876
  -3.01335220  -4.63893859
  -3.02200276  -4.65175552
  -3.02296012  -4.65360457
  -3.03320496  -4.66848114
  -3.03690794  -4.67314612
  -3.04406539  -4.68359488
  -3.05180507  -4.69453632
  -3.05458320  -4.69826798
  -3.06453257  -4.71336755
  -3.06646757  -4.71610305
  -3.07443132  -4.72780765
  -3.08156948  -4.73734356
  -3.08590718  -4.74314261
  -3.09551124  -4.75782797
  -3.09625582  -4.75885192
  -3.10576203  -4.77270280
  -3.11113029  -4.78029075
  -3.11662882  -4.78780840
  -3.12624274  -4.80152256
  -3.12716033  -4.80248637
  -3.13647204  -4.81736640
  -3.14090413  -4.82310821
  -3.14670981  -4.83225139
  -3.15601109  -4.84436137
  -3.15787311  -4.84715125
  -3.16749598  -4.86182423
  -3.17111636  -4.86655462
  -3.17834702  -4.87693616
  -3.18579361  -4.88809625
  -3.18858495  -4.89182605
  -3.19882274  -4.90672083
  -3.20068436  -4.90951035
  -3.20906087  -4.92161018
  -3.21557626  -4.93092240
  -3.21991357  -4.93672319
  -3.22952739  -4.95136978
  -3.23068402  -4.95311962
  -3.23977523  -4.96628626
  -3.24535924  -4.97373430
  -3.25094472  -4.98118643
  -3.26044524  -4.99508579
  -3.26118759  -4.99609270
  -3.27114336  -5.01119286
  -3.27514847  -5.01656494
  -3.28104683  -5.02565568
  -3.29026044  -5.03877030
  -3.29190596  -5.04077357
  -3.30214227  -5.05566311
  -3.30494080  -5.05939825
  -3.31238479  -5.07056338
  -3.32004791  -5.08163113
  -3.32262932  -5.08546655
  -3.33286899  -5.10036219
  -3.33494831  -5.10302911
  -3.34311486  -5.11526687
  -3.34962937  -5.12457491
  -3.35426886  -5.13014776
  -3.36407117  -5.14461308
  -3.36536809  -5.14641495
  -3.37418177  -5.15976523
  -3.37964389  -5.16727585
  -3.38440799  -5.17465420
  -3.39451654  -5.18857194
  -3.39544709  -5.18950378
  -3.40520636  -5.20488011
  -3.40920523  -5.21023995
  -3.41574341  -5.21957114
  -3.42390783  -5.23090116
  -3.42660417  -5.23469444
  -3.43623456  -5.24937948
  -3.43879393  -5.25233343
  -3.44648317  -5.26428686
  -3.45436323  -5.27517896
  -3.45704997  -5.27897700
  -3.46698212  -5.29410393
  -3.46877626  -5.29592252
  -3.47784015  -5.30921152
  -3.48371822  -5.31737069
  -3.48776531  -5.32368026
  -3.49824324  -5.33840519
  -3.49905528  -5.33923153
  -3.50889970  -5.35373110
  -3.51353840  -5.36023712
  -3.51913853  -5.36863059
  -3.52861507  -5.38233445
  -3.52954594  -5.38326673
  -3.53964408  -5.39845551
  -3.54357866  -5.40390987
  -3.54989017  -5.41336225
  -3.55847058  -5.42528854
  -3.56040830  -5.42802826
  -3.57069073  -5.44295491
  -3.57317424  -5.44597311
  -3.58064358  -5.45809735
  -3.58806772  -5.46832711
  -3.59177439  -5.47297668
  -3.60205425  -5.48790661
  -3.60320677  -5.48963116
  -3.61170191  -5.50260670
  -3.61790209  -5.51121085
  -3.62254745  -5.51772612
  -3.63245487  -5.53219948
  -3.63323319  -5.53302333
  -3.64307630  -5.54757193
  -3.64770862  -5.55407791
  -3.65331550  -5.56247655
  -3.66309043  -5.57615541
  -3.66388888  -5.57717686
  -3.67383351  -5.59231645
  -3.67774957  -5.59772647
  -3.68435635  -5.60698879
  -3.69265639  -5.61915781
  -3.69459492  -5.62189878
  -3.70488733  -5.63683385
  -3.70784944  -5.64137678
  -3.71513788  -5.65174957
  -3.72227625  -5.66129101
  -3.72601724  -5.66689256
  -3.73626409  -5.68180613
  -3.73741903  -5.68353216
  -3.74591963  -5.69651244
  -3.75234499  -5.70500208
  -3.75679759  -5.71166039
  -3.76700990  -5.72562337
  -3.76784563  -5.72652369
  -3.77673346  -5.74127779
  -3.78215933  -5.74785761
  -3.78785911  -5.75617674
  -3.79708676  -5.76932541
  -3.79873592  -5.77133485
  -3.80839074  -5.78601817
  -3.81200550  -5.79077653
  -3.81867053  -5.80094390
  -3.82723441  -5.81302617
  -3.82899372  -5.81588793
  -3.83975657  -5.83102157
  -3.84163096  -5.83382514
  -3.84943267  -5.84570002
  -3.85676781  -5.85606812
  -3.86028267  -5.86087634
  -3.87053214  -5.87579627
  -3.87133052  -5.87668371
  -3.88024633  -5.89047528
  -3.88658186  -5.89893590
  -3.89135952  -5.90538051
  -3.90112023  -5.92009273
  -3.90177135  -5.92086287
  -3.91160168  -5.93552228
  -3.91640246  -5.94180670
  -3.92220096  -5.95016564
  -3.93140035  -5.96334717
  -3.93250058  -5.96510145
  -3.94274472  -5.98002133
  -3.94629674  -5.98475807
  -3.95303294  -5.99495487
  -3.96161509  -6.00704461
  -3.96337212  -6.00990961
  -3.97354425  -6.02480368
  -3.97594812  -6.02788926
  -3.98380629  -6.03973076
  -3.99111728  -6.05009578
  -3.99460835  -6.05495369
  -4.00306861  -6.06992092
  -4.00615905  -6.07847571
  -4.00789659  -6.08503859
  -4.00792740  -6.10029706
  -4.00612271  -6.11509198
  -4.00562903  -6.11604778
  -4.00427429  -6.13011286
  -4.00244640  -6.14502494
  -4.00061856  -6.15993743
  -3.99879075  -6.17485031
  -3.99744748  -6.18967884
  -3.99607071  -6.20468016
  -3.99416999  -6.21972143
  -3.99135139  -6.23082711
  -3.99028704  -6.23479426
  -3.98307666  -6.24929691
  -3.97570807  -6.25865754
  -3.97100515  -6.26418771
  -3.96113637  -6.27562915
  -3.95757492  -6.27953718
  -3.94615846  -6.29233354
  -3.94434471  -6.29419866
  -3.93202313  -6.30886822
  -3.93094684  -6.31061986
  -3.92016745  -6.32398607
  -3.91649756  -6.32772916
  -3.90631055  -6.33888061
  -3.90165222  -6.34448797
  -3.89396570  -6.35355144
  -3.88682230  -6.36218479
  -3.88053824  -6.36890196
  -3.87212328  -6.37820924
  -3.86733464  -6.38356300
  -3.85727055  -6.39589911
  -3.85522949  -6.39846330
  -3.84248184  -6.41261041
  -3.84160609  -6.41358387
  -3.82942060  -6.42848601
  -3.82742337  -6.43108284
  -3.81711987  -6.44315199
  -3.81252872  -6.44782766
  -3.80325718  -6.45804878
  -3.79768597  -6.46459058
  -3.79028517  -6.47294380
  -3.78286422  -6.48229255
  -3.77816312  -6.48784729
  -3.76791506  -6.49901779
  -3.76416551  -6.50273583
  -3.75289608  -6.51287812
  -3.74719004  -6.51736589
  -3.73794872  -6.52302650
  -3.72471366  -6.53204224
  -3.72294172  -6.53303060
  -3.70803985  -6.54228986
  -3.70151366  -6.54690896
  -3.69334210  -6.55184845
  -3.67849967  -6.56117479
  -3.67748987  -6.56199076
  -3.66363066  -6.57047178
  -3.65505320  -6.57666129
  -3.64869706  -6.58062268
  -3.63367859  -6.58967635
  -3.63089087  -6.59153630
  -3.61898196  -6.59924830
  -3.60766596  -6.60641351
  -3.60412917  -6.60856537
  -3.58926032  -6.61786345
  -3.58363236  -6.62149964
  -3.57418291  -6.62775919
  -3.56039526  -6.63637440
  -3.55938402  -6.63716818
  -3.54448746  -6.64643105
  -3.53639156  -6.65147751
  -3.52974588  -6.65594086
  -3.51478159  -6.66507396
  -3.51301639  -6.66614206
  -3.50004346  -6.67458272
  -3.48978524  -6.68102271
  -3.48518160  -6.68388980
  -3.47034249  -6.69321998
  -3.46653841  -6.69589319
  -3.45547435  -6.70252020
  -3.44253997  -6.71112584
  -3.44068103  -6.71205504
  -3.42550468  -6.72076715
  -3.41728541  -6.72565093
  -3.41066593  -6.72913452
  -3.39581336  -6.73384606
  -3.38092257  -6.73936206
  -3.37813347  -6.74028927
  -3.36604130  -6.74490284
  -3.35118951  -6.74961515
  -3.33721992  -6.75513564
  -3.33620367  -6.75579854
  -3.32141765  -6.76067252
  -3.30659308  -6.76544799
  -3.29548060  -6.77016648
  -3.29166991  -6.77180864
  -3.27679496  -6.77644360
  -3.26181148  -6.78179493
  -3.25533693  -6.78465171
  -3.24691636  -6.78808840
  -3.23219808  -6.79229509
  -3.21732491  -6.79786414
  -3.21353053  -6.79951833
  -3.20242666  -6.80335407
  -3.18757766  -6.80806931
  -3.17271707  -6.81366890
  -3.17169168  -6.81435876
  -3.15807626  -6.82046635
  -3.14668429  -6.82943885
  -3.14486039  -6.84432019
         
