# shadow point cont 3D ind 127  size 1191
# norm  0.5424415 -0.8400936  0.0000000
# angle  0.9974557
   2.94987726851783    1.90471162536131   -6.83472184683376
   2.96240689648421    1.91280190365991   -6.83050194044537
   2.96549275745368    1.91479441884877   -6.82943681891549
   2.97496734414511    1.92091208198319   -6.82589540752388
   2.98746773841803    1.92898348432502   -6.82219599295895
   2.99982682841674    1.93696364765272   -6.81827559465263
   3.01000928849147    1.94353837884106   -6.81424131798189
   3.01237584892206    1.94506644755510   -6.81342432360535
   3.02500319552114    1.95321982197559   -6.80859599772708
   3.03746703541000    1.96126762145061   -6.80459932483939
   3.04979916047416    1.96923037374061   -6.80057176166443
   3.05139661718277    1.97026183847183   -6.79976109380052
   3.06237609931099    1.97735120028131   -6.79582877982072
   3.07496802587716    1.98548170427625   -6.79163667775349
   3.08736737355517    1.99348786165821   -6.78777055902399
   3.09498558194470    1.99840687650632   -6.78466474078038
   3.09987782450200    2.00156575751213   -6.78286696831578
   3.11239490256164    2.00964793243859   -6.77854676590219
   3.12485551682576    2.01769364915409   -6.77450541320441
   3.13722938808207    2.02568335661893   -6.77050524490595
   3.13804280255613    2.02620857169194   -6.76970011855484
   3.14997203248200    2.03391117788642   -6.76478174296943
   3.16238355139534    2.04192519413547   -6.76157788677251
   3.17498942715513    2.05006470501065   -6.75670552151852
   3.17874027284502    2.05248659539461   -6.75540882215702
   3.18738571923553    2.05806888941822   -6.75231648890799
   3.19990278587317    2.06615105696959   -6.74799669001877
   3.21235581069110    2.07419187324177   -6.74394522314370
   3.22252424279964    2.08075754668708   -6.74017538619233
   3.22489116292513    2.08228584765317   -6.73935885158045
   3.23751829424940    2.09043908307248   -6.73453160125821
   3.24990181560883    2.09843502152997   -6.72969267386487
   3.25690208830307    2.10295504035371   -6.72602904332209
   3.26244746688953    2.10653564595157   -6.72249842975817
   3.27494481104249    2.11460507885589   -6.71506806941859
   3.28042375481718    2.11814278803915   -6.71153477448517
   3.28759647157560    2.12277415258473   -6.70614487266497
   3.29987103181360    2.13069973573730   -6.69918019771920
   3.30380420702699    2.13323935480331   -6.69646740422813
   3.31252475497535    2.13887014128857   -6.69022742323407
   3.32493091787086    2.14688069920073   -6.68254806091889
   3.32638562937729    2.14781999452240   -6.68158183815814
   3.33735416157309    2.15490228605007   -6.67391274141245
   3.34842824262579    2.16205272961137   -6.66693535240198
   3.34997786310720    2.16305330688193   -6.66597883192025
   3.36229653415365    2.17100737202274   -6.65823133510115
   3.37163693015812    2.17703838932812   -6.65151437283007
   3.37476145744346    2.17905587104089   -6.64965717677893
   3.38720557680462    2.18709093713247   -6.64217327083067
   3.39501228146054    2.19213166247809   -6.63677546700049
   3.39983425032468    2.19524516833499   -6.63320126263600
   3.41225338170206    2.20326409988982   -6.62550480236781
   3.41700142727843    2.20632987408441   -6.62212449239796
   3.42490589772654    2.21143372600243   -6.61658385926037
   3.43731454481833    2.21944588793980   -6.60903584780556
   3.44031283236459    2.22138185768556   -6.60704769050115
   3.44983044001915    2.22752729910400   -6.60052321664853
   3.46225633322479    2.23555059671603   -6.59321443870200
   3.46310142594506    2.23609626617353   -6.59240448627072
   3.47489629695524    2.24371211791505   -6.58407298608406
   3.48499170356820    2.25023063939514   -6.57754596541275
   3.48736910285969    2.25176570667301   -6.57575541962022
   3.49984299825512    2.25981999890638   -6.56728475427488
   3.50616192970287    2.26390008125992   -6.56288460679595
   3.51243004884044    2.26794735452037   -6.55738121384442
   3.52188392529653    2.27405164522521   -6.54825650567148
   3.52500511325864    2.27606697076429   -6.54453319125144
   3.53436866091611    2.28211293690266   -6.53336337286286
   3.53754765942654    2.28416559023995   -6.52970382943028
   3.54705001180602    2.29030118145204   -6.51870397485905
   3.55021808455437    2.29234678011412   -6.51504912834482
   3.56031678989309    2.29886743155445   -6.50381420677358
   3.56265770080195    2.30037893858209   -6.50102195294058
   3.57338705136924    2.30730679248848   -6.48869153744405
   3.57498349412317    2.30833760251746   -6.48686284203150
   3.58606852724297    2.31549511773890   -6.47403339869258
   3.58762914496125    2.31650279583537   -6.47217199747409
   3.59930883601447    2.32404427682074   -6.45912158865091
   3.60011577567197    2.32456531115766   -6.45821421190625
   3.61182046502172    2.33212293333864   -6.44425424891016
   3.61260077871738    2.33262677550977   -6.44332359796226
   3.62469608593709    2.34043661645454   -6.42983307296852
   3.62547640628239    2.34094046291929   -6.42890244281060
   3.63735917548393    2.34861306980406   -6.41512099215556
   3.63816727855185    2.34913485534558   -6.41422884121240
   3.64982424123726    2.35666166080974   -6.40113909491149
   3.65143365151012    2.35770084385963   -6.39934404448288
   3.66215496108277    2.36462350576155   -6.38703096332272
   3.66449594469832    2.36613505973531   -6.38423929954611
   3.67464023010830    2.37268514185486   -6.37214227578059
   3.67698122359445    2.37419670220198   -6.36935068684851
   3.68726572694025    2.38083732189585   -6.35738674481311
   3.68967186962844    2.38239094854987   -6.35468216305489
   3.69965333419323    2.38883589858139   -6.34245998805035
   3.70187401982659    2.39026977713195   -6.33962843824968
   3.70843803592805    2.39450810864186   -6.32558159749414
   3.71028834362269    2.39570283718670   -6.31033413065599
   3.71106255217822    2.39620273731878   -6.29534334507935
   3.71104731260986    2.39619289725414   -6.28034825538990
   3.71101599350144    2.39617267476199   -6.26542689735756
   3.71098474307399    2.39615249661658   -6.25050596041735
   3.71095356133273    2.39613236282128   -6.23558544362877
   3.71092244828287    2.39611227337946   -6.22066534605135
   3.71165731077651    2.39658676808119   -6.20581758014400
   3.71164249192011    2.39657719966682   -6.19082895509789
   3.71161157831024    2.39655723900177   -6.17591010421298
   3.71158073342759    2.39653732271332   -6.16099166877925
   3.71154995727739    2.39651745080485   -6.14607364785622
   3.70946358278082    2.39517029585678   -6.13055623888894
   3.70318453990671    2.39111596922900   -6.11505990171277
   3.70073933768974    2.38953712215670   -6.11141397660371
   3.69287676855116    2.38446032557154   -6.10015860258632
   3.68845573252016    2.38160569876579   -6.09426247802775
   3.68208734011893    2.37749367987913   -6.08519549338767
   3.67575425623114    2.37340445941081   -6.07661016966284
   3.67100710660028    2.37033926372089   -6.07023267860145
   3.66295708684996    2.36514143180888   -6.05916195723276
   3.65998170763483    2.36322025378517   -6.05528668332866
   3.65048820357166    2.35709037585855   -6.04230310624944
   3.64907119738273    2.35617542655199   -6.04035490993795
   3.63875883564035    2.34951681891930   -6.02540731030483
   3.63800009727426    2.34902690776200   -6.02444593212521
   3.62790756314136    2.34251024101880   -6.01048028894296
   3.62546421534626    2.34093259133154   -6.00683431921322
   3.61710486769522    2.33553502892401   -5.99519054453994
   3.61298622216089    2.33287565318872   -5.98981034482229
   3.60655414623891    2.32872251437357   -5.98094510498067
   3.60040306708686    2.32475081287451   -5.97222600978532
   3.59556661995329    2.32162795851746   -5.96566154151437
   3.58769926256084    2.31654807019594   -5.95552129205639
   3.58395867737570    2.31413280493598   -5.95072460083652
   3.57555120537752    2.30870416903111   -5.93848787875010
   3.57372169877144    2.30752287157902   -5.93578779574350
   3.56303760449066    2.30062423928667   -5.92145230512424
   3.56228249932061    2.30013667405434   -5.92048765479854
   3.55234737938568    2.29372164837128   -5.90617724744007
   3.55008662927115    2.29226190051291   -5.90328375734743
   3.54083125775538    2.28628578282447   -5.89098646908201
   3.53759509815578    2.28419622103942   -5.88642553757083
   3.53028251716498    2.27947454730294   -5.87623465723746
   3.52542608592186    2.27633878936981   -5.86926734114605
   3.51955883213493    2.27255035158761   -5.86111293155784
   3.51266156719814    2.26809684403036   -5.85179481692822
   3.50871831816034    2.26555072037832   -5.84619285425634
   3.49998841147662    2.25991389103418   -5.83414150179320
   3.49771620382523    2.25844674513796   -5.83125883294767
   3.48786485023590    2.25208580669914   -5.81679190696481
   3.48710115923289    2.25159269766468   -5.81583728971586
   3.47636103605849    2.24465788797399   -5.80163698982609
   3.47485908986193    2.24368809359922   -5.79970429373223
   3.46542163614980    2.23759440692583   -5.78671652809266
   3.46227316813885    2.23556146688234   -5.78206525306622
   3.45461677753660    2.23061779809177   -5.77157119276150
   3.44990229111578    2.22757369276943   -5.76505429460495
   3.44379276141319    2.22362881941005   -5.75663704271077
   3.43726942675191    2.21941675557334   -5.74738299390749
   3.43274307459555    2.21649412700681   -5.74168843043969
   3.42477172787283    2.21134709362526   -5.73056634465666
   3.42174548926877    2.20939307611010   -5.72674652640390
   3.41209745184634    2.20316341725732   -5.71301145471231
   3.41137432130024    2.20269649777816   -5.71206357259220
   3.40039460933434    2.19560698756437   -5.69712734992738
   3.39964666682592    2.19512404720408   -5.69615883143875
   3.38968505845896    2.18869191815710   -5.68198079040710
   3.38727626374141    2.18713657910941   -5.67830668670126
   3.37889397426111    2.18172420335037   -5.66672903229259
   3.37478552825231    2.17907141336529   -5.66134622563680
   3.36788446351370    2.17461545230709   -5.65218621156087
   3.36228114836082    2.17099743754215   -5.64453876076436
   3.35680660853800    2.16746257195458   -5.63720400123255
   3.34957920691391    2.16279589783852   -5.62701844350760
   3.34580087581259    2.16035626034921   -5.62226038767133
   3.33709170485016    2.15473281989070   -5.61020326916957
   3.33488297203357    2.15330665917616   -5.60735292597975
   3.32499894235631    2.14692462205461   -5.59287822442927
   3.32425457196968    2.14644398818414   -5.59190714421618
   3.31347470578137    2.13948351675441   -5.57771812962813
   3.31177954367815    2.13838896444903   -5.57505229551671
   3.30308401980063    2.13277433580163   -5.56303512286178
   3.29919867224360    2.13026559866214   -5.55741107359292
   3.29206252739656    2.12565784830064   -5.54783340224620
   3.28727963103254    2.12256957123750   -5.54091315453676
   3.28095300648812    2.11848452151436   -5.53241966204896
   3.27440909165751    2.11425916923063   -5.52349770487794
   3.27042957851406    2.11168963014218   -5.51803574815168
   3.26191675515515    2.10619296972535   -5.50669105574338
   3.25949855792336    2.10463155955111   -5.50312981261470
   3.24941394829413    2.09812000959511   -5.48979650269003
   3.24851988026496    2.09754271718122   -5.48819804771750
   3.23754833238314    2.09045847844975   -5.47327133847501
   3.23660724596279    2.08985082664524   -5.47156633207192
   3.22684173238482    2.08354531439966   -5.45813307302477
   3.22443427152586    2.08199083661356   -5.45446110317761
   3.21659836314501    2.07693125466160   -5.44323163850798
   3.21188757718643    2.07388953869746   -5.43672045709292
   3.20501649825814    2.06945293923172   -5.42800462192295
   3.19940719417105    2.06583105746095   -5.41991442741639
   3.19462965336061    2.06274623843495   -5.41334178675609
   3.18656958829888    2.05754192034753   -5.40248419640507
   3.18358993177176    2.05561798049845   -5.39870852193945
   3.17430760362216    2.04962445713202   -5.38545259300664
   3.17334752434719    2.04900454179662   -5.38375722193599
   3.16241587756037    2.04194606687584   -5.36885232385422
   3.16166849717810    2.04146348947580   -5.36788465583698
   3.15089361276511    2.03450623473765   -5.35370110773662
   3.14919423153738    2.03340895817808   -5.35104356203578
   3.14052093865827    2.02780868390453   -5.33903032056616
   3.13663763962570    2.02530126948054   -5.33340950260051
   3.12968487989579    2.02081192938926   -5.32385092748776
   3.12426328685346    2.01731125110481   -5.31645248962299
   3.11873184482649    2.01373964422942   -5.30893746687109
   3.11159968391155    2.00913446626028   -5.29890797087768
   3.10786516100787    2.00672311536588   -5.29405007326601
   3.09897161718543    2.00098062685965   -5.28127825669166
   3.09745566690213    2.00000179016061   -5.27936257728959
   3.08707626186462    1.99329989322061   -5.26469222209350
   3.08633243974267    1.99281961336015   -5.26372197610088
   3.07556341722221    1.98586614359807   -5.24954570163437
   3.07386960474336    1.98477246273409   -5.24688206076469
   3.06462898299058    1.97880586884698   -5.23464492145560
   3.06148469528988    1.97677562799563   -5.23000027541660
   3.05384918728343    1.97184544292636   -5.21952379777456
   3.04914077750315    1.96880526124112   -5.21301631310267
   3.04285177507734    1.96474450381225   -5.20456069044259
   3.03666493482631    1.96074971166407   -5.19621957391181
   3.03199673108386    1.95773549068861   -5.18968289318261
   3.02404892652529    1.95260365828989   -5.17857906192604
   3.02158164538544    1.95101055503768   -5.17499585026797
   3.01138594257311    1.94442727312198   -5.16104859728524
   3.01065218446305    1.94395349151169   -5.16009977019729
   2.99966726675885    1.93686061999526   -5.14517321197314
   2.99890297506665    1.93636712310072   -5.14422204558033
   2.98873534432634    1.92980196709232   -5.13027523878764
   2.98647858124960    1.92834479363164   -5.12738775306667
   2.97780509539623    1.92274439475619   -5.11538033929289
   2.97373192457051    1.92011438166831   -5.10901703485125
   2.96717682681247    1.91588180865981   -5.10030171625769
   2.96163613291528    1.91230422792750   -5.09268043096855
   2.95614933247939    1.90876144576235   -5.08534568114399
   2.94895300255560    1.90411483438903   -5.07517841604013
   2.94572511462461    1.90203061355275   -5.07065671442112
   2.93628240897721    1.89593353574771   -5.05766127110564
   2.93479603801160    1.89497379817218   -5.05576477544332
   2.92437357478109    1.88824409890912   -5.04106253183268
   2.92364486646370    1.88777357790866   -5.04011390428383
   2.91342560611718    1.88117508508581   -5.02615753956279
   2.91124127887874    1.87976468285347   -5.02325522195787
   2.90271150980491    1.87425708072711   -5.01104151508516
   2.89894075947227    1.87182233807813   -5.00623983961018
   2.89172891876087    1.86716571151612   -4.99612102816192
   2.88647371969581    1.86377247246186   -4.98943641898233
   2.88085674290483    1.86014563648894   -4.98126540671663
   2.87368181415646    1.85551284367956   -4.97108379418619
   2.86988577948244    1.85306177513814   -4.96634503047058
   2.86120166736048    1.84745451496798   -4.95429588323567
   2.85892837163670    1.84598666651232   -4.95143659497883
   2.84910330682895    1.83964270252475   -4.93699972905957
   2.84834709321029    1.83915442157621   -4.93604245822306
   2.83760094991248    1.83221572474107   -4.92187496922730
   2.83610693374551    1.83125105072155   -4.91993984237641
   2.82689212590263    1.82530112466493   -4.90675209972769
   2.82394175325347    1.82339609317633   -4.90285632010744
   2.81609434596498    1.81832908647377   -4.89159135369753
   2.81142123345543    1.81531169594754   -4.88514165003978
   2.80515134963184    1.81126328324376   -4.87669354538014
   2.79881948301720    1.80717484875876   -4.86844916039715
   2.79406342933607    1.80410390379641   -4.86206105929573
   2.78614143036383    1.79898873385373   -4.85095282952219
   2.78310581689634    1.79702866306592   -4.84715280983297
   2.77347558611142    1.79081050181335   -4.83343962748001
   2.77271830193588    1.79032152961500   -4.83248283800054
   2.76198730556407    1.78339261302608   -4.81735219312560
   2.76122351140725    1.78289943738606   -4.81640178181746
   2.75105698213415    1.77633499258603   -4.80246516562658
   2.74860794277518    1.77475366790254   -4.79884932663605
   2.74012754306750    1.76927794317212   -4.78758063289771
   2.73624885387951    1.76677350528706   -4.78196717071103
   2.72999847265520    1.76273768525213   -4.77272304475063
   2.72378742643029    1.75872726350459   -4.76418368130511
   2.71839968307973    1.75524844168925   -4.75753093279935
   2.71110007308991    1.75053514322202   -4.74763220659771
   2.70785034702498    1.74843682168127   -4.74311346643539
   2.69880437523704    1.74259591168442   -4.73071120490266
   2.69712758505768    1.74151322198000   -4.72799397098821
   2.68674971267886    1.73481231466517   -4.71333777408768
   2.68598878304477    1.73432098862405   -4.71237892181829
   2.67448737391363    1.72689462281761   -4.69822762880872
   2.67356755452626    1.72630070296235   -4.69649606505933
   2.66430019284239    1.72031684332043   -4.68331188160641
   2.66103557214887    1.71820890443982   -4.67881326595141
   2.65315453987510    1.71312018635927   -4.66864427768343
   2.64845604186313    1.71008640462176   -4.66123332909302
   2.64260615165685    1.70630917836157   -4.65329010394830
   2.63620432970134    1.70217557428512   -4.64422206611522
   2.63228220763677    1.69964309214690   -4.63865868180952
   2.62380611429628    1.69417014800255   -4.62734129892866
   2.62073066293925    1.69218435421530   -4.62351104678400
   2.61093591613424    1.68585996631413   -4.61005772364115
   2.61017894881067    1.68537119870450   -4.60910142128767
   2.59946579172282    1.67845380079533   -4.59398981225555
   2.59871957921691    1.67797197748350   -4.59302393945046
   2.58909069787658    1.67175468755627   -4.57931261123558
   2.58607729092003    1.66980895533095   -4.57548437140385
   2.57815431292558    1.66469315324163   -4.56442524439147
   2.57362560582509    1.66176900410695   -4.55868485704608
   2.56663277359527    1.65725378953023   -4.54930512969263
   2.56125802920067    1.65378336103445   -4.54270738456173
   2.55433122558665    1.64931078059490   -4.53418423859814
   2.54861620030898    1.64562063551606   -4.52791564882681
   2.54004873701914    1.64008869454273   -4.51950213177170
   2.53614473207463    1.63756791048075   -4.51577881736971
   2.52456419535408    1.63009045263700   -4.50438137489718
   2.52373650370435    1.62955601890843   -4.50352509656670
   2.51141374695933    1.62159931566547   -4.49218798822223
   2.50894912711424    1.62000793078952   -4.48948884347697
   2.49886520594864    1.61349682536886   -4.48013848771336
   2.49333453166358    1.60992571421814   -4.47459690425680
   2.48626142375508    1.60535866629227   -4.46815577513189
   2.47820025591245    1.60015363614823   -4.46019019720864
   2.47356534023141    1.59716090900176   -4.45546578796835
   2.46289468259708    1.59027095264213   -4.44481651692924
   2.46124611309459    1.58920648479795   -4.44309030146300
   2.44893075251719    1.58125455719994   -4.43171557242536
   2.44665147243983    1.57978284469612   -4.42970072662583
   2.43638823861717    1.57315595855938   -4.41966653635338
   2.43168015639307    1.57011598837448   -4.41503815495034
   2.42394928633214    1.56512422880660   -4.40752097775727
   2.41632754542625    1.56020293304156   -4.39993561446012
   2.41150542956589    1.55708933227041   -4.39527214278659
   2.40120319340567    1.55043726264330   -4.38525919236889
   2.39888804841328    1.54894239245719   -4.38335371949011
   2.38628667870862    1.54080579110496   -4.37149926972488
   2.38547846072119    1.54028393136085   -4.37060728435225
   2.37385164409362    1.53277659095967   -4.35934459246039
   2.37002413515865    1.53030519974539   -4.35548913328584
   2.36148653990082    1.52479254431604   -4.34705421531893
   2.35447268736837    1.52026375710184   -4.34038292131679
   2.34895421942410    1.51670052748554   -4.33500184326725
   2.33940201281750    1.51053274580675   -4.32592486577151
   2.33632314838213    1.50854474822273   -4.32310749343936
   2.32412259028706    1.50066694764859   -4.31145213980075
   2.32329143640810    1.50013027838692   -4.31060480651894
   2.31147458043540    1.49250023113491   -4.29966492074982
   2.30820017708576    1.49038597567325   -4.29617105153702
   2.29885331166927    1.48435078112143   -4.28685380656145
   2.29280000730460    1.48044221200289   -4.28107964782147
   2.28662398236112    1.47645440321033   -4.27525303438564
   2.27711287279547    1.47031315755475   -4.26617310556818
   2.27379255476701    1.46816925536051   -4.26277495462035
   2.26216637100768    1.46066232359718   -4.25154568224325
   2.26134060655087    1.46012913424130   -4.25064347651841
   2.24882300748871    1.45204662290778   -4.23859203534585
   2.24654505964817    1.45057577061838   -4.23663487200480
   2.23678819384488    1.44427584217018   -4.22772162656355
   2.23114408269087    1.44063148576098   -4.22154903197359
   2.22411262357889    1.43609133012239   -4.21487519641302
   2.21592648618377    1.43080560816042   -4.20713231040133
   2.21130539916796    1.42782181006999   -4.20241015804407
   2.20050303728599    1.42084681335486   -4.19198702694312
   2.19884869542980    1.41977861834911   -4.19027582252640
   2.18651235745164    1.41181314581500   -4.17891711912846
   2.18429231925361    1.41037968530812   -4.17689242043231
   2.17415061104503    1.40383126726645   -4.16663285597522
   2.16944652886029    1.40079387987425   -4.16200698960154
   2.16164387056721    1.39575576723202   -4.15456717535230
   2.15388863791879    1.39074827694065   -4.14714769512858
   2.14909912721080    1.38765572904970   -4.14254876829231
   2.13886789940279    1.38104950893485   -4.13250170978983
   2.13658067466065    1.37957266662596   -4.13052139575802
   2.12406902756863    1.37149399843088   -4.11849663653377
   2.12326120756704    1.37097239566297   -4.11760518620678
   2.11163593257193    1.36346605068126   -4.10634998819927
   2.10781630132186    1.36099974602369   -4.10249599934884
   2.09920881549850    1.35544196282781   -4.09414415858970
   2.09224764163972    1.35094718980234   -4.08763639220746
   2.08687118820697    1.34747565779459   -4.08273967122696
   2.07659779638025    1.34084221271772   -4.07273776802387
   2.07432514526946    1.33937478048340   -4.07077533015756
   2.06181836928216    1.33129925752079   -4.05874945848718
   2.06099850812094    1.33076987987459   -4.05786259855040
   2.04929668683936    1.32321410958178   -4.04670569554752
   2.04540364558037    1.32070040468187   -4.04298977914900
   2.03686943975424    1.31518993778084   -4.03456147940452
   2.03061301434175    1.31115021506303   -4.02813341458891
   2.02427476178130    1.30705765722505   -4.02167545338142
   2.01497235629663    1.30105117008758   -4.01323763383742
   2.01189017619133    1.29906103160260   -4.01039189763765
   1.99999882601563    1.29138288405300   -3.99859045570024
   1.99916903461298    1.29084709453114   -3.99773228288357
   1.98680034781405    1.28286073462803   -3.98643131596967
   1.98378174751869    1.28091164910633   -3.98349511195643
   1.97437446351625    1.27483744276772   -3.97423632076028
   1.96879836502727    1.27123700158006   -3.96883860222693
   1.96187247253671    1.26676500944549   -3.96217997273927
   1.95254096878265    1.26073973379346   -3.95373332779332
   1.94936122499713    1.25868659923814   -3.95105149635172
   1.93691403465188    1.25064955023725   -3.94079799215917
   1.93462104881234    1.24916898803489   -3.93886436666691
   1.92470441710861    1.24276590005150   -3.93099169481745
   1.91672441553159    1.23761327830132   -3.92401612364561
   1.91199846931123    1.23456177348014   -3.92022102867415
   1.89943912475488    1.22645230742246   -3.91017418095218
   1.89794846308438    1.22548979937387   -3.90910908867652
   1.88714582695356    1.21851462557850   -3.90056994281244
   1.87927136793905    1.21343015179770   -3.89404289603794
   1.87456603603967    1.21039195747498   -3.89047219921252
   1.86200622843126    1.20228219242836   -3.88042655187503
   1.86051622487785    1.20132010932060   -3.87936134397087
   1.84971354947518    1.19434491016771   -3.87082305520855
   1.84254380785545    1.18971546664487   -3.86448142633905
   1.83696004915464    1.18611007932108   -3.86013076043739
   1.82470575830742    1.17819758394835   -3.85051540485879
   1.82387178148227    1.17765909193341   -3.84961930646465
   1.81220235393177    1.17012423800781   -3.84024961504136
   1.80519911386452    1.16560230317559   -3.83477857838981
   1.79970666604372    1.16205587454019   -3.83005309182542
   1.78727679955386    1.15403001141104   -3.82069550895255
   1.78644286607341    1.15349154738342   -3.81987623009818
   1.77477472157066    1.14595752191125   -3.81050698272291
   1.76838482934381    1.14183162076303   -3.80521246394360
   1.76227987604109    1.13788970234762   -3.80031112151140
   1.74985008414948    1.12986388738595   -3.79095447046411
   1.74901578642659    1.12932518816996   -3.79013538892103
   1.73740318857947    1.12182702871902   -3.78069646891746
   1.73107725464053    1.11774242491419   -3.77526354807413
   1.72485490000878    1.11372470142084   -3.77057137533813
   1.71290469663769    1.10600855284434   -3.76082315671352
   1.71206500148221    1.10546636855027   -3.76000121655118
   1.69979597233469    1.09754435677758   -3.75034373407671
   1.69365325256069    1.09357805286056   -3.74552585756202
   1.68731663019318    1.08948654762482   -3.74013004975032
   1.67560817030994    1.08192649084121   -3.73085724429488
   1.67476075282121    1.08137932029973   -3.73005691397256
   1.66243184663796    1.07341864641480   -3.72051923537520
   1.65698443305258    1.06990129601688   -3.71577764335059
   1.64983492176170    1.06528491505191   -3.71050372362020
   1.63879081348871    1.05815382466933   -3.70139098132103
   1.63733977550852    1.05721690131351   -3.70032236847928
   1.62501004951675    1.04925569808492   -3.69078581094625
   1.61959955884919    1.04576218851305   -3.68606631198466
   1.61259043138316    1.04123645223559   -3.68043711323095
   1.60152862122537    1.03409393189078   -3.67142377669718
   1.60004078324582    1.03313324707635   -3.67036999457116
   1.58768795051797    1.02515712401727   -3.66086444772062
   1.58217113757162    1.02159496301959   -3.65632640266355
   1.57517241817674    1.01707594714854   -3.65070605695972
   1.56410959544230    1.00993277299127   -3.64169382916064
   1.56262281805257    1.00897277299101   -3.64063984992015
   1.55014880310765    1.00091840356552   -3.63043083729969
   1.54553905817645    0.99794192896634   -3.62660456023151
   1.53758078657740    0.99280333808520   -3.62038246841795
   1.52669222376165    0.98577268213217   -3.61196596689588
   1.52520650356831    0.98481336475497   -3.61091179564425
   1.51273230756018    0.97675887841844   -3.60070369433313
   1.50812276343017    0.97378253347495   -3.59687767637632
   1.50034126819888    0.96875808564863   -3.59032221207165
   1.48941065439976    0.96170027771956   -3.58200802426230
   1.48774145630483    0.96062249016197   -3.58034664879235
   1.47547451922741    0.95270182922184   -3.57070957990973
   1.47082378728303    0.94969888964349   -3.56693177598954
   1.46292815732981    0.94460074596072   -3.56059742427802
   1.45120358208223    0.93703028361815   -3.55226416076768
   1.45036150187459    0.93648655931542   -3.55148918156104
   1.43803222628557    0.92852564690821   -3.54371687366694
   1.42862715598872    0.92245286994120   -3.53745681616611
   1.42556190184779    0.92047366041298   -3.53541668937204
   1.41313089580914    0.91244706148650   -3.52693612696140
   1.40678337851683    0.90834852148693   -3.52254068259428
   1.40062323893593    0.90437096974306   -3.51863431042515
   1.38808347962782    0.89627414971997   -3.51047159506656
   1.38418671848514    0.89375804292159   -3.50768505246283
   1.37552872038355    0.88816764436079   -3.50228448477956
   1.36316777959185    0.88018628599120   -3.49464093182648
   1.36080786049717    0.87866250553344   -3.49282517592527
   1.35080838449033    0.87220592566111   -3.48695661024832
   1.33882333561904    0.86446727763012   -3.47831860897717
   1.33796607470033    0.86391375126641   -3.47757564164851
   1.32580933283664    0.85606424247450   -3.47032999392553
   1.31482939219087    0.84897458460399   -3.46310693539758
   1.31327775027056    0.84797270210686   -3.46213354221372
   1.30079961426830    0.83991567174835   -3.45381031606792
   1.29184057548769    0.83413089368331   -3.44781979974090
   1.28849234492652    0.83196896859499   -3.44589494832379
   1.27587652803718    0.82382303881378   -3.43799680797217
   1.26962898049282    0.81978904846281   -3.43337948875083
   1.26346843183135    0.81581123257896   -3.42946265662826
   1.25104374163181    0.80778871173813   -3.42196405129818
   1.24624916509285    0.80469289288156   -3.41850967239226
   1.23842614099054    0.79964163020289   -3.41300633137652
   1.22606556614804    0.79166050812370   -3.40531548460175
   1.22294870631450    0.78964797722185   -3.40345792633589
   1.21349084899518    0.78354111610617   -3.39721822301280
   1.20113098407845    0.77556045242025   -3.38952749249148
   1.20027385405966    0.77500701057755   -3.38878468539895
   1.18866392788836    0.76751057620583   -3.38116984902591
   1.17767879738092    0.76041756728409   -3.37395098075890
   1.17613235321436    0.75941904093405   -3.37297610491022
   1.16373014642203    0.75141103744536   -3.36538285981831
   1.15487702382591    0.74569464859436   -3.35936303566574
   1.15104581348883    0.74322086741501   -3.35660151927643
   1.13873261002463    0.73527033264735   -3.34884615159602
   1.13248583817668    0.73123684315720   -3.34422982692262
   1.12633058777602    0.72726244831703   -3.34031197456678
   1.11390551138813    0.71923967811754   -3.33281604790795
   1.10911153555948    0.71614424713471   -3.32936243055168
   1.10124229558138    0.71106314324302   -3.32396983373829
   1.08887436128024    0.70307726922159   -3.31633404173429
   1.08651504650950    0.70155387897085   -3.31451906033302
   1.07631032800372    0.69496477569563   -3.30818516000160
   1.06406511207832    0.68705813992570   -3.30121146319753
   1.06014159011419    0.68452475388378   -3.29919391123386
   1.05151221172711    0.67895283483856   -3.29637587703771
   1.03902380522439    0.67088917290190   -3.29477135808574
   1.02649397551019    0.66279876433639   -3.29439008628507
   1.01402825579482    0.65474975107276   -3.29438507473091
   1.00156259169876    0.64670077372207   -3.29438013505851
   0.98909708422910    0.63865189750377   -3.29395050212026
   0.97663142736196    0.63060292482073   -3.29437047140685
   0.96416603930331    0.62255412570514   -3.29393890139827
   0.95170047649454    0.61450521375483   -3.29436109542538
   0.93929853181903    0.60649737951282   -3.29379663933943
   0.92676996341065    0.59840778536216   -3.29342404008428
   0.91430467131166    0.59035904820694   -3.29341960572414
   0.90183942882605    0.58231034308667   -3.29341524332104
   0.88937423520317    0.57426166951667   -3.29341095288656
   0.87690908969238    0.56621302701224   -3.29340673443225
   0.86444399154303    0.55816441508871   -3.29340258796959
   0.85197894000446    0.55011583326139   -3.29339851351000
   0.83951393432604    0.54206728104558   -3.29339451106487
   0.82704897375712    0.53401875795661   -3.29339058064553
   0.81458405754705    0.52597026350979   -3.29338672226325
   0.80211918494520    0.51792179722043   -3.29338293592927
   0.78965435520090    0.50987335860385   -3.29337922165475
   0.77718956756353    0.50182494717537   -3.29337557945084
   0.76472502915338    0.49377669667087   -3.29292883617722
   0.75226032928448    0.48572834191377   -3.29292433253963
   0.73979566926195    0.47768001288515   -3.29291990291859
   0.72733104833518    0.46963170910033   -3.29291554731419
   0.71486646575355    0.46158343007467   -3.29291126572651
   0.70249181322244    0.45359321814709   -3.29315653155222
   0.68993725796485    0.44548684450043   -3.29262084194092
   0.67747299604344    0.43743877252245   -3.29242110391277
   0.66500855725534    0.42939058634309   -3.29241811225816
   0.65254415306712    0.42134242250458   -3.29241519276320
   0.64007978272813    0.41329428052225   -3.29241234543840
   0.62761544548775    0.40524615991142   -3.29240957029427
   0.61515114059534    0.39719806018741   -3.29240686734123
   0.60268686730026    0.38914998086553   -3.29240423658967
   0.59022262485188    0.38110192146113   -3.29240167804989
   0.57775841249957    0.37305388148951   -3.29239919173218
   0.56529452929415    0.36500605404533   -3.29193775630754
   0.55283038055220    0.35695805514640   -3.29193443777296
   0.54036594851276    0.34890987332459   -3.29239216621328
   0.52790216582547    0.34086211078415   -3.29192802270221
   0.51543809833947    0.33281416435152   -3.29192492616623
   0.50297372836784    0.32476602260639   -3.29238579105734
   0.49051003936916    0.31671832055993   -3.29191895509349
   0.47804604638363    0.30867042223164   -3.29191608055691
   0.46558207673039    0.30062253896882   -3.29191328002030
   0.45311812965881    0.29257467028679   -3.29191055348376
   0.44065420441830    0.28452681570091   -3.29190790094738
   0.42824937377731    0.27651711801461   -3.29177500856541
   0.41578576768658    0.26846946950112   -3.29084465275146
   0.40319388474694    0.26033899367547   -3.29064831418833
   0.39079909473905    0.25233577914384   -3.29097013787996
   0.37826602904654    0.24424328113360   -3.29157156827757
   0.36592963205989    0.23627777049818   -3.29176324894123
   0.35340767488514    0.22819244516700   -3.29096351392904
   0.34094390091930    0.22014468825793   -3.29096145390999
   0.32848014202851    0.21209694108271   -3.29095946787338
   0.31601639746219    0.20404920315667   -3.29095755581931
   0.30355266646973    0.19600147399516   -3.29095571774785
   0.29108894830053    0.18795375311353   -3.29095395365911
   0.27862524220399    0.17990604002712   -3.29095226355316
   0.26616111339689    0.17185805399995   -3.29141458336648
   0.25369786322651    0.16381063530133   -3.29094910529004
   0.24123418884438    0.15576294269265   -3.29094763713303
   0.22877052353251    0.14771525594056   -3.29094624295919
   0.21630686654032    0.13966757456043   -3.29094492276859
   0.20384321711720    0.13161989806758   -3.29094367656133
   0.19137957451256    0.12357222597737   -3.29094250433750
   0.17897297388798    0.11556138542713   -3.29081116117508
   0.16645228169134    0.10747687688197   -3.29047643461107
   0.15398865310399    0.09942921384261   -3.29047548485580
   0.14152502833219    0.09138155326691   -3.29047460907516
   0.12906190197980    0.08333421451655   -3.29000986897301
   0.11659828816098    0.07528656101311   -3.29000914083128
   0.10413416940408    0.06723858147528   -3.29047242558179
   0.09167055238851    0.05919092590771   -3.29047184570048
   0.07920745308501    0.05114360462260   -3.29000740019971
   0.06674331779448    0.04309561440914   -3.29047090786309
   0.05428022751221    0.03504829894896   -3.29000660960759
   0.04181607744600    0.02700029919496   -3.29047026592662
   0.02940881234621    0.01898902959852   -3.28987584841327
   0.01682338955532    0.01086272503808   -3.28968136502024
   0.00442574409222    0.00285766676237   -3.29000591601605
  -0.00798237194919   -0.00515415228011   -3.28987563719671
  -0.02056720908680   -0.01328007868902   -3.28968138144401
  -0.03290985650824   -0.02124962517905   -3.28987586418452
  -0.04549430694315   -0.02937530189719   -3.28968176420989
  -0.05783737077268   -0.03734511725853   -3.28987638541152
  -0.07042143747067   -0.04547054620087   -3.28968244442919
  -0.08276492075600   -0.05344063240138   -3.28987720087779
  -0.09528299013731   -0.06152344741614   -3.28908019650080
  -0.10774668701971   -0.06957115455306   -3.28908079959911
  -0.12021039584932   -0.07761886940419   -3.28908147664609
  -0.13267411737673   -0.08566659245419   -3.28908222764183
  -0.14513785235252   -0.09371432418771   -3.28908305258641
  -0.15760160152728   -0.10176206508937   -3.28908395147993
  -0.17006536565157   -0.10980981564383   -3.28908492432248
  -0.18252914547599   -0.11785757633573   -3.28908597111416
  -0.19499294175111   -0.12590534764972   -3.28908709185505
  -0.20745675522751   -0.13395313007043   -3.28908828654524
  -0.21992058665576   -0.14200092408251   -3.28908955518484
  -0.23238443678646   -0.15004873017060   -3.28909089777392
  -0.24479471110710   -0.15806194279633   -3.28896182499010
  -0.25731228732923   -0.16614443938224   -3.28862987088813
  -0.26977620002302   -0.17419228586680   -3.28863143553044
  -0.28224013442210   -0.18224014636630   -3.28863307411333
  -0.29470340647015   -0.19028757919116   -3.28817083343741
  -0.30716807133845   -0.19833591134865   -3.28863657310119
  -0.31963137940143   -0.20638336742806   -3.28817447904516
  -0.33209540255296   -0.21443128523428   -3.28817641274656
  -0.34455945116251   -0.22247921947855   -3.28817842037975
  -0.35702352598066   -0.23052717064548   -3.28818050194484
  -0.36943504531726   -0.23854118716784   -3.28805202182204
  -0.38201454579856   -0.24666366774142   -3.28786018979344
  -0.39441591519236   -0.25467113052872   -3.28818719023241
  -0.40688010235059   -0.26271915423273   -3.28818956752600
  -0.41934431947027   -0.27076719728261   -3.28819201875195
  -0.43180856730197   -0.27881526016298   -3.28819454391035
  -0.44422087067538   -0.28682978293150   -3.28806637760770
  -0.45673652336411   -0.29491103750762   -3.28727192308039
  -0.46920086422086   -0.30295916045351   -3.28727466934611
  -0.48166523879227   -0.31100730516868   -3.28727748952613
  -0.49412964782889   -0.31905547213775   -3.28728038362055
  -0.50659409208129   -0.32710366184537   -3.28728335162947
  -0.51905857230004   -0.33515187477616   -3.28728639355296
  -0.53152308923570   -0.34320011141476   -3.28728950939114
  -0.54398764363883   -0.35124837224580   -3.28729269914408
  -0.55645223625999   -0.35929665775392   -3.28729596281188
  -0.56891686784976   -0.36734496842374   -3.28729930039464
  -0.58138153915868   -0.37539330473989   -3.28730271189245
  -0.59384625093734   -0.38344166718702   -3.28730619730540
  -0.60626034888450   -0.39145734869713   -3.28717869663198
  -0.61877594690862   -0.39953856797676   -3.28684945898912
  -0.63127628661852   -0.40760993508769   -3.28652673438825
  -0.64365516743015   -0.41560287718142   -3.28718973168880
  -0.65616975070168   -0.42368344124361   -3.28639682776029
  -0.66863471745231   -0.43173196832405   -3.28640075567922
  -0.68109972992689   -0.43978052492808   -3.28640475749543
  -0.69356478887598   -0.44782911154033   -3.28640883320901
  -0.70602989505015   -0.45587772864541   -3.28641298282006
  -0.71849504919994   -0.46392637672797   -3.28641720632868
  -0.73096025207590   -0.47197505627261   -3.28642150373494
  -0.74342550442861   -0.48002376776399   -3.28642587503896
  -0.75589080700860   -0.48807251168671   -3.28643032024082
  -0.76835526410949   -0.49612070969049   -3.28597085718590
  -0.78082066381762   -0.50416951632806   -3.28597544920894
  -0.79328611600445   -0.51221835685069   -3.28598011512100
  -0.80575253461252   -0.52026782138361   -3.28644884002857
  -0.81818491647543   -0.52829530866857   -3.28582628631488
  -0.83077735984310   -0.53642614635802   -3.28531952350459
  -0.84309146015161   -0.54437726021072   -3.28551560725553
  -0.85569495265179   -0.55251523223466   -3.28528213849211
  -0.86798614320359   -0.56045155344483   -3.28566758362679
  -0.88054619258113   -0.56856147459980   -3.28508697823693
  -0.89301209557294   -0.57661060620352   -3.28509223473770
  -0.90547805779945   -0.58465977605460   -3.28509756510950
  -0.91801355589088   -0.59275384464493   -3.28527599862314
  -0.93038470579463   -0.60074179495468   -3.28505106092750
  -0.94287533295603   -0.60880689075248   -3.28465000325509
  -0.95534251406342   -0.61685684762498   -3.28511962530868
  -0.96780878372162   -0.62490621598219   -3.28512532503693
  -0.98027511711779   -0.63295562549449   -3.28513109863676
  -0.99274051824396   -0.64100443304767   -3.28467294544892
  -1.00533309642197   -0.64913535778305   -3.28626952919829
  -1.01803308058811   -0.65733563368650   -3.28967200903659
  -1.03090313682541   -0.66564572373528   -3.29547697791101
  -1.03407979409177   -0.66769686535043   -3.29717550478490
  -1.04377139381945   -0.67395465202741   -3.30334625680471
  -1.05583016069238   -0.68174089916912   -3.31063538914752
  -1.05829491503630   -0.68333237088986   -3.31219380227821
  -1.06873706761170   -0.69007478340188   -3.31848316378746
  -1.08075614796338   -0.69783540528141   -3.32657846607741
  -1.08229819211075   -0.69883109057506   -3.32754532024672
  -1.09324567071697   -0.70589978797213   -3.33479430705677
  -1.10549984875003   -0.71381221050168   -3.34181548487554
  -1.10637479681789   -0.71437715731293   -3.34251829733951
  -1.11844479204213   -0.72217065450925   -3.34998577998529
  -1.12999996578626   -0.72963173568655   -3.35695917299933
  -1.13090266752031   -0.73021460281307   -3.35761691733005
  -1.14313388526794   -0.73811220007410   -3.36546124569914
  -1.15340727405790   -0.74474564319017   -3.37180452892756
  -1.15584352870716   -0.74631871289118   -3.37345067483356
  -1.16807923831836   -0.75421921051178   -3.38125990201291
  -1.17619706865078   -0.75946082716203   -3.38631620986932
  -1.18078276408529   -0.76242177319789   -3.38930005850329
  -1.19302519729958   -0.77032661219402   -3.39705923725499
  -1.20016683011127   -0.77493790608941   -3.40140824485572
  -1.20575287385559   -0.77854476884711   -3.40481959191656
  -1.21797176945122   -0.78643440979538   -3.41285925633046
  -1.22420831900146   -0.79046129883150   -3.41657724984051
  -1.23081114483524   -0.79472468946814   -3.42077785766949
  -1.24271033826520   -0.80240790134286   -3.42822540493550
  -1.24759648541539   -0.80556284659416   -3.43144858270365
  -1.25564677728908   -0.81076085421400   -3.43642223478165
  -1.26786600875884   -0.81865071203345   -3.44353288012658
  -1.27188934888847   -0.82124854984842   -3.44602424652031
  -1.28047555798576   -0.82679259483631   -3.45171779228823
  -1.29281445352904   -0.83475971876930   -3.45933496104131
  -1.29527851493762   -0.83635074306737   -3.46089713015818
  -1.30540547544846   -0.84288963864124   -3.46754402121670
  -1.31778561216541   -0.85088339166276   -3.47484482642708
  -1.31937397013732   -0.85190898141411   -3.47569566035360
  -1.33059860740425   -0.85915663789153   -3.48306201871967
  -1.34251088705823   -0.86684829943408   -3.49049165028071
  -1.34337244280941   -0.86740459893599   -3.49122715953545
  -1.35540863813255   -0.87517627181262   -3.49902271325629
  -1.36677540961692   -0.88251570319173   -3.50596042356511
  -1.36768065173519   -0.88310021062356   -3.50656752788587
  -1.38009545026642   -0.89111634449507   -3.51445332692719
  -1.39014857037234   -0.89760756192342   -3.52086215737898
  -1.39263434058598   -0.89921260341936   -3.52233908870508
  -1.40509008981415   -0.90725517882094   -3.52998880322884
  -1.41383059764033   -0.91289885323607   -3.53537737058225
  -1.41778897766374   -0.91545474684176   -3.53803918092343
  -1.42996882425890   -0.92331917416981   -3.54718150809127
  -1.43407110291669   -0.92596798194678   -3.55051405084599
  -1.44274488443715   -0.93156857173205   -3.55688622539051
  -1.45430672742163   -0.93903395918331   -3.56536161831452
  -1.45519890993149   -0.93961003413280   -3.56606271519287
  -1.46763746998354   -0.94764151062396   -3.57555022573275
  -1.47327252855110   -0.95128002185212   -3.57986409552185
  -1.48044203785187   -0.95590931536852   -3.58519449791294
  -1.49257346244245   -0.96374247700426   -3.59422293599474
  -1.49405482282642   -0.96469897928820   -3.59529736980565
  -1.50535444876951   -0.97199505534049   -3.60383243346009
  -1.51308049103826   -0.97698369764246   -3.60954914952784
  -1.51783217656543   -0.98005182212352   -3.61313076907613
  -1.53008372147470   -0.98796254446657   -3.62267768970167
  -1.53313621109381   -0.98993351204745   -3.62467880024453
  -1.54264712113828   -0.99607462887383   -3.63210846582909
  -1.55261453608552   -1.00251050718220   -3.63969991372012
  -1.55500858071200   -1.00405632221673   -3.64145223626089
  -1.56752012860603   -1.01213492636049   -3.65057366034320
  -1.57237063983089   -1.01526686178626   -3.65393266261313
  -1.58037859273237   -1.02043753147803   -3.66040784531440
  -1.59182231462072   -1.02782664910363   -3.66908779710368
  -1.59271272006439   -1.02840157661601   -3.66980470111556
  -1.60489950016722   -1.03627048085326   -3.67876193948067
  -1.61142220937682   -1.04048214084093   -3.68380434042320
  -1.61763454904729   -1.04449339775570   -3.68871778478383
  -1.62965218070375   -1.05225308422458   -3.69770878426592
  -1.63202692226091   -1.05378643542512   -3.69950007176206
  -1.64233942174822   -1.06044513199858   -3.70759089430232
  -1.65092636042917   -1.06598964807267   -3.71390243717656
  -1.65488521316122   -1.06854584690246   -3.71656701285001
  -1.66729981246730   -1.07656185213592   -3.72619211433147
  -1.67116593440531   -1.07905817545044   -3.72904696264418
  -1.67983904542479   -1.08465833229872   -3.73542508763431
  -1.69141259731600   -1.09213128009529   -3.74389923978648
  -1.69230354536301   -1.09270655796221   -3.74460381034961
  -1.70474194331718   -1.10073792978809   -3.75409567360946
  -1.71037647513980   -1.10437610090136   -3.75841592197097
  -1.71754533367261   -1.10900497422221   -3.76375211161544
  -1.72968400600613   -1.11684281566628   -3.77277682085509
  -1.73117011757613   -1.11780238575218   -3.77384377157057
  -1.74224917614458   -1.12495604325469   -3.78263979234905
  -1.75024198565042   -1.13011693497976   -3.78826750275080
  -1.75480493066054   -1.13306319125265   -3.79207886462637
  -1.76697315700580   -1.14092011548038   -3.80082127811327
  -1.77026775057082   -1.14304740759898   -3.80324507717480
  -1.77976842037782   -1.14918191238779   -3.81068479362835
  -1.78972465445898   -1.15561057130237   -3.81845782931528
  -1.79206520455130   -1.15712184535372   -3.82031829356410
  -1.80459782894851   -1.16521405842320   -3.82944448934203
  -1.80934723504054   -1.16828071109164   -3.83303605999287
  -1.81730099567161   -1.17341638927765   -3.83943639806670
  -1.82871925289452   -1.18078906457704   -3.84808373604213
  -1.82960944854209   -1.18136385662581   -3.84879042911790
  -1.84187834136346   -1.18928578037381   -3.85755805291844
  -1.84920302682753   -1.19401526986967   -3.86278595496637
  -1.85477468678027   -1.19761284513079   -3.86732420614972
  -1.86682987151591   -1.20539677931574   -3.87627228088335
  -1.86920538295779   -1.20693062762456   -3.87806445632861
  -1.87949911414222   -1.21357720565836   -3.88619851178492
  -1.88875236879797   -1.21955195650760   -3.89292050130461
  -1.89198327613960   -1.22163812695263   -3.89550351616370
  -1.90446765803189   -1.22969919023126   -3.90480877675130
  -1.90833559780244   -1.23219668730539   -3.90766395446468
  -1.91700821980558   -1.23779652839981   -3.91404841482074
  -1.92725866401735   -1.24441515638940   -3.92250582574225
  -1.92950332556277   -1.24586451599029   -3.92451385794802
  -1.94183367069515   -1.25382611899290   -3.93492892113529
  -1.94434152925450   -1.25544542275300   -3.93745044628900
  -1.95444297946464   -1.26196784653436   -3.94694141972082
  -1.95997280776566   -1.26553841144010   -3.95242611507155
  -1.96706545665786   -1.27011807681932   -3.95876748244231
  -1.97637189489341   -1.27612716787105   -3.96720068430782
  -1.97988182427516   -1.27839350056528   -3.97057638975093
  -1.99182144582689   -1.28610281654758   -3.98132680881174
  -1.99265849038071   -1.28664328936983   -3.98216038823224
  -2.00446943177767   -1.29426951762866   -3.99325366131662
  -2.00904165138251   -1.29722176243151   -3.99715095619259
  -2.01706547456744   -1.30240267943552   -4.00431316751030
  -2.02491643798952   -1.30747198230446   -4.01176916241185
  -2.02959779818191   -1.31049469829203   -4.01636886016531
  -2.04111174340648   -1.31792915855148   -4.02678356230639
  -2.04196956486163   -1.31848304684898   -4.02758802998203
  -2.05436817281619   -1.32648872659755   -4.03900950510498
  -2.05745257994122   -1.32848030305095   -4.04185743968094
  -2.06676629527062   -1.33449409286266   -4.05015995183030
  -2.07348851738107   -1.33883457669861   -4.05611692272106
  -2.07960690105195   -1.34278516699289   -4.06192029662393
  -2.09021446522238   -1.34963438441893   -4.07164359527258
  -2.09186041756757   -1.35069716238604   -4.07337565538308
  -2.10417029607572   -1.35864555025678   -4.08480953380855
  -2.10581928968881   -1.35971029194570   -4.08653560014668
  -2.11687205531779   -1.36684697231224   -4.09655254090361
  -2.12228572067137   -1.37034253175291   -4.10128674572108
  -2.12941865848027   -1.37494821135612   -4.10766450763657
  -2.13870844663217   -1.38094655158502   -4.11627693384072
  -2.14193516659333   -1.38303001827273   -4.11973901589004
  -2.15415590341576   -1.39092084808609   -4.13035884851984
  -2.15498379301414   -1.39145540962849   -4.13121501075352
  -2.16683675746350   -1.39910877182855   -4.14215975680593
  -2.17081010318923   -1.40167432866583   -4.14577274518237
  -2.17943062537932   -1.40724052933708   -4.15322819756004
  -2.18727950423695   -1.41230848621981   -4.16068801064346
  -2.19196482043613   -1.41533375656862   -4.16528926140180
  -2.20345106791242   -1.42275033261853   -4.17586317084053
  -2.20427025117345   -1.42327927255011   -4.17673708228308
  -2.21676346650073   -1.43134603950546   -4.18790676424271
  -2.21984873676731   -1.43333817328230   -4.19075578032735
  -2.22911637876736   -1.43932221392208   -4.19923238199434
  -2.23555190249750   -1.44347757895875   -4.20545020149577
  -2.24179893048794   -1.44751123383801   -4.21103539764272
  -2.25198825278659   -1.45409039590821   -4.22032735411196
  -2.25426757382486   -1.45556213486016   -4.22228580625304
  -2.26677129284515   -1.46363568396417   -4.23436214014508
  -2.26759604003680   -1.46416821648025   -4.23522549562560
  -2.27928377038647   -1.47171488837358   -4.24547787452056
  -2.28409763100782   -1.47482315880442   -4.24992985807781
  -2.29194485896681   -1.47989004971540   -4.25724892485793
  -2.30053267820811   -1.48543513436010   -4.26494262258015
  -2.30433730149400   -1.48789174849795   -4.26869672266599
  -2.31658252924537   -1.49579839190381   -4.27929066787434
  -2.31741067410784   -1.49633311826814   -4.28014715531632
  -2.32913741493230   -1.50390497890598   -4.29121920337992
  -2.33314540740146   -1.50649290686212   -4.29476597265988
  -2.34188422596218   -1.51213549053235   -4.30309039995627
  -2.34885943688605   -1.51663932717594   -4.30968837961216
  -2.35421042573986   -1.52009441691334   -4.31453776031915
  -2.36512997248404   -1.52714507893554   -4.32464841959779
  -2.36681779963655   -1.52823489512326   -4.32629783379885
  -2.37927160517153   -1.53627621549804   -4.33760013489555
  -2.38157729792488   -1.53776498245072   -4.33952320385347
  -2.39169074724920   -1.54429515396196   -4.34900005649539
  -2.39784389275444   -1.54826818968838   -4.35472710231306
  -2.40429206643268   -1.55243172269308   -4.36089500643192
  -2.41362609321098   -1.55845862744123   -4.36931010499477
  -2.41681050653340   -1.56051477707833   -4.37217697664999
  -2.42911721894025   -1.56846112062336   -4.38341561743590
  -2.43060859683140   -1.56942409112975   -4.38446827630789
  -2.44174742418865   -1.57661634085034   -4.39445530285206
  -2.44654364126350   -1.57971321898751   -4.39893935815816
  -2.45432010661607   -1.58473441906229   -4.40650017847783
  -2.46279433425110   -1.59020615853588   -4.41403608171438
  -2.46683139357145   -1.59281285472009   -4.41779082071971
  -2.47843685127984   -1.60030640384185   -4.42892805596163
  -2.47926907612282   -1.60084376461624   -4.42977635287242
  -2.49181534673915   -1.60894478893779   -4.44080854196614
  -2.49500985605318   -1.61100745747410   -4.44348293088810
  -2.50434782445936   -1.61703690729913   -4.45211591739102
  -2.51137573118867   -1.62157476919329   -4.45886658751739
  -2.51674897476765   -1.62504422862470   -4.46430750128517
  -2.52757383055930   -1.63203374947334   -4.47383261998900
  -2.52922118272654   -1.63309743129410   -4.47556646890415
  -2.54165089824079   -1.64112319693954   -4.48797370468990
  -2.54243247714471   -1.64162785604530   -4.48890488501017
  -2.55365345933552   -1.64887315246997   -4.50356249576379
  -2.55441561473161   -1.64936526997559   -4.50451469019343
  -2.56385012572215   -1.65545705655771   -4.51845807576743
  -2.56686262989338   -1.65740220586194   -4.52235121935019
  -2.57408900725866   -1.66206821862247   -4.53335920184295
  -2.57941862931887   -1.66550951199599   -4.54094387874926
  -2.58420583357596   -1.66860057063045   -4.54830121061189
  -2.59200060046457   -1.67363358785736   -4.55948456047409
  -2.59440546761207   -1.67518639090520   -4.56315186129048
  -2.60417966597118   -1.68149751084292   -4.57752166945444
  -2.60490474220955   -1.68196568663967   -4.57850474475800
  -2.61407227598401   -1.68788508821697   -4.59296782114246
  -2.61708453403548   -1.68983007860367   -4.59766691057929
  -2.62395196409655   -1.69426432202569   -4.60784967580618
  -2.62965534555400   -1.69794694878505   -4.61618148281145
  -2.63425164932070   -1.70091474453423   -4.62279079195839
  -2.64204783486239   -1.70594867777384   -4.63397598642840
  -2.64499847941908   -1.70785388483089   -4.63787213534943
  -2.65422737487518   -1.71381290714415   -4.65201565219689
  -2.65495254839152   -1.71428114575249   -4.65299888556622
  -2.66403977315871   -1.72014869246064   -4.66744720409093
  -2.66695742553804   -1.72203259673862   -4.67133418122295
  -2.67418483491585   -1.72669927586119   -4.68234540977611
  -2.67951591838845   -1.73014151285675   -4.68993250033725
  -2.68430448517091   -1.73323345126270   -4.69729214056732
  -2.69197213365799   -1.73818438917744   -4.70865350340885
  -2.69484968139813   -1.74004239821790   -4.71260265438306
  -2.70393658752400   -1.74590973918196   -4.72705386672038
  -2.70466185972150   -1.74637804150792   -4.72803726089142
  -2.71409622190234   -1.75246973200484   -4.74195552408418
  -2.71701540811760   -1.75435462666813   -4.74584339318704
  -2.72424335533044   -1.75902165306639   -4.75685627916987
  -2.72963350368104   -1.76250202777058   -4.76433809675229
  -2.73452331032053   -1.76565933592417   -4.77159021575234
  -2.74187994566549   -1.77040945519681   -4.78333897609780
  -2.74416070126581   -1.77188212043373   -4.78711885487972
  -2.75393933480713   -1.77819610413233   -4.80156553025187
  -2.75468291221095   -1.77867622598029   -4.80253538218412
  -2.76407263148703   -1.78473909091875   -4.81646987351121
  -2.76727321021091   -1.78680567842336   -4.82110912206433
  -2.77430909293262   -1.79134869035058   -4.83137921059224
  -2.77983340459738   -1.79491569320940   -4.83971826786447
  -2.78443165549328   -1.79788474620399   -4.84633079512084
  -2.79209864718502   -1.80283526003135   -4.85769510213009
  -2.79444606249276   -1.80435096689614   -4.86142147617372
  -2.80383589252421   -1.81041390334843   -4.87632727446390
  -2.80455550285327   -1.81087854985225   -4.87731492618389
  -2.81414625835389   -1.81707122223661   -4.89100290963545
  -2.81734575690085   -1.81913711227982   -4.89564268467440
  -2.82438215741962   -1.82368045854437   -4.90591436752515
  -2.82971551912570   -1.82712416657665   -4.91350520497008
  -2.83450620931179   -1.83021747604696   -4.92086842818523
  -2.84220086445325   -1.83518585193754   -4.93318540366555
  -2.84429879709362   -1.83654046988452   -4.93618476452110
  -2.85408876795943   -1.84286177400083   -4.95063868015154
  -2.85483255273204   -1.84334202974511   -4.95160886235808
  -2.86430916886714   -1.84946100327471   -4.96555330083727
  -2.86742572593489   -1.85147333868317   -4.97018861535893
  -2.87446265858188   -1.85601702853856   -4.98046191319598
  -2.87998862321880   -1.85958509870798   -4.98880373702036
  -2.88458822195099   -1.86255502198944   -4.99541848276200
  -2.89225461272751   -1.86750514781076   -5.00678581260016
  -2.89460274767362   -1.86902131934016   -5.01051341197293
  -2.90422845800665   -1.87523656177392   -5.02519888364261
  -2.90495414087618   -1.87570512926745   -5.02618294098625
  -2.91416923323957   -1.88165523903664   -5.04033687564166
  -2.91728772708191   -1.88366882500461   -5.04495716204339
  -2.92440026178967   -1.88826133049230   -5.05502799907140
  -2.93007751572501   -1.89192708692433   -5.06336524493829
  -2.93467780332862   -1.89489745500442   -5.06998112178028
  -2.94234391560436   -1.89984740100006   -5.08134999090819
  -2.94469241831693   -1.90136380999326   -5.08507821492987
  -2.95408660529147   -1.90742955968807   -5.09999142490405
  -2.95480652964187   -1.90789440895289   -5.10097958457052
  -2.96426192705484   -1.91399968172715   -5.11490673889560
  -2.96738327571273   -1.91601511102617   -5.11952841022778
  -2.97443756436514   -1.92057000751231   -5.12982257033480
  -2.97985504254873   -1.92406802886612   -5.13826811708839
  -2.98436378445611   -1.92697928663892   -5.14496159995448
  -2.99227225005162   -1.93208571819093   -5.15603410652889
  -2.99472530986980   -1.93366963885206   -5.15965586165647
  -3.00418546993418   -1.93977798683138   -5.17457153507877
  -3.00490550204898   -1.94024290567879   -5.17555986845137
  -3.01451604645339   -1.94644835559649   -5.18926032660726
  -3.01768120819981   -1.94849207464843   -5.19398427371719
  -3.02453957750848   -1.95292046761673   -5.20440786757464
  -3.03013654421901   -1.95653438324437   -5.21261613058928
  -3.03484845221117   -1.95957682369640   -5.21912852148379
  -3.04238266227376   -1.96444160151184   -5.23068354642657
  -3.04466558425666   -1.96591566556427   -5.23446716363320
  -3.05429216568066   -1.97213147045435   -5.24916461170144
  -3.05501230710869   -1.97259645988442   -5.25015312097075
  -3.06447065379091   -1.97870363697772   -5.26408513868385
  -3.06759773979103   -1.98072277083169   -5.26870964723970
  -3.07411821762921   -1.98493299004110   -5.27878177944513
  -3.08006868028888   -1.98877515511186   -5.28745466249364
  -3.08457883825599   -1.99168732722283   -5.29415048704516
  -3.09249632224801   -1.99679958187972   -5.30522848419240
  -3.09495015997954   -1.99838400483313   -5.30885152091822
  -3.10440680329481   -2.00449008207632   -5.32377081628500
  -3.10512705558723   -2.00495514309062   -5.32475950363892
  -3.11397865180684   -2.01067054637280   -5.33846444033259
  -3.11767196776087   -2.01305529027684   -5.34339165516892
  -3.12465570856341   -2.01756463459332   -5.35363137556972
  -3.13037267706134   -2.02125603439359   -5.36183048405913
  -3.13508604864032   -2.02429941987168   -5.36834523076588
  -3.14261236665710   -2.02915910185767   -5.37990130426015
  -3.14489605303583   -2.03063365947424   -5.38368623146376
  -3.15452949370265   -2.03685389332131   -5.39839031011978
  -3.15524985841319   -2.03731902692308   -5.39937917774363
  -3.16410595250960   -2.04303733444751   -5.41308732601362
  -3.16784409388703   -2.04545102176082   -5.41794362203127
  -3.17489331540163   -2.05000264643751   -5.42824259270735
  -3.18031431364685   -2.05350294066633   -5.43669405095671
  -3.18429454773094   -2.05607294526027   -5.44316772022531
  -3.19279173453574   -2.06155950928200   -5.45538795760079
  -3.19499768354240   -2.06298387251324   -5.45832375768555
  -3.20441564736073   -2.06906497472160   -5.47324434830518
  -3.20514134023202   -2.06953354867318   -5.47421749592573
  -3.21479758746715   -2.07576850853487   -5.48795483531482
  -3.21793095294469   -2.07779169699606   -5.49265155231906
  -3.22492921529876   -2.08231041775959   -5.50289682333165
  -3.23044940633636   -2.08587475996316   -5.51133396415211
  -3.23496176331593   -2.08878835195850   -5.51803340995371
  -3.24273813568995   -2.09380949199778   -5.52928118067426
  -3.24513663717882   -2.09535818479190   -5.53296807319665
  -3.25477106503152   -2.10157905605681   -5.54767139658529
  -3.25551161863052   -2.10205722545874   -5.54864630052939
  -3.26494143130516   -2.10814597837671   -5.56260495117192
  -3.26812322141580   -2.11020043422743   -5.56723163183590
  -3.27516999982750   -2.11475048141256   -5.57753304882500
  -3.28059283148706   -2.11825195946203   -5.58598757107324
  -3.28510594151863   -2.12116603769688   -5.59268825288025
  -3.29289472158009   -2.12619518927846   -5.60486292675794
  -3.29504106144913   -2.12758106337708   -5.60784104332996
  -3.30468933635065   -2.13381087556816   -5.62255784895260
  -3.30543595041643   -2.13429295816391   -5.62352668342247
  -3.31509368299853   -2.14052887710199   -5.63726889418254
  -3.31817195173060   -2.14251649004526   -5.64202507192095
  -3.32445460209678   -2.14657314600117   -5.65221517180768
  -3.33062205912698   -2.15055542256220   -5.66075766757996
  -3.33524997922204   -2.15354363271602   -5.66736355117427
  -3.34304821260669   -2.15857888823107   -5.67953370426887
  -3.34519490656280   -2.15996499096081   -5.68251238700789
  -3.35507850249855   -2.16634674801901   -5.69700717815728
  -3.35582204994604   -2.16682685052442   -5.69798915412610
  -3.36525445348510   -2.17291727634236   -5.71194682608710
  -3.36838199210831   -2.17493670245136   -5.71664423171077
  -3.37473028135888   -2.17903574089806   -5.72687646802758
  -3.38078426863158   -2.18294475096474   -5.73543971958248
  -3.38486668453469   -2.18558073352348   -5.74181769859944
  -3.39316912821066   -2.19094155349972   -5.75426081000021
  -3.39482404923188   -2.19201012246759   -5.75698044423937
  -3.40502018494372   -2.19859368390296   -5.77191287707441
  -3.40576455138485   -2.19907431522586   -5.77289173274134
  -3.41486745536745   -2.20495198587516   -5.78640752854164
  -3.41868156546147   -2.20741472556742   -5.79216954142660
  -3.42479540073923   -2.21136237900148   -5.80159160792585
  -3.43101365696818   -2.21537745618966   -5.81101996619857
  -3.43480806784053   -2.21782747625561   -5.81673453737643
  -3.44334141678508   -2.22333738987520   -5.82896040482387
  -3.44554446666258   -2.22475988116246   -5.83191686589424
  -3.45518758495156   -2.23098636377100   -5.84662453777739
  -3.45592352374011   -2.23146155342755   -5.84760412089308
  -3.46482691175829   -2.23721039825046   -5.86134121271444
  -3.46869150858064   -2.23970573681028   -5.86700622468373
  -3.47497888768954   -2.24376544607669   -5.87630130890432
  -3.48132791124308   -2.24786495865682   -5.88559425526553
  -3.48521867448231   -2.25037719265800   -5.89122696487858
  -3.49356064104256   -2.25576353223736   -5.90363098140020
  -3.49518065970082   -2.25680956503493   -5.90638787803598
  -3.50537118286146   -2.26338950249191   -5.92134207227769
  -3.50610724582635   -2.26386477232811   -5.92232185027817
  -3.51501317114293   -2.26961525546384   -5.93606186359072
  -3.51887711244072   -2.27211017075681   -5.94172758027583
  -3.52517124754824   -2.27617424231628   -5.95102554899202
  -3.53151651227854   -2.28027132785498   -5.96031948842104
  -3.53540796145934   -2.28278400476302   -5.96595330571050
  -3.54371252510221   -2.28814619358456   -5.97840290827046
  -3.54536836253605   -2.28921535427256   -5.98112409036085
  -3.55502010044977   -2.29544740250230   -5.99584554132605
  -3.55649247822233   -2.29639810478752   -5.99780549253215
  -3.56520839522673   -2.30202590111015   -6.01079714149075
  -3.56907169191047   -2.30452040018110   -6.01646356198161
  -3.57518225932883   -2.30846594358507   -6.02591956287870
  -3.58161613466533   -2.31262024426745   -6.03515139630719
  -3.58559313856161   -2.31518816315553   -6.04070047065974
  -3.59370194838387   -2.32042395533616   -6.05330509060520
  -3.59534369670435   -2.32148401879890   -6.05610782602947
  -3.60498305642712   -2.32770807453198   -6.07081529289199
  -3.60638764500208   -2.32861500588676   -6.07280457789194
  -3.61361551756584   -2.33328198408472   -6.08574329273456
  -3.61799818791595   -2.33611183848411   -6.10073901016689
  -3.61804122430065   -2.33613962672572   -6.11547050902018
  -3.61730339165352   -2.33566321422017   -6.13034979589389
  -3.61655135393857   -2.33517762961851   -6.14526537129348
  -3.61579937165546   -2.33469208080874   -6.16018131493515
  -3.61504744475546   -2.33420656775938   -6.17509762769231
  -3.61467231186507   -2.33396434752025   -6.19005272607011
  -3.61393333688804   -2.33348719742163   -6.20495951379248
  -3.61318157926086   -2.33300179367036   -6.21987693680250
  -3.61246289770905   -2.33253774687042   -6.23465564525037
  -3.61168103318701   -2.33203290334337   -6.24965889530369
  -3.60910630565086   -2.33037042283187   -6.26428206005883
  -3.60619525856680   -2.32849078353902   -6.27148760822898
  -3.60261479518843   -2.32617890762007   -6.27912091733868
  -3.59415755946461   -2.32071813968456   -6.28999965129526
  -3.59103801246292   -2.31870387370021   -6.29371957987050
  -3.58158450260760   -2.31259981970649   -6.30575608236279
  -3.57928995659722   -2.31111825011458   -6.30859595746020
  -3.56920135806303   -2.30460412455527   -6.31975975331132
  -3.56608185565790   -2.30258988736656   -6.32347985588208
  -3.55682141593280   -2.29661049717680   -6.33480075203340
  -3.55433336590531   -2.29500398362371   -6.33835712157853
  -3.54416022870935   -2.28843527214193   -6.35028487546217
  -3.54177876334853   -2.28689757943636   -6.35302136752385
  -3.53176771064013   -2.28043352458252   -6.36440253364553
  -3.52864827237098   -2.27841932880588   -6.36812290074627
  -3.51909593039007   -2.27225145971701   -6.37998327689430
  -3.51675636618680   -2.27074082224615   -6.38277362049578
  -3.50671564412490   -2.26425761013342   -6.39504340868951
  -3.50442119721029   -2.26277610452684   -6.39788367619308
  -3.49444162109367   -2.25633237385087   -6.41015431994126
  -3.49215092639211   -2.25485329101756   -6.41299846375183
  -3.48185948559508   -2.24820819186818   -6.42486368739333
  -3.47951996631294   -2.24669758340253   -6.42765423380183
  -3.46918585614301   -2.24002493298805   -6.43951349827274
  -3.46684635110834   -2.23851433372188   -6.44230411278664
  -3.45670853115022   -2.23196842629172   -6.45439696103076
  -3.45436904021602   -2.23045783613010   -6.45718764415940
  -3.44432713553095   -2.22397386040726   -6.46945934576728
  -3.44146156017331   -2.22212358183625   -6.47253024641767
  -3.43195034667575   -2.21598226907269   -6.48439826444975
  -3.42961088324741   -2.21447169667138   -6.48718908603449
  -3.41938884981437   -2.20787141328924   -6.49911347153431
  -3.41700752152530   -2.20633380908978   -6.50185065190900
  -3.40699621229204   -2.19986958859993   -6.51416776866868
  -3.40465677512820   -2.19835903315740   -6.51695872997235
  -3.39455956913346   -2.19183934983121   -6.52805437159042
  -3.39072329763666   -2.18936230070243   -6.53186230935602
  -3.38218598859529   -2.18384983008070   -6.53896930540856
  -3.37193042030855   -2.17722789351781   -6.54638251111904
  -3.36958910402919   -2.17571612474576   -6.54824098741994
  -3.35733640011485   -2.16780465404261   -6.55585616105770
  -3.34925580029046   -2.16258707682688   -6.56137912741730
  -3.34475378661442   -2.15968016341804   -6.56501936626338
  -3.33239237739372   -2.15169850258768   -6.57275507140107
  -3.32691766175028   -2.14816352347417   -6.57644784976469
  -3.31986671140546   -2.14361078250595   -6.58093033971917
  -3.30726662424480   -2.13547500928188   -6.58923106928800
  -3.30489085666191   -2.13394099558492   -6.59102104714382
  -3.29488746828359   -2.12748188952632   -6.59764735568425
  -3.28248733419475   -2.11947522436532   -6.60545375891092
  -3.28164308148795   -2.11893009729765   -6.60626335428045
  -3.26990865060858   -2.11135327125426   -6.61436508862557
  -3.26035902411370   -2.10518715553250   -6.62071481044400
  -3.25732420644208   -2.10322759858358   -6.62273932743024
  -3.24492800075465   -2.09522346995924   -6.63015075860837
  -3.23758859234077   -2.09048447397511   -6.63540929873272
  -3.23222491460738   -2.08702119113195   -6.63917859192741
  -3.21998400256588   -2.07911733434465   -6.64705218118147
  -3.21519726855339   -2.07602657934328   -6.65054827987535
  -3.20746118421213   -2.07103145295724   -6.65522978533890
  -3.19488785616173   -2.06291295787181   -6.66365510117126
  -3.19253407367170   -2.06139313976948   -6.66549049044029
  -3.18248381140878   -2.05490376762698   -6.67195006401592
  -3.17057374243910   -2.04721353350521   -6.68014774276373
  -3.16974230899587   -2.04667668373117   -6.68098141897342
  -3.15750682839234   -2.03877633397895   -6.68867108417952
  -3.14795407089694   -2.03260819659577   -6.69502083530246
  -3.14491950432944   -2.03064880178272   -6.69704572650012
  -3.13268480124107   -2.02274895406568   -6.70483370556628
  -3.12535550110941   -2.01801648491670   -6.70990957146157
  -3.11994435225568   -2.01452255035940   -6.71362553624276
  -3.10758388300849   -2.00654149646225   -6.72136395221211
  -3.10279742766648   -2.00345092139612   -6.72486074651916
  -3.09492637276763   -1.99836864562495   -6.73014404976742
  -3.08257376608164   -1.99039266851926   -6.73697282977031
  -3.07859333717874   -1.98782253813241   -6.73957396255970
  -3.07027147132699   -1.98244917741613   -6.74363251510242
  -3.05781391729757   -1.97440543666913   -6.74815660331531
  -3.04508316484014   -1.96618529393165   -6.75329157670272
  -3.04201483942158   -1.96420410130459   -6.75439494900528
  -3.03278364083915   -1.95824359188150   -6.75752439336465
  -3.02032696792694   -1.95020042006468   -6.76204926225171
  -3.00782633969447   -1.94212886665708   -6.76593304211171
  -2.99987200964800   -1.93699282080420   -6.76931032379250
  -2.99521865356991   -1.93398818684418   -6.77126603132789
  -2.98293070458173   -1.92605395868512   -6.77544973567702
  -2.97034055714657   -1.91792460346052   -6.77982706615741
  -2.95860200219427   -1.91034511453696   -6.78420912569240
  -2.95775132936921   -1.90979584205144   -6.78482028099056
  -2.94535065338451   -1.90178882699272   -6.78909044592134
  -2.93295045717870   -1.89378212172331   -6.79286662155238
  -2.92012860126321   -1.88550315422809   -6.79774924380427
  -2.91779383163160   -1.88399561257294   -6.79870104630921
  -2.90776494701718   -1.87752004380323   -6.80257864331694
  -2.89537418151257   -1.86951942786045   -6.80650101532169
  -2.88276452934715   -1.86137747859104   -6.81089271959656
  -2.87571608202528   -1.85682635380426   -6.81359368395158
  -2.87026591907056   -1.85330722816105   -6.81571893871359
  -2.85777630250623   -1.84524278489751   -6.82015806783584
  -2.84539154009769   -1.83724604510476   -6.82428344747055
  -2.83516613710269   -1.83064358602402   -6.82843897708571
  -2.83280426335395   -1.82911854346212   -6.82927879769341
  -2.82040402515801   -1.82111181108003   -6.83354963756137
  -2.80793903652076   -1.81306326986756   -6.83781127632292
  -2.79544147624258   -1.80499369741295   -6.84057863986444
  -2.78610110958564   -1.79896269905703   -6.84192351632622
  -2.78596338803282   -1.79887377337679   -6.84201356920042
      
      
