# shadow point cont 3D ind 78  size 1132
# norm  0.8181497 -0.5750053  0.0000000
# angle  0.6126106
   1.80829480704019    2.57294325598562   -6.82938844062907
   1.81519649194603    2.58276336029842   -6.81521168344696
   1.81733406337081    2.58580481679112   -6.81335246931393
   1.82386963572684    2.59510399563738   -6.80879683323512
   1.83253971513780    2.60744027081908   -6.80430476254373
   1.84098911921410    2.61946255675972   -6.80035978650799
   1.84370348232197    2.62332470480411   -6.79863952747062
   1.84962614018928    2.63175179454517   -6.79516687090462
   1.85819926383031    2.64395011562039   -6.79133128257780
   1.86681531524339    2.65620951673695   -6.78713560588571
   1.87258663332385    2.66442127174252   -6.78405640082228
   1.87527735859674    2.66824978654975   -6.78228830349256
   1.88376325476722    2.68032399548839   -6.77806666627357
   1.89235043300958    2.69254231423852   -6.77421791882692
   1.90076485337110    2.70451482338797   -6.76943833171025
   1.90288426313902    2.70753043845683   -6.76842168476135
   1.90945724692498    2.71688284838353   -6.76494859392846
   1.91797711665180    2.72900539680327   -6.76046100391917
   1.92659561179358    2.74126827499407   -6.75670505982723
   1.93135680898173    2.74804277334908   -6.75405797823771
   1.93508481224893    2.75334718545449   -6.75212571417953
   1.94363841969731    2.76551773779639   -6.74749161220909
   1.95222685044026    2.77773783867461   -6.74364443842076
   1.96023713200585    2.78913531648214   -6.73927510890140
   1.96082338980029    2.78996947694790   -6.73863929931143
   1.96930037274751    2.80203100365265   -6.73452350910617
   1.97785426488473    2.81420196106578   -6.72988998490842
   1.98472099539153    2.82397233029947   -6.72471439380937
   1.98625283181120    2.82615191305883   -6.72355819407037
   1.99501847099732    2.83862415604737   -6.71570646774171
   2.00078917692726    2.84683504005086   -6.71002303621027
   2.00347078566318    2.85065058333806   -6.70726245565893
   2.01212368569310    2.86296241473305   -6.69909431806395
   2.01627559409830    2.86886998284032   -6.69514398860642
   2.02057414062308    2.87498619588723   -6.69056279657471
   2.02908326126828    2.88709344991085   -6.68204706377031
   2.03077445555157    2.88949977597495   -6.68031473989010
   2.03767058674566    2.89931197815522   -6.67375475832622
   2.04575340819266    2.91081266977388   -6.66560634597905
   2.04633709409627    2.91164317080915   -6.66482606188114
   2.05488601525524    2.92380705523567   -6.65644493279800
   2.06123658213208    2.93284299791153   -6.65072915590246
   2.06344479148811    2.93598496201400   -6.64814389126605
   2.07187354568073    2.94797786614214   -6.64029291775874
   2.07663378601256    2.95475100302833   -6.63563925841100
   2.08043494610906    2.96015950677292   -6.63115317076672
   2.08897423568074    2.97230968683694   -6.62343118749049
   2.09121884565878    2.97550344378565   -6.62101384298457
   2.09764023588094    2.98464015788882   -6.61462025019714
   2.10596886630601    2.99649060030582   -6.60671368537270
   2.10699644663823    2.99795269922656   -6.60567704915536
   2.11473432999601    3.00896259358864   -6.59777889524679
   2.12204285018776    3.01936156596050   -6.59102209724592
   2.12307044397180    3.02082368402126   -6.58998550425122
   2.13173027364237    3.03314537529755   -6.58161083910346
   2.13704316622039    3.04070485679092   -6.57616670448867
   2.14028618543136    3.04531920638448   -6.57255136026997
   2.14877252838312    3.05739405102857   -6.56476111040167
   2.15199600746686    3.06198059783334   -6.56116309220734
   2.15749725387842    3.06980807972348   -6.55514095215850
   2.16435743476965    3.07956912979685   -6.54685274309430
   2.16587705482422    3.08173133042689   -6.54482793086035
   2.17393795296226    3.09320082833216   -6.53198333830468
   2.17447192467374    3.09396059322700   -6.53105240902071
   2.18252784694960    3.10542301119654   -6.51706146612563
   2.18308390305336    3.10621419900315   -6.51617645835307
   2.19115955844216    3.11770469435236   -6.50242753146933
   2.19169353126137    3.11846446082335   -6.50149665604153
   2.19970312394170    3.12986095844632   -6.48753370648733
   2.20023709741569    3.13062072584897   -6.48660285785472
   2.20824670043687    3.14201723818548   -6.47264030939792
   2.20878067462235    3.14277700660047   -6.47170948745348
   2.21679028883504    3.15417353486089   -6.45774733848781
   2.21732426378875    3.15493330436897   -6.45681654312445
   2.22533389004411    3.16632984976436   -6.44285479204275
   2.22586786582283    3.16708962044632   -6.44192402315332
   2.23387750497251    3.17848618418847   -6.42796266834754
   2.23441148163305    3.17924595612514   -6.42703192582483
   2.24255603636269    3.19083448532018   -6.41328706342668
   2.24305955815605    3.19155092436398   -6.41237112048907
   2.25099776082766    3.20284584427917   -6.39814182611740
   2.25155801851914    3.20364301034042   -6.39726804928369
   2.25964292069486    3.21514666253658   -6.38352197963319
   2.26014554540502    3.21586182516010   -6.38258989103428
   2.26846703775412    3.22770211112232   -6.36906359405225
   2.26898762383506    3.22844283019141   -6.36816987732312
   2.27693074222612    3.23974474446790   -6.35389291074522
   2.27749100152420    3.24054191281510   -6.35301921109352
   2.28527400575880    3.25161600769098   -6.33885187882895
   2.28580798910045    3.25237578913390   -6.33792128923912
   2.29328159179411    3.26300965014688   -6.32397821670572
   2.29450145099574    3.26474533422553   -6.32049028869286
   2.29829333433543    3.27014063848033   -6.30936640130254
   2.29919288669862    3.27142057202726   -6.29447453358396
   2.29972817091125    3.27218220442235   -6.27950993177717
   2.29972507476588    3.27217779905310   -6.26454057205273
   2.29970574957479    3.27215030208750   -6.24962191576732
   2.29941896129768    3.27174224364449   -6.23469990505667
   2.29966722652790    3.27209548933611   -6.21978585980449
   2.29964802867911    3.27206817356029   -6.20486845824937
   2.29936137489403    3.27166030648007   -6.18994772117432
   2.29934226432681    3.27163311489335   -6.17503115864963
   2.29932319621576    3.27160598371567   -6.16011501061159
   2.29930417056440    3.27157891295201   -6.14519927612133
   2.29876205129003    3.27080755524777   -6.13020651091284
   2.29586251662492    3.26668193472779   -6.11429586350819
   2.29526565072909    3.26583268046050   -6.11249231253402
   2.28964711809026    3.25783831714909   -6.09947491677435
   2.28667549614793    3.25361012680861   -6.09353998038626
   2.28196168348990    3.24690304982027   -6.08395103621792
   2.27808445587334    3.24138631294246   -6.07572849415137
   2.27474865466231    3.23663994791624   -6.06933251151690
   2.26949976139383    3.22917152822939   -6.05889515206931
   2.26727261876390    3.22600262480308   -6.05441425063047
   2.26088487556014    3.21691378556454   -6.04099904127014
   2.25990746436425    3.21552307010432   -6.03918865848067
   2.25283890018312    3.20546552060048   -6.02457555893802
   2.25235364876424    3.20477507767004   -6.02357558908869
   2.24527932644688    3.19470933516708   -6.00959528380874
   2.24376396615265    3.19255319556293   -6.00666018108627
   2.23781103925217    3.18408303734409   -5.99468687956459
   2.23519142970942    3.18035570998568   -5.98900434362935
   2.23032497684690    3.17343144795471   -5.97976738584413
   2.22681152498291    3.16843231161727   -5.97198851561599
   2.22295018666289    3.16293818292161   -5.96448473657420
   2.21802348631935    3.15592819739611   -5.95437153209528
   2.21548816727780    3.15232080328961   -5.94956664232362
   2.20970046804196    3.14408574025755   -5.93728116058493
   2.20843344719893    3.14228295195081   -5.93467182348265
   2.20122929603211    3.13203248168036   -5.91994226463762
   2.20069355159644    3.13127019445412   -5.91900874303670
   2.19382470849979    3.12149681930912   -5.90506158435071
   2.19229620227917    3.11932197494372   -5.90214692894885
   2.18629710219162    3.11078611892503   -5.89011355302886
   2.18357972761829    3.10691968599871   -5.88457245301465
   2.17882937375750    3.10016061613794   -5.87520585884648
   2.17515106255086    3.09492690868288   -5.86763718838060
   2.17131054716569    3.08946240802662   -5.86026356182319
   2.16657211809061    3.08272030541966   -5.85080868333689
   2.16379684141017    3.07877148612835   -5.84532596599002
   2.15799499245413    3.07051629008089   -5.83399029627790
   2.15632774354794    3.06814403484214   -5.83041933498255
   2.14959734421130    3.05856764524245   -5.81634075168994
   2.14915620988596    3.05793997458668   -5.81529769780520
   2.14152362725873    3.04707990800902   -5.80030363503795
   2.14086168295289    3.04613805653054   -5.79861370756278
   2.13433378361827    3.03684979528941   -5.78561914144001
   2.13214649909850    3.03373760421739   -5.78102079416615
   2.12686670871048    3.02622522237622   -5.77071673410533
   2.12371729781549    3.02174406394397   -5.76409613678565
   2.11934721184794    3.01552606056613   -5.75577595182315
   2.11514048311393    3.00954049102084   -5.74726591564733
   2.11198847971299    3.00505564382572   -5.74059667345051
   2.10656283426149    2.99733573122106   -5.72950712298677
   2.10489447318224    2.99496189352011   -5.72593649194103
   2.09796317518591    2.98509965404154   -5.71165545710194
   2.09742767848655    2.98433771930841   -5.71072248255578
   2.08992928367530    2.97366858268023   -5.69579901147778
   2.08925947580239    2.97271554247756   -5.69416709287067
   2.08290709366529    2.96367701694761   -5.68114934154911
   2.08085306187879    2.96075442533695   -5.67728666038001
   2.07539155740215    2.95298349050044   -5.66621595532730
   2.07214481984727    2.94836385023866   -5.65973904946876
   2.06749438919396    2.94174695672091   -5.65105503265727
   2.06357195789959    2.93616590151541   -5.64293645869367
   2.06041256236474    2.93167053637764   -5.63638380259965
   2.05514533360027    2.92417602791889   -5.62599401936329
   2.05256503072435    2.92050462829028   -5.62125172280361
   2.04661262924481    2.91203521766979   -5.60828406934623
   2.04554458690666    2.91051554713800   -5.60634056970476
   2.03851240835248    2.90050976914460   -5.59167256666098
   2.03801968731026    2.89980869801521   -5.59068415178814
   2.03097045365661    2.88977865306987   -5.57671538066930
   2.02944307577401    2.88760541416707   -5.57380330859679
   2.02359423203319    2.87928335130450   -5.56154698539561
   2.02086702781483    2.87540293220801   -5.55603004609570
   2.01598502807346    2.86845654920598   -5.54688524436773
   2.01230950074273    2.86322680280569   -5.53932312988874
   2.00862259552994    2.85798086731676   -5.53172378837191
   2.00373727425453    2.85102975824983   -5.52156796071623
   2.00115628232683    2.84735737819970   -5.51682644848047
   1.99520529675618    2.83888998221379   -5.50386222387130
   1.99413901725649    2.83737281994741   -5.50191987533118
   1.98698294232387    2.82719075523898   -5.48717091389367
   1.98644769950208    2.82642918173709   -5.48623850507134
   1.97908724144991    2.81595630926488   -5.47202236308901
   1.97788258504645    2.81424225658000   -5.46945900865536
   1.97205188295026    2.80594600666673   -5.45737326404287
   1.96933719223271    2.80208339248093   -5.45183847206144
   1.96454532655352    2.79526525727705   -5.44245183513564
   1.96076863875608    2.78989157409190   -5.43504133635517
   1.95707661038771    2.78463834908991   -5.42755609514719
   1.95234277361609    2.77790278066985   -5.41811194528126
   1.94919048033478    2.77341752101668   -5.41240497889497
   1.94377625992089    2.76571386459623   -5.40131360360603
   1.94210434604877    2.76333497178233   -5.39774401467955
   1.93533968666370    2.75370983506453   -5.38369590434482
   1.93486603974535    2.75303590366820   -5.38269225376657
   1.92765707358458    2.74277858235436   -5.36792809766392
   1.92665183858601    2.74134827762739   -5.36597326018932
   1.92013691165888    2.73207847425510   -5.35299621728387
   1.91795176330155    2.72896932263478   -5.34840296507193
   1.91262949055725    2.72139649451480   -5.33807631479135
   1.90938507315510    2.71678015549642   -5.33160485127417
   1.90516182486811    2.71077108100479   -5.32318532283738
   1.90082718632342    2.70460351420800   -5.31394456726365
   1.89805604592456    2.70066058025007   -5.30851737357967
   1.89239715002911    2.69260878583367   -5.29701827230239
   1.89072047273415    2.69022311535464   -5.29337767211629
   1.88381653262193    2.68039980220775   -5.27911791684562
   1.88328151372263    2.67963854731533   -5.27818601077668
   1.87619104140067    2.66954982568017   -5.26351257372588
   1.87512103711338    2.66802736357712   -5.26164883741188
   1.86869988728903    2.65889099152544   -5.24860608629237
   1.86655994567571    2.65584616259559   -5.24487876370057
   1.86125416524462    2.64829680066369   -5.23372601403196
   1.85801044513228    2.64368145378836   -5.22725620432005
   1.85375468177539    2.63762611503190   -5.21881493195038
   1.84944771699948    2.63149792402521   -5.21047265053510
   1.84628541067539    2.62699841725328   -5.20392527752583
   1.84089053158612    2.61932228075410   -5.19281319028565
   1.83881339419816    2.61636681319798   -5.18903636947027
   1.83249303075135    2.60737384565610   -5.17585378585582
   1.83143224763704    2.60586450395507   -5.17391488867556
   1.82439272631151    2.59584827825483   -5.15925620831256
   1.82390045498810    2.59514784701057   -5.15826885612246
   1.81649082033183    2.58460500330835   -5.14409037751291
   1.81534164535040    2.58296989270199   -5.14141121586463
   1.80936099632951    2.57446028989563   -5.12940446742400
   1.80664816752532    2.57060032494455   -5.12387411243240
   1.80189402091088    2.56383585854120   -5.11452127753653
   1.79822184382248    2.55861087905357   -5.10696716827585
   1.79439334159365    2.55316347138981   -5.09961040894552
   1.78953053620722    2.54624439919235   -5.08943742543687
   1.78745158236619    2.54328634708495   -5.08472269463051
   1.78126370345298    2.53448188596687   -5.07228875460931
   1.77969160220595    2.53224501215320   -5.06937435000867
   1.77293829217650    2.52263602393501   -5.05487483895308
   1.77240350166147    2.52187509400055   -5.05394345079652
   1.76498949884402    2.51132603503365   -5.04002796697198
   1.76385421035238    2.50971068290367   -5.03732587528338
   1.75800701639298    2.50139096744263   -5.02510603183194
   1.75529474581265    2.49753179676376   -5.01957702251906
   1.75038413060138    2.49054469806648   -5.01045881421147
   1.74673763112974    2.48535625413190   -5.00287405980560
   1.74304160283733    2.48009733781369   -4.99531898201401
   1.73831190265745    2.47336765516831   -4.98588465572417
   1.73554645896679    2.46943282680626   -4.98041561888386
   1.72962258659688    2.46100400900280   -4.96837386652682
   1.72807845965410    2.45880693859794   -4.96553636407779
   1.72146151866486    2.44939198389739   -4.95082686240597
   1.72092682974676    2.44863119852074   -4.94989570627111
   1.71364239216825    2.43826649224148   -4.93575034212547
   1.71250734776775    2.43665148741807   -4.93304887382785
   1.70613539445435    2.42758511492099   -4.92083647748075
   1.70395216817306    2.42447869813825   -4.91624788738561
   1.69863800407692    2.41691740745759   -4.90593296093903
   1.69539636756778    2.41230502524973   -4.89946812407367
   1.69117037511164    2.40629204620034   -4.89105513111894
   1.68683953578437    2.40012988514315   -4.88182364977503
   1.68420707374668    2.39638427053421   -4.87615283347947
   1.67841690507070    2.38814569384423   -4.86484453580732
   1.67671836082355    2.38572890983939   -4.86125742849308
   1.66974834790780    2.37581158460243   -4.84732454518374
   1.66919356390541    2.37502220681298   -4.84633699434190
   1.66184191271866    2.36456186524275   -4.83121306095895
   1.66130733757170    2.36380124174605   -4.83028216536625
   1.65442117253945    2.35400321997972   -4.81635698637924
   1.65275100157712    2.35162680707561   -4.81273307350058
   1.64730641231709    2.34387994015786   -4.80168775956979
   1.64406539859040    2.33926844407980   -4.79522442733014
   1.63983869359045    2.33325445118311   -4.78681291215246
   1.63564036846487    2.32728083876314   -4.77832288216896
   1.63196619202641    2.32205301448813   -4.77168517002451
   1.62708841262518    2.31511263642271   -4.76154754946102
   1.62487546741637    2.31196393388334   -4.75703964988464
   1.61856039137864    2.30297848956360   -4.74386994689293
   1.61750670871413    2.30147925078072   -4.74193525967162
   1.61038676822480    2.29134860018452   -4.72721735807800
   1.60985228861220    2.29058811261948   -4.72628668298340
   1.60290329720628    2.28070069796554   -4.71232926678955
   1.60129990185477    2.27841929714512   -4.70953734135566
   1.59545449924417    2.27010213051559   -4.69746875947248
   1.59274389222137    2.26624532683967   -4.69194378769352
   1.58796399926376    2.25944422709545   -4.68257522631710
   1.58405981030127    2.25388912810273   -4.67445620627465
   1.58087423588724    2.24935651418763   -4.66793271191057
   1.57563683128158    2.24190444121448   -4.65753949264238
   1.57318235616177    2.23841207637337   -4.65259939605948
   1.56724182401480    2.22995955410487   -4.63966090340283
   1.56617314969064    2.22843898434793   -4.63769416098153
   1.55895802211286    2.21817289622445   -4.62327429451640
   1.55850530567466    2.21752874588901   -4.62232507433222
   1.55119192160167    2.20712285291415   -4.60789526555147
   1.55012317587562    2.20560218156262   -4.60603441038479
   1.54398732719238    2.19687175197346   -4.59349360708361
   1.54143059688934    2.19323389272343   -4.58868881884584
   1.53650719131783    2.18622859518435   -4.57861359544321
   1.53287268366822    2.18105721388663   -4.57105677590852
   1.52916739750766    2.17578512495445   -4.56349330576736
   1.52420045103017    2.16871787497268   -4.55351226894703
   1.52169796958690    2.16515720404246   -4.54862242404040
   1.51577874060251    2.15673499310831   -4.53659199003472
   1.51458539957157    2.15503704056999   -4.53394455521648
   1.50741275023719    2.14483139287328   -4.51961861842618
   1.50683726899916    2.14401256589629   -4.51859761062356
   1.49975703634158    2.13393841382982   -4.50394911902219
   1.49868846963439    2.13241799719636   -4.50208868179716
   1.49070573280176    2.12105971157952   -4.48880944174294
   1.49013948817293    2.12025402696807   -4.48795345331047
   1.48184373567507    2.10845036510962   -4.47638262042050
   1.47971322190236    2.10541895064007   -4.47340166854070
   1.47317540173002    2.09611657347469   -4.46439481231629
   1.46937695037320    2.09071192387682   -4.45903830954268
   1.46463541834939    2.08396540622040   -4.45238848531661
   1.45871127766337    2.07553620664174   -4.44415585489438
   1.45609021391293    2.07180681015509   -4.44033593944348
   1.44807440885370    2.06040147321104   -4.42928754352300
   1.44754020253907    2.05964137450968   -4.42835748610289
   1.43886032460194    2.04729115743546   -4.41719089682119
   1.43678222364336    2.04433431885703   -4.41437896051770
   1.43045150453814    2.03532661670366   -4.40583599652459
   1.42617522944621    2.02924209270033   -4.39927084799929
   1.42177446928220    2.02298044435565   -4.39305668163187
   1.41549412252859    2.01404441480889   -4.38438699517102
   1.41335798663144    2.01100500086541   -4.38159608242364
   1.40494167436357    1.99902979980551   -4.37013581278200
   1.40437555914267    1.99822429932293   -4.36928007928438
   1.39614067086776    1.98650723849400   -4.35770848909833
   1.39405749503489    1.98354317909985   -4.35484487061924
   1.38772743689316    1.97453641740239   -4.34630318573799
   1.38295744064360    1.96774939924938   -4.33973545931855
   1.37905250960762    1.96219324439287   -4.33357998731810
   1.37271883697258    1.95318133979164   -4.32508516252266
   1.37063933758205    1.95022251144581   -4.32218010984632
   1.36222074287317    1.93824406280084   -4.31091967072778
   1.36168665858437    1.93748413772466   -4.30998986726378
   1.35354941497400    1.92590601120012   -4.29881455989876
   1.35090760036312    1.92214708922556   -4.29509237905793
   1.34500783552151    1.91375257296527   -4.28677912861670
   1.34018738367548    1.90689376376018   -4.28021645114196
   1.33633427322575    1.90141134213976   -4.27491279170639
   1.32988187627455    1.89223050992374   -4.26579037344153
   1.32778984787983    1.88925385460815   -4.26290907950168
   1.31950067086552    1.87745954871643   -4.25140076535754
   1.31896664526866    1.87669970715044   -4.25047108577330
   1.31083416336172    1.86512835584454   -4.23929716341695
   1.30808226753536    1.86121280414355   -4.23580124933373
   1.30216286939231    1.85279035252097   -4.22753502858305
   1.29697972245025    1.84541548039423   -4.22069699091788
   1.29375021618370    1.84082035777578   -4.21610455986665
   1.28678889134767    1.83091539442585   -4.20582555787110
   1.28520537359966    1.82866227657437   -4.20392160570157
   1.27665936540417    1.81650253687564   -4.19177820075773
   1.27608440996750    1.81568445803832   -4.19095564770397
   1.26799507791319    1.80417450276248   -4.18008503873506
   1.26537092849692    1.80044071581745   -4.17629300968744
   1.25958192784785    1.79220380106167   -4.16866987559022
   1.25469879888851    1.78525581134498   -4.16141801271028
   1.25104002872647    1.78004990798400   -4.15659914509210
   1.24403316028022    1.77008014263149   -4.14654510940789
   1.24236589723444    1.76770786727412   -4.14389354730435
   1.23390178994925    1.75566466078336   -4.13253529551272
   1.23340605608696    1.75495930284460   -4.13169068538717
   1.22528824551021    1.74340882673004   -4.12058443724019
   1.22266373354447    1.73967452392928   -4.11679307880571
   1.21687527215103    1.73143837645666   -4.10917101466024
   1.21199238127612    1.72449072549985   -4.10192018114392
   1.20833394882496    1.71928530265285   -4.09710198517433
   1.20090287257342    1.70871195064648   -4.08682051850217
   1.19979147544532    1.70713059248832   -4.08505304358498
   1.19109257509308    1.69475330925516   -4.07324171031231
   1.19056526951826    1.69400302931338   -4.07242873848958
   1.18271165432802    1.68282846521012   -4.06179235550890
   1.17944601763436    1.67818193419387   -4.05730487622577
   1.17416898956000    1.67067348272748   -4.04974427179238
   1.16874919011922    1.66296188815471   -4.04242840456831
   1.16550357226696    1.65834384106860   -4.03787761168997
   1.15808135002080    1.64778308703760   -4.02755849651850
   1.15696175430775    1.64619006347302   -4.02581312543381
   1.14852618181253    1.63418745788158   -4.01443314314367
   1.14746149658310    1.63267256403234   -4.01271027593936
   1.13988670321731    1.62189472325652   -4.00253601041079
   1.13672256276633    1.61739260678600   -3.99781589433111
   1.13134579591464    1.60974224139414   -3.99047061302111
   1.12605107754105    1.60220861917799   -3.98294660770627
   1.12280575370007    1.59759099042762   -3.97839641889172
   1.11538381964731    1.58703064645434   -3.96807873285211
   1.11426433006249    1.58543777389496   -3.96633358621209
   1.10582949469441    1.57343621712936   -3.95495511061901
   1.10476189465277    1.57191717592184   -3.95323235643334
   1.09731979130029    1.56132813393789   -3.94369095568288
   1.09348806261109    1.55587613548538   -3.93833834547078
   1.08865314170177    1.54899673888567   -3.93190763939822
   1.08182702762651    1.53928416098843   -3.92324880040534
   1.08024417033511    1.53703198287166   -3.92134613745913
   1.07158435600631    1.52471031342450   -3.91134623712203
   1.06944854588624    1.52167136301491   -3.90859866410883
   1.06316851687681    1.51273578557240   -3.90177103772159
   1.05621341327402    1.50283967414200   -3.89350903562642
   1.05463062835342    1.50058759899846   -3.89160651086127
   1.04609204821667    1.48843842835824   -3.88220188671342
   1.04329490825626    1.48445850076614   -3.87885973140050
   1.03743426064278    1.47611964269161   -3.87233086959289
   1.03006405759827    1.46563290449783   -3.86359531121013
   1.02889837422758    1.46397430482949   -3.86203706339430
   1.02036093537211    1.45182675806827   -3.85279831678227
   1.01768369456598    1.44801742971652   -3.84912302382318
   1.01182330302512    1.43967893599648   -3.84259464679344
   1.00488566512524    1.42980767574761   -3.83425504221885
   1.00328502292442    1.42753019226438   -3.83239664319402
   0.99475089511416    1.41538735664397   -3.82306344646169
   0.99158386070588    1.41088112248871   -3.81919195412352
   0.98621587629527    1.40324325324653   -3.81371615984556
   0.97837309774010    1.39208410811534   -3.80409236395925
   0.97779851362865    1.39126655762038   -3.80327055262798
   0.96902971192728    1.37878981482778   -3.79361839413712
   0.96585585488466    1.37427387304579   -3.78986914347033
   0.96060285762635    1.36679961397208   -3.78407994431742
   0.95265181029614    1.35548641795633   -3.77458639263594
   0.95207122566732    1.35466032958875   -3.77379400695994
   0.94353412891384    1.34251326958944   -3.76452825095277
   0.93934497887651    1.33655271199955   -3.75970972033452
   0.93511812194500    1.33053850292612   -3.75495726995087
   0.92701424668379    1.31900785475995   -3.74506207583707
   0.92644873185647    1.31820320855103   -3.74420756535940
   0.91804726023258    1.30624912359160   -3.73539435805127
   0.91364775295541    1.29998925792457   -3.73019591980013
   0.90939105452200    1.29393258868880   -3.72552078825438
   0.90097589687077    1.28195903048221   -3.71593945795961
   0.90040139393476    1.28114159548820   -3.71511780988379
   0.89243954505733    1.26981303042535   -3.70574757057615
   0.88758552247795    1.26290645489829   -3.70025921693395
   0.88378553583038    1.25749962080264   -3.69579499951210
   0.87537042336612    1.24552612689059   -3.68621442917203
   0.87479594647105    1.24470872894910   -3.68539283448844
   0.86671685079487    1.23321333856609   -3.67627679067191
   0.86191958060430    1.22638751352036   -3.67074565474089
   0.85817303559469    1.22105671918406   -3.66613287285407
   0.84968037094020    1.20897287966683   -3.65669522682560
   0.84906646147456    1.20809937485265   -3.65589172218347
   0.84122989237060    1.19694906487686   -3.64722900720506
   0.83582855226561    1.18926373528220   -3.64081874696149
   0.83258112765432    1.18464311743802   -3.63723999740062
   0.82408620631848    1.17255606698803   -3.62700481537165
   0.82298461014871    1.17098865418299   -3.62598391894519
   0.81551033743236    1.16035383982414   -3.61776182543749
   0.80971989652420    1.15211487578696   -3.61108817729319
   0.80709400807869    1.14837861445361   -3.60819478286002
   0.79851891559121    1.13617749199325   -3.59808632923554
   0.79703135034154    1.13406090073719   -3.59623632963983
   0.78980052563707    1.12377247786159   -3.58832886323192
   0.78361584702167    1.11497257030670   -3.58136402730569
   0.78148233594136    1.11193689109982   -3.57857833094756
   0.77304041688447    1.09992525526454   -3.56897612325990
   0.77085669798232    1.09681813755320   -3.56617639947884
   0.76431421455978    1.08750912525395   -3.55918766674458
   0.75741299660394    1.07768968534380   -3.55166826613314
   0.75578018520907    1.07536642972731   -3.54991093105261
   0.74736164650619    1.06338806077082   -3.54211823036788
   0.74199735886168    1.05575545149474   -3.53661950251098
   0.73882801782123    1.05124593533389   -3.53373563938510
   0.73029187962937    1.03910023922979   -3.52623909123249
   0.72599395118000    1.03298490561524   -3.52176293258016
   0.72176173823336    1.02696307570313   -3.51793728214262
   0.71322629094734    1.01481836265862   -3.51045099338442
   0.70995455445839    1.01016315251155   -3.50694080127631
   0.70458758955031    1.00252673387474   -3.50242406597014
   0.69623373213090    0.99064039707552   -3.49460219995174
   0.69399516268669    0.98745523493708   -3.49188100301225
   0.68752238959911    0.97824541041157   -3.48660072965826
   0.67900010141418    0.96611942087402   -3.47835224469450
   0.67792296278009    0.96458680762227   -3.47739124819541
   0.67045713232220    0.95396400538219   -3.47089069827452
   0.66201153194662    0.94194713156024   -3.46330516148218
   0.66145249375677    0.94115170067429   -3.46250164625558
   0.65339272059868    0.92968380345357   -3.45510491235390
   0.64543043673449    0.91835461946718   -3.44765403040492
   0.64485014236404    0.91752894409548   -3.44686222730015
   0.63633007806875    0.90540611883282   -3.44017050514844
   0.62895464433866    0.89491193812626   -3.43260304247582
   0.62790454090496    0.89341779207369   -3.43162457203743
   0.61926665488703    0.88112732345691   -3.42438576635718
   0.61286597614022    0.87202007880233   -3.41796417036071
   0.61073302491813    0.86898519619311   -3.41610715516021
   0.60220126551755    0.85684573047881   -3.40867918711694
   0.59638914526539    0.84857591985525   -3.40292317815599
   0.59366971488771    0.84470656181523   -3.40032360411329
   0.58513810523328    0.83256730916815   -3.39289594238159
   0.58039252890435    0.82581503704760   -3.38806858982277
   0.57660670820565    0.82042835905840   -3.38454068272472
   0.56818180774068    0.80844093823006   -3.37767009928236
   0.56388265415669    0.80232386142526   -3.37319655666468
   0.55953996938792    0.79614484600964   -3.36880413577313
   0.55101268125209    0.78401174226157   -3.36133132952470
   0.54833546976374    0.78020245562480   -3.35855614780776
   0.54238178707869    0.77173122203328   -3.35331628996517
   0.53412442637770    0.75998218617632   -3.34604730835987
   0.53189483735892    0.75680980189078   -3.34332296074293
   0.52542316586575    0.74760154477557   -3.33804486865698
   0.51689525622317    0.73546755671285   -3.32980305718142
   0.51582204203982    0.73394052738967   -3.32884088495318
   0.50835744637042    0.72331948207590   -3.32234286848629
   0.50003135446355    0.71147265160495   -3.31458488577632
   0.49946619605271    0.71066851252538   -3.31373113578155
   0.49130044695291    0.69904982679195   -3.30648412432920
   0.48297814219327    0.68720838488645   -3.30025051586606
   0.47913012416092    0.68173320904305   -3.29803560786467
   0.47434714103099    0.67492771242838   -3.29606857576725
   0.46565155738403    0.66255514838949   -3.29482807587032
   0.45705072262353    0.65031739837952   -3.29471059834816
   0.44851940460218    0.63817856068433   -3.29470809859086
   0.43998810975447    0.62603975596190   -3.29470567043834
   0.43145683756663    0.61390098348121   -3.29470331390010
   0.42292581891940    0.60176257175232   -3.29427302023215
   0.41439459447909    0.58962386720949   -3.29426938772810
   0.40593201495350    0.57758283450075   -3.29387922181013
   0.39733222237144    0.56534656736072   -3.29376667908106
   0.38880105828366    0.55320794869085   -3.29376468203768
   0.38026991377265    0.54106935787590   -3.29376275664493
   0.37173878832462    0.52893079418485   -3.29376090291189
   0.36320768142581    0.51679225688665   -3.29375912084757
   0.35467659256244    0.50465374525029   -3.29375741046092
   0.34614552122072    0.49251525854473   -3.29375577176083
   0.33761446688689    0.48037679603894   -3.29375420475613
   0.32908342904717    0.46823835700189   -3.29375270945559
   0.32055268570655    0.45610033699467   -3.29330641765074
   0.31202168318570    0.44396194821129   -3.29330367432512
   0.30355812433302    0.43191952206105   -3.29291450721464
   0.29490397905069    0.41960591885111   -3.29323434664599
   0.28642876323748    0.40754690652374   -3.29329588848852
   0.27796494836878    0.39550411609956   -3.29290695117902
   0.26936687764251    0.38327029891249   -3.29281634387392
   0.26083595576048    0.37113202486655   -3.29281542350610
   0.25230504574821    0.35899376770957   -3.29281457489901
   0.24377414709192    0.34685552671051   -3.29281379806075
   0.23524325927785    0.33471730113837   -3.29281309299940
   0.22671270248657    0.32257954656403   -3.29235242049836
   0.21818151412128    0.31044089335074   -3.29281189823932
   0.20965065575123    0.29830270967322   -3.29281140855638
   0.20111980616102    0.28616453848813   -3.29281079319308
   0.19258930064751    0.27402685687466   -3.29234515019526
   0.18412451178176    0.26198268059286   -3.29195706434866
   0.17552797057300    0.24975103968908   -3.29141407068920
   0.16699715723505    0.23761292008573   -3.29141258650934
   0.15846599898232    0.22547430971831   -3.29187511334767
   0.14993519373535    0.21333620162726   -3.29187377737952
   0.14140439367119    0.20119810091063   -3.29187251540871
   0.13287359827611    0.18906000683741   -3.29187132743533
   0.12434280703635    0.17692191867661   -3.29187021345946
   0.11581201943817    0.16478383569725   -3.29186917348119
   0.10728123496781    0.15264575716834   -3.29186820750060
   0.09881588340511    0.14060078024976   -3.29101691619560
   0.09016663758674    0.12829414827189   -3.29133796758297
   0.08168928065567    0.11623208944196   -3.29140181405469
   0.07315850737532    0.10409402683482   -3.29140114374560
   0.06469239275575    0.09204796419612   -3.29101405594539
   0.05609692221751    0.07981784670241   -3.29093608109679
   0.04751325720927    0.06760452677880   -3.29133492291452
   0.03909977724410    0.05563335567801   -3.29101268319987
   0.03050459534556    0.04340364887702   -3.29093495938202
   0.02197381638660    0.03126557819005   -3.29093473343707
   0.01344345089474    0.01912809580723   -3.29047063959760
   0.00491267019018    0.00699002263651   -3.29047056121826
  -0.00361811406554   -0.00514805558700   -3.29047055680992
  -0.01214890238617   -0.01728613959428   -3.29047062637268
  -0.02067969528543   -0.02942423011631   -3.29047076990661
  -0.02914691989476   -0.04147187211068   -3.29008441647350
  -0.03774135125579   -0.05370051100479   -3.29000733985722
  -0.04632396953214   -0.06591234157958   -3.29040684774791
  -0.05473964476156   -0.07788663622545   -3.29008547111448
  -0.06338541456584   -0.09018832233554   -3.29040778732107
  -0.07186457760198   -0.10225295099305   -3.29047318451012
  -0.08033243387896   -0.11430149175957   -3.29008718768295
  -0.08892586556429   -0.12652870825904   -3.28954669733296
  -0.09745718588277   -0.13866754922271   -3.29001145369983
  -0.10598758476480   -0.15080507911492   -3.28954838943332
  -0.11451845945330   -0.16294328601126   -3.28954934641396
  -0.12298685555700   -0.17499259487351   -3.28916367559799
  -0.13163113046013   -0.18729215395442   -3.28948659552112
  -0.14011115003663   -0.19935800134559   -3.28955266107880
  -0.14864207078280   -0.21149627377537   -3.28955391387502
  -0.15717300432773   -0.22363456441593   -3.28955524062537
  -0.16564195369921   -0.23568466049861   -3.28916984458826
  -0.17423498758045   -0.24791131098011   -3.28909418198990
  -0.18276546023603   -0.26004894584147   -3.28863177838327
  -0.19129644763387   -0.27218731310697   -3.28863340054212
  -0.19982745039940   -0.28432570223851   -3.28863509663704
  -0.20835846904638   -0.29646411396704   -3.28863686666812
  -0.21688950408852   -0.30860254902354   -3.28863871063546
  -0.22542055603957   -0.32074100813897   -3.28864062853914
  -0.23389041731811   -0.33279240173414   -3.28825569025801
  -0.24253233010491   -0.34508859986348   -3.28857975597129
  -0.25095280726719   -0.35706972696872   -3.28825984795881
  -0.25954503229574   -0.36929522656925   -3.28818510762632
  -0.26807617783620   -0.38143381884895   -3.28818739532866
  -0.27660679773160   -0.39357166321137   -3.28772579777016
  -0.28513797995348   -0.40571030768345   -3.28772823261826
  -0.29366918319435   -0.41784898206254   -3.28773074138493
  -0.30220040796795   -0.42998768707959   -3.28773332407027
  -0.31073221568790   -0.44212722154540   -3.28819994275594
  -0.31926292416821   -0.45426519195141   -3.28773871119729
  -0.32779421662233   -0.46640399326809   -3.28774151563916
  -0.33626550916267   -0.47845742334283   -3.28735719224378
  -0.34485697530292   -0.49068184315453   -3.28728341556381
  -0.35338776147215   -0.50281992410070   -3.28682247631568
  -0.36191914888605   -0.51495886053148   -3.28682557565503
  -0.37045056194270   -0.52709783344822   -3.28682874889526
  -0.37898200115583   -0.53923684358187   -3.28683199603648
  -0.38751346703918   -0.55137589166339   -3.28683531707877
  -0.39604496010645   -0.56351497842372   -3.28683871202223
  -0.40457648087137   -0.57565410459383   -3.28684218086695
  -0.41310802984767   -0.58779327090466   -3.28684572361302
  -0.42163960754906   -0.59993247808717   -3.28684934026053
  -0.43010738147525   -0.61198090168036   -3.28644026324103
  -0.43876794850088   -0.62430364210679   -3.28626701711089
  -0.44713169472888   -0.63620404925740   -3.28595981703050
  -0.45581654220043   -0.64856133726386   -3.28629743045531
  -0.46429731542389   -0.66062825698619   -3.28640455597412
  -0.47276288085210   -0.67267353820460   -3.28556892995675
  -0.48136110981757   -0.68490758054327   -3.28548488652240
  -0.48989361033317   -0.69704810075760   -3.28582462746767
  -0.49842479291574   -0.70918674574289   -3.28549337375307
  -0.50695736817676   -0.72132737230917   -3.28583633479211
  -0.51620618342433   -0.73448710529322   -3.28849988308864
  -0.52442861505751   -0.74618644211376   -3.29367731857593
  -0.52837089421177   -0.75179573796733   -3.29683378801422
  -0.53343067132233   -0.75899507257954   -3.30088230891873
  -0.54180216963736   -0.77090650983429   -3.30893478231083
  -0.54497653609233   -0.77542317643674   -3.31142244943510
  -0.55073227799270   -0.78361276877981   -3.31648313189770
  -0.55889445067351   -0.79522636578376   -3.32382222535641
  -0.56118565436410   -0.79848641887954   -3.32609727914636
  -0.56756946068793   -0.80756965650455   -3.33247080248655
  -0.57596929067531   -0.81952140565148   -3.33962201532959
  -0.57763910466837   -0.82189731063969   -3.34125634437574
  -0.58446422498287   -0.83160847455838   -3.34794537373843
  -0.59304620557616   -0.84381939780195   -3.35542453977524
  -0.59366242673883   -0.84469619182830   -3.35609051844506
  -0.60153438036621   -0.85589684888828   -3.36374039895497
  -0.60990260995216   -0.86780363521199   -3.37082345378077
  -0.61051831012049   -0.86867968793838   -3.37146752149255
  -0.61860517659562   -0.88018613504990   -3.37953630993107
  -0.62607355699108   -0.89081256548415   -3.38604103710956
  -0.62714047919176   -0.89233064222153   -3.38697029416233
  -0.63566164805391   -0.90445503912386   -3.39531998995442
  -0.64212760832038   -0.91365516998544   -3.40038008248021
  -0.64447004233123   -0.91698811645377   -3.40227266211842
  -0.65274788294989   -0.92876629228604   -3.41113008713849
  -0.65808266268419   -0.93635691605274   -3.41577671141179
  -0.66145830840425   -0.94115997408079   -3.41888817714506
  -0.67006714645602   -0.95340911162237   -3.42642012718801
  -0.67424101163989   -0.95934792106563   -3.43042746646656
  -0.67835566185540   -0.96520247613128   -3.43436290763654
  -0.68678250149571   -0.97719265612703   -3.44241528115149
  -0.69101429854725   -0.98321389428027   -3.44576602833965
  -0.69572753108197   -0.98992014583665   -3.45003522355351
  -0.70399745857223   -1.00168706242609   -3.45763137591559
  -0.70672447458843   -1.00556721373800   -3.46022641702112
  -0.71250104667285   -1.01378644443503   -3.46596131409255
  -0.72087445032332   -1.02570059270790   -3.47303237359255
  -0.72317148497807   -1.02896894242647   -3.47525604114862
  -0.72957433073185   -1.03807927042010   -3.48176152925036
  -0.73815473117289   -1.05028794533444   -3.48924527446221
  -0.73964364710752   -1.05240645842081   -3.49052981886394
  -0.74655086510048   -1.06223443552024   -3.49724589525709
  -0.75522771152153   -1.07458033918337   -3.50411811931024
  -0.75627864792993   -1.07607567043907   -3.50509904360376
  -0.76372158941211   -1.08666590496095   -3.51243543801380
  -0.77199841979255   -1.09844264336963   -3.51972673506803
  -0.77249473454304   -1.09914882782868   -3.52028650151302
  -0.78085399657252   -1.11104285461018   -3.52830505598242
  -0.78730252382614   -1.12021818080347   -3.53467155112629
  -0.78961318652346   -1.12350592126525   -3.53709306905403
  -0.79796017713786   -1.13538248758922   -3.54600981129239
  -0.80123708663257   -1.14004505817895   -3.54951037538445
  -0.80671103942718   -1.14783370518035   -3.55572674441925
  -0.81464155943396   -1.15911769376918   -3.56429716086823
  -0.81524886518010   -1.15998180244094   -3.56502227633822
  -0.82378681102639   -1.17213007057712   -3.57431802337442
  -0.82805582293058   -1.17820426010962   -3.57896597592080
  -0.83229115910322   -1.18423053392283   -3.58386210787727
  -0.84044712941018   -1.19583530584145   -3.59293258415489
  -0.84165839427587   -1.19755876141696   -3.59433202391102
  -0.84944910489180   -1.20864382136437   -3.60231782558103
  -0.85481133297505   -1.21627350018119   -3.60876027513408
  -0.85797290531033   -1.22077196259269   -3.61250585460983
  -0.86651125336877   -1.23292080301887   -3.62180272629757
  -0.86811226741798   -1.23519881558884   -3.62366201345353
  -0.87482492747375   -1.24474996474491   -3.63156053880784
  -0.88173929692443   -1.25458811733943   -3.63906318864473
  -0.88334598268763   -1.25687419994213   -3.64082635013578
  -0.89191482995547   -1.26906643635375   -3.65017725105831
  -0.89514431814126   -1.27366153324590   -3.65382244438115
  -0.90044255299398   -1.28120015890575   -3.66038075278160
  -0.90837834239600   -1.29249164508564   -3.66894213441731
  -0.90894294102281   -1.29329498767310   -3.66961233896380
  -0.91747564446728   -1.30543579662599   -3.67889939733954
  -0.92140683274948   -1.31102931176485   -3.68294709765274
  -0.92641979027929   -1.31816202885204   -3.68839154450690
  -0.93462649703122   -1.32983899142973   -3.69762595719146
  -0.93522489021577   -1.33069041880906   -3.69838757866949
  -0.94298145485623   -1.34172689394773   -3.70731171938189
  -0.94843168491943   -1.34948178691656   -3.71350794070298
  -0.95158462045548   -1.35396796040578   -3.71694987014889
  -0.96026443856902   -1.36631809235963   -3.72649481391134
  -0.96184633343052   -1.36856890107718   -3.72840257205178
  -0.96871771530669   -1.37834588854004   -3.73654776280418
  -0.97516759710776   -1.38752314205941   -3.74291970715084
  -0.97757091444169   -1.39094271673399   -3.74561967789223
  -0.98568196210298   -1.40248357019320   -3.75471605201822
  -0.98849071633397   -1.40648002322078   -3.75804211856361
  -0.99438281622630   -1.41486363336142   -3.76452409015505
  -1.00232053077609   -1.42615785874950   -3.77308601989614
  -1.00294802987354   -1.42705069965389   -3.77387817629509
  -1.01129860119905   -1.43893236081441   -3.78352553045509
  -1.01514907146782   -1.44441102583730   -3.78784709386711
  -1.02000591991199   -1.45132162216326   -3.79335385727262
  -1.02839671031074   -1.46326050927658   -3.80214132619824
  -1.02897586145403   -1.46408455800056   -3.80294575812996
  -1.03708827267122   -1.47562735160356   -3.81195554423907
  -1.04196322146940   -1.48256370212822   -3.81734084285344
  -1.04572572505064   -1.48791720321515   -3.82183255661452
  -1.05417783436757   -1.49994333832386   -3.83057287788527
  -1.05579643750963   -1.50224637764150   -3.83238672030501
  -1.06294353595005   -1.51241567009345   -3.84037486879433
  -1.06870411602564   -1.52061214646353   -3.84716822158518
  -1.07127818620463   -1.52427467786144   -3.85014525646245
  -1.07965873318072   -1.53619899005858   -3.85980284172900
  -1.08230628584614   -1.53996607645889   -3.86265294234632
  -1.08833984324725   -1.54855096027559   -3.86962427479771
  -1.09525733639082   -1.55839355743553   -3.87713023405999
  -1.09686717863945   -1.56068413126268   -3.87889457012797
  -1.10543428446397   -1.57287388985111   -3.88825308074580
  -1.10908999670179   -1.57807544222603   -3.89219430275613
  -1.11415666160226   -1.58528457717198   -3.89793681581026
  -1.12215947207986   -1.59667142469657   -3.90661303808755
  -1.12275106775564   -1.59751318019923   -3.90740329508585
  -1.13090068083655   -1.60910890670012   -3.91743496029741
  -1.13519616983576   -1.61522076932820   -3.92201742696890
  -1.13962757602155   -1.62152602255122   -3.92738451326632
  -1.14764509278312   -1.63293379500133   -3.93690672609950
  -1.14821112121996   -1.63373917200268   -3.93776747165975
  -1.15675479472631   -1.64589558977478   -3.94893033114744
  -1.15847699292693   -1.64834602995108   -3.95146041267345
  -1.16527832148230   -1.65802334162070   -3.96093424984169
  -1.16918799783066   -1.66358624837375   -3.96611023413844
  -1.17404887107104   -1.67050257140546   -3.97270068173873
  -1.18030450313306   -1.67940343550308   -3.98139913042885
  -1.18234100009540   -1.68230107758261   -3.98410128681674
  -1.19077243016343   -1.69429778909636   -3.99565256436865
  -1.19134282708540   -1.69510938182333   -3.99649473040933
  -1.19948508397979   -1.70669464152952   -4.00755385891806
  -1.20214389477402   -1.71047774662683   -4.01129953448539
  -1.20798652161132   -1.71879096373045   -4.01948069273850
  -1.21335065263575   -1.72642335015870   -4.02593444800932
  -1.21672708177986   -1.73122752288641   -4.03045002719328
  -1.22455741970223   -1.74236896678761   -4.04107663776531
  -1.22511779452314   -1.74316629950717   -4.04195008593571
  -1.23365726619046   -1.75531673866709   -4.05401735377653
  -1.23521640807485   -1.75753517317287   -4.05597445023459
  -1.24205283612548   -1.76726242637264   -4.06541537771943
  -1.24591903229222   -1.77276346708501   -4.07068934389568
  -1.25076268103977   -1.77965528214241   -4.07731282340233
  -1.25707472234677   -1.78863640847708   -4.08589528238925
  -1.25916396116352   -1.79160909462471   -4.08901517369084
  -1.26786891130879   -1.80399498584265   -4.09969072727214
  -1.26842212389901   -1.80478212773874   -4.10058266049505
  -1.27640601912089   -1.81614206157678   -4.11174161951904
  -1.27906530967087   -1.81992584929747   -4.11548823400847
  -1.28481757409305   -1.82811049368956   -4.12316895002023
  -1.29016012142289   -1.83571216962680   -4.13061192125351
  -1.29335123001240   -1.84025265787713   -4.13522083278223
  -1.30046304300680   -1.85037174421777   -4.14507106356165
  -1.30196199498621   -1.85250453715146   -4.14683967593623
  -1.31058556239928   -1.86477463245429   -4.15821680676463
  -1.31214497715949   -1.86699345522308   -4.16017441780923
  -1.31913166193677   -1.87693450211954   -4.17030277816075
  -1.32282168271130   -1.88218487060443   -4.17506783356163
  -1.32787120433667   -1.88936961313721   -4.18206897256477
  -1.33357877582661   -1.89749066591905   -4.18987536004477
  -1.33609985890921   -1.90107780430483   -4.19324001153192
  -1.34416399644633   -1.91255191140878   -4.20472036899831
  -1.34473963600927   -1.91337096365931   -4.20554366928617
  -1.35320566606200   -1.92541690597155   -4.21621852650759
  -1.35544790573480   -1.92860729031706   -4.21971379355828
  -1.36205944400739   -1.93801455772939   -4.22858752378836
  -1.36666867124861   -1.94457282472182   -4.23460434690725
  -1.37043893525549   -1.94993736777754   -4.24014523080639
  -1.37731183160836   -1.95971651012277   -4.24960923284877
  -1.37881497902933   -1.96185527256598   -4.25146630733274
  -1.38739127077276   -1.97405810139494   -4.26270827690789
  -1.38852451868662   -1.97567055007643   -4.26442080506670
  -1.39592456290542   -1.98619974796640   -4.27475648792774
  -1.39923711968112   -1.99091303950654   -4.27914455544726
  -1.40479118880832   -1.99881568051866   -4.28621573647400
  -1.41061889429837   -2.00710766669267   -4.29377910343024
  -1.41328134046900   -2.01089594440738   -4.29766634698971
  -1.42133671607213   -2.02235758454029   -4.30877958518317
  -1.42190471179861   -2.02316576071167   -4.30964056679443
  -1.43028681714214   -2.03509229024138   -4.32110766649633
  -1.43239837288319   -2.03809673016036   -4.32395694370922
  -1.43870391124382   -2.04706860373827   -4.33254911150828
  -1.44350464140077   -2.05389935181820   -4.33908586220242
  -1.44737535240149   -2.05940681648956   -4.34432218632304
  -1.45435538949557   -2.06933840468956   -4.35355738902010
  -1.45610468268013   -2.07182739712843   -4.35646271485796
  -1.46437103498557   -2.08358922674441   -4.36705490613508
  -1.46547803793149   -2.08516433261375   -4.36883992710683
  -1.47290177886757   -2.09572724752193   -4.37906479704913
  -1.47617319574872   -2.10038200291309   -4.38357099929434
  -1.48158258094865   -2.10807877951998   -4.39087047825889
  -1.48699203863169   -2.11577565925990   -4.39817009741759
  -1.49026156207723   -2.12042772056470   -4.40278485876355
  -1.49808410747202   -2.13155807682067   -4.41322403042777
  -1.49865998762679   -2.13237747139875   -4.41404778107021
  -1.50726793492276   -2.14462534152304   -4.42547721559831
  -1.50933221317122   -2.14756251237436   -4.42841462835605
  -1.51564271310186   -2.15654144555231   -4.43764635671631
  -1.52000142012456   -2.16274325832930   -4.44301945304465
  -1.52436017281715   -2.16894513608798   -4.44867122797888
  -1.53080816170968   -2.17811969627092   -4.45791237160672
  -1.53293599947885   -2.18114730317258   -4.46097505334248
  -1.54147424438820   -2.19329599683245   -4.47200123506868
  -1.54202786600585   -2.19408372071572   -4.47289398140306
  -1.55002138555076   -2.20545734858027   -4.48406316268326
  -1.55268254127446   -2.20924379017473   -4.48781333991338
  -1.55859582120516   -2.21765753646168   -4.49729158599188
  -1.56180436258833   -2.22222282906842   -4.50287755287274
  -1.56727863620345   -2.23001193255121   -4.51408332200648
  -1.56891615979993   -2.23234189295241   -4.51776107091010
  -1.57570961162798   -2.24200799717268   -4.53191167118448
  -1.57621809467519   -2.24273149536667   -4.53288072262878
  -1.58286912717490   -2.25219495738008   -4.54742182138893
  -1.58445875179896   -2.25445676443727   -4.55121335467869
  -1.58941541854204   -2.26150938783645   -4.56218376551188
  -1.59295371493475   -2.26654387436258   -4.56995508970574
  -1.59657999562187   -2.27170354987673   -4.57756388892054
  -1.60138470612786   -2.27853996142048   -4.58780349571559
  -1.60352467367138   -2.28158482724527   -4.59245819873510
  -1.61005608810671   -2.29087808996882   -4.60636946324991
  -1.61054036155257   -2.29156714138440   -4.60736330140762
  -1.61710921669851   -2.30091367685056   -4.62189660644070
  -1.61869838799404   -2.30317483888650   -4.62568846617999
  -1.62400811143526   -2.31072981115431   -4.63691790903058
  -1.62730936608586   -2.31542702139707   -4.64434844012131
  -1.63085716758945   -2.32047503232798   -4.65204806167370
  -1.63586789455359   -2.32760457564126   -4.66298042135181
  -1.63781673685038   -2.33037749774720   -4.66694624325502
  -1.64429705867900   -2.33959806304476   -4.68085208223979
  -1.64478139478575   -2.34028720361778   -4.68184607664760
  -1.65135385732724   -2.34963887188862   -4.69638294587796
  -1.65294257668360   -2.35189939088016   -4.70017513916021
  -1.65787981536644   -2.35892437094576   -4.71117824573659
  -1.66155306536876   -2.36415087703549   -4.71883722777393
  -1.66510134181751   -2.36919956374500   -4.72653805466673
  -1.66987252408384   -2.37598826942919   -4.73677647407098
  -1.67201306553207   -2.37903395183780   -4.74143263298569
  -1.67857500073904   -2.38837064122675   -4.75514027773535
  -1.67908795545957   -2.38910050196830   -4.75610452074748
  -1.68566764348498   -2.39846245106286   -4.77103531674063
  -1.68705981572755   -2.40044331179903   -4.77392759030255
  -1.69250253511683   -2.40818751815984   -4.78590654210236
  -1.69580140575987   -2.41288133630294   -4.79333777815398
  -1.69935016493850   -2.41793070986760   -4.80103982731441
  -1.70423412192445   -2.42487987774697   -4.81120553409234
  -1.70631135642746   -2.42783548348383   -4.81594259238481
  -1.71279288071200   -2.43705775970311   -4.82985251877918
  -1.71327734527761   -2.43774708305459   -4.83084683234550
  -1.71985709000066   -2.44710911282173   -4.84539094772579
  -1.72140640050576   -2.44931355868974   -4.84809235609315
  -1.72680590054674   -2.45699627013814   -4.86042541380748
  -1.72992623499664   -2.46143605697380   -4.86708195390407
  -1.73360371206334   -2.46666857756777   -4.87555354289586
  -1.73848820780514   -2.47361851201918   -4.88572083326719
  -1.74056573693065   -2.47657453696146   -4.89045864816734
  -1.74692069253101   -2.48561672415924   -4.90359680679280
  -1.74753241297328   -2.48648711430822   -4.90536513895854
  -1.75417281242021   -2.49593544701786   -4.92006319010988
  -1.75557156204136   -2.49792566641711   -4.92296000885745
  -1.76101581211808   -2.50567205072583   -4.93494283625378
  -1.76420413884838   -2.51020858079088   -4.94151073905563
  -1.76798433858676   -2.51558726096253   -4.94985007619314
  -1.77263941242268   -2.52221076106086   -4.96032489809451
  -1.77478084977896   -2.52525771821769   -4.96498331777012
  -1.78121246928380   -2.53440898711789   -4.97892157183229
  -1.78172134535482   -2.53513304452820   -4.97989157371536
  -1.78843262092909   -2.54468222376637   -4.99459534024006
  -1.78983467415383   -2.54667714371806   -4.99749446152653
  -1.79527970748741   -2.55442464248857   -5.00947926611563
  -1.79844673261703   -2.55893086344163   -5.01614311807458
  -1.80212527899015   -2.56416490550474   -5.02461745459868
  -1.80701088305171   -2.57111641693565   -5.03478797771837
  -1.80908901536564   -2.57407330012824   -5.03952733654215
  -1.81536985128100   -2.58301002568176   -5.05259311169077
  -1.81603975378440   -2.58396320053002   -5.05422415696593
  -1.82269734632110   -2.59343599653192   -5.06913984843821
  -1.82410271198826   -2.59543562961245   -5.07204129458668
  -1.82954854053198   -2.60318425985253   -5.08402810257505
  -1.83271435584433   -2.60768875940975   -5.09069223828375
  -1.83639344925821   -2.61292357983312   -5.09916797591699
  -1.84117498509723   -2.61972701716112   -5.10941839586268
  -1.84331704312545   -2.62277485744479   -5.11407837379556
  -1.84975632382241   -2.63193702711875   -5.12706511575634
  -1.85040264015395   -2.63285664223902   -5.12876464202714
  -1.85727772076485   -2.64263889246908   -5.14369460506860
  -1.85855313254578   -2.64445361987281   -5.14642171338618
  -1.86386630527298   -2.65201349997815   -5.15859377067711
  -1.86698699575466   -2.65645379339578   -5.16525393364107
  -1.87102727567692   -2.66220253023770   -5.17395372489305
  -1.87542535583457   -2.66846036531905   -5.18313441762946
  -1.87799178775264   -2.67211202857099   -5.18886796535548
  -1.88398959842874   -2.68064604994276   -5.20179223144933
  -1.88495920660876   -2.68202566283444   -5.20378253113396
  -1.89159130825562   -2.69146218896882   -5.21848214872828
  -1.89252208534259   -2.69278655080375   -5.22042614628624
  -1.89810131929891   -2.70072499774591   -5.23316364796568
  -1.90129044151312   -2.70526265967007   -5.23973559693706
  -1.90544434043504   -2.71117305999616   -5.24830831275968
  -1.90970420781449   -2.71723423818606   -5.25771186499031
  -1.91227102858719   -2.72088645472218   -5.26344639362034
  -1.91831687601314   -2.72948882547542   -5.27621615774189
  -1.91934375816869   -2.73094993099125   -5.27814696594752
  -1.92571223200833   -2.74001135269794   -5.29308429659965
  -1.92693712902761   -2.74175420486606   -5.29575770759783
  -1.93275888428289   -2.75003772471235   -5.30797923225688
  -1.93544336588253   -2.75385735567115   -5.31357349109424
  -1.93935776282498   -2.75942697915020   -5.32267008448371
  -1.94398824565691   -2.76601548978906   -5.33230224929581
  -1.94619575121065   -2.76915645248216   -5.33781556428073
  -1.95260492616807   -2.77827578602164   -5.35081109116231
  -1.95363195577017   -2.77973710133269   -5.35274224871404
  -1.96015646478417   -2.78902053863553   -5.36766037249833
  -1.96122561932223   -2.79054179166772   -5.37035569246582
  -1.96704825543235   -2.79882656484367   -5.38257938410686
  -1.96973288511371   -2.80264640650146   -5.38817452346899
  -1.97401944731238   -2.80874556757713   -5.39750057812276
  -1.97831229707884   -2.81485367495683   -5.40680732356749
  -1.98097669682586   -2.81864473232958   -5.41242418442061
  -1.98676509535440   -2.82688079035452   -5.42468425828329
  -1.98792543814782   -2.82853179115004   -5.42735069475570
  -1.99444695037014   -2.83781096444961   -5.44226914988914
  -1.99551941052133   -2.83933692089354   -5.44496687162521
  -2.00134294010145   -2.84762296534871   -5.45719275704593
  -2.00402772346530   -2.85144302567456   -5.46278878720167
  -2.00831495590908   -2.85754314041255   -5.47211650718103
  -2.01260885242282   -2.86365273716300   -5.48142508826637
  -2.01527366460202   -2.86744438136738   -5.48704296223959
  -2.02119694948190   -2.87587236325708   -5.50004059741468
  -2.02222428037631   -2.87733410726373   -5.50197246674606
  -2.02873757000136   -2.88660158099080   -5.51668736052079
  -2.02980902523256   -2.88812610757821   -5.51855384480970
  -2.03567036206511   -2.89646594631228   -5.53181610017109
  -2.03829955391560   -2.90020690791549   -5.53748737124161
  -2.04247145791044   -2.90614292686900   -5.54696415853194
  -2.04691082133180   -2.91245950209301   -5.55605628979483
  -2.04957605173435   -2.91625174136903   -5.56167518917035
  -2.05536783429041   -2.92449261437810   -5.57394033099057
  -2.05652855763528   -2.92614415664355   -5.57660772713354
  -2.06317739786184   -2.93560449936779   -5.59130367502182
  -2.06416338044417   -2.93700741067730   -5.59328180658716
  -2.06961099591508   -2.94475858345760   -5.60623127657491
  -2.07276519150488   -2.94924654982196   -5.61280831647307
  -2.07692226045047   -2.95516146063549   -5.62138876720231
  -2.08117776957763   -2.96121643765964   -5.63079637962525
  -2.08374662061946   -2.96487154297652   -5.63653599780488
  -2.08981070447723   -2.97349986154761   -5.64932403962373
  -2.09083834521797   -2.97496204642098   -5.65125663814711
  -2.09735915375591   -2.98424021847896   -5.66597811341804
  -2.09847218969591   -2.98582390843060   -5.66793270374482
  -2.10428435781102   -2.99409378715623   -5.68110900708430
  -2.10691367992257   -2.99783493410218   -5.68678191035332
  -2.11108695572939   -3.00377290494672   -5.69626214084464
  -2.11553130172714   -3.01009656965981   -5.70535965034982
  -2.11819738598673   -3.01389002385152   -5.71098063731145
  -2.12399260419959   -3.02213578530574   -5.72325098304205
  -2.12515371853998   -3.02378788390155   -5.72591936180214
  -2.13180030933225   -3.03324502600453   -5.74061855179865
  -2.13278660186509   -3.03464837832901   -5.74259742732586
  -2.13859974168188   -3.04291963964629   -5.75577616198036
  -2.14115354328462   -3.04655333177730   -5.76151927925584
  -2.14553176364614   -3.05278290922703   -5.77072294042357
  -2.14980561789906   -3.05886398872486   -5.78012525091737
  -2.15237532134425   -3.06252030688905   -5.78586699096669
  -2.15839662595352   -3.07108775674640   -5.79784015291634
  -2.15951254832630   -3.07267555367646   -5.80058430810909
  -2.16633127399638   -3.08237761893647   -5.81573216259429
  -2.16693844456539   -3.08324153527063   -5.81747877771042
  -2.17289870648815   -3.09172213017051   -5.83046360145042
  -2.17558434478357   -3.09554340694094   -5.83606423357281
  -2.17987507023769   -3.10164849172991   -5.84540058290628
  -2.18412808023487   -3.10769991285179   -5.85481069917323
  -2.18669821855768   -3.11135684978424   -5.86055351853810
  -2.19264000891621   -3.11981116230670   -5.87261750980791
  -2.19380152472930   -3.12146383214039   -5.87528689406575
  -2.20080967899182   -3.13143542702439   -5.89021403241296
  -2.20143253961032   -3.13232166804082   -5.89196899529013
  -2.20724766218740   -3.14059575054063   -5.90515267664982
  -2.20991268525452   -3.14438769480817   -5.91076127688087
  -2.21420413778363   -3.15049381412023   -5.92009941245013
  -2.21845633661932   -3.15654408107604   -5.92951036904727
  -2.22102691561945   -3.16020164502889   -5.93525427996378
  -2.22697238862983   -3.16866119743492   -5.94732213012418
  -2.22851481813788   -3.17085585263446   -5.95022329266417
  -2.23514123738039   -3.18028429352528   -5.96492087589918
  -2.23576421788446   -3.18117070512162   -5.96667615995446
  -2.24158035157355   -3.18944622628830   -5.97986235664023
  -2.24424687521533   -3.19324030565762   -5.98547268009413
  -2.24853906435429   -3.19934747305947   -5.99481262196463
  -2.25284055327284   -3.20546787270924   -6.00413471883124
  -2.25550841518338   -3.20926385624239   -6.00976002766310
  -2.26131065451372   -3.21751960773629   -6.02204120343176
  -2.26247258231458   -3.21917286376928   -6.02471161600486
  -2.26932058936038   -3.22891659221269   -6.03984872231607
  -2.26993744020373   -3.22979428218402   -6.04160275034034
  -2.27590076787738   -3.23827923920619   -6.05459509809145
  -2.27858699101708   -3.24210134812586   -6.06019860364720
  -2.28287992632181   -3.24820957721420   -6.06954037186204
  -2.28714318425744   -3.25427557967758   -6.07799861668116
  -2.28987006535924   -3.25815553902571   -6.08448113590650
  -2.29565488272508   -3.26638650157153   -6.09677489077759
  -2.29681702047616   -3.26804005633346   -6.09944582604599
  -2.30336076144327   -3.27735085793765   -6.11418849044285
  -2.30444216345875   -3.27888953736753   -6.11623354876912
  -2.30852624272480   -3.28470059437194   -6.12949195922759
  -2.31077708581218   -3.28790322013816   -6.14456749097421
  -2.31107834562121   -3.28833186948834   -6.15935690090861
  -2.31112922779044   -3.28840426749206   -6.17418501520329
  -2.31138548589701   -3.28876888589638   -6.18922564526271
  -2.31116769136027   -3.28845899561615   -6.20402003446842
  -2.31142413748674   -3.28882388154572   -6.21906429132382
  -2.31145642145259   -3.28886981698274   -6.23393292495139
  -2.31147580409560   -3.28889739569414   -6.24885249531436
  -2.31149522936937   -3.28892503506298   -6.26377245163721
  -2.31151469727002   -3.28895273508373   -6.27869279478099
  -2.31153420779364   -3.28898049575084   -6.29361352560672
  -2.31103516873003   -3.28827043498631   -6.30848082946847
  -2.30905560348214   -3.28545379854268   -6.32297286375116
  -2.30383617178276   -3.27802729842848   -6.33641288084123
  -2.30339953674561   -3.27740602961225   -6.33717622739454
  -2.29539386178660   -3.26601510634287   -6.35112779365187
  -2.29486014646617   -3.26525570625559   -6.35205791724055
  -2.28688838189845   -3.25391303259255   -6.36503657016767
  -2.28578567772764   -3.25234404326150   -6.36693782454035
  -2.27844664609478   -3.24190165750022   -6.37926083158724
  -2.27684553073653   -3.23962350078207   -6.38205131747719
  -2.26981244482249   -3.22961643174618   -6.39386553180630
  -2.26817202358901   -3.22728234842457   -6.39670089523500
  -2.26127639875589   -3.21747086672307   -6.40781184148692
  -2.25912792229418   -3.21441389393230   -6.41179925045728
  -2.25273756557313   -3.20532133603480   -6.42269516839917
  -2.25015773147057   -3.20165060340322   -6.42669652797584
  -2.24428709695333   -3.19329753540197   -6.43692917097833
  -2.24159123592441   -3.18946171315306   -6.44138506272928
  -2.23566957241396   -3.18103603823872   -6.45058636649731
  -2.23241019734600   -3.17639841661463   -6.45622939445904
  -2.22720617852465   -3.16899384680761   -6.46483304335674
  -2.22347036775020   -3.16367832574305   -6.47134513508318
  -2.21860024517882   -3.15674884224453   -6.47941486216140
  -2.21479711487513   -3.15133753517865   -6.48599698666873
  -2.21012683786804   -3.14469240315582   -6.49367072549995
  -2.20580098786853   -3.13853734119396   -6.50090438159746
  -2.20158652584866   -3.13254076829588   -6.50762387050592
  -2.19678340980132   -3.12570662543732   -6.51599719222331
  -2.19304765526644   -3.12039118439357   -6.52250985372450
  -2.18776955344994   -3.11288120514666   -6.53090176421108
  -2.18450742114604   -3.10823966037267   -6.53646370723442
  -2.17910266860704   -3.10054947537553   -6.54555378996666
  -2.17596722548548   -3.09608819107458   -6.55041790801747
  -2.17002418008724   -3.08763209281124   -6.56043685807162
  -2.16742706732776   -3.08393677513764   -6.56437245775014
  -2.15988969582808   -3.07321218029146   -6.57503814833757
  -2.15888445032573   -3.07178186061913   -6.57611351995567
  -2.15049306992192   -3.05984213401353   -6.58442768896188
  -2.14509117115877   -3.05215600952871   -6.58968023895728
  -2.14188561751842   -3.04759496804999   -6.59246617845600
  -2.13340122793109   -3.03552290276236   -6.60021460827022
  -2.12857852146511   -3.02866088555758   -6.60491102773013
  -2.12488231447286   -3.02340171497520   -6.60857576589993
  -2.11633377939824   -3.01123837989114   -6.61600339880964
  -2.11253600995566   -3.00583470055908   -6.61963478930716
  -2.10785747523293   -2.99917781899537   -6.62399802457283
  -2.09918553525723   -2.98683889649782   -6.63179179109234
  -2.09649825697301   -2.98301528625938   -6.63448038202898
  -2.09060809774917   -2.97463443741069   -6.64015658639608
  -2.08214329355388   -2.96259023931715   -6.64758105214966
  -2.08045581092408   -2.96018919440177   -6.64932066105942
  -2.07353582236113   -2.95034304661923   -6.65594269160603
  -2.06504843813159   -2.93826672038672   -6.66337095069211
  -2.06393548528748   -2.93668314866859   -6.66435019094224
  -2.05645398318338   -2.92603804793146   -6.67173175617284
  -2.04843517382810   -2.91462843630652   -6.67897681416470
  -2.04786945619812   -2.91382350153860   -6.67979535223894
  -2.03936780289285   -2.90172687246497   -6.68752225862629
  -2.03240928425803   -2.89182590193549   -6.69383947317119
  -2.03077629398442   -2.88950239180031   -6.69559092435753
  -2.02235671283851   -2.87752253959742   -6.70273201632063
  -2.01638360536676   -2.86902366733008   -6.70870277543462
  -2.01368337297632   -2.86518162526286   -6.71138722968162
  -2.00527107974820   -2.85321214271809   -6.71852679904779
  -2.00038470279647   -2.84625953157570   -6.72342875841575
  -1.99660771003384   -2.84088541446898   -6.72699372507908
  -1.98801413465164   -2.82865799350955   -6.73463318911277
  -1.98375434699562   -2.82259692875461   -6.73839416210706
  -1.97949606753729   -2.81653800994792   -6.74215999923167
  -1.97120306474288   -2.80473826052173   -6.74703250921398
  -1.96265165413881   -2.79257083397312   -6.75166486155543
  -1.95999237221974   -2.78878705853296   -6.75323973900938
  -1.95409705811372   -2.78039887502885   -6.75590658453385
  -1.94560779793758   -2.76831987959433   -6.76040414557082
  -1.93705618142214   -2.75615216006346   -6.76467874508336
  -1.93058047832419   -2.74693816655489   -6.76794717577628
  -1.92844236921096   -2.74389594500892   -6.76887218730471
  -1.91987781891851   -2.73170982257485   -6.77330152442069
  -1.91146334393267   -2.71973723570285   -6.77715173722234
  -1.90224839365566   -2.70662568769797   -6.78198437691330
  -1.90047562009138   -2.70410328605813   -6.78270613712793
  -1.89409962260834   -2.69503115928969   -6.78657481675944
  -1.88575858055387   -2.68316305691037   -6.79022499829855
  -1.87713417039844   -2.67089176250645   -6.79387757887925
  -1.87064519109042   -2.66165887886171   -6.79753563570436
  -1.86851615367186   -2.65862956503163   -6.79851086744751
  -1.85999476096716   -2.64650484963356   -6.80314566017788
  -1.85155795764980   -2.63450049275937   -6.80672590335837
  -1.84299232418115   -2.62231282912144   -6.81098447213347
  -1.84021280510149   -2.61835797350660   -6.81263753810105
  -1.83438743547342   -2.61006931092802   -6.81569576921062
  -1.82589212247244   -2.59798170319488   -6.82025372976741
  -1.81745196661090   -2.58597257613282   -6.82502202099199
  -1.81362708960420   -2.58053032663841   -6.82848720878349
  -1.80927005915401   -2.57433089938280   -6.84228164575330
  -1.80886336868385   -2.57375223737571   -6.84420035935019
      
      
