# shadow point cont 3D ind 299  size 1151
# norm -0.7015314 -0.7126385  0.0000000
# angle  2.3483405
   2.40116999689342   -2.36374566726954   -6.84625131880820
   2.40382558267886   -2.36635986343330   -6.84536039128518
   2.41178476683931   -2.37419499676356   -6.84239918436927
   2.42229743589636   -2.38454381670016   -6.83837560677860
   2.43289777009669   -2.39497893544230   -6.83467578510150
   2.44348776045859   -2.40540387156375   -6.83084143290306
   2.44484508953166   -2.40674004547884   -6.83005260291213
   2.45409497768468   -2.41584576605369   -6.82541032035709
   2.46469562966039   -2.42628119761840   -6.82171091144228
   2.47528645796668   -2.43670695862415   -6.81787727333616
   2.48061825239895   -2.44195565238776   -6.81523480940616
   2.48589344917473   -2.44714863061873   -6.81244629184977
   2.49649442521144   -2.45758438119367   -6.80874729328026
   2.50708977813798   -2.46801459629952   -6.80494709330311
   2.51705119504379   -2.47782075583068   -6.80052440466591
   2.51777071504834   -2.47852906148811   -6.79992315651552
   2.52838118478200   -2.48897415779245   -6.79517632484812
   2.53889366362373   -2.49932279047842   -6.79115338039503
   2.54949519538714   -2.50975908811856   -6.78745505707225
   2.55350874780047   -2.51371008581538   -6.78582150699444
   2.56017078734281   -2.52026829165825   -6.78233037251094
   2.57078414855942   -2.53071623437926   -6.77851743478569
   2.58129658460430   -2.54106482493540   -6.77449474843746
   2.59000068020778   -2.54963325961384   -6.77107764216477
   2.59200537370668   -2.55160670821530   -6.77012269360956
   2.60249675963754   -2.56193457674181   -6.76523318010786
   2.61309897930940   -2.57237155156876   -6.76153566471519
   2.62369382235429   -2.58280126473990   -6.75770519619725
   2.62703882610481   -2.58609413368817   -6.75599021125680
   2.63428382217910   -2.59322621017678   -6.75207881045486
   2.64485388215387   -2.60363152654358   -6.74638694697237
   2.65285154505694   -2.61150453889167   -6.74084098247059
   2.65543606503017   -2.61404877686591   -6.73891530684235
   2.66603165960889   -2.62447922985757   -6.73148686837019
   2.67338171543698   -2.63171472865204   -6.72610034097466
   2.67673998832229   -2.63502065992406   -6.72340594085218
   2.68733955040961   -2.64545501858725   -6.71506978942101
   2.69258934534957   -2.65062299089218   -6.71120992973024
   2.69794617369504   -2.65589632839361   -6.70677770753517
   2.70850148058111   -2.66628712161146   -6.69917080787126
   2.71236295179737   -2.67008840842936   -6.69613355936271
   2.71900322928112   -2.67662519139432   -6.69061578095758
   2.72959934651002   -2.68705615889021   -6.68318838597975
   2.73165850419636   -2.68908322280722   -6.68148885493391
   2.74019361746453   -2.69748530888751   -6.67482832917711
   2.75078991696598   -2.70791645581506   -6.66740127466954
   2.75210294942441   -2.70920902351690   -6.66643371737169
   2.76151537216358   -2.71847474543455   -6.65848253801913
   2.77072389916966   -2.72753974951202   -6.65178819255776
   2.77203927531105   -2.72883462436848   -6.65083562245928
   2.78256232486975   -2.73919366301756   -6.64321511891961
   2.79109953472534   -2.74759781300812   -6.63658892166817
   2.79317019212846   -2.74963619740879   -6.63489635672822
   2.80388877229820   -2.76018771915372   -6.62685322048752
   2.81046793658416   -2.76666434142341   -6.62203867807354
   2.81449283224870   -2.77062650557697   -6.61855236087523
   2.82508978922428   -2.78105829973135   -6.61112650225460
   2.83038830597134   -2.78627423447150   -6.60741362874654
   2.83566950485573   -2.79147312126299   -6.60267541507206
   2.84616704492470   -2.80180704801000   -6.59504012276258
   2.84957348125751   -2.80516039206016   -6.59255675019893
   2.85684225081500   -2.81231587150149   -6.58680644140322
   2.86711725339486   -2.82243072920033   -6.57868164153231
   2.86850519274064   -2.82379703630032   -6.57699038868001
   2.87776278569740   -2.83291034159282   -6.56677046782782
   2.88169869050831   -2.83678490189285   -6.56207296928657
   2.88844193655250   -2.84342304856339   -6.55297588828187
   2.89290784154016   -2.84781934852495   -6.54716263796868
   2.89891738113496   -2.85373522420133   -6.53884515215060
   2.90368137636789   -2.85842496841156   -6.53254392670096
   2.90972340920191   -2.86437283089169   -6.52427953302375
   2.91424270056027   -2.86882168515077   -6.51762503325627
   2.92019635158662   -2.87468254333082   -6.50925224092554
   2.92537105951655   -2.87977659892229   -6.50254565376023
   2.93072902273193   -2.88505105360569   -6.49523330107323
   2.93590821805036   -2.89014952664580   -6.48762459308609
   2.94124912695528   -2.89540719282503   -6.48023236714966
   2.94665909509676   -2.90073284189238   -6.47297375167697
   2.95195132562823   -2.90594258839310   -6.46553182088433
   2.95724356710004   -2.91115234566365   -6.45808997438278
   2.96257857865729   -2.91640420641054   -6.45071554001250
   2.96849149114600   -2.92222496099860   -6.44320883895253
   2.97312225277518   -2.92678354816706   -6.43669746637616
   2.97907610073201   -2.93264460020825   -6.42832579328560
   2.98370689183341   -2.93720321638958   -6.42181457911604
   2.98966077805256   -2.94306430609674   -6.41344310915424
   2.99429159917356   -2.94762295182979   -6.40693205256463
   3.00024552435863   -2.95348407989556   -6.39856078466868
   3.00487637604635   -2.95804275571891   -6.39204988483250
   3.01132730541543   -2.96439314172479   -6.38344778206056
   3.01549881276895   -2.96849963249623   -6.37722984005086
   3.02158821524527   -2.97449412632143   -6.36898089915650
   3.02588156073210   -2.97872055627255   -6.36298566126509
   3.03249717294086   -2.98523305839236   -6.35368491378241
   3.03642260065972   -2.98909730489495   -6.34806439431732
   3.04224318509794   -2.99482717044576   -6.33874510870788
   3.04650747225198   -2.99902499496355   -6.32836279084629
   3.04810033693705   -3.00059303346260   -6.32379989890337
   3.04956186016083   -3.00203177757163   -6.30915412859257
   3.04953603112063   -3.00200635109956   -6.29423156656429
   3.04951025840139   -3.00198098007064   -6.27930939204541
   3.04948454200806   -3.00195566448974   -6.26438760417747
   3.04945888194557   -3.00193040436172   -6.24946620210203
   3.04941703521461   -3.00188920984857   -6.23461926652155
   3.04916330750247   -3.00163943670423   -6.21962511076913
   3.04871893282042   -3.00120198798935   -6.20470209174411
   3.04869350378396   -3.00117695528661   -6.18978222959919
   3.04866813109044   -3.00115197804866   -6.17486274895811
   3.04862626118409   -3.00111076072134   -6.16001419841984
   3.04836337036605   -3.00085196728609   -6.14538772935274
   3.04571540530204   -2.99824527306817   -6.13172913178818
   3.04510428442735   -2.99764367704557   -6.13075647610164
   3.03913257094629   -2.99176503792993   -6.11587666799624
   3.03523507502124   -2.98792828787977   -6.10871009022008
   3.03056205770554   -2.98332810361653   -6.10125311142309
   3.02457016344515   -2.97742959825662   -6.09092827260279
   3.02188586346096   -2.97478713542996   -6.08628319510763
   3.01388394361050   -2.96690993248272   -6.07309332992825
   3.01260085505378   -2.96564684198075   -6.07117454789978
   3.00452639206787   -2.95769822654613   -6.05646556552307
   3.00318104602002   -2.95637384889036   -6.05454590193863
   2.99524001970649   -2.94855659040114   -6.04141645353969
   2.99261940112859   -2.94597681645049   -6.03673721315093
   2.98602749108537   -2.93948764707728   -6.02638771289915
   2.98195622045810   -2.93547983075527   -6.01895366996807
   2.97688923897666   -2.93049182260158   -6.01119400738132
   2.97142439363456   -2.92511215164267   -6.00206901510629
   2.96807112312219   -2.92181114477724   -5.99649606893291
   2.96064694299091   -2.91450267697154   -5.98341841012619
   2.95936624977141   -2.91324194447337   -5.98149787037986
   2.95069436645873   -2.90470522002907   -5.96670992709787
   2.95008595114056   -2.90410628739452   -5.96584790690160
   2.94200511866065   -2.89615140174002   -5.95175008242438
   2.93949268415397   -2.89367812571743   -5.94787822287037
   2.93281196726625   -2.88710153363190   -5.93670374314959
   2.92901217515945   -2.88336096460071   -5.93086369164511
   2.92353047775960   -2.87796470423809   -5.92177531598582
   2.91821413773225   -2.87273122400901   -5.91238787462328
   2.91486158506532   -2.86943092380078   -5.90681627039641
   2.90743962617406   -2.86212464261512   -5.89473677410011
   2.90552246678487   -2.86023736382789   -5.89184756797052
   2.89708059429658   -2.85192706528858   -5.87761029222006
   2.89648018870791   -2.85133601754491   -5.87673354769540
   2.88815136269942   -2.84313700355737   -5.86213615444198
   2.88608449104966   -2.84110234590578   -5.85839680024930
   2.87892379282865   -2.83405325341486   -5.84701781982053
   2.87567044481236   -2.83085061166622   -5.84143289900893
   2.87020903887932   -2.82547432651018   -5.83227431850218
   2.86502188963569   -2.82036802351373   -5.82367041585455
   2.86100925159225   -2.81641792593556   -5.81716192992947
   2.85422615263682   -2.80974054749617   -5.80510264723335
   2.85232792762065   -2.80787190797325   -5.80219335734264
   2.84424261700626   -2.79991261397990   -5.78759637148754
   2.84357784430749   -2.79925820234370   -5.78666253846403
   2.83501630246605   -2.79083009960252   -5.77229218684931
   2.83310225059336   -2.78894587989845   -5.76950160404844
   2.82576222942923   -2.78172025936894   -5.75739591205615
   2.82247896580600   -2.77848816827421   -5.75178945725862
   2.81648041863147   -2.77258311369162   -5.74247246856506
   2.81169160225426   -2.76786893519629   -5.73422011382409
   2.80716532924528   -2.76341320810171   -5.72752689742371
   2.80103588071544   -2.75737929237567   -5.71644569008796
   2.79849722052280   -2.75488019941732   -5.71257114241577
   2.79036581935299   -2.74687553323008   -5.69856176944696
   2.78977788829313   -2.74629676558880   -5.69755653330965
   2.78120395013531   -2.73785645973866   -5.68269133443471
   2.77992492014944   -2.73659736455117   -5.68081253618469
   2.77192404856946   -2.72872119353620   -5.66777370211070
   2.76912484590351   -2.72596561888634   -5.66325509397743
   2.76311223470077   -2.72004671947570   -5.65302352535139
   2.75848023432031   -2.71548691286298   -5.64548272479274
   2.75394972622057   -2.71102701668523   -5.63787908713359
   2.74785648847412   -2.70502874736591   -5.62779683584852
   2.74467138792361   -2.70189328938675   -5.62296466656045
   2.73741849739109   -2.69475344148193   -5.60993715623356
   2.73608985524369   -2.69344550738175   -5.60806984856284
   2.72755726045142   -2.68504590052472   -5.59283513952171
   2.72675437568593   -2.68425552941889   -5.59120664202672
   2.71875510903500   -2.67638093831875   -5.57817081221204
   2.71595450721427   -2.67362398632115   -5.57365647498592
   2.70944444285673   -2.66721538699720   -5.56323099377883
   2.70562230607924   -2.66345282155652   -5.55642473836664
   2.70082256765673   -2.65872789124550   -5.54831391360816
   2.69485784912903   -2.65285613806077   -5.53893830343907
   2.69150818168862   -2.64955867811029   -5.53337210845605
   2.68437218929086   -2.64253390638080   -5.52098443362172
   2.68292441577861   -2.64110869768204   -5.51847989598918
   2.67407101655014   -2.63239328640588   -5.50371563549001
   2.67345555521756   -2.63178741757521   -5.50284937145518
   2.66491323875785   -2.62337824057141   -5.48856811893858
   2.66310659941751   -2.62159975928164   -5.48551710758849
   2.65581902889460   -2.61442577190435   -5.47342143493075
   2.65249470669437   -2.61115326216636   -5.46781972092900
   2.64700875380658   -2.60575281264127   -5.45873925776305
   2.64170887380702   -2.60053553589609   -5.45030565067860
   2.63769960245917   -2.59658875254063   -5.44380343788942
   2.63090594457288   -2.58990097974054   -5.43178757295057
   2.62903505943469   -2.58805925397973   -5.42885220321802
   2.62086270570869   -2.58001427351761   -5.41436170469770
   2.62019848293706   -2.57936040323747   -5.41342877120639
   2.61156774768410   -2.57086418552447   -5.39923314820298
   2.60981852336241   -2.56914222439017   -5.39618884351132
   2.60248463456551   -2.56192264064961   -5.38409466067746
   2.59918577052769   -2.55867519228636   -5.37844376893741
   2.59338012348478   -2.55296003131852   -5.36894442959531
   2.58873105731555   -2.54838342490224   -5.36148175795786
   2.58407339953052   -2.54379836077798   -5.35400372733132
   2.57809276761677   -2.53791094223122   -5.34373879756281
   2.57543580271824   -2.53529538844905   -5.33907557600594
   2.56748818954938   -2.52747164576639   -5.32512684794782
   2.56681182879445   -2.52680582668400   -5.32417386579971
   2.55798954630434   -2.51812104716468   -5.30948185964709
   2.55668186763493   -2.51683374980840   -5.30664676300980
   2.54934938119547   -2.50961554656831   -5.29455523521341
   2.54622802474986   -2.50654283918655   -5.28967463437594
   2.54006922055207   -2.50048002532625   -5.27964738094681
   2.53543522314134   -2.49591825280871   -5.27215532418318
   2.53076651748121   -2.49132231300014   -5.26472001386219
   2.52482279872638   -2.48547123228850   -5.25448869342942
   2.52200040686758   -2.48269282986960   -5.25005832809567
   2.51401993344840   -2.47483673909228   -5.23580383109755
   2.51343260805199   -2.47425856767467   -5.23479974908705
   2.50484365119741   -2.46580347720725   -5.21993931872688
   2.50355749904115   -2.46453737085462   -5.21806010013238
   2.49556466932652   -2.45666911636551   -5.20503635543186
   2.49293126312526   -2.45407675409776   -5.20032663349445
   2.48645799672921   -2.44770437920696   -5.18988520474309
   2.48247755435707   -2.44378597550247   -5.18336622196389
   2.47715832040930   -2.43854964645724   -5.17495153773566
   2.47184922281194   -2.43332329577858   -5.16563777854639
   2.46853068004574   -2.43005647539709   -5.16004724502389
   2.46107485920680   -2.42271686003176   -5.14726275517919
   2.45974746721164   -2.42141015659910   -5.14539767744611
   2.45128111378926   -2.41307575868241   -5.13025017493396
   2.45061147834901   -2.41241656009481   -5.12930378352831
   2.44180441268042   -2.40374676022957   -5.11555102439110
   2.43981917665310   -2.40179246583802   -5.11176448705874
   2.43315089779097   -2.39522811792059   -5.10061349956381
   2.42920011820542   -2.39133891468227   -5.09407981991875
   2.42387175772798   -2.38609360135231   -5.08571277522473
   2.41874194828532   -2.38104374446600   -5.07708213714860
   2.41475790504703   -2.37712179601799   -5.07055124816334
   2.40813045475257   -2.37059764031938   -5.05940319910742
   2.40597277766075   -2.36847359250779   -5.05590727162257
   2.39783905410784   -2.36046664013380   -5.04122818425060
   2.39713484141429   -2.35977340320957   -5.04020141761485
   2.38866889487829   -2.35143940583759   -5.02603596585781
   2.38671610678682   -2.34951705365249   -5.02318241717859
   2.37958584368667   -2.34249792192451   -5.01093796920948
   2.37609647981391   -2.33906294283247   -5.00549180056252
   2.37028828721398   -2.33334527598235   -4.99599893254239
   2.36547745291502   -2.32860942273379   -4.98781334952880
   2.36147203579621   -2.32466643353584   -4.98131839842918
   2.35502738978995   -2.31832223296108   -4.96993225003387
   2.35287010494170   -2.31619857127961   -4.96643706215737
   2.34440817931937   -2.30786853215184   -4.95222640009649
   2.34374067319462   -2.30721142969249   -4.95126791503806
   2.33492520927353   -2.29853336246885   -4.93658889092248
   2.33345685403818   -2.29708789283111   -4.93396028359949
   2.32610679224418   -2.28985238816371   -4.92190787396491
   2.32284915081310   -2.28664551991690   -4.91616398383595
   2.31719542704134   -2.28107991436347   -4.90654146254753
   2.31239136127128   -2.27635072415039   -4.89829368988347
   2.30901952917746   -2.27303144500196   -4.89182848040929
   2.30159895601301   -2.26572652794535   -4.87815178146778
   2.30093559643750   -2.26507350740766   -4.87721984971094
   2.29131650669905   -2.25560433957624   -4.86277739406341
   2.29065252718519   -2.25495070876249   -4.86181953964635
   2.28183861739375   -2.24627417144602   -4.84714350063930
   2.28053943337579   -2.24499523634463   -4.84521390937471
   2.27273736355969   -2.23731476859457   -4.83203278253400
   2.26992167612356   -2.23454296610406   -4.82753001455702
   2.26391759465645   -2.22863246348567   -4.81732093387112
   2.25930339988991   -2.22409018497084   -4.80985686747162
   2.25462484124526   -2.21948454574511   -4.80240586911417
   2.24869141577269   -2.21364359788594   -4.79213074851223
   2.24553771771724   -2.21053905296655   -4.78728490122194
   2.23806978414637   -2.20318751365678   -4.77450860521708
   2.23670586567492   -2.20184485304484   -4.77258243443210
   2.22828341590378   -2.19355367450268   -4.75751038034597
   2.22745892984286   -2.19274203877645   -4.75582002549573
   2.21945757085500   -2.18486538795027   -4.74277752527102
   2.21701151993059   -2.18245746086390   -4.73884703932355
   2.20990539782606   -2.17546209387306   -4.72744507052735
   2.20639504698057   -2.17200645490857   -4.72116236262323
   2.20108884098381   -2.16678295076239   -4.71277947312152
   2.19561982853257   -2.16139917764237   -4.70365619422435
   2.19226522118630   -2.15809685477877   -4.69807698674620
   2.18516324396048   -2.15110556806509   -4.68579351266330
   2.18363998411337   -2.14960604955186   -4.68317097008638
   2.17521184968718   -2.14130927495496   -4.66810019697440
   2.17455194975986   -2.14065966014383   -4.66715559438337
   2.16572528045663   -2.13197056218370   -4.65334429987036
   2.16378221138915   -2.13005777754313   -4.64963736987356
   2.15665202589724   -2.12303872221379   -4.63826548057065
   2.15333894884950   -2.11977728236278   -4.63267137708414
   2.14802482396077   -2.11454598274746   -4.62337837736347
   2.14255764025124   -2.10916400986662   -4.61425707299637
   2.13874540997661   -2.10541119652730   -4.60846772344772
   2.13193338556648   -2.09870534346167   -4.59662914770978
   2.12992520325993   -2.09672846042868   -4.59378953169482
   2.12181816780654   -2.08874778019690   -4.57917103160440
   2.12114161265120   -2.08808176974401   -4.57815007434117
   2.11220317839522   -2.07928264878544   -4.56380820767746
   2.11071676667871   -2.07781940409255   -4.56121642525262
   2.10223880088577   -2.06947357479422   -4.54899140160617
   2.10009364901513   -2.06736185698731   -4.54643669843613
   2.08999535214973   -2.05742095089017   -4.53447154472869
   2.08934747056335   -2.05678316710365   -4.53359929123985
   2.07904283404505   -2.04663913733715   -4.52195593300282
   2.07639198137330   -2.04402960051738   -4.51916129928425
   2.06827953709402   -2.03604359576097   -4.51012896839431
   2.06300402427902   -2.03085030641653   -4.50446000947281
   2.05767714360944   -2.02560644983033   -4.49799139102110
   2.05042458636389   -2.01846693001792   -4.48958012342577
   2.04707119942403   -2.01516580853963   -4.48592887237390
   2.03665069303876   -2.00490771483914   -4.47532640103631
   2.03596468989344   -2.00423240365143   -4.47445837101233
   2.02586939034702   -1.99429444815744   -4.46352941816434
   2.02258674158576   -1.99106296234151   -4.45976526622228
   2.01526485387430   -1.98385519263900   -4.45144053501207
   2.00933009137676   -1.97801292859356   -4.44485814523847
   2.00466149559409   -1.97341709694991   -4.43934220917808
   1.99661737170148   -1.96549834774733   -4.43019427801871
   1.99389832836681   -1.96282168307563   -4.42750133782434
   1.98347665273395   -1.95256243835129   -4.41595747113701
   1.98282947452309   -1.95192534697757   -4.41506865459692
   1.97302288155066   -1.94227159831368   -4.40458669067315
   1.96957599500924   -1.93887843450671   -4.40016709271527
   1.96241002240842   -1.93182414984179   -4.39251125746970
   1.95566257510774   -1.92518186739500   -4.38526793761925
   1.95165924017823   -1.92124092793362   -4.38063926407472
   1.94311010639033   -1.91282503985564   -4.37043270724696
   1.94105024090168   -1.91079727916803   -4.36859341144529
   1.93047541018179   -1.90038726641234   -4.35729587519061
   1.92916985789923   -1.89910206230130   -4.35549612766670
   1.91986109550527   -1.88993838509193   -4.34617928197172
   1.91524369100129   -1.88539294686622   -4.34056091816635
   1.90940862182889   -1.87964882233846   -4.33384690054663
   1.90200149972508   -1.87235714669597   -4.32569100093957
   1.89866010294310   -1.86906782849849   -4.32197827400853
   1.88940249545556   -1.85995450890168   -4.31074705721227
   1.88820801638283   -1.85877864682758   -4.30964266423735
   1.87760912635343   -1.84834494974771   -4.29847072467296
   1.87550184657064   -1.84627051375912   -4.29590138997520
   1.86685292792971   -1.83775639606211   -4.28665033701476
   1.86212621267008   -1.83310335078426   -4.28122617034177
   1.85625276864697   -1.82732144951132   -4.27455433567750
   1.84887960578170   -1.82006320382301   -4.26633397473921
   1.84565180255469   -1.81688570872582   -4.26246500009382
   1.83558401516466   -1.80697483658726   -4.25140290682893
   1.83492466150734   -1.80632575953203   -4.25053081500747
   1.82461409509904   -1.79617589229803   -4.23889795376263
   1.82196470273181   -1.79356779302266   -4.23610545855680
   1.81402118943038   -1.78574808630742   -4.22771986392505
   1.80807361966320   -1.77989321460481   -4.22118340936286
   1.80342159864303   -1.77531369939152   -4.21562330693782
   1.79535388149268   -1.76737172465272   -4.20656438371043
   1.79266923235281   -1.76472891811228   -4.20379168313055
   1.78259860959940   -1.75481525480194   -4.19183702330908
   1.78194488171575   -1.75417171583779   -4.19103053839657
   1.77147850738472   -1.74386846908350   -4.18051361834031
   1.76819436905698   -1.74063551691729   -4.17675267323691
   1.76103900044051   -1.73359167096436   -4.16908076614630
   1.75494829510308   -1.72759589458426   -4.16185604034867
   1.75027756015563   -1.72299795711658   -4.15634479717787
   1.74171391075099   -1.71456777966041   -4.14704773730787
   1.73952294576034   -1.71241096277095   -4.14451223709924
   1.72907013807630   -1.70212107121561   -4.13315430139237
   1.72779586323664   -1.70086665706124   -4.13209182302530
   1.71850207007091   -1.69171771577162   -4.12187529795521
   1.71455083219298   -1.68782806138379   -4.11720209271799
   1.70789946411394   -1.68128036068015   -4.10979995731167
   1.70130646046682   -1.67479011474782   -4.10230986243181
   1.69730067536964   -1.67084676330675   -4.09771445975053
   1.68806918500496   -1.66175915377466   -4.08738379116462
   1.68685677014892   -1.66056563546209   -4.08628092411635
   1.67615090083578   -1.65002662646396   -4.07435792295644
   1.67427930769300   -1.64818420373343   -4.07231898224280
   1.66566694916987   -1.63970607633289   -4.06302099149078
   1.66091623249474   -1.63502940372254   -4.05763444737343
   1.65508756069074   -1.62929157685461   -4.05090668507482
   1.64779950153214   -1.62211710845745   -4.04253917014664
   1.64448876836156   -1.61885797595221   -4.03881797839070
   1.63509964435609   -1.60961518963717   -4.02784226551820
   1.63386788030104   -1.60840262369973   -4.02676137408518
   1.62318343649265   -1.59788470627117   -4.01574753883918
   1.62064069757694   -1.59538159816022   -4.01278501052129
   1.61256163890179   -1.58742845866418   -4.00371078246640
   1.60739833003002   -1.58234562446660   -3.99790156653783
   1.60210663834363   -1.57713640841258   -3.99231389542110
   1.59405335558783   -1.56920864309570   -3.98319018423587
   1.59149242032639   -1.56668762224494   -3.98024988929110
   1.58089523004662   -1.55625559842261   -3.97002457603511
   1.57946713256153   -1.55484975908296   -3.96839309519819
   1.57016143748514   -1.54568910138434   -3.96007232291918
   1.56358916775652   -1.53921926621430   -3.95346043722777
   1.55970115182568   -1.53539184840436   -3.94957608247251
   1.54904303467487   -1.52489984730944   -3.93946761929400
   1.54835497593677   -1.52422251256717   -3.93861708407166
   1.53838230787970   -1.51440527724375   -3.92939239406248
   1.53246972463865   -1.50858484677175   -3.92372677036861
   1.52778892615788   -1.50397700261968   -3.91916880820132
   1.51739880645748   -1.49374882200106   -3.90945251397518
   1.51668566263307   -1.49304679314544   -3.90862971945227
   1.50675715762734   -1.48327303255368   -3.89932811719002
   1.50136300211135   -1.47796294965826   -3.89394905557659
   1.49618559487316   -1.47286623682960   -3.88907198588172
   1.48627095727873   -1.46310612751343   -3.87876026791310
   1.48554683319674   -1.46239328953711   -3.87798467805106
   1.47501140510118   -1.45202206528147   -3.86953375693326
   1.46967964430902   -1.44677340463367   -3.86400270044213
   1.46423533562787   -1.44141395025392   -3.85875656608894
   1.45426483530674   -1.43159884888040   -3.84953288070147
   1.45355177495182   -1.43089690219331   -3.84871020997576
   1.44308419007020   -1.42059246375592   -3.83914008163088
   1.43849101948254   -1.41607088173979   -3.83441624567352
   1.43262835264852   -1.41029958968406   -3.82864488518128
   1.42329896585867   -1.40111560952799   -3.81948677802858
   1.42200801424623   -1.39984477852290   -3.81846422822224
   1.41131834156759   -1.38932171372059   -3.80938104236082
   1.40726747989205   -1.38533398825898   -3.80488075984256
   1.40086209843199   -1.37902844025821   -3.79888684594523
   1.39153657784751   -1.36984826604933   -3.78972938288918
   1.39028012364197   -1.36861139477895   -3.78864991172353
   1.37968494830097   -1.35818135449083   -3.77843019215558
   1.37569304816334   -1.35425167160011   -3.77474103539840
   1.36911315584440   -1.34777433264446   -3.76911228309946
   1.36037522160139   -1.33917258673122   -3.76010483479024
   1.35836090565428   -1.33718966565580   -3.75828087652718
   1.34792136960735   -1.32691283888753   -3.74867601529464
   1.34396231986800   -1.32301549439297   -3.74494340202491
   1.33732553994932   -1.31648215448047   -3.73845923088592
   1.32861059101900   -1.30790303563376   -3.73035301268483
   1.32659863099789   -1.30592243376518   -3.72852817592205
   1.31620593882667   -1.29569172076994   -3.71887639620126
   1.31283986872622   -1.29237811380918   -3.71521929063987
   1.30558114150871   -1.28523252018921   -3.70868713901782
   1.29752933885179   -1.27730621190257   -3.70054550641911
   1.29483714035432   -1.27465597366785   -3.69784896958223
   1.28442821874043   -1.26440928417997   -3.68821366131050
   1.28175123271319   -1.26177402131586   -3.68545709422996
   1.27379292323423   -1.25393974903442   -3.67804360388400
   1.26576978710092   -1.24604166047861   -3.67079720425161
   1.26309670264824   -1.24341023837962   -3.66805923801212
   1.25279198095603   -1.23326612476671   -3.65817734919567
   1.25063463972872   -1.23114240758490   -3.65573414419249
   1.24205296939611   -1.22269449007264   -3.64827345261972
   1.23468714793068   -1.21544347136205   -3.64102787548223
   1.23147481641708   -1.21228120683812   -3.63804003998790
   1.22088102404645   -1.20185252796556   -3.62782447076967
   1.21887671401480   -1.19987945685468   -3.62598933057865
   1.21029603806549   -1.19143251822740   -3.61852901517951
   1.20347344961667   -1.18471626577284   -3.61150684313337
   1.19956337160065   -1.18086712973456   -3.60768244751955
   1.18912508299170   -1.17059153096187   -3.59808151233027
   1.18770436815184   -1.16919295920248   -3.59642929152850
   1.17855314839423   -1.16018436919000   -3.58784414465739
   1.17192407592519   -1.15365861659982   -3.58135257356816
   1.16796317157090   -1.14975944639610   -3.57762609193336
   1.15730467880825   -1.13926707554358   -3.56750322054055
   1.15603739037972   -1.13801953891103   -3.56649334993781
   1.14677346730197   -1.12890000215800   -3.55813202024358
   1.13948206408120   -1.12172224181879   -3.55164472197264
   1.13613549092475   -1.11842782792515   -3.54891584159671
   1.12560235266790   -1.10805885781908   -3.54140727398222
   1.12026048752274   -1.10280025030343   -3.53683288818242
   1.11496913580881   -1.09759136892311   -3.53311483259155
   1.10430122401030   -1.08708972583863   -3.52497915278412
   1.10103106652209   -1.08387053660835   -3.52210716661092
   1.09380259264837   -1.07675472480741   -3.51638608211773
   1.08313613814241   -1.06625451630231   -3.50825039232522
   1.08183769409915   -1.06497630964245   -3.50726137036295
   1.07267856724738   -1.05595993577478   -3.50052641718578
   1.06276009329635   -1.04619604989498   -3.49204929428451
   1.06202991582107   -1.04547725287279   -3.49133934297909
   1.05150225656380   -1.03511367637131   -3.48474319522160
   1.04280757618181   -1.02655451016991   -3.47753973608643
   1.04089008120729   -1.02466690102775   -3.47642444109488
   1.03036707858939   -1.01430790858784   -3.46891047548193
   1.02307539608368   -1.00712987331660   -3.46242504065244
   1.01970065668705   -1.00380773217820   -3.45974377257215
   1.00906460415540   -0.99333745180611   -3.45249116928441
   1.00322248690037   -0.98758638904624   -3.44757295953729
   0.99856203232113   -0.98299857171825   -3.44390138282598
   0.98801202293288   -0.97261299343208   -3.43642217269636
   0.98337548087794   -0.96804871593084   -3.43271500705996
   0.97739913427089   -0.96216551590053   -3.42810513905429
   0.96686292059543   -0.95179351830893   -3.42061004224054
   0.96353136773267   -0.94851389060460   -3.41785451124007
   0.95626457506761   -0.94136035724411   -3.41226938897749
   0.94565539573059   -0.93091653122446   -3.40394792722893
   0.94433282033375   -0.92961456931923   -3.40301877480009
   0.93498965937621   -0.92041702967790   -3.39583067222811
   0.92519632862184   -0.91077633652885   -3.38798144227185
   0.92446629485409   -0.91005768097438   -3.38727168669807
   0.91394634148353   -0.89970169025664   -3.38067478875173
   0.90524983003926   -0.89114072153167   -3.37347460893161
   0.90319950868946   -0.88912235622918   -3.37180232771613
   0.89266677452757   -0.87875378391990   -3.36424769648837
   0.88609851432739   -0.87228789578630   -3.35856757772609
   0.88217127999169   -0.86842187082456   -3.35563830928334
   0.87161768650653   -0.85803276430277   -3.34816952646919
   0.86625350034568   -0.85275218366393   -3.34371533079256
   0.86104090139633   -0.84762082761764   -3.33980495832209
   0.85062603020486   -0.83736828128154   -3.33201050503380
   0.84649935802864   -0.83330592689205   -3.32855814348124
   0.83988161981891   -0.82679133190685   -3.32401310561358
   0.82927138610711   -0.81634646794576   -3.31569451563881
   0.82662656212737   -0.81374286585558   -3.31383667442138
   0.81866314113708   -0.80590356173018   -3.30831089703736
   0.80794822566900   -0.79535564756934   -3.30134066775800
   0.80462884964269   -0.79208800691483   -3.29953344194246
   0.79737486786313   -0.78494708477101   -3.29701650696075
   0.78684463279422   -0.77458097260416   -3.29577905591460
   0.77626895180380   -0.76417012283015   -3.29530958204798
   0.76572680406939   -0.75379228366709   -3.29537752426835
   0.75507299769721   -0.74330452616356   -3.29568247815563
   0.74454483454640   -0.73294045362216   -3.29529360327183
   0.73396937960551   -0.72252982637450   -3.29482443144931
   0.72339567212533   -0.71212091935184   -3.29528332110806
   0.71282032397079   -0.70171039722616   -3.29481429949400
   0.70220016262678   -0.69125576036368   -3.29472890203988
   0.69167162713919   -0.68089132128870   -3.29434052639214
   0.68112892048988   -0.67051293192191   -3.29440940961132
   0.67047743915549   -0.66002746321843   -3.29471443525840
   0.65994867137522   -0.64966279547125   -3.29432632886624
   0.64937444265854   -0.63925337533602   -3.29432174446040
   0.63880025781635   -0.62884399839146   -3.29431723410579
   0.62822611621194   -0.61843466401078   -3.29431279780229
   0.61768295987684   -0.60805583196695   -3.29438233822417
   0.60703319196205   -0.59757204997793   -3.29468751236107
   0.59650394445849   -0.58720690998437   -3.29429993319742
   0.58592996943827   -0.57679773959151   -3.29429579309731
   0.57535603447233   -0.56638860862867   -3.29429172704779
   0.56478213892400   -0.55597951646906   -3.29428773504874
   0.55420751360011   -0.54556970590809   -3.29381984024154
   0.54363446353330   -0.53516144605245   -3.29427997320165
   0.53305992333885   -0.52475171929411   -3.29381222825253
   0.52244253596007   -0.51429981316219   -3.29372783557461
   0.51191262006971   -0.50393401519921   -3.29334097765506
   0.50133895072168   -0.49352514571439   -3.29333743084705
   0.49076531633463   -0.48311631064564   -3.29333395807026
   0.48019171627183   -0.47270750936617   -3.29333055932458
   0.46961814989660   -0.46229874124922   -3.29332723460991
   0.45904461657223   -0.45189000566801   -3.29332398392615
   0.44847111566202   -0.44148130199575   -3.29332080727317
   0.43789764652927   -0.43107262960568   -3.29331770465089
   0.42732420853729   -0.42066398787101   -3.29331467605919
   0.41675009414545   -0.41025468027877   -3.29284775584541
   0.40617672126036   -0.39984610263625   -3.29284487607897
   0.39560407503885   -0.38943824033163   -3.29330603446654
   0.38498797638772   -0.37898760284141   -3.29275851611197
   0.37443552321431   -0.36859961885860   -3.29229373314342
   0.36391116769736   -0.35823929460577   -3.29151699137813
   0.35333837849493   -0.34783129154870   -3.29244236113985
   0.34269546799557   -0.33735426009631   -3.29274831741023
   0.33216400500402   -0.32698693914506   -3.29236285543691
   0.32159084647077   -0.31657857251353   -3.29236056772094
   0.31101771207487   -0.30617022964314   -3.29235835401587
   0.30044460117961   -0.29576190990711   -3.29235621432161
   0.28987151314830   -0.28535361267867   -3.29235414863805
   0.27929844734422   -0.27494533733103   -3.29235215696509
   0.26872476255338   -0.26453645264408   -3.29188628395156
   0.25815174402593   -0.25412822383623   -3.29188444093514
   0.24757937692836   -0.24372063630515   -3.29234662600874
   0.23700576728533   -0.23331182559477   -3.29188097690535
   0.22643342944774   -0.22290426686763   -3.29234330875557
   0.21585986671911   -0.21249550234045   -3.29187780887893
   0.20528694340964   -0.20208736726652   -3.29187633586672
   0.19471403723365   -0.19167924905903   -3.29187493685502
   0.18410132991909   -0.18123195004845   -3.29179275063559
   0.17356835996929   -0.17086314562621   -3.29140842370724
   0.16299549971648   -0.16045507262615   -3.29140724644192
   0.15242265405082   -0.15004701398588   -3.29140614316742
   0.14184982233559   -0.13963896907862   -3.29140511388364
   0.13127700393408   -0.12923093727757   -3.29140415859048
   0.12070362390045   -0.11882235259792   -3.29093933043268
   0.11013083494582   -0.10841434978480   -3.29093852362674
   0.09955805739472   -0.09800635819746   -3.29093779080185
   0.08898529061043   -0.08759837720913   -3.29093713195789
   0.07837390628784   -0.07715238057053   -3.29085570625067
   0.06786464370450   -0.06680691401477   -3.29054737671611
   0.05726704849142   -0.05637449157038   -3.29093559931053
   0.04669431840736   -0.04596654671027   -3.29093523638923
   0.03612159590659   -0.03555860931526   -3.29093494744833
   0.02554888035241   -0.02515067875857   -3.29093473248772
   0.01497617110811   -0.01474275441343   -3.29093459150729
   0.00436567045893   -0.00429762767542   -3.29085375071466
  -0.00616917285157    0.00607302090956   -3.29047058921471
  -0.01674238145529    0.01648143683118   -3.29000672920344
  -0.02731456065512    0.02688883939306   -3.29047082428102
  -0.03788775291389    0.03729723922448   -3.29000711297268
  -0.04846043458975    0.04770513643087   -3.29000741579891
  -0.05903311441226    0.05811303181280   -3.29000779258606
  -0.06960579301812    0.06852092599704   -3.29000824333403
  -0.08017847104404    0.07892881961038   -3.29000876804271
  -0.09075114912673    0.08933671327960   -3.29000936671201
  -0.10132382790289    0.09974460763148   -3.29001003934181
  -0.11189650800922    0.11015250329281   -3.29001078593200
  -0.12246919008244    0.12056040089036   -3.29001160648248
  -0.13307812908361    0.13100399032001   -3.28993186536581
  -0.14361498200083    0.14137661719022   -3.28908558545298
  -0.15418721933871    0.15178407698403   -3.28955056346056
  -0.16476036393542    0.16219242989625   -3.28908774374105
  -0.17533306230933    0.17260034354043   -3.28908893379701
  -0.18590576646993    0.18300826288112   -3.28909019779412
  -0.19647847705392    0.19341618854507   -3.28909153573227
  -0.20705119469800    0.20382412115909   -3.28909294761135
  -0.21762392003889    0.21423206134995   -3.28909443343125
  -0.22819665371329    0.22464000974444   -3.28909599319188
  -0.23876939635790    0.23504796696933   -3.28909762689313
  -0.24934214860944    0.24545593365142   -3.28909933453488
  -0.25991491110462    0.25586391041749   -3.28910111611705
  -0.27048808386150    0.26627229105097   -3.28863903863868
  -0.28111605428988    0.27673461528643   -3.28855873599169
  -0.29163364252386    0.28708827773030   -3.28817901608194
  -0.30220644927156    0.29749629805918   -3.28818109290813
  -0.31277926944596    0.30790433160549   -3.28818324365569
  -0.32335210368377    0.31831237899602   -3.28818546832451
  -0.33392495262170    0.32872044085755   -3.28818776691449
  -0.34449781689644    0.33912851781686   -3.28819013942553
  -0.35507069714472    0.34953661050074   -3.28819258585752
  -0.36567723564450    0.35997783684291   -3.28811485219120
  -0.37617647791580    0.37031343926195   -3.28734358270479
  -0.38678978753859    0.38076133119326   -3.28773643737685
  -0.39739567627929    0.39120191790341   -3.28812293539240
  -0.40793570237029    0.40157766849072   -3.28727803258026
  -0.41850868873691    0.41198586563900   -3.28728092181556
  -0.42908169553352    0.42239408289885   -3.28728388495257
  -0.43965439953858    0.43280200208642   -3.28775085309617
  -0.45022777296353    0.44321058026038   -3.28729003293128
  -0.46080084487034    0.45361886161564   -3.28729321777279
  -0.47137393975397    0.46402716558959   -3.28729647651558
  -0.48194736322010    0.47443579302480   -3.28683587848267
  -0.49252020099853    0.48484384390077   -3.28730321570463
  -0.50309366415661    0.49525251040930   -3.28684276541091
  -0.51366685259193    0.50566090647686   -3.28684631971222
  -0.52429252074552    0.51612096432049   -3.28676826711993
  -0.53481333217023    0.52647779971885   -3.28638967765683
  -0.54538660262027    0.53688627652286   -3.28639345276340
  -0.55595990114026    0.54729478095933   -3.28639730175192
  -0.56649501833393    0.55766569915877   -3.28647488062325
  -0.57710655485520    0.56811184562389   -3.28686919723400
  -0.58749353691952    0.57833693750923   -3.28702539572301
  -0.59794081533141    0.58862138597094   -3.28982057204497
  -0.60839033606953    0.59890804181028   -3.29443838751378
  -0.61817384025717    0.60853906154822   -3.30094794861905
  -0.61891479506487    0.60926846792869   -3.30184750110651
  -0.62948675332094    0.61967565299043   -3.30927592532227
  -0.63937211544373    0.62940694311872   -3.31584936797164
  -0.64005879419508    0.63008291938255   -3.31670448282337
  -0.65057459758775    0.64043482480343   -3.32410350535095
  -0.65979086255590    0.64950744624008   -3.33072832080820
  -0.66115388540031    0.65084922518411   -3.33170016689062
  -0.67177521035459    0.66130500752098   -3.33991879273986
  -0.67959360023761    0.66900154097547   -3.34552677895240
  -0.68229806295906    0.67166385228554   -3.34748686853034
  -0.69291986410052    0.68212010338780   -3.35570498717294
  -0.70006657954580    0.68915543103675   -3.36045146208454
  -0.70349882124122    0.69253417825043   -3.36330456558382
  -0.71406510852538    0.70293578072729   -3.37056391065406
  -0.72058001428396    0.70934914599483   -3.37524095585347
  -0.72458775173004    0.71329441935572   -3.37813415109477
  -0.73516046305772    0.72370234575178   -3.38556436143334
  -0.74104877729065    0.72949888546934   -3.39016844144297
  -0.74583571729314    0.73421121683488   -3.39473052928188
  -0.75608679401120    0.74430252157737   -3.40098289529549
  -0.76157703805029    0.74970719537241   -3.40501723557119
  -0.76690301621728    0.75495016352231   -3.40955618927682
  -0.77715162197065    0.76503903581224   -3.41683138541309
  -0.78077962182841    0.76861049012649   -3.41986186315805
  -0.78807581236537    0.77579296316739   -3.42535828844070
  -0.79860082964373    0.78615393886750   -3.43276320530447
  -0.80122936331749    0.78874150455034   -3.43465795478230
  -0.80922259279484    0.79661015257152   -3.44114773078193
  -0.81974497105288    0.80696853038276   -3.44779504806109
  -0.82175146193321    0.80894374835189   -3.44958498831335
  -0.83033456536636    0.81739307662854   -3.45599144135646
  -0.84089205609415    0.82778601965105   -3.46358622821537
  -0.84157699726535    0.82846028541642   -3.46444690266519
  -0.85151756256994    0.83824591833677   -3.47180049492993
  -0.86186660571782    0.84843366261679   -3.47845096775429
  -0.86267904665091    0.84923344094901   -3.47943876381676
  -0.87271113173717    0.85910916723536   -3.48761126335709
  -0.88249910069986    0.86874458216095   -3.49412833857249
  -0.88323983835555    0.86947377477391   -3.49502365004224
  -0.89387230340313    0.87994052357600   -3.50307794726503
  -0.90297445728680    0.88890081244901   -3.50906201893739
  -0.90433600854027    0.89024114273813   -3.51003551358833
  -0.91496308096304    0.90070258296418   -3.51824819726126
  -0.92278370327859    0.90840131405679   -3.52386441159052
  -0.92553953526053    0.91111419399260   -3.52586016454904
  -0.93615575675922    0.92156495241568   -3.53372427615135
  -0.94323480963114    0.92853367207153   -3.53873620647677
  -0.94663403352966    0.93187991609948   -3.54162354545912
  -0.95703058739464    0.94211443060061   -3.54964407235874
  -0.96171069845458    0.94672159804589   -3.55360320176528
  -0.96771982999117    0.95263707202401   -3.55997659666586
  -0.97752773257804    0.96229210989085   -3.56846566918778
  -0.97820396510834    0.96295780274709   -3.56936421432247
  -0.98876384249696    0.97335309523223   -3.57844840572287
  -0.99349789242327    0.97801336085958   -3.58324299622571
  -0.99946507982586    0.98388754443963   -3.58878851126669
  -1.00982974801279    0.99409067022883   -3.59727101161881
  -1.01066784151848    0.99491570131592   -3.59832360840607
  -1.02054921529115    1.00464306525602   -3.60730988298517
  -1.02652377063650    1.01052450194302   -3.61297454806264
  -1.03120588082671    1.01513363736037   -3.61759731254042
  -1.04177554659129    1.02553856566110   -3.62688320119042
  -1.04308083268195    1.02682350772905   -3.62785007613842
  -1.05225199024015    1.03585172479411   -3.63608264882652
  -1.05947660213657    1.04296373481004   -3.64278863451503
  -1.06280160402126    1.04623691363902   -3.64646577951264
  -1.07341497755439    1.05668486848457   -3.65579623393387
  -1.07543258209748    1.05867102690033   -3.65766514381654
  -1.08405466861686    1.06715873067781   -3.66588286741985
  -1.09189176094563    1.07487367508411   -3.67252221185409
  -1.09454704044176    1.07748756973234   -3.67528696695834
  -1.10520746194296    1.08798183926234   -3.68465710563918
  -1.10784522400608    1.09057848950203   -3.68734849551818
  -1.11575771485807    1.09836765727978   -3.69466159157112
  -1.12431492461413    1.10679149545492   -3.70225538513363
  -1.12629810386075    1.10874376512249   -3.70411380103427
  -1.13687129534887    1.11915216419527   -3.71320379404422
  -1.14088283885831    1.12310118429871   -3.71703684881573
  -1.14751715745331    1.12963210124940   -3.72349161992396
  -1.15670518141606    1.13867692184137   -3.73190888078434
  -1.15816157145906    1.14011061277472   -3.73376322873451
  -1.16861280780548    1.15039895748311   -3.74201926002308
  -1.17323281795566    1.15494696074375   -3.74677777841613
  -1.17929170597257    1.16091141570403   -3.75326024990343
  -1.18900056206686    1.17046895080429   -3.76163885728469
  -1.18967194229005    1.17112986698087   -3.76255057330548
  -1.20040657944085    1.18169719544481   -3.77181413733750
  -1.20564791185261    1.18685683711742   -3.77651482253608
  -1.21100303024451    1.19212849131640   -3.78205164100685
  -1.22136666390552    1.20233059870366   -3.79055370692708
  -1.22220032123036    1.20315126275166   -3.79160610880932
  -1.23218280709159    1.21297816286019   -3.80065790083433
  -1.23807266845047    1.21877622559039   -3.80614292645236
  -1.24275243428923    1.22338305319506   -3.81087162376876
  -1.25332619074299    1.23379200842800   -3.82015968806792
  -1.25404319669631    1.23449783921790   -3.82096351598361
  -1.26397404711502    1.24427390866732   -3.83000681985922
  -1.27041126388983    1.25061079580169   -3.83600057011372
  -1.27452112697809    1.25465660308752   -3.84062566442194
  -1.28481674236751    1.26479175232731   -3.84888378651149
  -1.28698694945893    1.26692813484752   -3.85096804445348
  -1.29568151900954    1.27548719194494   -3.85921242677919
  -1.30282410979746    1.28251845922292   -3.86564371976258
  -1.30624349034056    1.28588454573656   -3.86942191940471
  -1.31664872261316    1.29612760338475   -3.87850021999299
  -1.31941042345525    1.29884626070941   -3.88066123085090
  -1.32738971585639    1.30670118887587   -3.88799831920209
  -1.33585355853173    1.31503311517770   -3.89549401153398
  -1.33782090247292    1.31696979634689   -3.89738400429198
  -1.34856109946823    1.32754259800031   -3.90707949683839
  -1.35126561011356    1.33020495648732   -3.91000658758525
  -1.35919528296034    1.33801103846348   -3.91828239581851
  -1.36562825285973    1.34434374491368   -3.92513610263861
  -1.36953768659411    1.34819224671200   -3.92895716674117
  -1.37948394990108    1.35798348882639   -3.93983713960024
  -1.38014546685371    1.35863469546008   -3.94076622368645
  -1.39089426006396    1.36921595934892   -3.95168655736410
  -1.39406896580464    1.37234118453043   -3.95487570200077
  -1.40137719291138    1.37953550654067   -3.96318276172561
  -1.40675018385834    1.38482475473534   -3.96952577760430
  -1.41195347289931    1.38994694597631   -3.97525368629073
  -1.42107764734401    1.39892891220067   -3.98472629282529
  -1.42241955189728    1.40024990200055   -3.98655378466336
  -1.43295095024655    1.41061715931702   -3.99761885152885
  -1.43506395959631    1.41269723557229   -3.99968999432267
  -1.44381521992291    1.42131209987050   -4.00930863166184
  -1.44834183335756    1.42576816208491   -4.01433958579607
  -1.45430759684915    1.43164094394685   -4.02082341236068
  -1.46214553715711    1.43935672311586   -4.02935848063175
  -1.46488836053125    1.44205679719437   -4.03290133513226
  -1.47537955191668    1.45238447420761   -4.04333756889945
  -1.47605838164260    1.45305272377991   -4.04423456160218
  -1.48606817933004    1.46290651003601   -4.05522620596624
  -1.48996265712190    1.46674028899322   -4.05911035026791
  -1.49665963884798    1.47333289241543   -4.06639059882427
  -1.50321666481594    1.47978772141212   -4.07384622370251
  -1.50710510335401    1.48361555524259   -4.07770695113455
  -1.51642394708209    1.49278915665969   -4.08855110456262
  -1.51761634616411    1.49396297116155   -4.08966471943152
  -1.52820962662533    1.50439114610325   -4.10083643106018
  -1.53094139471439    1.50708033720295   -4.10377639461967
  -1.53899300572365    1.51500645682892   -4.11286207330897
  -1.54420190287241    1.52013416877042   -4.11848451866063
  -1.54942624467837    1.52527708465065   -4.12417829642220
  -1.55751791787585    1.53324264206070   -4.13331505860876
  -1.56016435440999    1.53584783157221   -4.13610433510064
  -1.57078506974685    1.54630301379308   -4.14730783379667
  -1.57199397600649    1.54749307819379   -4.14834039403429
  -1.58133627983577    1.55668977406594   -4.15841923474003
  -1.58534931636431    1.56064026391848   -4.16288845805640
  -1.59189087281016    1.56707986449906   -4.17045120907730
  -1.59905597932142    1.57413329657318   -4.17813999731377
  -1.60236387647868    1.57738963726684   -4.18186004501843
  -1.61236745034657    1.58723729670703   -4.19268166826202
  -1.61302925780494    1.58788878931869   -4.19361125187320
  -1.62381803343121    1.59850941246271   -4.20458833761376
  -1.62640968375709    1.60106066965682   -4.20750173746531
  -1.63425337002683    1.60878210523178   -4.21604078314377
  -1.64015913526290    1.61459582396337   -4.22261549714526
  -1.64483562330603    1.61919942485972   -4.22811858187440
  -1.65351521015976    1.62774373277867   -4.23727257267694
  -1.65541905637397    1.62961790588836   -4.23926971006325
  -1.66581251337451    1.63984937179238   -4.25055909744091
  -1.66791190765968    1.64191604518572   -4.25263661453898
  -1.67677552042701    1.65064151081383   -4.26226550219581
  -1.68123454168042    1.65503103433013   -4.26722870742051
  -1.68720279073608    1.66090626301646   -4.27371646331562
  -1.69503316864966    1.66861459765759   -4.28215810560426
  -1.69761144067065    1.67115268505938   -4.28505891493795
  -1.70824801603045    1.68162348011089   -4.29630778411840
  -1.70892895611805    1.68229380715305   -4.29720192496374
  -1.71897493209643    1.69218320782985   -4.30814062962395
  -1.72223678357324    1.69539422050516   -4.31188864470999
  -1.72954935796460    1.70259282204380   -4.32020267499067
  -1.73613526441819    1.70907608139855   -4.32677124157858
  -1.74013873290447    1.71301715233511   -4.33136505118674
  -1.75005862629143    1.72278243552769   -4.34178202124471
  -1.75077143027221    1.72348412983645   -4.34260490829561
  -1.76127907090210    1.73382799971833   -4.35450816408840
  -1.76327845444934    1.73579622112835   -4.35658380484322
  -1.77192248117446    1.74430552315432   -4.36581212529594
  -1.77714115146606    1.74944285591570   -4.37143686221576
  -1.78249093501606    1.75470925842094   -4.37785645113158
  -1.79049864114446    1.76259215746193   -4.38610122491339
  -1.79307630281481    1.76512964402593   -4.38900683939716
  -1.80364379884036    1.77553243640489   -4.40009257369832
  -1.80493784557576    1.77680631429276   -4.40131278789049
  -1.81428429376864    1.78600708993499   -4.41139803742804
  -1.81830779194183    1.78996787837831   -4.41586873829538
  -1.82485230850456    1.79641039293977   -4.42343615853026
  -1.83198269918070    1.80342965025535   -4.43118954529374
  -1.83529261429536    1.80668797745477   -4.43491101925264
  -1.84535158003726    1.81659016543829   -4.44584941248980
  -1.84604592642387    1.81727368983059   -4.44672298289647
  -1.85666791888134    1.82773012926703   -4.45702643426960
  -1.85991516330474    1.83092676255260   -4.46073826728196
  -1.86722977333380    1.83812736800175   -4.46905544690746
  -1.87313987054856    1.84394535119436   -4.47563412481519
  -1.87798106898731    1.84871109533109   -4.48179194746425
  -1.88557131904408    1.85618304471760   -4.49057600386245
  -1.88822009867746    1.85879054080911   -4.49429691474436
  -1.89494578768891    1.86541140408859   -4.50523918454593
  -1.89880964863435    1.86921504338965   -4.51095916182086
  -1.90418173080037    1.87450339696752   -4.52012492833272
  -1.90940633373757    1.87964656990904   -4.52858445839464
  -1.91323724813203    1.88341777615987   -4.53522919248438
  -1.91996840154365    1.89004401867207   -4.54719849489923
  -1.92182644973760    1.89187310756361   -4.55004884497782
  -1.92994683142309    1.89986692601482   -4.56498488372153
  -1.93060910295804    1.90051887547001   -4.56591525663742
  -1.93847106286099    1.90825829986765   -4.57988078075634
  -1.94136758910326    1.91110968122098   -4.58515373902950
  -1.94676400168932    1.91642198600806   -4.59430765002367
  -1.95196583192480    1.92154274118029   -4.60279457752232
  -1.95586515738843    1.92538129225408   -4.60941898201224
  -1.96272948804538    1.93213863632804   -4.62122075695869
  -1.96460871475883    1.93398857365337   -4.62408102598564
  -1.97285109367055    1.94210248789759   -4.63842627667614
  -1.97346428119998    1.94270611836431   -4.63940866753248
  -1.98152085061376    1.95063711911374   -4.65430193293646
  -1.98360221958985    1.95268604813817   -4.65790799224290
  -1.99016103699366    1.95914264064962   -4.66918512567195
  -1.99420186320060    1.96312048705418   -4.67561407044351
  -1.99888554861706    1.96773117314651   -4.68384677213407
  -2.00480854861919    1.97356185802530   -4.69412653306438
  -2.00746505773203    1.97617696312558   -4.69873210702797
  -2.01540495589387    1.98399311104635   -4.71290138938179
  -2.01606738495145    1.98464521556903   -4.71383206209602
  -2.02457354344477    1.99301879815990   -4.72873459041463
  -2.02600799871787    1.99443089619589   -4.73139445993323
  -2.03322142791705    2.00153189780668   -4.74362002812475
  -2.03660753373942    2.00486522821514   -4.74911094710275
  -2.04180211565716    2.00997884804098   -4.75851067272899
  -2.04721239795014    2.01530480636350   -4.76768491918912
  -2.05057959918464    2.01861952682860   -4.77317243108921
  -2.05794422894880    2.02586937241162   -4.78611487208911
  -2.05906076733652    2.02696850857430   -4.78819095957439
  -2.06716094030510    2.03494243327908   -4.80294926596359
  -2.06842105836217    2.03618291129668   -4.80488707411242
  -2.07575577528593    2.04340331025703   -4.81784069958027
  -2.07902912051898    2.04662563754834   -4.82347010241656
  -2.08439972622242    2.05191253767559   -4.83272933661136
  -2.08962712651905    2.05705846437726   -4.84119445750608
  -2.09361799057926    2.06098712733872   -4.84762380285007
  -2.10019367654205    2.06746032549795   -4.85977827396479
  -2.10164432283468    2.06888836220229   -4.86246901702058
  -2.11022055807923    2.07733092933708   -4.87740645008462
  -2.11084291213469    2.07794358346152   -4.87838275602335
  -2.11882378766457    2.08580007008229   -4.89229948676312
  -2.12129147936299    2.08822930065232   -4.89622368349402
  -2.12747398140056    2.09431544300088   -4.90719066124999
  -2.13221174641300    2.09897936581151   -4.91545369238809
  -2.13627323867504    2.10297755617265   -4.92185946065353
  -2.14282122931526    2.10942349066507   -4.93312089183422
  -2.14487057694710    2.11144089742584   -4.93675759332091
  -2.15311763469428    2.11955941758178   -4.95111238579804
  -2.15372751287456    2.12015979027845   -4.95209928213413
  -2.16177928562235    2.12808606912212   -4.96699425766580
  -2.16386185127211    2.13013617616902   -4.97060275304194
  -2.17055347127758    2.13672350143770   -4.98166432515960
  -2.17463961882367    2.14074596280878   -4.98898751349308
  -2.17916163793156    2.14519750230303   -4.99656127184983
  -2.18508805174010    2.15103154778107   -5.00684797889701
  -2.18778736021814    2.15368878518111   -5.01145723206391
  -2.19573341123930    2.16151099006350   -5.02534886279503
  -2.19632001370068    2.16208844981366   -5.02635167617410
  -2.20438706727757    2.17002977132138   -5.04124697210012
  -2.20645800194827    2.17206842866818   -5.04487278716367
  -2.21298576448856    2.17849445033325   -5.05614805297632
  -2.21674694458979    2.18219700916065   -5.06198472745723
  -2.22162567746338    2.18699970272531   -5.07104342552676
  -2.22767476785397    2.19295451276382   -5.08118824647231
  -2.23085018517693    2.19608043843699   -5.08594966599953
  -2.23810190107838    2.20321913001838   -5.09919216879072
  -2.23937837041029    2.20447570446193   -5.10098599846728
  -2.24747353326283    2.21244469713770   -5.11574406124187
  -2.24873436030969    2.21368587309486   -5.11768324520396
  -2.25607699618368    2.22091406758169   -5.13064695955658
  -2.25951434680094    2.22429784409020   -5.13702924050678
  -2.26425174362759    2.22896140445353   -5.14531413435420
  -2.27011550939519    2.23473377831501   -5.15475209179305
  -2.27332556369727    2.23789380111975   -5.16044885390016
  -2.28053303902832    2.24498894165864   -5.17265683094816
  -2.28198102453881    2.24641435905147   -5.17530652803978
  -2.29056244546928    2.25486203104873   -5.19025445645746
  -2.29134725273069    2.25563460640415   -5.19198050338751
  -2.29871704683264    2.26288953583426   -5.20493238468118
  -2.30180346231997    2.26592784684307   -5.20984115550151
  -2.30782279913888    2.27185336704527   -5.22005861363329
  -2.31240002831442    2.27635925611010   -5.22758749651114
  -2.31646047215537    2.28035641439071   -5.23495925991534
  -2.32316841454116    2.28695980764118   -5.24604620471412
  -2.32523892641784    2.28899804878356   -5.24965001352397
  -2.33349105548375    2.29712156121730   -5.26401503627005
  -2.33410129784246    2.29772229241637   -5.26500264783530
  -2.34166990728764    2.30517293847910   -5.27967208822639
  -2.34422875746673    2.30769190674533   -5.28351478714642
  -2.35078855873546    2.31414946778731   -5.29480629749090
  -2.35499951975999    2.31829479730986   -5.30196479286732
  -2.35908510253559    2.32231670271288   -5.30926633755784
  -2.36563807631148    2.32876754267446   -5.32053778341632
  -2.36769575070789    2.33079314641991   -5.32418041330161
  -2.37604560277299    2.33901285875463   -5.33858203791040
  -2.37670876902168    2.33966568897866   -5.33951409244532
  -2.38478115414697    2.34761225893794   -5.35421053082875
  -2.38668912076373    2.34949048823012   -5.35710512086622
  -2.39342293570320    2.35611935078794   -5.36911372084939
  -2.39745802920588    2.36009155383743   -5.37556779070405
  -2.40266273048754    2.36521513530807   -5.38403775455257
  -2.40794163457780    2.37041176307179   -5.39338849012746
  -2.41127232085978    2.37369053770176   -5.39895027822472
  -2.41866967763043    2.38097260021234   -5.41289469122671
  -2.41933293893943    2.38162552401508   -5.41382692196660
  -2.42789743387284    2.39005653382172   -5.42876309762458
  -2.42915902745354    2.39129846436562   -5.43070375296488
  -2.43654490612532    2.39856922767349   -5.44366748602542
  -2.43992406728185    2.40189572165480   -5.44918284490048
  -2.44533143764569    2.40721881343313   -5.45836880112606
  -2.45057651302904    2.41238213973986   -5.46775806121346
  -2.45395412550447    2.41570710917761   -5.47328454798759
  -2.46098907994759    2.42263241771715   -5.48568100095948
  -2.46243070482562    2.42405157361352   -5.48837118880287
  -2.47101772235890    2.43250475498565   -5.50333032469429
  -2.47164082459073    2.43311814562548   -5.50430808051280
  -2.47967322087726    2.44102535000695   -5.51823532626903
  -2.48239815560620    2.44370781425040   -5.52280978395585
  -2.48828580861863    2.44950370305316   -5.53315577631925
  -2.49302960767654    2.45417356586340   -5.54143094004641
  -2.49710315452681    2.45818362293149   -5.54784871632253
  -2.50365944458503    2.46463772748824   -5.55912674479504
  -2.50572234218432    2.46666847302840   -5.56277325851995
  -2.51397993815316    2.47479736715861   -5.57714919971690
  -2.51459057318840    2.47539848491400   -5.57813757492877
  -2.52215112620198    2.48284120011165   -5.59281321742423
  -2.52471157909050    2.48536174610769   -5.59665895027287
  -2.53095904378745    2.49151183861591   -5.60751119026440
  -2.53551498847183    2.49599677492693   -5.61507458841767
  -2.53958574071438    2.50000408094371   -5.62243275633049
  -2.54614309478955    2.50645923293378   -5.63371289791716
  -2.54868085284088    2.50895743781147   -5.63757838283319
  -2.55666970778451    2.51682177947986   -5.65150671043797
  -2.55725707198249    2.51739998909429   -5.65251103860933
  -2.56583071533962    2.52584000473847   -5.66761928550945
  -2.56732438260654    2.52731039189769   -5.67018394140111
  -2.57410698255223    2.53398727910484   -5.68211157499827
  -2.57800941932114    2.53782889299150   -5.68873068364630
  -2.58273610596468    2.54248191009927   -5.69703543392190
  -2.58863852551742    2.54829233529293   -5.70737474133674
  -2.59183430078957    2.55143830161887   -5.71218111686149
  -2.59921311737993    2.55870211291404   -5.72515213511371
  -2.59995022898057    2.55942773598719   -5.72693022854393
  -2.60844129794660    2.56778646423422   -5.74202126206407
  -2.60970371606739    2.56902920646702   -5.74396348424035
  -2.61706331587584    2.57627410049059   -5.75694944564458
  -2.62050540190638    2.57966253860683   -5.76334139108797
  -2.62523939147436    2.58432274481660   -5.77163571971958
  -2.63111077124210    2.59010261400738   -5.78108843964844
  -2.63452494233649    2.59346357226612   -5.78658176228058
  -2.64172470042074    2.60055111583823   -5.79975207268869
  -2.64300201759273    2.60180852490753   -5.80167791344423
  -2.65159504583155    2.61026762330311   -5.81664896790642
  -2.65221856540186    2.61088142477684   -5.81762752064201
  -2.65977335589991    2.61831846727280   -5.83133124453077
  -2.66297555002799    2.62147075241120   -5.83614146372149
  -2.66887168803640    2.62727499396387   -5.84649702919372
  -2.67361884727172    2.63194816458022   -5.85477884761129
  -2.67769872051432    2.63596444943830   -5.86120324141796
  -2.68425963167044    2.64242310306911   -5.87249037568941
  -2.68632946918235    2.64446068035729   -5.87614228360613
  -2.69459293074332    2.65259534865927   -5.89052983036304
  -2.69520398718177    2.65319688124993   -5.89151901756703
  -2.70294350937245    2.66081577623388   -5.90597484371572
  -2.70549041203219    2.66332298319329   -5.90983986012738
  -2.71157691014053    2.66931461791763   -5.92091310654381
  -2.71613605731109    2.67380270680129   -5.92848272438949
  -2.72021418056121    2.67781726894206   -5.93583496810026
  -2.72691123405224    2.68440994301069   -5.94696810400829
  -2.72931193112869    2.68677322312839   -5.95100519381382
  -2.73732156187951    2.69465801679488   -5.96496059556849
  -2.73798536487384    2.69531147384033   -5.96590205974007
  -2.74640382753757    2.70359872741763   -5.98109058624873
  -2.74784217942796    2.70501466133872   -5.98375841590822
  -2.75457685206665    2.71164436822777   -5.99578384750003
  -2.75861746052098    2.71562200027357   -6.00224850223212
  -2.76385320857127    2.72077614462187   -6.01074010748999
  -2.76913963743884    2.72598017988268   -6.02010583014747
  -2.77248281107285    2.72927124723840   -6.02568032633967
  -2.77968671570046    2.73636287272638   -6.03885893834353
  -2.78100164109325    2.73765730385955   -6.04080030623071
  -2.78911384826241    2.74564307520139   -6.05553341496352
  -2.79037714939069    2.74688668667925   -6.05747729921851
  -2.79774576997914    2.75414046088610   -6.07047547858289
  -2.80102782862230    2.75737136578142   -6.07612218577536
  -2.80592299738141    2.76219023906398   -6.08520031061311
  -2.81202132557707    2.76819351949341   -6.09721521929131
  -2.81350163194646    2.76965075399634   -6.10016377041223
  -2.81581769737848    2.77193072152764   -6.11517428895722
  -2.81617639822913    2.77228383171254   -6.13025100139487
  -2.81584976215763    2.77196228654923   -6.14507076448580
  -2.81560073912753    2.77171714476035   -6.15998231834385
  -2.81559657716720    2.77171304766780   -6.17499841710135
  -2.81523658398260    2.77135866529111   -6.18988349096206
  -2.81461713041937    2.77074886645218   -6.20473057213841
  -2.81462046496152    2.77075214902258   -6.21971647430331
  -2.81375172947096    2.76989695353269   -6.23455887054805
  -2.81374765729089    2.76989294482109   -6.24958261260492
  -2.81330103608720    2.76945328459858   -6.26460608167661
  -2.81283251877458    2.76899206953710   -6.26652171936099
  -2.81002868719944    2.76623193812364   -6.27991351283488
  -2.80326034240690    2.75956908389064   -6.29506949868913
  -2.80197295453863    2.75830176108565   -6.29690430209884
  -2.79288557559306    2.74935601687045   -6.31025709796936
  -2.79156236793570    2.74805343255904   -6.31211867887337
  -2.78229989960862    2.73893532788311   -6.32514999310917
  -2.78097669624119    2.73763274779477   -6.32701162743566
  -2.77171425687642    2.72851467162976   -6.34004331653714
  -2.77017299920399    2.72699743580303   -6.34253114588881
  -2.76112864613345    2.71809404686705   -6.35493706978564
  -2.75980545087318    2.71679147475951   -6.35679881153229
  -2.75054306612002    2.70767345235494   -6.36983125438983
  -2.74921987467782    2.70637088400596   -6.37169305013487
  -2.73995751557975    2.69725288685662   -6.38472587188764
  -2.73863432779915    2.69595032211217   -6.38658772182374
  -2.72937199325954    2.68683234913852   -6.39962092381971
  -2.72804880898449    2.68552978784499   -6.40148282813986
  -2.71878649790949    2.67641183797024   -6.41451641172934
  -2.71746331698433    2.67510927997438   -6.41637837062686
  -2.70862873332215    2.66641239100749   -6.42908553216946
  -2.70664344670709    2.66445804681666   -6.43187784192312
  -2.69761558313625    2.65557089037714   -6.44430870166732
  -2.69624496231377    2.65422163187616   -6.44621412180756
  -2.68700707898883    2.64512772902366   -6.45892331504268
  -2.68565899886507    2.64380065990495   -6.46111111011645
  -2.67642276052487    2.63470837639868   -6.47381966570818
  -2.67512159224957    2.63342748796632   -6.47596493324542
  -2.66511713278869    2.62357895673587   -6.48918550160773
  -2.66453486408745    2.62300576320042   -6.48992932890021
  -2.65525420810105    2.61386975433572   -6.50361371974311
  -2.65432284583070    2.61295290815904   -6.50498185670469
  -2.64402575019437    2.60281630174328   -6.51879494492288
  -2.64331815785773    2.60211973785064   -6.51976684314067
  -2.63272515546448    2.59169183664297   -6.53344584163750
  -2.63197073226885    2.59094917179115   -6.53416921469365
  -2.62167360688042    2.58081253608700   -6.54362447188172
  -2.61638979056771    2.57561107266210   -6.54824474055590
  -2.61115696443804    2.57045980469374   -6.55242399477332
  -2.60048965949836    2.55995875900967   -6.56051132612851
  -2.59713204375375    2.55665347463624   -6.56317876020359
  -2.58989373066096    2.54952797696903   -6.56871675500588
  -2.57958049533987    2.53937548241959   -6.57719214418232
  -2.57748479745891    2.53731244781877   -6.57874617897711
  -2.56868726630517    2.52865203386464   -6.58544394811989
  -2.55959997003375    2.51970637103505   -6.59316180066542
  -2.55817331475391    2.51830195142262   -6.59425534243687
  -2.54765782089909    2.50795035071517   -6.60170008634618
  -2.54020251442884    2.50061124170164   -6.60782237326361
  -2.53686545562460    2.49732619387073   -6.61053325872477
  -2.52635178492356    2.48697638790163   -6.61890575388301
  -2.52163346614128    2.48233160823470   -6.62266765681753
  -2.51570232942325    2.47649291345783   -6.62726847814492
  -2.50519106195277    2.46614547326284   -6.63609176303278
  -2.50310220550539    2.46408917346590   -6.63766518436193
  -2.49449496852773    2.45561608778707   -6.64399786291848
  -2.48399751062963    2.44528224193022   -6.65189431511540
  -2.48323314759381    2.44452979215929   -6.65253798724349
  -2.47336794321485    2.43481834559879   -6.65980118906166
  -2.46472231204879    2.42630746413849   -6.66733479976550
  -2.46263295275053    2.42425066932804   -6.66907852469761
  -2.45217516868844    2.41395587895585   -6.67653413053239
  -2.44504299280171    2.40693486425374   -6.68259232683659
  -2.44161306521310    2.40355839507950   -6.68536877269569
  -2.43120912254034    2.39331660693161   -6.69281255831418
  -2.42626078972834    2.38844539820432   -6.69702988443334
  -2.42033170683657    2.38260872524303   -6.70163224070006
  -2.41004152923512    2.37247892903855   -6.71015282301903
  -2.40717601732381    2.36965807863077   -6.71233586562365
  -2.39908560199163    2.36169375948112   -6.71835722193875
  -2.38847038889220    2.35124399374051   -6.72621481505730
  -2.38771826913962    2.35050359643056   -6.72680823317602
  -2.37762870854055    2.34057129043740   -6.73212469438007
  -2.36710100590798    2.33020767123667   -6.73589693721116
  -2.35650880669020    2.31978056068629   -6.74092332836060
  -2.35578415517070    2.31906720349303   -6.74150132542839
  -2.34582612332966    2.30926437626745   -6.74509470950248
  -2.33528022360763    2.29888284359478   -6.74885160006212
  -2.32476550918655    2.28853201017292   -6.75378293779934
  -2.32006217095428    2.28390197757105   -6.75628883750213
  -2.31410740272000    2.27804001959574   -6.75853424973581
  -2.30347986511366    2.26757812143642   -6.76275689899781
  -2.29296130914555    2.25722350634139   -6.76745214313380
  -2.28503584661418    2.24942156905920   -6.77136491280466
  -2.28230781988494    2.24673606100696   -6.77244399225215
  -2.27168022072357    2.23627410225200   -6.77666353106827
  -2.26121760234735    2.22597455291269   -6.78088238596966
  -2.25059032361986    2.21551290959735   -6.78549809610365
  -2.24984768405805    2.21478184472113   -6.78606643716384
  -2.23990868714697    2.20499775574952   -6.79005895810972
  -2.22930041821252    2.19455482594302   -6.79429075422018
  -2.21887793994362    2.18429479109243   -6.79947106470142
  -2.21494676645980    2.18042488837763   -6.80148915067962
  -2.20827993915664    2.17386196939535   -6.80504272989500
  -2.19775565958806    2.16350171990717   -6.81065297457937
  -2.19297985413086    2.15880034954531   -6.81588552852367
      
      
