# shadow point cont 3D ind 221  size 1180
# norm -0.1641868 -0.9864293  0.0000000
# angle  1.7357299
   3.52576914787736   -0.58684889353013   -6.83985123308333
   3.52748289336849   -0.58713413899093   -6.84013003427338
   3.54118990099063   -0.58941561061294   -6.83714250043112
   3.55586521560258   -0.59185825270918   -6.83344427437904
   3.57023648561689   -0.59425028790854   -6.82936469340117
   3.57208298920358   -0.59455763037519   -6.82847120482339
   3.58521083655753   -0.59674270329714   -6.82418190027062
   3.59983397504920   -0.59917666090578   -6.81962895858617
   3.61437500488912   -0.60159695188753   -6.81558883295314
   3.61902091477927   -0.60237024332101   -6.81383654118317
   3.62918091639755   -0.60406133126747   -6.81036757377577
   3.64385461717181   -0.60650370474746   -6.80573708910608
   3.65851446798556   -0.60894377296195   -6.80113344794565
   3.66492437150420   -0.61001067343949   -6.79917615082974
   3.67320248383740   -0.61138852912416   -6.79647653368436
   3.68787665169506   -0.61383098034815   -6.79184646231098
   3.70253718191345   -0.61627116164658   -6.78724328670571
   3.71170654198436   -0.61779736162914   -6.78438631718934
   3.71722546137480   -0.61871596168545   -6.78258673068576
   3.73202789709701   -0.62117976253592   -6.77744968270997
   3.74651542615539   -0.62359114854598   -6.77321417612576
   3.75837868661907   -0.62556573649680   -6.76923390513858
   3.76113377193099   -0.62602430842794   -6.76831963336831
   3.77607722130205   -0.62851158038510   -6.76349662096954
   3.79060029621949   -0.63092888284833   -6.75943978533241
   3.80504976218667   -0.63333393342291   -6.75522682791950
   3.80600284883647   -0.63349257053794   -6.75440374164923
   3.81994854338305   -0.63581377055726   -6.74924889320528
   3.83450853135767   -0.63823721703783   -6.74516639139410
   3.84708232353799   -0.64033006989319   -6.73961249431158
   3.84891571746918   -0.64063523031488   -6.73868377381993
   3.86370120635660   -0.64309621043864   -6.73056692562207
   3.87455031593322   -0.64490199739853   -6.72487514075576
   3.87819076760317   -0.64550793469756   -6.72297084585835
   3.89292569432150   -0.64796049896884   -6.71464480741915
   3.90110577676736   -0.64932203800643   -6.70994325635336
   3.90767952264215   -0.65041620932938   -6.70558367084784
   3.92236787806000   -0.65286102201088   -6.69806077862288
   3.92777597447767   -0.65376117606683   -6.69523909908176
   3.93701533976178   -0.65529902811172   -6.68979786695866
   3.95146344885132   -0.65770385283994   -6.68220230633704
   3.95524193250694   -0.65833276496082   -6.68015705465061
   3.96636993829739   -0.66018497297882   -6.67391627532103
   3.98021049251438   -0.66248867284896   -6.66583952027646
   3.98121281601983   -0.66265550522381   -6.66506768678240
   3.99568580462441   -0.66506447103877   -6.65729546494027
   4.00825443374045   -0.66715646452461   -6.65044741548591
   4.01006967455625   -0.66745860343943   -6.64948865028355
   4.02506818692912   -0.66995504039303   -6.64131583075949
   4.03410269925124   -0.67145879555607   -6.63585689374716
   4.03968261582771   -0.67238754832789   -6.63227709011876
   4.05437488134206   -0.67483301182789   -6.62469910035199
   4.06069973377150   -0.67588575592266   -6.62079733543516
   4.06922353785171   -0.67730450592680   -6.61578244304627
   4.08347569614241   -0.67967671549938   -6.60790923038147
   4.08731310970873   -0.68031543624682   -6.60581627592550
   4.09857286462731   -0.68218957333244   -6.59991910474099
   4.11273314193180   -0.68454648971570   -6.59284197991534
   4.11549246481773   -0.68500576697254   -6.59099951279968
   4.12752623800241   -0.68700873602191   -6.58362523583548
   4.13939356342630   -0.68898400056763   -6.57622785104712
   4.14215821475028   -0.68944416471974   -6.57439443282350
   4.15649476456114   -0.69183042089269   -6.56432778651362
   4.16006623816207   -0.69242487709305   -6.56144373758347
   4.17122328361367   -0.69428191863597   -6.55119237822107
   4.17577216422981   -0.69503905997007   -6.54661641880851
   4.18597608692918   -0.69673745838887   -6.53652577652048
   4.19129283821448   -0.69762240844603   -6.53176468222308
   4.20044806758951   -0.69914625643590   -6.52245931407381
   4.20599083861633   -0.70006882649303   -6.51685146376809
   4.21511425881639   -0.70158737998450   -6.50844158532740
   4.22150815823842   -0.70265161664997   -6.50199031297469
   4.22974799741232   -0.70402310193425   -6.49361590672311
   4.23709531747158   -0.70524603130550   -6.48697202707452
   4.24453992642615   -0.70648515398895   -6.47966778299715
   4.25191551715634   -0.70771278889005   -6.47241145335881
   4.25924178795103   -0.70893221470304   -6.46496978212922
   4.26735544282125   -0.71028269716045   -6.45732484395499
   4.27386776788103   -0.71136664525669   -6.45092424200768
   4.28292777250173   -0.71287464350162   -6.44244050636562
   4.28852089222731   -0.71380559388001   -6.43696700677924
   4.29842635823770   -0.71545431548494   -6.42756458097710
   4.30300424415316   -0.71621628462459   -6.42291271019465
   4.31307565231070   -0.71789262657599   -6.41267870365915
   4.31765357828889   -0.71865460238390   -6.40802694901035
   4.32862000091888   -0.72047991558975   -6.39768029973280
   4.33231275524756   -0.72109455843815   -6.39399240499281
   4.34350657662870   -0.72295772117411   -6.38312663515775
   4.34695838193391   -0.72353225910869   -6.38012182774291
   4.35897423338030   -0.72553224516291   -6.36804729202541
   4.36178418832279   -0.72599994990468   -6.36532687367970
   4.37352767689988   -0.72795460234748   -6.35333451068155
   4.37615863401336   -0.72839251368150   -6.35044586563204
   4.38411903912296   -0.72971748838480   -6.33886088668412
   4.38848956154560   -0.73044494277568   -6.32439428133976
   4.38844557001324   -0.73043762057703   -6.30947033917775
   4.38840169894774   -0.73043031842957   -6.29454678457902
   4.38777815909843   -0.73032653294184   -6.27962072165912
   4.38724974637458   -0.73023858094915   -6.26474479894203
   4.38678581882618   -0.73016136223260   -6.24977324287907
   4.38671858233165   -0.73015017101140   -6.23492864557447
   4.38579383576271   -0.72999625097920   -6.21992732384803
   4.38575714290519   -0.72999014361314   -6.20500608406909
   4.38526132889768   -0.72990761753457   -6.19008216930971
   4.38519213060294   -0.72989609978029   -6.17520729065972
   4.38417601507900   -0.72972697178412   -6.16043413042206
   4.38101693300087   -0.72920115635368   -6.14588257138783
   4.37584998036981   -0.72834113962902   -6.13635532138819
   4.37251414844359   -0.72778590495744   -6.13064847794392
   4.36207977444271   -0.72604914892485   -6.11594454283975
   4.36123242585741   -0.72590811144938   -6.11495375781581
   4.35041531183171   -0.72410765000936   -6.10066242782803
   4.34682673071654   -0.72351034633789   -6.09603541547054
   4.33842024597768   -0.72211112362631   -6.08583296061328
   4.33189576066647   -0.72102515150926   -6.07749114164977
   4.32644386327519   -0.72011770697234   -6.07087201558862
   4.31734658068375   -0.71860350397180   -6.05958677520301
   4.31446824767422   -0.71812441799906   -6.05591667633060
   4.30405247776279   -0.71639075853600   -6.04121224969108
   4.30231488579197   -0.71610154393269   -6.03925728543708
   4.29144010349075   -0.71429148385978   -6.02609084704859
   4.28777297870496   -0.71368110693698   -6.02131655567833
   4.27973138323876   -0.71234261845302   -6.01086002681101
   4.27318032814827   -0.71125222391212   -6.00253230923104
   4.26840505182536   -0.71045740000027   -5.99612919768870
   4.25840919585753   -0.70879363338125   -5.98387904550838
   4.25577945644606   -0.70835592472842   -5.98096435142219
   4.24446080430323   -0.70647198445676   -5.96621379203114
   4.24339122867237   -0.70629395825902   -5.96445805228975
   4.23271235626890   -0.70451650653394   -5.95111303096467
   4.22898426714001   -0.70389598236219   -5.94646224999124
   4.22078186562793   -0.70253072841340   -5.93611837515082
   4.21400707028265   -0.70140309328316   -5.92704141298697
   4.20945881341047   -0.70064605576851   -5.92139082623893
   4.19923556495382   -0.69894444066172   -5.90840055884315
   4.19748833875552   -0.69865362248328   -5.90643972406005
   4.18643308881271   -0.69681352435872   -5.89150498366883
   4.18446925111749   -0.69648665214157   -5.88880303261176
   4.17447949857007   -0.69482390141025   -5.87651057745622
   4.16997944034550   -0.69407488635023   -5.87086032679914
   4.16184301357942   -0.69272061361010   -5.86139141823537
   4.15507066434291   -0.69159338562399   -5.85231658840611
   4.15052321669494   -0.69083648280119   -5.84666710889157
   4.14030060748451   -0.68913497409414   -5.83367899884884
   4.13856214108115   -0.68884561394535   -5.83170205174195
   4.12750120018694   -0.68700456858675   -5.81678690237588
   4.12553772663385   -0.68667775697948   -5.81408546773616
   4.11555517384587   -0.68501620461671   -5.80179771242840
   4.11113470921221   -0.68428043756267   -5.79607223373209
   4.10382361264824   -0.68306353743419   -5.78668727521857
   4.09639426538657   -0.68182695499294   -5.77740412581655
   4.09187039966979   -0.68107397727970   -5.77173605695637
   4.08141263270020   -0.67933332758952   -5.75799884789032
   4.08054853288072   -0.67918950194420   -5.75701941902898
   4.06858986805460   -0.67719903435345   -5.74206408443549
   4.06667432538059   -0.67688020063190   -5.73931951805980
   4.05682188906531   -0.67524030558838   -5.72696574092769
   4.05212952067347   -0.67445928133997   -5.72144588394097
   4.04466532691610   -0.67321689885153   -5.71217528192178
   4.03747956127124   -0.67202085950777   -5.70270843809087
   4.03359798878155   -0.67137478870019   -5.69727042183410
   4.02249976134159   -0.66952753715871   -5.68330656999944
   4.02163580528446   -0.66938373544201   -5.68232733227790
   4.00968105781387   -0.66739391987800   -5.66737550282930
   4.00776586633975   -0.66707514461213   -5.66463144293652
   3.99863458607427   -0.66555528284707   -5.65244107028687
   3.99323205933432   -0.66465605583967   -5.64581601618707
   3.98604675227407   -0.66346009282533   -5.63728048560206
   3.97846104081369   -0.66219748424534   -5.62718656405350
   3.97470769010996   -0.66157275539466   -5.62256991535788
   3.96361961033222   -0.65972719288730   -5.60863873920687
   3.96276140631309   -0.65958434857222   -5.60761761586610
   3.95190119771023   -0.65777671422783   -5.59253678049416
   3.94924677503353   -0.65733489715319   -5.58964368677913
   3.93911379974003   -0.65564830762059   -5.57754467076237
   3.93433325792576   -0.65485260729068   -5.57114455422662
   3.92777630185115   -0.65376123055671   -5.56283628641826
   3.91956329779841   -0.65239421186129   -5.55251824247643
   3.91581509265484   -0.65177033946665   -5.54790378984928
   3.90472027696719   -0.64992365579647   -5.53397330989635
   3.90387320536458   -0.64978266442355   -5.53295529131640
   3.89300831489742   -0.64797425080328   -5.51787493313956
   3.89012522176558   -0.64749437252895   -5.51424974254724
   3.88085129159060   -0.64595076730875   -5.50311151875882
   3.87544448237105   -0.64505082750131   -5.49648700123579
   3.86826765422179   -0.64385627576471   -5.48795664262558
   3.86067554792565   -0.64259260279221   -5.47786379823834
   3.85693248148483   -0.64196958571223   -5.47325150459260
   3.84611309101823   -0.64016874536855   -5.45908868718232
   3.84526700961039   -0.64002791880924   -5.45809960345834
   3.83412536586481   -0.63817344081310   -5.44322688679105
   3.83124275697222   -0.63769364313828   -5.43960236635712
   3.82197457209069   -0.63615099419712   -5.42846743949656
   3.81645435394678   -0.63523217796896   -5.42100450959624
   3.81023853670420   -0.63419758230538   -5.41334203455739
   3.80173694202320   -0.63278252895885   -5.40234595174557
   3.79897036204614   -0.63232204379085   -5.39861944303663
   3.78724215318328   -0.63036993458982   -5.38445263758900
   3.78639620725498   -0.63022913058049   -5.38346373692899
   3.77526979967352   -0.62837718857740   -5.36859349263018
   3.77245406283101   -0.62790852146359   -5.36490777763353
   3.76336926539691   -0.62639639656302   -5.35362273412755
   3.75771392095353   -0.62545508915181   -5.34626786952871
   3.75136902153663   -0.62439900832343   -5.33871300078202
   3.74287335416980   -0.62298494155249   -5.32772015138483
   3.74008378397597   -0.62252062976320   -5.32400962952882
   3.72838091517480   -0.62057273830490   -5.30983007655805
   3.72753510289541   -0.62043195654084   -5.30884135677955
   3.71704637506297   -0.61868615355010   -5.29420118630071
   3.71336786887880   -0.61807388224320   -5.28953785540554
   3.70514775937651   -0.61670568087669   -5.27923310117192
   3.69885502984319   -0.61565828349784   -5.27165133753273
   3.69320234768120   -0.61471741921175   -5.26430566115495
   3.68386256525082   -0.61316285317092   -5.25229971841829
   3.68125227734805   -0.61272838213686   -5.24938202989752
   3.67019868344861   -0.61088855965350   -5.23447242962831
   3.66933141736787   -0.61074420699780   -5.23349698157387
   3.65755714930251   -0.60878443144345   -5.21936610551144
   3.65474233841108   -0.60831591845016   -5.21568169545298
   3.64566045503930   -0.60680427858255   -5.20440068653873
   3.64000564305638   -0.60586305979706   -5.19704806302218
   3.63372386646217   -0.60481748548714   -5.18947762276575
   3.62524263911307   -0.60340582219416   -5.17843415424989
   3.62240749692866   -0.60293392514585   -5.17478320510971
   3.61108890736043   -0.60104999528945   -5.16008504122792
   3.61024335670544   -0.60090925707164   -5.15909667722041
   3.59935254186145   -0.59909652845193   -5.14500011958453
   3.59567521199678   -0.59848445293827   -5.14033843076855
   3.58745771422543   -0.59711668628298   -5.13003730922237
   3.58130408335250   -0.59609244126934   -5.12238276684189
   3.57506461369612   -0.59505390876466   -5.11467825279255
   3.56617521434079   -0.59357430702189   -5.10311238702728
   3.56421340378381   -0.59324777221306   -5.10040814222284
   3.55275088790687   -0.59133988645046   -5.08507620553115
   3.55186454696460   -0.59119235886727   -5.08411493195105
   3.54075124358703   -0.58934259800175   -5.07033877667467
   3.53708781909989   -0.58873283697752   -5.06556521073053
   3.52888127550419   -0.58736689359699   -5.05523788217211
   3.52235972881022   -0.58628141059996   -5.04693420325904
   3.51689312981288   -0.58537151904484   -5.04033370492980
   3.50779333357511   -0.58385689765883   -5.02915488527154
   3.50497475825232   -0.58338775809236   -5.02541155873239
   3.49303035122416   -0.58139966364989   -5.01147149439897
   3.49218505529747   -0.58125896783049   -5.01048347627245
   3.48193896415735   -0.57955355065869   -4.99577658775646
   3.47826512100003   -0.57894205549226   -4.99099799644673
   3.47005811847296   -0.57757603572460   -4.98067198239863
   3.46353877715830   -0.57649091980334   -4.97237001775735
   3.45813742421069   -0.57559188816855   -4.96575514436557
   3.44878509176266   -0.57403523323204   -4.95375932394818
   3.44683624146784   -0.57371085560231   -4.95106880848704
   3.43515179103083   -0.57176602980037   -4.93593603155814
   3.43428503861934   -0.57162176264268   -4.93496127366597
   3.42307058035024   -0.56975516498675   -4.92106341201669
   3.41945143944141   -0.56915277477095   -4.91644342462871
   3.41134581455202   -0.56780362886882   -4.90610703592613
   3.40482504200432   -0.56671827472506   -4.89769099000537
   3.39932626356951   -0.56580302704295   -4.89120468096031
   3.38997415945074   -0.56424641011085   -4.87921057201399
   3.38802733124682   -0.56392236904933   -4.87652093892197
   3.37610491989067   -0.56193793569050   -4.86160677612878
   3.37525987083223   -0.56179728096124   -4.86061909632869
   3.36453356967121   -0.56001193492638   -4.84647509552493
   3.36077881178359   -0.55938697185608   -4.84175839242425
   3.35243867880842   -0.55799879310611   -4.83157789710433
   3.34592369942324   -0.55691440320898   -4.82327929476383
   3.34052394693491   -0.55601563796367   -4.81666664372585
   3.33117205271558   -0.55445905596841   -4.80467422362696
   3.32926086528190   -0.55414094715761   -4.80197774485568
   3.31754436904653   -0.55219078747233   -4.78685715572665
   3.31645195957553   -0.55200896068151   -4.78513668212641
   3.30548237996262   -0.55018312200963   -4.77201633787256
   3.30185060860484   -0.54957862951069   -4.76737155757554
   3.29364213839820   -0.54821236545417   -4.75704938482643
   3.28690418831987   -0.54709086305788   -4.74800300517347
   3.28241611854422   -0.54634384342288   -4.74235824277805
   3.27238088851714   -0.54467352316347   -4.73006902739380
   3.27047139843042   -0.54435569686867   -4.72745511553483
   3.25943602881445   -0.54251890773778   -4.71255511549737
   3.25774641017199   -0.54223767808569   -4.71058041434335
   3.24688821376513   -0.54043037866254   -4.69723637452926
   3.24331294266466   -0.53983529038496   -4.69266883660440
   3.23584961168707   -0.53859305150245   -4.68252717116226
   3.22845065668885   -0.53736152772086   -4.67316934591254
   3.22384472099765   -0.53659488981841   -4.66763040973638
   3.21364679701869   -0.53489748986046   -4.65468060175316
   3.21192247189677   -0.53461048346627   -4.65272695209292
   3.20061208647478   -0.53272791915423   -4.63805534234887
   3.19887955092975   -0.53243954617093   -4.63610713688976
   3.18878233927395   -0.53075890933981   -4.62314011022747
   3.18431169703126   -0.53001479044165   -4.61740557432652
   3.17696906587059   -0.52879264151711   -4.60803307912246
   3.16960324512172   -0.52756663278678   -4.59878751154306
   3.16506743491109   -0.52681166696465   -4.59312846366389
   3.15457792198884   -0.52506573329914   -4.58035722850234
   3.15287857967645   -0.52478288518461   -4.57845175585383
   3.14028908633446   -0.52268741893938   -4.56406379975708
   3.13935477437022   -0.52253190678886   -4.56315017780675
   3.12538598097976   -0.52020686206774   -4.54939306633761
   3.12445044663381   -0.52005114645712   -4.54848095060374
   3.11071285955979   -0.51776458501874   -4.53625233133649
   3.10710823650475   -0.51716461123636   -4.53339046146369
   3.09606410912963   -0.51532636441467   -4.52330742186732
   3.09066840633756   -0.51442827322364   -4.51845361327474
   3.08169490496607   -0.51293467306716   -4.51077047836825
   3.07339148844883   -0.51155260561144   -4.50333392610633
   3.06680982423269   -0.51045711631512   -4.49704558380152
   3.05679118006603   -0.50878955669981   -4.48846381767109
   3.05205699941912   -0.50800157298395   -4.48404255838991
   3.04027697532850   -0.50604083936431   -4.47369517130047
   3.03747783550021   -0.50557493475111   -4.47095113596014
   3.02381483232935   -0.50330078747804   -4.45860039804991
   3.02285493188908   -0.50314101623732   -4.45772160656318
   3.00792577232070   -0.50065612275548   -4.44507245716461
   3.00699044596350   -0.50050044176367   -4.44416057920751
   2.99376587310071   -0.49829926930273   -4.43248525257254
   2.98985261074550   -0.49764792385528   -4.42883836052162
   2.97887727126290   -0.49582112647821   -4.41951242364952
   2.97250010943479   -0.49475967571223   -4.41390982921349
   2.96411288667912   -0.49336365907373   -4.40650777471968
   2.95571648912228   -0.49196611532959   -4.39926637118938
   2.94937345684806   -0.49091034527897   -4.39366387677402
   2.93909837878403   -0.48920010336014   -4.38441751159021
   2.93448057189684   -0.48843148954891   -4.37993919630584
   2.92274494104006   -0.48647814498937   -4.36937609097808
   2.92009168635505   -0.48603652232185   -4.36739081533890
   2.90601595271317   -0.48369367786241   -4.35478573661044
   2.90506810288113   -0.48353591239285   -4.35389010874129
   2.89066258123285   -0.48113817615845   -4.34144643012208
   2.88875786434163   -0.48082114434121   -4.33966776895981
   2.87586145350912   -0.47867459301861   -4.32854688232006
   2.87200816143828   -0.47803322936337   -4.32502221688595
   2.86118940771425   -0.47623249500271   -4.31563786984368
   2.85485130115530   -0.47517754481590   -4.30986111858515
   2.84660277469946   -0.47380461357145   -4.30242872408730
   2.83828747707763   -0.47242056855770   -4.29498554681401
   2.83194987807471   -0.47136570285138   -4.28938438829692
   2.82197558377195   -0.46970552507745   -4.28002989478656
   2.81732604142180   -0.46893162903685   -4.27615877906175
   2.80514616560233   -0.46690434184129   -4.26537376133514
   2.80253727359520   -0.46647010314797   -4.26334709229209
   2.78859884144305   -0.46415011192252   -4.25051627986375
   2.78765119017640   -0.46399237950331   -4.24962087877435
   2.77324751638586   -0.46159495083676   -4.23718045830327
   2.77061848043424   -0.46115735927176   -4.23517256298066
   2.75898444237591   -0.45922092439033   -4.22481140515431
   2.75391921511438   -0.45837783940965   -4.22036171342670
   2.74401795217975   -0.45672981738835   -4.21207649910099
   2.73673665326846   -0.45551787694916   -4.20536201159318
   2.72945046961622   -0.45430512346615   -4.19882134954207
   2.72015424099053   -0.45275780676611   -4.19050241265301
   2.71467192495361   -0.45184529917832   -4.18584146205816
   2.70359197386431   -0.45000108965568   -4.17571737609099
   2.69980193615041   -0.44937025441221   -4.17213642256706
   2.68774969810269   -0.44736421196694   -4.16112704372489
   2.68514129341024   -0.44693005438502   -4.15910090314719
   2.67074707234288   -0.44453419908301   -4.14666911880964
   2.66978394014381   -0.44437388993013   -4.14579223816192
   2.65614892333485   -0.44210440086491   -4.13352159879813
   2.65323770503217   -0.44161984127859   -4.13092109068508
   2.64129233814747   -0.43963158707218   -4.12069621091322
   2.63646718697402   -0.43882846170903   -4.11629827384067
   2.62647460138672   -0.43716523943059   -4.10790707301376
   2.61912224371001   -0.43594147156989   -4.10137855121393
   2.61196841752071   -0.43475074840918   -4.09481613336898
   2.60278521832233   -0.43322224496422   -4.08625878150560
   2.59706434262456   -0.43227003016160   -4.08095546662385
   2.58698150067581   -0.43059178510553   -4.07178731168843
   2.58242560106366   -0.42983347549015   -4.06791294694996
   2.56965906584295   -0.42770854139655   -4.05667556197549
   2.56776818554770   -0.42739381262036   -4.05488061977351
   2.55339871036211   -0.42500207616241   -4.04242570422604
   2.55243518525675   -0.42484170161199   -4.04154971716165
   2.53857071156462   -0.42253402044957   -4.02964650365715
   2.53512551984054   -0.42196058331672   -4.02661038077299
   2.52394601897247   -0.42009980416769   -4.01646047162640
   2.51837319090509   -0.41917223124728   -4.01184835234481
   2.50940136225124   -0.41767890950737   -4.00430213103835
   2.50176073856514   -0.41640716102696   -3.99717243589429
   2.49447642713378   -0.41519471916695   -3.99066155917022
   2.48517755097071   -0.41364696179587   -3.98231878629660
   2.47963240609039   -0.41272399662118   -3.97772376383142
   2.46682601311006   -0.41059242837737   -3.96739221419476
   2.46488211021947   -0.41026887422149   -3.96568037225515
   2.45043757182342   -0.40786464381963   -3.95514825575374
   2.44677115872004   -0.40725438535326   -3.95235715608019
   2.43598682984433   -0.40545938085843   -3.94452065749382
   2.42679480478804   -0.40392940838793   -3.93736082756219
   2.42107722175997   -0.40297774163581   -3.93283394075860
   2.40731688357642   -0.40068739337450   -3.92254005520887
   2.40632980404465   -0.40052309829256   -3.92171330856980
   2.39159787183154   -0.39807103244360   -3.91070522851507
   2.38791191020574   -0.39745752021096   -3.90794201481090
   2.37697779198782   -0.39563758393357   -3.89957574250710
   2.36814816293148   -0.39416793069632   -3.89269547470836
   2.36241888852120   -0.39321431796463   -3.88818124097830
   2.34866598358313   -0.39092520693461   -3.87787775880075
   2.34767154882208   -0.39075968760684   -3.87706205304928
   2.33297067723960   -0.38831279166435   -3.86685111654417
   2.32845090874291   -0.38756049591552   -3.86324061135253
   2.31859138133610   -0.38591942059075   -3.85551981189999
   2.30914172457865   -0.38434656644751   -3.84824896970689
   2.30366202327012   -0.38343449406985   -3.84376511824300
   2.29001994401906   -0.38116382949195   -3.83322022936281
   2.28901802449643   -0.38099706435827   -3.83241575269334
   2.27461159868215   -0.37859917762938   -3.82202722990402
   2.26985626577372   -0.37780767321187   -3.81841453310994
   2.25995226559699   -0.37615919558856   -3.81086362728199
   2.25049072891821   -0.37458436408424   -3.80360596780553
   2.24503219198753   -0.37367581442494   -3.79986321060452
   2.23113607522757   -0.37136286641192   -3.78906151166405
   2.23017476999573   -0.37120286134976   -3.78818831090325
   2.21566950514895   -0.36878852329510   -3.77756595093840
   2.21023620070884   -0.36788417347378   -3.77380916886958
   2.20106511726737   -0.36635768664371   -3.76655540629055
   2.19124085107291   -0.36472248039391   -3.75877039961884
   2.18638672137015   -0.36391453168098   -3.75522537121320
   2.17207373219907   -0.36153219707373   -3.74472837699055
   2.17108716081695   -0.36136798657109   -3.74388732650421
   2.15734395875835   -0.35908049054302   -3.73337849587325
   2.15160128474171   -0.35812464750531   -3.72916313864282
   2.14293331934096   -0.35668190247827   -3.72237669405312
   2.13249589215176   -0.35494463825580   -3.71401688388933
   2.12803146975188   -0.35420155462334   -3.71040428242760
   2.11359023754828   -0.35179787452279   -3.69942595833734
   2.11254596489953   -0.35162405989604   -3.69870317152352
   2.09880325432011   -0.34933664567253   -3.68896844275489
   2.09229041548935   -0.34825261206135   -3.68418163375462
   2.08410979176719   -0.34689098293069   -3.67782754538433
   2.07320929853268   -0.34507664338510   -3.66904280900815
   2.06945816504647   -0.34445228358061   -3.66638094280182
   2.05467367796216   -0.34199147020261   -3.65550915126933
   2.05366667969289   -0.34182385973371   -3.65470468429471
   2.04022287684330   -0.33958619739785   -3.64495023622188
   2.03362994561667   -0.33848883275678   -3.63975524209270
   2.02531469589153   -0.33710479571523   -3.63328907105257
   2.01432340325363   -0.33527534300506   -3.62492009234531
   2.01065967248374   -0.33466553100140   -3.62213047255342
   1.99605272366910   -0.33223426809388   -3.61087385164030
   1.99504536846748   -0.33206659821514   -3.61007006940952
   1.98160314340713   -0.32982919849543   -3.60031484651089
   1.97501210227374   -0.32873214845213   -3.59512148978959
   1.96705110689086   -0.32740707550041   -3.58910770480776
   1.95570577757689   -0.32551869492999   -3.58028817284709
   1.95204231901995   -0.32490892823499   -3.57749882755641
   1.93727718211934   -0.32245133561066   -3.56632865601211
   1.93555695038016   -0.32216501054216   -3.56522989794024
   1.92251537888766   -0.31999429786097   -3.55626549908529
   1.91372992075399   -0.31853199668109   -3.55024698881491
   1.90807424124128   -0.31759063349905   -3.54653720176581
   1.89322099210657   -0.31511837497774   -3.53742996305119
   1.89038619925942   -0.31464653607508   -3.53572503879381
   1.87889506858571   -0.31273388750439   -3.52879133929431
   1.86677991683767   -0.31071737334816   -3.52045941847672
   1.86393502835840   -0.31024385407159   -3.51877530318251
   1.84963320349998   -0.30786337771548   -3.51074441101068
   1.84215403888815   -0.30661850339362   -3.50571799441298
   1.83463259159435   -0.30536659130381   -3.50110821060918
   1.81990188539809   -0.30291472952001   -3.49204823177429
   1.81813342242061   -0.30262037657231   -3.49101256324843
   1.80555196012890   -0.30052624706036   -3.48328442208881
   1.79436552075563   -0.29866431302742   -3.47613464577335
   1.79086745548721   -0.29808207532376   -3.47400914454489
   1.77647593736480   -0.29568666991515   -3.46513039718747
   1.76959724226050   -0.29454174112328   -3.46111846708920
   1.76169521780418   -0.29322648362503   -3.45626546382656
   1.74683948346571   -0.29075381145239   -3.44674854909620
   1.74577425503844   -0.29057650882772   -3.44612110235093
   1.73249971657334   -0.28836701981025   -3.43854481891070
   1.72206641828031   -0.28663044282454   -3.43127400269668
   1.71742973555837   -0.28585868721296   -3.42859075508907
   1.70306163854927   -0.28346718014648   -3.41979834976605
   1.69740434469758   -0.28252554826475   -3.41636399881726
   1.68824644431822   -0.28100125569786   -3.41084236674712
   1.67359127067598   -0.27856196597817   -3.40212563005146
   1.67252562093580   -0.27838459322780   -3.40149929787830
   1.65891250928324   -0.27611875018030   -3.39349563141037
   1.64891512418476   -0.27445472904415   -3.38668839911238
   1.64437951963669   -0.27369979745366   -3.38383203535410
   1.62958174820267   -0.27123677295360   -3.37451330627204
   1.62490948658063   -0.27045909538931   -3.37190270403567
   1.61514095364384   -0.26883316569711   -3.36613514989685
   1.60098345939422   -0.26647671254120   -3.35732701792535
   1.59994847300290   -0.26630444357148   -3.35661222903349
   1.58592272143073   -0.26396991840950   -3.34842996895332
   1.57681528838003   -0.26245402590930   -3.34199124146290
   1.57094620941470   -0.26147714331932   -3.33842641353844
   1.55651818378119   -0.25907566139474   -3.32985627024196
   1.55196711188903   -0.25831815533230   -3.32702530425852
   1.54181990929179   -0.25662919772707   -3.32064711645020
   1.52766683220102   -0.25427347978797   -3.31214397095110
   1.52660249121709   -0.25409632487437   -3.31148221529141
   1.51246329662817   -0.25174291761715   -3.30360115134560
   1.49983225089981   -0.24964053515848   -3.29778994476640
   1.49704805201578   -0.24917711740027   -3.29701501520073
   1.48205483063382   -0.24668156110903   -3.29456234988975
   1.46741357068887   -0.24424458726355   -3.29409085714058
   1.45282602102924   -0.24181655326075   -3.29386356426795
   1.43813449527801   -0.23937121289109   -3.29361221020172
   1.42344128170946   -0.23692559159161   -3.29383165237415
   1.40890792921698   -0.23450657847085   -3.29384175909903
   1.39416206113805   -0.23205219305782   -3.29381750605444
   1.37959978203538   -0.22962836522898   -3.29336169197040
   1.36493761116812   -0.22718791085171   -3.29357676078836
   1.35029714437281   -0.22475106902253   -3.29310587289437
   1.33563186355252   -0.22231009700713   -3.29332434207481
   1.32104433837340   -0.21988206707901   -3.29333426303538
   1.30638036937969   -0.21744131341143   -3.29308571743912
   1.29174161637175   -0.21500475683468   -3.29307914699935
   1.27710294788987   -0.21256821432692   -3.29307265058207
   1.26246436305274   -0.21013168574146   -3.29306622818718
   1.24782586097907   -0.20769517093163   -3.29305987981457
   1.23318744078755   -0.20525866975072   -3.29305360546415
   1.21854910159690   -0.20282218205205   -3.29304740513582
   1.20391084252580   -0.20038570768893   -3.29304127882947
   1.18927266269296   -0.19794924651467   -3.29303522654501
   1.17463456121707   -0.19551279838258   -3.29302924828233
   1.15999653721684   -0.19307636314598   -3.29302334404134
   1.14535858981095   -0.19063994065818   -3.29301751382193
   1.13072071811812   -0.18820353077248   -3.29301175762400
   1.11613954428155   -0.18577655799762   -3.29278553356485
   1.10141495582167   -0.18332571448435   -3.29229859665919
   1.08686455338205   -0.18090386347426   -3.29277434993536
   1.07217023318431   -0.17845805798118   -3.29252553555828
   1.05750167454201   -0.17601654038662   -3.29228235160898
   1.04295260532285   -0.17359491128526   -3.29275813274491
   1.02825670189990   -0.17114884227125   -3.29204560580489
   1.01361940842191   -0.16871252862689   -3.29204044306984
   0.99898218272554   -0.16627622626448   -3.29203535433686
   0.98434621989969   -0.16384013410137   -3.29249433082815
   0.96964966636815   -0.16139395687962   -3.29271758490972
   0.95510087044259   -0.15897237326679   -3.29226185101527
   0.94043394013010   -0.15653112670062   -3.29201573942366
   0.92579704012223   -0.15409487854765   -3.29201102069953
   0.91116020260815   -0.15165864079649   -3.29200637597688
   0.89652342670655   -0.14922241330046   -3.29200180525560
   0.88188671153613   -0.14678619591288   -3.29199730853559
   0.86725005621558   -0.14434998848704   -3.29199288581675
   0.85261345986359   -0.14191379087626   -3.29198853709899
   0.83797692159886   -0.13947760293385   -3.29198426238221
   0.82334044054007   -0.13704142451313   -3.29198006166630
   0.80876462507466   -0.13461534361576   -3.29175499974568
   0.79406786473234   -0.13216913197126   -3.29150794881278
   0.77936968265715   -0.12972268368552   -3.29173270417327
   0.76479507073821   -0.12729680311322   -3.29196399880943
   0.75015777157020   -0.12486048852178   -3.29149619254065
   0.73555466610175   -0.12242986532247   -3.29126958310839
   0.72082420048580   -0.11997804358221   -3.29171766807349
   0.70631247395989   -0.11756263000924   -3.29172810814029
   0.69161474189090   -0.11511625662507   -3.29148165230082
   0.67697772396952   -0.11267998884590   -3.29101422034441
   0.66234181825441   -0.11024390618862   -3.29101083448190
   0.64776863942270   -0.10781826414744   -3.29078643445156
   0.63306930023806   -0.10537162326588   -3.29007638388274
   0.61839815048517   -0.10292967439226   -3.29030060366439
   0.60379865288699   -0.10049965170721   -3.29099803084263
   0.58916297151184   -0.09806360639034   -3.29099501488501
   0.57452733236076   -0.09562756810148   -3.29099207290809
   0.55989173455242   -0.09319153669393   -3.29098920491174
   0.54525617720551   -0.09075551202102   -3.29098641089589
   0.53062065943873   -0.08831949393604   -3.29098369086042
   0.51598518037076   -0.08588348229232   -3.29098104480525
   0.50134973912029   -0.08344747694315   -3.29097847273027
   0.48671433480599   -0.08101147774184   -3.29097597463539
   0.47214389477504   -0.07858629156210   -3.29075239838023
   0.45744379861033   -0.07613952468451   -3.29050726725368
   0.44274237716565   -0.07369253721985   -3.29073447006760
   0.42823855787811   -0.07127843977221   -3.29074556328730
   0.41347150442362   -0.06882052814584   -3.29073019005738
   0.39890263522645   -0.06639560342453   -3.29096253964265
   0.38430407736919   -0.06396573715525   -3.29027359022773
   0.36956543055747   -0.06151255369065   -3.29072432165228
   0.35503421115864   -0.05909389561402   -3.29026985398162
   0.34036227603687   -0.05665181601918   -3.29049112823002
   0.32572631671526   -0.05421572443932   -3.29002549023465
   0.31109129114660   -0.05177978827858   -3.29002388029929
   0.29645629105750   -0.04934385635880   -3.29002234432424
   0.28182131556662   -0.04690792853328   -3.29002088230942
   0.26718636379265   -0.04447200465534   -3.29001949425471
   0.25255143485428   -0.04203608457829   -3.29001818016003
   0.23791652787019   -0.03960016815542   -3.29001694002527
   0.22334974019445   -0.03717558989427   -3.28979459220026
   0.20864690240508   -0.03472836668522   -3.28955074566393
   0.19394279319996   -0.03228093185456   -3.28977962426426
   0.17944575775860   -0.02986796354852   -3.28979155211366
   0.16467278026940   -0.02740906589242   -3.28977784534864
   0.15017652512563   -0.02499622746351   -3.28978989727919
   0.13540283396553   -0.02253721102000   -3.28977636054961
   0.12083795659322   -0.02011295072052   -3.29000968149302
   0.10624347997734   -0.01768376375607   -3.28932218442059
   0.09156857950586   -0.01524119059170   -3.28954466801134
   0.07693306404148   -0.01280517288995   -3.28908029711500
   0.06229835602749   -0.01036928958480   -3.28907994458309
   0.04766365851116   -0.00793340802693   -3.28907966599135
   0.03302897061116   -0.00549752806966   -3.28907946133967
   0.01839429144618   -0.00306164956630   -3.28907933062795
   0.00375962013490   -0.00062577237015   -3.28907927385611
  -0.01080397319397    0.00179827420591   -3.28885818966032
  -0.02558164676971    0.00425795350513   -3.28884561096695
  -0.04007291367924    0.00666996166421   -3.28885846860007
  -0.05477891908787    0.00911771210967   -3.28861584424395
  -0.06941356662599    0.01155358534888   -3.28861615672751
  -0.08404821159769    0.01398945816092   -3.28861654314117
  -0.09875581560184    0.01643747468563   -3.28884722945816
  -0.11324520495867    0.01884917033425   -3.28886046723786
  -0.12795213992752    0.02129707550095   -3.28861814596182
  -0.14266030059654    0.02374518468010   -3.28884908267658
  -0.15714857383047    0.02615669455494   -3.28886255873211
  -0.17174900264238    0.02858687223645   -3.28831309467113
  -0.18659920854422    0.03105862422493   -3.28829261656173
  -0.20112538473906    0.03347644288226   -3.28862229592295
  -0.21576070495001    0.03591242808492   -3.28815941142600
  -0.23039536618989    0.03834830360473   -3.28816053740010
  -0.24503003455798    0.04078418031100   -3.28816173729394
  -0.25959048705010    0.04320770410848   -3.28794211549348
  -0.27437453198561    0.04566844389274   -3.28793076911260
  -0.28893409124464    0.04809181901547   -3.28816578049290
  -0.30349401741971    0.05051525520977   -3.28794643671703
  -0.31820283329489    0.05296347344513   -3.28792063477915
  -0.33283820178602    0.05539946668382   -3.28770653750310
  -0.34747294699106    0.05783535617927   -3.28770825421565
  -0.36210770637425    0.06027124803460   -3.28771004483803
  -0.37674248081690    0.06270714239652   -3.28771190937017
  -0.39137727120035    0.06514303941171   -3.28771384781196
  -0.40601207840591    0.06757893922687   -3.28771586016332
  -0.42064690331493    0.07001484198869   -3.28771794642416
  -0.43528230741215    0.07245084115386   -3.28725617374148
  -0.44991660968984    0.07488665692598   -3.28772080829110
  -0.46455204060230    0.07732266055444   -3.28726071604830
  -0.47918639742074    0.07975848540462   -3.28772243970396
  -0.49382185870747    0.08219449408874   -3.28726555395397
  -0.50837942462572    0.08461753742859   -3.28704751573983
  -0.52317011161503    0.08707938275373   -3.28703715558223
  -0.53772676050409    0.08950227345807   -3.28727336505866
  -0.55228384447067    0.09192523657917   -3.28705562634243
  -0.56699681561601    0.09437414644112   -3.28680111520304
  -0.58163139186460    0.09681000781450   -3.28699923589361
  -0.59626699107511    0.09924603945543   -3.28680387121589
  -0.61090212212672    0.10168199317335   -3.28680535481588
  -0.62553728323487    0.10411795189405   -3.28680690880586
  -0.64017247528093    0.10655391576423   -3.28680853318142
  -0.65480769914628    0.10898988493060   -3.28681022793804
  -0.66944295571229    0.11142585953984   -3.28681199307110
  -0.68407869467076    0.11386191444121   -3.28637630557979
  -0.69871357047181    0.11629782567379   -3.28681573444749
  -0.71334936579375    0.11873388995661   -3.28638335869161
  -0.72798475523052    0.12116988668161   -3.28638699606698
  -0.74253353520781    0.12359146763992   -3.28615630443969
  -0.75734344867998    0.12605651312926   -3.28614576715943
  -0.77189114961788    0.12847791448617   -3.28639835146983
  -0.78638677579895    0.13089064822698   -3.28565065312921
  -0.80128970317894    0.13337117547550   -3.28556518846088
  -0.81571026421880    0.13577141495102   -3.28617614970403
  -0.83043366141168    0.13822206018310   -3.28517072823493
  -0.84506937841950    0.14065811143087   -3.28517297606340
  -0.85970548774649    0.14309422797847   -3.28498547179180
  -0.87434128606541    0.14553029276012   -3.28498821853776
  -0.88897713030414    0.14796636518493   -3.28499103553926
  -0.90374228693864    0.15042396109389   -3.28558248308078
  -0.91811314468275    0.15281592767266   -3.28563916442352
  -0.93288463867729    0.15527457840755   -3.28518795654833
  -0.94752068331481    0.15771068418787   -3.28519070211030
  -0.96215707114301    0.16014684709077   -3.28500617415972
  -0.97679320940947    0.16258296845521   -3.28500941256109
  -0.99142912273113    0.16501905237857   -3.28519936510812
  -1.00606564309209    0.16745523734097   -3.28501609998764
  -1.02070194027102    0.16989138515570   -3.28501954899905
  -1.03533829218352    0.17232754208059   -3.28502306819988
  -1.04997469971099    0.17476370826235   -3.28502665758302
  -1.06461116373481    0.17719988384768   -3.28503031714127
  -1.07924768513634    0.17963606898328   -3.28503404686735
  -1.09388426479699    0.18207226381585   -3.28503784675388
  -1.10852090359812    0.18450846849211   -3.28504171679338
  -1.12307263010830    0.18693053988796   -3.28443801035084
  -1.13779449243443    0.18938092964816   -3.28430488312829
  -1.15243131757644    0.19181716534004   -3.28430862046500
  -1.16706838736446    0.19425344175218   -3.28412992781723
  -1.18170533077291    0.19668969712899   -3.28413414653763
  -1.19634217253642    0.19912593558744   -3.28432025767715
  -1.21097941175501    0.20156224020056   -3.28414279423110
  -1.22561655109144    0.20399852818873   -3.28414722318797
  -1.24025375749996    0.20643482734076   -3.28415172220734
  -1.25497883933799    0.20888575297467   -3.28447718013562
  -1.26977646963639    0.21134875398332   -3.28667437244027
  -1.28436546935207    0.21377702934162   -3.29102088299639
  -1.29867994768731    0.21615961181375   -3.29728726191075
  -1.30328457142288    0.21692603134691   -3.30000106397321
  -1.31348536552217    0.21862390902387   -3.30626190830518
  -1.32732515822149    0.22092748214271   -3.31445510062469
  -1.32831039026274    0.22109146971791   -3.31527622620982
  -1.34266236647270    0.22348029354770   -3.32316241056185
  -1.35451195612586    0.22545260605174   -3.32971876373216
  -1.35728805841043    0.22591467616629   -3.33152379586047
  -1.37188843093008    0.22834484447820   -3.33996576586090
  -1.38006425981297    0.22970567552878   -3.34470494689915
  -1.38667622037466    0.23080620751966   -3.34897260800678
  -1.40105773962707    0.23319994865999   -3.35684403370494
  -1.40558702263936    0.23395382805843   -3.35966657501059
  -1.41575820779177    0.23564677745535   -3.36603923293737
  -1.42966304685532    0.23796117725775   -3.37407684687476
  -1.43065869774605    0.23812689900500   -3.37486871036273
  -1.44523176287949    0.24055252212160   -3.38332988262853
  -1.45527897063636    0.24222483602188   -3.38894642408666
  -1.45980929773824    0.24297888920448   -3.39180249583153
  -1.47435230139015    0.24539950871863   -3.40033711063041
  -1.48075632388361    0.24646543032518   -3.40402497218046
  -1.48915013313505    0.24786254325717   -3.40933167072239
  -1.50379952960266    0.25030087139135   -3.41767065973062
  -1.50560744979499    0.25060179182033   -3.41864344920725
  -1.51842994869319    0.25273604082391   -3.42604857603804
  -1.53200842410719    0.25499611882060   -3.43373139293913
  -1.53299879750780    0.25516096215264   -3.43453972244879
  -1.54760678964012    0.25759239871584   -3.44295531995988
  -1.55684775679402    0.25913051738497   -3.44837104534350
  -1.56241875354001    0.26005778548992   -3.45194923148772
  -1.57683244170297    0.26245688100507   -3.45977616614601
  -1.58246729289787    0.26339477740448   -3.46324924345363
  -1.59182790880988    0.26495281108743   -3.46934746005575
  -1.60618369125068    0.26734226844774   -3.47729557348054
  -1.60796246487021    0.26763833755683   -3.47830790560074
  -1.62091461112828    0.26979416579787   -3.48641915349353
  -1.63279800916648    0.27177210556012   -3.49297140673173
  -1.63554338204925    0.27222906089979   -3.49482886304815
  -1.65016839005773    0.27466332968135   -3.50314980366149
  -1.65862038160111    0.27607012680201   -3.50765874969455
  -1.66482775779470    0.27710331748982   -3.51154926542860
  -1.67931098761872    0.27951398791107   -3.52016999607829
  -1.68313050305309    0.28014972959253   -3.52267854223090
  -1.69412334642467    0.28197944041555   -3.52914897143038
  -1.70854451980581    0.28437978181261   -3.53695223948720
  -1.70953010520752    0.28454382820312   -3.53777376290704
  -1.72321256605076    0.28682121412087   -3.54622328682872
  -1.73409956430451    0.28863330748578   -3.55285108258188
  -1.73783080282653    0.28925435586028   -3.55553036178547
  -1.75254468140033    0.29170341675974   -3.56564067792140
  -1.75527711500895    0.29215821841368   -3.56751533431457
  -1.76725071210073    0.29415117141490   -3.57575879633464
  -1.77723789845571    0.29581349501468   -3.58238407681690
  -1.78188702455913    0.29658732177283   -3.58599861740357
  -1.79653826018432    0.29902595602677   -3.59619469392759
  -1.79828482203987    0.29931666362826   -3.59725166574152
  -1.81112073926687    0.30145314605413   -3.60651229527702
  -1.81926938278723    0.30280945221972   -3.61217429203448
  -1.82573342755179    0.30388536427145   -3.61677764461555
  -1.83963715646811    0.30619957929468   -3.62674285178351
  -1.84061698799355    0.30636266797759   -3.62757817745144
  -1.85501602729140    0.30875932525304   -3.63722586098939
  -1.86146231780818    0.30983228218768   -3.64181338062616
  -1.86988246185730    0.31123377843186   -3.64804769957943
  -1.88265935084352    0.31336043586456   -3.65647801224056
  -1.88439111345597    0.31364868019660   -3.65754528345245
  -1.89889860986021    0.31606338968428   -3.66795792232370
  -1.90358175464898    0.31684287870419   -3.67151709788257
  -1.91381980223700    0.31854695706184   -3.67870677515913
  -1.92476474105029    0.32036869438012   -3.68620002284541
  -1.92847577516382    0.32098637981896   -3.68891477956836
  -1.94287985936487    0.32338387679655   -3.69856129275454
  -1.94581678384248    0.32387271506354   -3.70105988523070
  -1.95775917400639    0.32586047380776   -3.70936804992546
  -1.96763268115115    0.32750387599893   -3.71616351051123
  -1.97228276491012    0.32827786215466   -3.71977912351902
  -1.98692883707637    0.33071563697339   -3.72997968211922
  -1.98868497732733    0.33100793885701   -3.73103557900003
  -2.00151740342805    0.33314384020014   -3.74029979777367
  -2.00968934490802    0.33450402420947   -3.74596398403899
  -2.01622309599527    0.33559153857451   -3.75042291627692
  -2.03059182508513    0.33798315084808   -3.76013787080652
  -2.03157187650858    0.33814627613205   -3.76097344403660
  -2.04549399417975    0.34046355188331   -3.77091022990829
  -2.05203547103129    0.34155235216812   -3.77546866471591
  -2.06016625364350    0.34290568546346   -3.78108965107283
  -2.07307503897515    0.34505429646746   -3.79028059143850
  -2.07480713476199    0.34534259625493   -3.79134821141709
  -2.08940590291919    0.34777249752771   -3.80163370777631
  -2.09488658603547    0.34868473332298   -3.80537850120975
  -2.10431747107605    0.35025446299584   -3.81235348005913
  -2.11611006666329    0.35221728908625   -3.82002596069267
  -2.11880196631146    0.35266534403931   -3.82195904445033
  -2.13339466827334    0.35509423562034   -3.83223344037908
  -2.13717553828252    0.35572354493936   -3.83490747562257
  -2.14826499806747    0.35756933714290   -3.84302485533004
  -2.15822376064907    0.35922692972960   -3.84975979051849
  -2.16289486341000    0.36000441440652   -3.85334545850146
  -2.17751459199542    0.36243780445113   -3.86358411920131
  -2.17928376446802    0.36273227549120   -3.86463147768083
  -2.19200878798031    0.36485030014203   -3.87310369541971
  -2.20060672714038    0.36628138960680   -3.87933229732567
  -2.20688836566290    0.36732694093528   -3.88397446169391
  -2.22118861685522    0.36970715536153   -3.89375520073507
  -2.22215904564126    0.36986867899948   -3.89461585457673
  -2.23593807737995    0.37216213872150   -3.90475086024042
  -2.24250476693023    0.37325513555002   -3.90931040356229
  -2.25066044750155    0.37461261300204   -3.91583807765050
  -2.26172017091591    0.37645345571642   -3.92415040668562
  -2.26529667050275    0.37704874847020   -3.92704297181868
  -2.27912890831462    0.37935106411099   -3.93903269424689
  -2.28006759957261    0.37950730517585   -3.93993634874568
  -2.29458115161240    0.38192302259764   -3.95214766641237
  -2.29724667003704    0.38236668651112   -3.95412490807951
  -2.30915583533035    0.38434891512057   -3.96434298996240
  -2.31465849968034    0.38526480959631   -3.96896725993761
  -2.32376171638840    0.38678000030467   -3.97648861343056
  -2.33203638381294    0.38815728259933   -3.98390176066380
  -2.33858151903974    0.38924669180474   -3.98926836750794
  -2.35037115358201    0.39120902504213   -3.99873986608235
  -2.35322334048109    0.39168375910885   -4.00140331988631
  -2.36755434165981    0.39406909173619   -4.01295513151570
  -2.36851500649723    0.39422899020749   -4.01382800154777
  -2.38247795676867    0.39655306236693   -4.02562975537047
  -2.38539402319627    0.39703842890249   -4.02829077291717
  -2.39695443516140    0.39896260904190   -4.03794281821552
  -2.40348629393447    0.40004980843951   -4.04339794443406
  -2.41185725296463    0.40144311805185   -4.05062433177868
  -2.42108403956425    0.40297887642959   -4.05799847770941
  -2.42662487744339    0.40390112472272   -4.06259046353524
  -2.43849641222127    0.40587708989704   -4.07288079548711
  -2.44113187828423    0.40631575172603   -4.07487769256220
  -2.45568064045211    0.40873732972004   -4.08710037826972
  -2.45662755545958    0.40889493959212   -4.08799964833155
  -2.47051217023626    0.41120597315020   -4.09984988674462
  -2.47425637474413    0.41182917965648   -4.10266934890449
  -2.48509399582047    0.41363305440562   -4.11206537828733
  -2.49235094353073    0.41484094169363   -4.11777911109897
  -2.49979810102458    0.41608048857032   -4.12407719729893
  -2.50995844192456    0.41777163298874   -4.13239402602423
  -2.51470118161361    0.41856104131982   -4.13685138410736
  -2.52735121827451    0.42066658473636   -4.14725991612347
  -2.52902371103650    0.42094496386037   -4.14842140983929
  -2.54355278831196    0.42336326538991   -4.16064083043523
  -2.54549567177229    0.42368664986607   -4.16238486762330
  -2.55843171587976    0.42583979797439   -4.17336238781646
  -2.56306755488331    0.42661141315272   -4.17700822849232
  -2.57302700480008    0.42826912014337   -4.18555784144851
  -2.58049102308294    0.42951147342484   -4.19189765521320
  -2.58789483837198    0.43074380618063   -4.19832249975110
  -2.59877060914135    0.43255403077974   -4.20675369899713
  -2.60263354077117    0.43319699889753   -4.21034114223878
  -2.61623522695725    0.43546094022597   -4.22166597820930
  -2.61719269053201    0.43562030586107   -4.22258430149085
  -2.63169652227130    0.43803440538124   -4.23480441186584
  -2.63362789195018    0.43835587343871   -4.23653573586662
  -2.64628615479575    0.44046278606781   -4.24700706921366
  -2.65178704327623    0.44137838495781   -4.25169737570823
  -2.66112460829923    0.44293258192085   -4.25971325832066
  -2.66965675792065    0.44435272100391   -4.26611562978827
  -2.67598913377906    0.44540671734062   -4.27168749032391
  -2.68684066164804    0.44721290681472   -4.28123017549418
  -2.69037718447303    0.44780154561090   -4.28409188085873
  -2.70486219382446    0.45021251222673   -4.29543399052666
  -2.70585382123154    0.45037756428267   -4.29632158776959
  -2.71952528925446    0.45265312049344   -4.30850040649227
  -2.72234894992554    0.45312310649395   -4.31119628100044
  -2.73434096688848    0.45511912540237   -4.32129439771316
  -2.74068481058728    0.45617503051108   -4.32611551492186
  -2.74902677358522    0.45756351386035   -4.33334736536756
  -2.75764095390038    0.45899730659453   -4.34053529647215
  -2.76403300465646    0.46006123555762   -4.34596692926611
  -2.77574333595080    0.46201036911536   -4.35565374036605
  -2.77855392923863    0.46247818010693   -4.35827118687410
  -2.79288770860270    0.46486397515110   -4.36984679666864
  -2.79383938864304    0.46502237814212   -4.37074660189986
  -2.80762417758203    0.46731679612501   -4.38276243506924
  -2.81124940534597    0.46792019947129   -4.38561922517167
  -2.82252929106259    0.46979768724043   -4.39547190293087
  -2.82883371476832    0.47084703106326   -4.40026880033737
  -2.83701272231767    0.47220839118901   -4.40685060131730
  -2.84724102264878    0.47391084715826   -4.41520307319085
  -2.85193900270929    0.47469280544444   -4.41963206845594
  -2.86441350424776    0.47676913180563   -4.43028306826330
  -2.86632209480284    0.47708680837731   -4.43205242148126
  -2.88101069740326    0.47953166220126   -4.44407192961721
  -2.88198240872379    0.47969339931148   -4.44492805132128
  -2.89559892197925    0.48195980854095   -4.45631048637402
  -2.89942937581655    0.48259737087185   -4.45982985762871
  -2.91021920656081    0.48439329112870   -4.46848215445719
  -2.91760203990440    0.48562213153120   -4.47499217665049
  -2.92502193266925    0.48685714031270   -4.48232054422610
  -2.93247904632966    0.48809834434988   -4.48963166815008
  -2.93951317721831    0.48926914474997   -4.49746604545258
  -2.94576600863669    0.49030990126164   -4.50504430813375
  -2.95425132723117    0.49172224552457   -4.51697231617525
  -2.95614080420890    0.49203674072469   -4.51972239143362
  -2.96714523739253    0.49386838062137   -4.53458226986610
  -2.96886786672645    0.49415510475905   -4.53653389304329
  -2.97836213728117    0.49573538467422   -4.54917993789378
  -2.98366765270327    0.49661846457097   -4.55696789661769
  -2.98888985015610    0.49748767655520   -4.56456779200227
  -2.99800710904812    0.49900520452383   -4.57671669948421
  -2.99988383940723    0.49931757810488   -4.57947296688823
  -3.01027023421018    0.50104634820929   -4.59413372738441
  -3.01302276383686    0.50150449475776   -4.59785502495351
  -3.02128981351931    0.50288050911248   -4.60911667014269
  -3.02733465964809    0.50388664738004   -4.61674138322916
  -3.03290785794742    0.50481428192393   -4.62413826940142
  -3.04244475903642    0.50640165750556   -4.63780109423101
  -3.04330182941003    0.50654431313029   -4.63879114591673
  -3.05431955043983    0.50837816473099   -4.65370032355709
  -3.05699483909658    0.50882345485699   -4.65747630517313
  -3.06505780804260    0.51016550086343   -4.66872501963574
  -3.07144899608443    0.51122928623149   -4.67717193359584
  -3.07604333317402    0.51199399359730   -4.68367544994382
  -3.08621119983004    0.51368639064498   -4.69757695009363
  -3.08705801546960    0.51382733941396   -4.69855836476535
  -3.09806770908757    0.51565985488699   -4.71345205990788
  -3.10082084125155    0.51611810172517   -4.71717426564735
  -3.10846828797083    0.51739098586968   -4.72814836209196
  -3.11544972151038    0.51855301502590   -4.73769565404128
  -3.11917999297908    0.51917390243859   -4.74322144691223
  -3.13023645325554    0.52101420201791   -4.75712766900028
  -3.13110225113468    0.52115831029786   -4.75813044735531
  -3.14150679648343    0.52289010148143   -4.77281035595237
  -3.14521771453581    0.52350776760240   -4.77836659999304
  -3.15159380397971    0.52456903987471   -4.78767590063778
  -3.15963379042734    0.52590726054455   -4.79808184147859
  -3.16323402328174    0.52650650359719   -4.80278363072051
  -3.17361522146477    0.52823440874687   -4.81744612921709
  -3.17447213375299    0.52837703805898   -4.81842556586903
  -3.18464946731053    0.53007101083111   -4.83237570852585
  -3.18896672009807    0.53078959872362   -4.83815092323222
  -3.19536240254656    0.53185413216607   -4.84745236393856
  -3.20364672304561    0.53323302117287   -4.85862324714991
  -3.20637745647018    0.53368753983859   -4.86234544144490
  -3.21701726831527    0.53545849010413   -4.87677157311856
  -3.21871039846828    0.53574030423183   -4.87889227615973
  -3.22749093583178    0.53720178637098   -4.89207918721313
  -3.23316726457768    0.53814658652780   -4.89944283642126
  -3.23878691334843    0.53908195255003   -4.90679957219497
  -3.24814938511980    0.54064029513268   -4.91973883897177
  -3.24980322952890    0.54091557031970   -4.92169454688877
  -3.26084852138780    0.54275401096463   -4.93663431068335
  -3.26248988181794    0.54302720824781   -4.93863259327561
  -3.27155149504271    0.54453547423787   -4.95165931415924
  -3.27710566112070    0.54545994095155   -4.95915137996460
  -3.28257455267494    0.54637021409277   -4.96659906894911
  -3.29194109062939    0.54792923347386   -4.97954323893380
  -3.29296923121324    0.54810036298878   -4.98129659674552
  -3.30398751648894    0.54993430850576   -4.99619408809248
  -3.30652138322065    0.55035605956929   -4.99915575681365
  -3.31500412144116    0.55176797434023   -5.01108935698233
  -3.32124618513753    0.55280693861154   -5.01965199933042
  -3.32638087903651    0.55366158601098   -5.02641186749586
  -3.33595824647439    0.55525569703984   -5.03914192847580
  -3.33703567165113    0.55543502976025   -5.04087852249521
  -3.34744002138181    0.55716678838404   -5.05556446515519
  -3.35076063703719    0.55771949037373   -5.05959526667960
  -3.35818211406696    0.55895476284921   -5.07070759905360
  -3.36543811314237    0.56016249224109   -5.08007881613519
  -3.36981125250727    0.56089038221060   -5.08581221781539
  -3.37998706151782    0.56258410122853   -5.09972570872118
  -3.38083369094988    0.56272501900409   -5.10072532654288
  -3.39114015166656    0.56444048442854   -5.11530951596303
  -3.39482890676533    0.56505446162257   -5.12010300895185
  -3.40225006191022    0.56628968052172   -5.13029200683386
  -3.40926033964765    0.56745651066885   -5.13988344755457
  -3.41297638247838    0.56807502978682   -5.14540801920635
  -3.42338972112431    0.56980828457635   -5.16011146210020
  -3.42422085066643    0.56994662246284   -5.16106125260666
  -3.43453240247394    0.57166293527715   -5.17468534272797
  -3.43905293881356    0.57241535883009   -5.18059040433913
  -3.44544508836527    0.57347930423728   -5.18993179058355
  -3.45329666689729    0.57478616523150   -5.20047628314337
  -3.45678348103690    0.57536653023384   -5.20524164882681
  -3.46743410460204    0.57713928006302   -5.21967932815454
  -3.46853270117502    0.57732213666997   -5.22147882329906
  -3.47838901672074    0.57896267739448   -5.23453494106162
  -3.48305197364290    0.57973880623206   -5.24120882465555
  -3.48921536839992    0.58076467640162   -5.24972955976138
  -3.49752087070020    0.58214709102683   -5.26091489855798
  -3.50024981019068    0.58260131110004   -5.26466166989269
  -3.51062567039963    0.58432832776723   -5.27931461729193
  -3.51231611374244    0.58460969468710   -5.28136534731778
  -3.52133407027493    0.58611069421119   -5.29439098711955
  -3.52693422493522    0.58704281552377   -5.30189673347058
  -3.53239014087287    0.58795092893021   -5.30934539162839
  -3.54175093141304    0.58950899167926   -5.32133407124818
  -3.54370058412703    0.58983350286817   -5.32403840480027
  -3.55472625743519    0.59166867809091   -5.33894737537349
  -3.55663527820977    0.59198642627076   -5.34178097640256
  -3.56488736933714    0.59335995083924   -5.35390740882143
  -3.57125849162335    0.59442039634982   -5.36230136364557
  -3.57649256982169    0.59529158583232   -5.36898208904469
  -3.58567711833693    0.59682031386518   -5.38116852051721
  -3.58753660525619    0.59712981735089   -5.38392220924422
  -3.59793984669097    0.59886139150367   -5.39860864059927
  -3.60069676282002    0.59932026816633   -5.40233651828856
  -3.60834341873181    0.60059302068439   -5.41329557758999
  -3.61523006429365    0.60173927279523   -5.42209493801332
  -3.61970284382261    0.60248374743537   -5.42865550356404
  -3.63007417162778    0.60421000970372   -5.44233310070687
  -3.63096029565858    0.60435750118294   -5.44329437093771
  -3.64117857805141    0.60605828971007   -5.45830050108682
  -3.64473862646926    0.60665084423854   -5.46297349345775
  -3.65216518873527    0.60788696312941   -5.47317060545508
  -3.65955269476457    0.60911658128006   -5.48338014137847
  -3.66318450433512    0.60972108013935   -5.48807592454975
  -3.67360576273636    0.61145565313759   -5.50277096724784
  -3.67443696140539    0.61159400252996   -5.50374890614139
  -3.68530019480495    0.61340214033856   -5.51796010674467
  -3.68900588023922    0.61401893551308   -5.52351352540766
  -3.69540287506098    0.61508368739433   -5.53286233823703
  -3.70342045510376    0.61641817861584   -5.54325308429541
  -3.70701584712988    0.61701661593372   -5.54795968316139
  -3.71745115065273    0.61875352668119   -5.56268141258019
  -3.71826855984048    0.61888958087455   -5.56362721753327
  -3.72859723583641    0.62060874393532   -5.57774655044888
  -3.73313302369349    0.62136370603680   -5.58405097315570
  -3.73949474557809    0.62242258689154   -5.59249873155373
  -3.74760662442227    0.62377277373717   -5.60387700671522
  -3.75023509239763    0.62421027076500   -5.60764151850733
  -3.76088872884280    0.62598352207491   -5.62204664388081
  -3.76262951472359    0.62627326829060   -5.62410587715877
  -3.77185618147954    0.62780900672089   -5.63701931885457
  -3.77738617804470    0.62872945052460   -5.64464055784755
  -3.78274784339846    0.62962187633252   -5.65220935891995
  -3.79176126654268    0.63112212129390   -5.66436510501750
  -3.79371241228491    0.63144688099084   -5.66707167687697
  -3.80430316766115    0.63320966602115   -5.68179857860945
  -3.80667628704325    0.63360466138959   -5.68483593230995
  -3.81493486335247    0.63497926538830   -5.69697229428891
  -3.82130276251592    0.63603917442416   -5.70537000130214
  -3.82594104146870    0.63681119572140   -5.71186866542014
  -3.83595470081266    0.63847792563471   -5.72503376986193
  -3.83760862656128    0.63875321436033   -5.72703122082913
  -3.84800166275685    0.64048308989556   -5.74170661781505
  -3.85076069151333    0.64094231819585   -5.74543763113795
  -3.85903792245200    0.64232002717625   -5.75663087966642
  -3.86544688397400    0.64338677086255   -5.76506514159043
  -3.87008581697705    0.64415890102361   -5.77156478098916
  -3.88023681900462    0.64584849102745   -5.78548336099227
  -3.88109263442454    0.64599093777061   -5.78646675686290
  -3.89161948215241    0.64774308565164   -5.80110963964987
  -3.89510509614844    0.64832325089532   -5.80600049232846
  -3.90231262155356    0.64952291205624   -5.81636814389444
  -3.90956523823761    0.65073007846383   -5.82574501294237
  -3.91333248633504    0.65135712047506   -5.83127892175688
  -3.92412445011973    0.65315339576719   -5.84542209212148
  -3.92497053209464    0.65329422242089   -5.84641137355036
  -3.93544456984847    0.65503758031212   -5.86116553909317
  -3.93899076991945    0.65562782984367   -5.86583596300008
  -3.94642420069566    0.65686509196810   -5.87604329893342
  -3.95346788134606    0.65803748188437   -5.88566065441412
  -3.95719673585212    0.65865813344981   -5.89122476329333
  -3.96761280240823    0.66039184228809   -5.90592138299646
  -3.96841858968539    0.66052596206513   -5.90686351826618
  -3.97880554383279    0.66225482526998   -5.92102319216057
  -3.98307947241460    0.66296620203745   -5.92654273746513
  -3.98966773049495    0.66406278885371   -5.93576215584457
  -3.99780069033202    0.66541648453863   -5.94715660742830
  -4.00045554678297    0.66585837381311   -5.95096117499178
  -4.01132358447905    0.66766731127591   -5.96530959838410
  -4.01288761323044    0.66792763703852   -5.96735055677725
  -4.02260472435292    0.66954500779405   -5.98045829299200
  -4.02738499627797    0.67034066320209   -5.98717151902776
  -4.03297113012053    0.67127045081073   -5.99552624260490
  -4.04208284424542    0.67278705587705   -6.00767844814214
  -4.04398284816433    0.67310330324060   -6.01043462687697
  -4.05496368921652    0.67493101632992   -6.02533182889989
  -4.05669885709200    0.67521982745314   -6.02740218367441
  -4.06519825139296    0.67663451455601   -6.04031890634707
  -4.07154502059992    0.67769090660279   -6.04873335256199
  -4.07620406314822    0.67846638390993   -6.05522515256730
  -4.08591062121267    0.68008199815499   -6.06968560470275
  -4.08668027452858    0.68021010359182   -6.07091120506922
  -4.09029869946846    0.68081237463772   -6.08600483078354
  -4.09029792725604    0.68081224610633   -6.10095595761123
  -4.08937532121260    0.68065868235526   -6.11590170266699
  -4.08757306948721    0.68035870541787   -6.13081394809656
  -4.08626978312026    0.68014177908767   -6.14566790430356
  -4.08578281845203    0.68006072594302   -6.14662355632774
  -4.08442115250135    0.67983408258578   -6.16069544861991
  -4.08261904190762    0.67953412913915   -6.17560888082731
  -4.08081697986799    0.67923418377413   -6.19052270760630
  -4.07896447646985    0.67892584266504   -6.20549500111317
  -4.07667337148619    0.67854449823543   -6.22035314250080
  -4.07338268602722    0.67799677799637   -6.23511822006889
  -4.07073574855149    0.67755620680077   -6.23982781160935
  -4.06506259063597    0.67661193441483   -6.24993710988076
  -4.05580040071093    0.67507028330802   -6.26101464206889
  -4.05223997561500    0.67447766608313   -6.26482636548306
  -4.04141253752117    0.67267548624700   -6.27706883968764
  -4.03939780431320    0.67234014269379   -6.27968563822437
  -4.02656863780748    0.67020478389603   -6.29364690320480
  -4.02565822878566    0.67005325028600   -6.29457576502760
  -4.01283654565006    0.66791913706255   -6.30946868937590
  -4.01192045871187    0.66776665838810   -6.31039921010775
  -3.99909702431092    0.66563225367418   -6.32435960643819
  -3.99726485488444    0.66532729706596   -6.32622069974323
  -3.98535753098278    0.66334537494811   -6.33925092276834
  -3.98238033872416    0.66284983428464   -6.34274242019082
  -3.97230519366584    0.66117287034241   -6.35391184351005
  -3.96772478897492    0.66041048196357   -6.35856484013020
  -3.95856090492620    0.65888519344102   -6.36883337977100
  -3.95323650447600    0.65799897021373   -6.37457132903551
  -3.94505703928645    0.65663753391577   -6.38392966805894
  -3.93864449951477    0.65557019464542   -6.39044423196603
  -3.93133468560481    0.65435350800910   -6.39884300243534
  -3.92394541138371    0.65312359555063   -6.40716336793114
  -3.91759431224234    0.65206648280516   -6.41373462650777
  -3.90929416905124    0.65068496018030   -6.42299036467135
  -3.90386929776078    0.64978201401995   -6.42864180683197
  -3.89460723631132    0.64824038429734   -6.43972292301629
  -3.89104633176557    0.64764768727011   -6.44353610441799
  -3.88021914458360    0.64584554919717   -6.45578248521382
  -3.87752311262862    0.64539680643968   -6.45863364471425
  -3.86537139012562    0.64337420524083   -6.47236755898413
  -3.86445652908375    0.64322193061148   -6.47329808976654
  -3.85140426884948    0.64104943883585   -6.48796266844530
  -3.85048820018106    0.64089696320233   -6.48889349636714
  -3.83697793333414    0.63864823822407   -6.50308928057239
  -3.83606186617946    0.63849576284251   -6.50402013517944
  -3.82144497850173    0.63606284565458   -6.51617155084780
  -3.81956750702717    0.63575034871809   -6.51797609903973
  -3.80636374555859    0.63355264022293   -6.52559585800149
  -3.79628035928511    0.63187430456638   -6.53231742106471
  -3.79178058061750    0.63112533603740   -6.53520733402148
  -3.77717129779093    0.62869368464378   -6.54360160242377
  -3.77156752765751    0.62776096155146   -6.54717042551913
  -3.76245948190870    0.62624496707033   -6.55287337555665
  -3.74793239418269    0.62382699669262   -6.56145311814214
  -3.74691534776208    0.62365771375276   -6.56235503724773
  -3.73316311230405    0.62136871415477   -6.57055603568986
  -3.72297588847307    0.61967309518977   -6.57691364061148
  -3.71843565436565    0.61891739302932   -6.57982053999343
  -3.70349179372401    0.61643005261797   -6.58842640321419
  -3.69888695050777    0.61566359655321   -6.59159614067351
  -3.68911465685721    0.61403704090661   -6.59748866871769
  -3.67458710692511    0.61161899359671   -6.60606936172057
  -3.67357826918904    0.61145107695658   -6.60697015974458
  -3.65981724618053    0.60916061470915   -6.61517324355501
  -3.65042681656706    0.60759761866564   -6.62132789611892
  -3.64509273940625    0.60670978479209   -6.62443906700245
  -3.63028356686669    0.60424486262775   -6.63341340964509
  -3.62574239912794    0.60348900506844   -6.63643346521418
  -3.61560062498325    0.60180095100545   -6.64271039182219
  -3.60194332608020    0.59952775318287   -6.65128983989771
  -3.60099226605137    0.59936945339006   -6.65201499579120
  -3.58647327629111    0.59695283088342   -6.65979580663922
  -3.57628842894726    0.59525760747433   -6.66615521793178
  -3.57175169922773    0.59450248860396   -6.66906300149300
  -3.55694026810885    0.59203719050895   -6.67803819690518
  -3.55315519160105    0.59140718103658   -6.68083694903779
  -3.54245752363645    0.58962660087235   -6.68675149705148
  -3.52849558986414    0.58730269790475   -6.69570407841573
  -3.52736750410176    0.58711493295087   -6.69668637792022
  -3.51313106608898    0.58474533994996   -6.70442381209285
  -3.50384266036260    0.58319932533739   -6.71079734328113
  -3.49826172368764    0.58227040277462   -6.71430166290445
  -3.48379436853458    0.57986237462309   -6.72208986739445
  -3.47727226553822    0.57877679903196   -6.72547030130127
  -3.46900801100753    0.57740124991806   -6.72918155290711
  -3.45442648485082    0.57497421850104   -6.73385145266738
  -3.43962188814267    0.57251005796388   -6.73899217525790
  -3.43766689702439    0.57218465822087   -6.73983648139809
  -3.42489567709137    0.57005894437735   -6.74455452633490
  -3.41027349601702    0.56762514612665   -6.74919202578906
  -3.39568653617331    0.56519721029613   -6.75423079679083
  -3.39469458547635    0.56503210443000   -6.75489890954565
  -3.38090421432914    0.56273675731291   -6.75939023995702
  -3.36625117181657    0.56029782231045   -6.76402623433245
  -3.35166522303598    0.55787005476698   -6.76906565142889
  -3.34981385160732    0.55756190206927   -6.76986755620049
  -3.33690883044772    0.55541391759529   -6.77422820168198
  -3.32222988642994    0.55297067140028   -6.77886178597405
  -3.30764493874128    0.55054307048420   -6.78390185766875
  -3.30572777343842    0.55022396668315   -6.78480721128623
  -3.29291043671365    0.54809057690082   -6.78906794752164
  -3.27820961458877    0.54564368919033   -6.79369868927442
  -3.26433616163285    0.54333451346862   -6.79911168931711
  -3.26332528457339    0.54316625739201   -6.79978711534358
  -3.24874040725470    0.54073866818871   -6.80440906805019
  -3.23428040315189    0.53833186358742   -6.80894305026204
  -3.22039471883511    0.53602065200906   -6.81397462140380
  -3.21881608883449    0.53575789593221   -6.81499434376784
  -3.20496257901034    0.53345203965779   -6.81915961180626
  -3.19030294018991    0.53101200672866   -6.82380221057064
  -3.17637666687673    0.52869403928892   -6.82881470070066
  -3.17537035325844    0.52852654277719   -6.82945356812140
  -3.16085365915948    0.52611030237335   -6.83358512521669
  -3.14619363851213    0.52367020589080   -6.83686144607337
  -3.13154005533410    0.52123118089693   -6.84006369503398
      
      
