0.000000 0.000000 0.000000
1.898429 3.328300 -6.070526
1.896102 3.324221 -6.065738
1.891962 3.316962 -6.055432
1.888772 3.311370 -6.047984
1.885524 3.305676 -6.040534
1.881372 3.298397 -6.031158
1.879045 3.294317 -6.025582
1.873995 3.285464 -6.013480
1.873021 3.283756 -6.010778
1.866711 3.272692 -5.996446
1.866249 3.271883 -5.995512
1.860193 3.261265 -5.980539
1.859308 3.259715 -5.978677
1.854047 3.250490 -5.965936
1.851734 3.246435 -5.961199
1.847146 3.238391 -5.950870
1.844397 3.233572 -5.944260
1.840789 3.227246 -5.935710
1.837020 3.220639 -5.926633
1.834655 3.216493 -5.921140
1.829613 3.207653 -5.909718
1.827856 3.204573 -5.905829
1.822140 3.194552 -5.892031
1.821695 3.193772 -5.891072
1.815671 3.183210 -5.876272
1.814743 3.181583 -5.874359
1.809236 3.171929 -5.861227
1.807439 3.168778 -5.857445
1.802781 3.160612 -5.846307
1.799969 3.155682 -5.839818
1.796305 3.149259 -5.831362
1.792583 3.142733 -5.822122
1.789858 3.137956 -5.816436
1.785276 3.129921 -5.805250
1.783429 3.126683 -5.801515
1.777781 3.116782 -5.787487
1.777337 3.116003 -5.786527
1.771311 3.105438 -5.771734
1.770384 3.103813 -5.769821
1.764888 3.094179 -5.756676
1.763095 3.091035 -5.752887
1.758438 3.082870 -5.741752
1.755705 3.078079 -5.736068
1.751965 3.071521 -5.726812
1.748318 3.065127 -5.718372
1.745186 3.059637 -5.711657
1.741050 3.052386 -5.701406
1.739087 3.048944 -5.696972
1.733545 3.039228 -5.683906
1.732622 3.037610 -5.682039
1.726837 3.027468 -5.667011
1.726047 3.026082 -5.665348
1.720115 3.015682 -5.652158
1.718664 3.013138 -5.648534
1.714021 3.004999 -5.637380
1.711279 3.000191 -5.630842
1.707570 2.993690 -5.622471
1.703987 2.987408 -5.614724
1.700840 2.981889 -5.607123
1.696718 2.974664 -5.596889
1.694756 2.971223 -5.592457
1.689100 2.961308 -5.579450
1.688233 2.959788 -5.577493
1.682289 2.949367 -5.562601
1.681808 2.948524 -5.561621
1.675791 2.937974 -5.547655
1.674439 2.935603 -5.544793
1.669325 2.926639 -5.532727
1.666939 2.922455 -5.527248
1.662857 2.915298 -5.517796
1.659668 2.909708 -5.510231
1.656521 2.904191 -5.502633
1.652281 2.896757 -5.492633
1.650331 2.893338 -5.488177
1.644898 2.883812 -5.475717
1.643598 2.881533 -5.472782
1.637626 2.871064 -5.458819
1.637165 2.870255 -5.457886
1.631137 2.859687 -5.442938
1.630125 2.857913 -5.440318
1.624683 2.848373 -5.428024
1.622741 2.844968 -5.423516
1.618546 2.837612 -5.413328
1.615355 2.832018 -5.405831
1.612099 2.826310 -5.398416
1.607857 2.818873 -5.388297
1.605631 2.814972 -5.383490
1.600591 2.806136 -5.371261
1.599292 2.803857 -5.368327
1.593317 2.793382 -5.354366
1.592856 2.792573 -5.353433
1.586833 2.782015 -5.338490
1.585933 2.780437 -5.336627
1.580264 2.770499 -5.323819
1.578331 2.767109 -5.319210
1.573911 2.759360 -5.308647
1.571053 2.754349 -5.302328
1.567339 2.747838 -5.293978
1.563568 2.741226 -5.284704
1.561309 2.737265 -5.279036
1.556284 2.728457 -5.266953
1.554900 2.726031 -5.264156
1.549017 2.715717 -5.249939
1.548556 2.714908 -5.249007
1.542539 2.704359 -5.234068
1.541637 2.702777 -5.232205
1.535969 2.692840 -5.219401
1.534140 2.689634 -5.214703
1.529508 2.681513 -5.204484
1.526760 2.676695 -5.197915
1.523047 2.670185 -5.189567
1.519392 2.663777 -5.181053
1.516704 2.659065 -5.174403
1.512004 2.650826 -5.163379
1.510250 2.647751 -5.159498
1.504612 2.637866 -5.145771
1.504151 2.637057 -5.144839
1.498014 2.626298 -5.130111
1.497107 2.624708 -5.128177
1.491659 2.615156 -5.114987
1.489861 2.612005 -5.111202
1.484883 2.603277 -5.099854
1.482592 2.599260 -5.094248
1.478429 2.591963 -5.084950
1.475099 2.586124 -5.076740
1.472303 2.581222 -5.070268
1.467826 2.573374 -5.059799
1.465866 2.569937 -5.055372
1.460359 2.560282 -5.042174
1.459517 2.558806 -5.040216
1.453413 2.548104 -5.025555
1.452946 2.547286 -5.024578
1.446935 2.536747 -5.010630
1.445595 2.534397 -5.007731
1.440615 2.525667 -4.995507
1.438211 2.521453 -4.990049
1.434153 2.514338 -4.980583
1.430941 2.508706 -4.973108
1.428030 2.503604 -4.965912
1.423452 2.495578 -4.955592
1.421241 2.491701 -4.950767
1.416092 2.482674 -4.937825
1.415248 2.481193 -4.935866
1.409142 2.470489 -4.921209
1.408678 2.469676 -4.920233
1.402668 2.459139 -4.906288
1.401426 2.456961 -4.903253
1.396221 2.447836 -4.891391
1.393945 2.443846 -4.886651
1.389754 2.436499 -4.876475
1.386576 2.430927 -4.868925
1.383435 2.425420 -4.861348
1.379190 2.417978 -4.851263
1.376980 2.414103 -4.846439
1.371911 2.405216 -4.834350
1.370526 2.402788 -4.831532
1.364879 2.392888 -4.816887
1.364418 2.392080 -4.815912
1.358080 2.380968 -4.801753
1.357061 2.379180 -4.799114
1.351955 2.370229 -4.787068
1.349593 2.366088 -4.781533
1.345633 2.359146 -4.771953
1.342420 2.353512 -4.765399
1.338720 2.347025 -4.757038
1.334934 2.340388 -4.747899
1.332597 2.336290 -4.742370
1.327686 2.327682 -4.730911
1.326274 2.325205 -4.727246
1.320234 2.314617 -4.713321
1.319823 2.313895 -4.712335
1.313828 2.303385 -4.697459
1.312925 2.301803 -4.695552
1.307375 2.292072 -4.682561
1.305441 2.288682 -4.678048
1.300926 2.280766 -4.667646
1.298172 2.275937 -4.661114
1.294473 2.269453 -4.652755
1.290803 2.263018 -4.644347
1.288021 2.258140 -4.637861
1.283324 2.249906 -4.626835
1.281895 2.247402 -4.623187
1.275971 2.237016 -4.610028
1.275437 2.236078 -4.608278
1.269583 2.225816 -4.593188
1.268684 2.224239 -4.591282
1.263131 2.214505 -4.578294
