-0.734439 -2.260371 -4.578603
-0.736197 -2.265781 -4.585952
-0.737972 -2.271245 -4.593257
-0.740863 -2.280141 -4.605299
-0.741704 -2.282732 -4.608139
-0.745272 -2.293711 -4.622460
-0.745524 -2.294488 -4.623454
-0.749007 -2.305207 -4.638355
-0.749904 -2.307968 -4.641977
-0.752532 -2.316056 -4.653007
-0.754574 -2.322340 -4.661296
-0.756264 -2.327541 -4.667890
-0.759171 -2.336488 -4.679891
-0.759993 -2.339017 -4.682772
-0.763439 -2.349625 -4.697654
-0.763704 -2.350438 -4.698640
-0.767173 -2.361116 -4.712538
-0.768299 -2.364581 -4.717245
-0.770712 -2.372007 -4.727195
-0.773025 -2.379127 -4.736456
-0.774446 -2.383498 -4.742081
-0.777623 -2.393276 -4.755059
-0.778179 -2.394990 -4.756973
-0.781539 -2.405330 -4.772077
-0.782078 -2.406990 -4.774028
-0.785279 -2.416840 -4.786962
-0.786735 -2.421322 -4.792487
-0.789010 -2.428323 -4.801849
-0.791407 -2.435700 -4.811817
-0.792542 -2.439195 -4.816512
-0.795921 -2.449593 -4.830636
-0.796164 -2.450341 -4.831606
-0.799841 -2.461658 -4.846739
-0.800458 -2.463557 -4.849416
-0.803371 -2.472522 -4.861398
-0.805130 -2.477935 -4.868751
-0.806905 -2.483400 -4.876057
-0.809728 -2.492088 -4.887357
-0.810637 -2.494884 -4.890938
-0.814216 -2.505899 -4.905302
-0.814467 -2.506671 -4.906279
-0.817740 -2.516744 -4.920953
-0.818912 -2.520353 -4.925541
-0.821472 -2.528232 -4.935845
-0.823515 -2.534518 -4.944138
-0.825206 -2.539724 -4.950736
-0.828115 -2.548675 -4.962744
-0.828736 -2.550588 -4.965389
-0.832387 -2.561824 -4.980519
-0.832651 -2.562637 -4.981506
-0.836048 -2.573090 -4.995640
-0.837227 -2.576721 -5.000208
-0.839575 -2.583947 -5.010303
-0.841902 -2.591109 -5.019535
-0.843307 -2.595431 -5.025198
-0.846422 -2.605019 -5.038341
-0.846981 -2.606741 -5.040317
-0.850502 -2.617575 -5.054979
-0.851148 -2.619564 -5.057539
-0.854032 -2.628441 -5.069656
-0.855706 -2.633591 -5.076296
-0.857763 -2.639924 -5.084544
-0.860305 -2.647748 -5.094912
-0.861415 -2.651163 -5.099670
-0.864880 -2.661828 -5.113593
-0.865157 -2.662680 -5.114561
-0.868601 -2.673280 -5.129462
-0.869492 -2.676020 -5.133110
-0.872137 -2.684161 -5.144132
-0.874096 -2.690192 -5.151718
-0.876073 -2.696274 -5.159258
-0.878768 -2.704569 -5.171088
-0.879599 -2.707128 -5.173917
-0.883063 -2.717787 -5.188831
-0.883322 -2.718586 -5.189844
-0.886710 -2.729014 -5.203951
-0.887884 -2.732625 -5.208542
-0.890446 -2.740512 -5.218852
-0.892490 -2.746801 -5.227150
-0.894183 -2.752012 -5.233753
-0.897163 -2.761184 -5.246518
-0.897708 -2.762860 -5.248414
-0.901369 -2.774130 -5.263556
-0.901634 -2.774944 -5.264543
-0.904906 -2.785013 -5.278226
-0.906303 -2.789314 -5.283934
-0.908640 -2.796506 -5.293125
-0.910903 -2.803472 -5.302562
-0.912296 -2.807758 -5.308259
-0.915623 -2.817997 -5.321770
-0.915891 -2.818822 -5.322692
-0.919484 -2.829880 -5.338067
-0.920094 -2.831758 -5.340771
-0.923020 -2.840765 -5.352742
-0.924699 -2.845932 -5.359393
-0.926673 -2.852005 -5.367874
-0.929286 -2.860048 -5.378051
-0.930411 -2.863509 -5.382781
-0.933877 -2.874179 -5.396712
-0.934149 -2.875014 -5.397702
-0.937600 -2.885635 -5.412591
-0.938491 -2.888377 -5.416242
-0.941338 -2.897141 -5.427500
-0.943099 -2.902560 -5.434863
-0.944874 -2.908023 -5.442177
-0.947704 -2.916732 -5.453492
-0.948598 -2.919484 -5.457075
-0.952072 -2.930177 -5.472002
-0.952335 -2.930986 -5.473018
-0.955802 -2.941655 -5.486900
-0.956967 -2.945243 -5.491523
-0.959345 -2.952562 -5.501587
-0.961524 -2.959265 -5.510311
-0.962997 -2.963800 -5.516724
-0.966179 -2.973592 -5.529725
-0.966716 -2.975247 -5.531621
-0.970194 -2.985949 -5.546551
-0.970723 -2.987578 -5.548527
-0.973646 -2.996574 -5.561462
-0.975297 -3.001655 -5.567214
-0.977386 -3.008084 -5.576374
-0.979979 -3.016066 -5.586579
-0.981125 -3.019594 -5.591288
-0.984509 -3.030007 -5.605436
-0.984773 -3.030821 -5.606424
-0.988512 -3.042326 -5.621335
-0.989122 -3.044205 -5.624040
-0.992050 -3.053215 -5.636020
-0.993731 -3.058390 -5.642676
-0.995708 -3.064474 -5.651170
-0.998389 -3.072725 -5.662083
-0.999262 -3.075413 -5.665874
-1.002705 -3.086007 -5.680773
-1.002962 -3.086800 -5.681685
-1.006639 -3.098116 -5.695912
-1.007528 -3.100854 -5.699562
-1.010179 -3.109012 -5.710601
-1.012211 -3.115265 -5.718946
-1.013839 -3.120275 -5.725757
-1.016745 -3.129220 -5.737775
-1.017348 -3.131076 -5.740421
-1.021112 -3.142661 -5.755354
-1.021376 -3.143474 -5.756273
-1.024772 -3.153925 -5.770508
-1.025939 -3.157517 -5.775095
-1.028312 -3.164820 -5.785197
-1.030625 -3.171936 -5.794475
-1.032050 -3.176324 -5.800114
-1.035234 -3.186122 -5.813125
-1.035765 -3.187756 -5.815021
-1.039253 -3.198493 -5.829964
-1.039783 -3.200123 -5.831941
-1.042708 -3.209125 -5.844885
-1.044381 -3.214273 -5.851535
-1.046434 -3.220591 -5.859793
-1.048989 -3.228455 -5.870186
-1.050155 -3.232046 -5.874708
-1.053577 -3.242577 -5.888890
-1.053842 -3.243392 -5.889879
-1.057381 -3.254283 -5.904571
-1.058262 -3.256995 -5.908257
-1.060847 -3.264952 -5.919508
-1.062798 -3.270955 -5.927095
-1.064775 -3.277041 -5.934647
-1.067533 -3.285529 -5.946313
-1.068343 -3.288021 -5.949375
-1.071784 -3.298612 -5.964282
-1.072033 -3.299377 -5.965190
-1.075438 -3.309858 -5.979437
-1.076601 -3.313438 -5.984022
-1.079175 -3.321361 -5.994358
-1.081219 -3.327650 -6.002668
-1.082917 -3.332874 -6.009285
-1.085886 -3.342013 -6.021147
-1.086499 -3.343902 -6.023737
-1.090126 -3.355062 -6.039156
-1.090454 -3.356073 -6.040902
-1.093576 -3.365681 -6.054077
-1.095025 -3.370139 -6.059607
-1.097320 -3.377203 -6.069008
-1.099715 -3.384574 -6.078997
