# shadow point cont 2D ind 313  size 1143
# norm -0.7754957 -0.6313528  0.0000000
# angle  2.4582963
   3.24777685  -6.84411720
   3.24873229  -6.84362178
   3.26267512  -6.84139566
   3.27750237  -6.83780224
   3.29237918  -6.83410052
   3.30713582  -6.83019541
   3.31079493  -6.82899687
   3.32211608  -6.82488591
   3.33700801  -6.82112935
   3.35188534  -6.81742820
   3.36381984  -6.81422705
   3.36662187  -6.81334261
   3.38149112  -6.80872222
   3.39640746  -6.80495247
   3.41150018  -6.80115527
   3.41420999  -6.80004418
   3.42625061  -6.79619725
   3.44099970  -6.79205302
   3.45602538  -6.78779046
   3.46707069  -6.78480774
   3.47074363  -6.78374255
   3.48578103  -6.77945715
   3.50065970  -6.77575741
   3.51533112  -6.77156947
   3.51996306  -6.76959079
   3.53026520  -6.76612007
   3.54518455  -6.76235251
   3.56006379  -6.75865332
   3.57209920  -6.75513680
   3.57486952  -6.75415865
   3.59003747  -6.74933471
   3.60478988  -6.74525003
   3.61502453  -6.74076183
   3.61964913  -6.73884951
   3.63470793  -6.73091493
   3.64390906  -6.72609682
   3.64959998  -6.72258140
   3.66426826  -6.71567679
   3.67272745  -6.71121653
   3.67951285  -6.70712570
   3.69401809  -6.69992689
   3.70061443  -6.69634869
   3.70889430  -6.69158871
   3.72376087  -6.68408356
   3.72850172  -6.68148152
   3.73863828  -6.67578092
   3.75350772  -6.66828809
   3.75733807  -6.66657599
   3.76838808  -6.66000807
   3.78342911  -6.65283659
   3.78451278  -6.65208341
   3.79832238  -6.64451864
   3.81226642  -6.63708611
   3.81332636  -6.63628733
   3.82806258  -6.62870994
   3.84176132  -6.62184720
   3.84276210  -6.62102395
   3.85781076  -6.61291713
   3.86980407  -6.60716040
   3.87230015  -6.60591668
   3.88755933  -6.59712508
   3.89769342  -6.59229726
   3.90243457  -6.58969597
   3.91712277  -6.58193933
   3.92558314  -6.57743477
   3.93199995  -6.57362080
   3.94648945  -6.56333858
   3.94749711  -6.56253365
   3.96225254  -6.54916791
   3.96319880  -6.54823262
   3.97688134  -6.53588991
   3.97968538  -6.53311004
   3.99197307  -6.52124689
   3.99477882  -6.51844952
   4.00662006  -6.50704869
   4.01046968  -6.50351098
   4.02171355  -6.49238892
   4.02612506  -6.48843493
   4.03655305  -6.47843484
   4.04191523  -6.47354489
   4.05097041  -6.46493727
   4.05694126  -6.45885496
   4.06606402  -6.45027870
   4.07256514  -6.44376367
   4.08092372  -6.43538732
   4.08832906  -6.42885016
   4.09578533  -6.42142946
   4.10339885  -6.41419412
   4.11087904  -6.40677213
   4.11830895  -6.39932700
   4.12550682  -6.39258179
   4.13477664  -6.38418910
   4.14056673  -6.37886553
   4.14988995  -6.36955239
   4.15523039  -6.36466870
   4.16544662  -6.35443246
   4.17009037  -6.34977969
   4.18050534  -6.33975987
   4.18522007  -6.33417524
   4.19093712  -6.32491404
   4.19351771  -6.30994778
   4.19358894  -6.29480944
   4.19355351  -6.27988893
   4.19260467  -6.26488837
   4.19255218  -6.25004670
   4.19251700  -6.23512745
   4.19203605  -6.22016305
   4.19151617  -6.20528776
   4.19148123  -6.19036978
   4.19053343  -6.17537594
   4.19048091  -6.16053261
   4.18953347  -6.14554101
   4.18636320  -6.13129338
   4.18528814  -6.12949440
   4.17620368  -6.11509214
   4.17088266  -6.10835387
   4.16403954  -6.10012741
   4.15597356  -6.09053001
   4.15159075  -6.08466729
   4.14151836  -6.07237547
   4.13921177  -6.06970881
   4.12651552  -6.05534251
   4.12558297  -6.05440872
   4.11327611  -6.03984675
   4.11121525  -6.03721363
   4.10088939  -6.02519593
   4.09628270  -6.01954901
   4.08810226  -6.00997983
   4.08166874  -6.00243114
   4.07501635  -5.99504101
   4.06645430  -5.98491900
   4.06264394  -5.98037832
   4.05162895  -5.96716691
   4.05010270  -5.96525187
   4.03774733  -5.95025146
   4.03660731  -5.94855793
   4.02537165  -5.93558772
   4.02191531  -5.93164100
   4.01228646  -5.92063631
   4.00676821  -5.91404059
   3.99947823  -5.90545323
   3.99185923  -5.89625787
   3.98711724  -5.89077222
   3.97698423  -5.87854026
   3.97476214  -5.87580317
   3.96262682  -5.86115947
   3.96176911  -5.86017019
   3.94912916  -5.84573161
   3.94711078  -5.84306436
   3.93678469  -5.83105180
   3.93218023  -5.82540788
   3.92371040  -5.81610888
   3.91727725  -5.80856760
   3.91090258  -5.80093823
   3.90237187  -5.79079799
   3.89790794  -5.78602923
   3.88731991  -5.77230754
   3.88654767  -5.77139856
   3.87365212  -5.75616764
   3.87276606  -5.75519633
   3.86123224  -5.74145736
   3.85740540  -5.73687962
   3.84816902  -5.72652344
   3.84250078  -5.72006255
   3.83515972  -5.71161247
   3.82757888  -5.70239087
   3.82306720  -5.69669978
   3.81293892  -5.68447418
   3.81061883  -5.68175749
   3.79858239  -5.66710065
   3.79772508  -5.66611188
   3.78576306  -5.65191496
   3.78308327  -5.64901771
   3.77275674  -5.63701016
   3.76838234  -5.63211893
   3.75969138  -5.62207582
   3.75303139  -5.61379777
   3.74689235  -5.60691362
   3.73836554  -5.59677860
   3.73389871  -5.59201126
   3.72354429  -5.57904275
   3.72162594  -5.57704067
   3.70951526  -5.56212207
   3.70835042  -5.56049052
   3.69702523  -5.54772820
   3.69359693  -5.54377438
   3.68423900  -5.53256082
   3.67872580  -5.52597190
   3.67144288  -5.51740062
   3.66383744  -5.50820909
   3.65909172  -5.50272727
   3.64896797  -5.49050782
   3.64625027  -5.48759409
   3.63461205  -5.47314130
   3.63375511  -5.47215303
   3.62154779  -5.45820108
   3.61889139  -5.45528945
   3.60875254  -5.44304137
   3.60424128  -5.43825108
   3.59574571  -5.42814127
   3.58908869  -5.41986730
   3.58295523  -5.41298719
   3.57443214  -5.40285720
   3.57061246  -5.39832024
   3.55938405  -5.38438313
   3.55840834  -5.38336396
   3.54547589  -5.36849897
   3.54460152  -5.36752140
   3.53266381  -5.35333450
   3.52973840  -5.34972232
   3.52028296  -5.33864807
   3.51461963  -5.33219369
   3.50727552  -5.32375045
   3.49970137  -5.31453796
   3.49492234  -5.30909498
   3.48505149  -5.29670214
   3.48235486  -5.29372434
   3.47065810  -5.27922293
   3.46972739  -5.27829088
   3.45700589  -5.26411691
   3.45523568  -5.26217677
   3.44463624  -5.24944709
   3.44008136  -5.24378660
   3.43187022  -5.23430157
   3.42544548  -5.22677157
   3.41885362  -5.21940370
   3.41053172  -5.20911069
   3.40609564  -5.20426557
   3.39575022  -5.19130948
   3.39386516  -5.18931351
   3.38161830  -5.17468701
   3.38074428  -5.17370991
   3.36860945  -5.15979757
   3.36581648  -5.15607204
   3.35617264  -5.14506531
   3.35073270  -5.13849327
   3.34346307  -5.12997783
   3.33628413  -5.12138467
   3.33070198  -5.11483871
   3.32123658  -5.10285959
   3.31848108  -5.09989067
   3.30643296  -5.08597940
   3.30545376  -5.08498793
   3.29318737  -5.07035461
   3.29118856  -5.06767558
   3.28080728  -5.05566891
   3.27609177  -5.05014372
   3.26778336  -5.04077263
   3.26157950  -5.03312709
   3.25502617  -5.02564623
   3.24653669  -5.01550151
   3.24229554  -5.01053050
   3.23195431  -4.99758026
   3.23078289  -4.99582053
   3.21782682  -4.98096514
   3.21695314  -4.97998848
   3.20478172  -4.96605150
   3.20187545  -4.96242593
   3.19241633  -4.95137790
   3.18695330  -4.94478786
   3.17966532  -4.93625987
   3.17209728  -4.92705581
   3.16728978  -4.92156508
   3.15766521  -4.90999460
   3.15410567  -4.90603253
   3.14267670  -4.89229871
   3.14184968  -4.89137489
   3.13031291  -4.87664786
   3.12752292  -4.87385447
   3.11706374  -4.86200213
   3.11257877  -4.85720759
   3.10404258  -4.84711222
   3.09765902  -4.83957280
   3.09128868  -4.83199225
   3.08280244  -4.82185199
   3.07920850  -4.81711092
   3.06822167  -4.80393778
   3.06706646  -4.80218051
   3.05404665  -4.78728798
   3.05311680  -4.78635704
   3.04106317  -4.77242360
   3.03838814  -4.76953262
   3.02870515  -4.75775678
   3.02323632  -4.75116819
   3.01593822  -4.74262963
   3.00820395  -4.73359357
   3.00359001  -4.72800272
   2.99352537  -4.71667432
   2.99057890  -4.71306733
   2.97871190  -4.69895684
   2.97784991  -4.69800245
   2.96574049  -4.68309062
   2.96397225  -4.68115311
   2.95338123  -4.66841945
   2.94866497  -4.66289854
   2.93970782  -4.65331718
   2.93420454  -4.64674186
   2.92695034  -4.63819130
   2.91935863  -4.62901867
   2.91459535  -4.62353500
   2.90449764  -4.61135023
   2.90248125  -4.60862219
   2.89015347  -4.59399158
   2.88928573  -4.59302604
   2.87740819  -4.57888336
   2.87450015  -4.57525563
   2.86438370  -4.56398620
   2.85948526  -4.55861650
   2.84949375  -4.54907887
   2.84484644  -4.54442671
   2.83273472  -4.53416318
   2.82983247  -4.53150882
   2.81554052  -4.52059313
   2.81346748  -4.51881889
   2.80036185  -4.50879820
   2.79472831  -4.50414234
   2.78510519  -4.49721293
   2.77586046  -4.48972712
   2.77034281  -4.48500879
   2.75671732  -4.47436881
   2.75574279  -4.47349510
   2.74128573  -4.46274746
   2.73736757  -4.45915687
   2.72583946  -4.45040335
   2.71844388  -4.44481708
   2.71095746  -4.43927755
   2.69987697  -4.42994373
   2.69625441  -4.42703243
   2.68150191  -4.41567535
   2.68061264  -4.41484151
   2.66638467  -4.40387873
   2.66179939  -4.40018707
   2.65169817  -4.39252434
   2.64319925  -4.38527460
   2.63665334  -4.38063191
   2.62368949  -4.37038582
   2.62173826  -4.36863590
   2.60705708  -4.35724507
   2.60510849  -4.35549816
   2.59226455  -4.34596314
   2.58559516  -4.34060476
   2.57717984  -4.33416704
   2.56703315  -4.32574172
   2.56231828  -4.32207450
   2.54845158  -4.31085189
   2.54745704  -4.30998231
   2.53281986  -4.29945143
   2.52895938  -4.29599516
   2.51774581  -4.28764004
   2.50959117  -4.28084703
   2.50288902  -4.27554267
   2.49086348  -4.26619858
   2.48819447  -4.26420673
   2.47349037  -4.25282574
   2.47141159  -4.25108026
   2.45848700  -4.24093130
   2.45277244  -4.23641325
   2.44365211  -4.22971834
   2.43327968  -4.22154712
   2.42858069  -4.21790146
   2.41471236  -4.20668236
   2.41372226  -4.20581238
   2.39886454  -4.19465238
   2.39521619  -4.19182956
   2.38420169  -4.18325768
   2.37663672  -4.17691894
   2.36916364  -4.17138143
   2.35713653  -4.16204044
   2.35423774  -4.15939429
   2.33972397  -4.14783075
   2.33791511  -4.14670980
   2.32480233  -4.13670296
   2.31924253  -4.13205813
   2.30992507  -4.12466103
   2.30049247  -4.11739414
   2.29507399  -4.11349353
   2.28192556  -4.10253776
   2.28020436  -4.10143449
   2.26530334  -4.08940536
   2.26335573  -4.08765956
   2.25034214  -4.07835993
   2.24385503  -4.07281696
   2.23544665  -4.06634151
   2.22436167  -4.05790538
   2.22061639  -4.05514801
   2.20602168  -4.04370261
   2.20509114  -4.04283608
   2.19133013  -4.03228022
   2.18569480  -4.02770652
   2.17604223  -4.01984432
   2.16772919  -4.01329602
   2.16121196  -4.00865336
   2.14823458  -3.99842061
   2.14628793  -3.99667183
   2.13161608  -3.98529129
   2.12896143  -3.98334599
   2.11666320  -3.97424746
   2.10832322  -3.96864550
   2.10180309  -3.96403612
   2.08719124  -3.95439313
   2.08618934  -3.95355779
   2.07235981  -3.94501983
   2.06377040  -3.93889870
   2.05725007  -3.93428979
   2.04263905  -3.92464750
   2.04163761  -3.92381213
   2.02760062  -3.91467974
   2.01921976  -3.90915416
   2.01269922  -3.90454572
   1.99879557  -3.89430231
   1.99781170  -3.89344744
   1.98305222  -3.88400852
   1.97652090  -3.87943155
   1.96822991  -3.87465834
   1.95354110  -3.86516300
   1.95254058  -3.86432756
   1.93850625  -3.85519619
   1.93104007  -3.84970095
   1.92365015  -3.84498819
   1.90916199  -3.83523080
   1.90804882  -3.83438748
   1.89396219  -3.82545773
   1.88571710  -3.81971653
   1.87910659  -3.81525053
   1.86501174  -3.80529026
   1.86401691  -3.80445781
   1.84942016  -3.79572146
   1.84194930  -3.79022796
   1.83456506  -3.78551505
   1.82046997  -3.77555570
   1.81947518  -3.77472330
   1.80488013  -3.76598735
   1.79740693  -3.76049468
   1.79002550  -3.75578171
   1.77553396  -3.74602747
   1.77443299  -3.74518061
   1.76051032  -3.73601772
   1.75289640  -3.73071633
   1.74548789  -3.72605050
   1.73139229  -3.71609295
   1.73039761  -3.71526067
   1.71580590  -3.70652550
   1.70832802  -3.70103446
   1.70095219  -3.69632139
   1.68629605  -3.68676176
   1.68530141  -3.68592952
   1.67122126  -3.67594733
   1.66463236  -3.67146432
   1.65620818  -3.66599633
   1.64246142  -3.65643496
   1.64148377  -3.65562187
   1.62673921  -3.64707198
   1.61925665  -3.64158252
   1.61188638  -3.63686937
   1.59778994  -3.62691443
   1.59679539  -3.62608231
   1.58215630  -3.61649843
   1.57557072  -3.61201535
   1.56735619  -3.60714641
   1.55325945  -3.59719232
   1.55226495  -3.59636025
   1.53747127  -3.58703207
   1.53019253  -3.58213864
   1.52282777  -3.57742545
   1.50886730  -3.56726895
   1.50788395  -3.56641468
   1.49320237  -3.55781902
   1.48555308  -3.55260263
   1.47833131  -3.54858534
   1.46337751  -3.54044539
   1.45786692  -3.53752671
   1.44869554  -3.53270412
   1.43369539  -3.52465469
   1.43081995  -3.52298285
   1.41870527  -3.51663029
   1.40414760  -3.50860965
   1.40314469  -3.50779847
   1.38935901  -3.50106289
   1.37533331  -3.49291995
   1.37433322  -3.49214742
   1.35967848  -3.48527387
   1.34658959  -3.47804682
   1.34476123  -3.47706826
   1.32999858  -3.46948553
   1.31876188  -3.46319124
   1.31510472  -3.46123940
   1.30031929  -3.45369785
   1.29104812  -3.44815362
   1.28529449  -3.44478347
   1.27045516  -3.43735397
   1.26310037  -3.43348980
   1.25576727  -3.42962650
   1.24096252  -3.42212448
   1.23525590  -3.41865256
   1.22609465  -3.41382972
   1.21132650  -3.40536017
   1.20779102  -3.40339182
   1.19648773  -3.39787338
   1.18157961  -3.38968861
   1.18056663  -3.38891026
   1.16658454  -3.38164072
   1.15274060  -3.37405872
   1.15174460  -3.37328376
   1.13709386  -3.36641344
   1.12491323  -3.35920926
   1.12207076  -3.35750097
   1.10723297  -3.35007320
   1.09708311  -3.34436281
   1.09239553  -3.34171785
   1.07755801  -3.33429038
   1.07003173  -3.32973564
   1.06272083  -3.32593536
   1.04801693  -3.31823725
   1.04148521  -3.31460953
   1.03304667  -3.31015348
   1.01820967  -3.30272662
   1.01009847  -3.29939412
   1.00365365  -3.29739727
   0.98872499  -3.29540509
   0.97388765  -3.29447232
   0.95901924  -3.29433698
   0.94424141  -3.29400064
   0.92929794  -3.29420178
   0.91456639  -3.29399140
   0.89962364  -3.29419258
   0.88489157  -3.29398245
   0.86999548  -3.29384561
   0.85515834  -3.29384131
   0.84032124  -3.29383708
   0.82548419  -3.29383293
   0.81064718  -3.29382884
   0.79581022  -3.29382484
   0.78097365  -3.29335697
   0.76613640  -3.29381704
   0.75129993  -3.29334932
   0.73652052  -3.29301426
   0.72162640  -3.29287800
   0.70678967  -3.29287444
   0.69195298  -3.29287095
   0.67711632  -3.29286754
   0.66227970  -3.29286420
   0.64744311  -3.29286093
   0.63260655  -3.29285774
   0.61777002  -3.29285462
   0.60293352  -3.29285158
   0.58818178  -3.29251918
   0.57321821  -3.29225520
   0.55848018  -3.29204775
   0.54358830  -3.29191224
   0.52875194  -3.29190957
   0.51391562  -3.29190697
   0.49907931  -3.29190445
   0.48424352  -3.29143806
   0.46946184  -3.29110455
   0.45457053  -3.29143336
   0.43969333  -3.29130432
   0.42489812  -3.29189293
   0.41014480  -3.29156151
   0.39518527  -3.29129802
   0.38047218  -3.29155757
   0.36555349  -3.29142109
   0.35071738  -3.29141931
   0.33588184  -3.29095366
   0.32104576  -3.29095203
   0.30620969  -3.29095046
   0.29137364  -3.29094897
   0.27653759  -3.29094756
   0.26170156  -3.29094622
   0.24686553  -3.29094495
   0.23203012  -3.29047982
   0.21719351  -3.29094264
   0.20235750  -3.29094159
   0.18752151  -3.29094062
   0.17273761  -3.29014467
   0.15785011  -3.29001102
   0.14301348  -3.29047421
   0.12817814  -3.29000959
   0.11334216  -3.29000899
   0.09850618  -3.29000846
   0.08367020  -3.29000801
   0.06883422  -3.29000763
   0.05407737  -3.28967798
   0.03916218  -3.28954315
   0.02432618  -3.28954299
   0.00949018  -3.28954291
  -0.00534583  -3.28954290
  -0.02018112  -3.28907903
  -0.03501714  -3.28907916
  -0.04985316  -3.28907938
  -0.06458073  -3.28917750
  -0.07952533  -3.28861608
  -0.09436139  -3.28861652
  -0.10919746  -3.28861703
  -0.12403354  -3.28861761
  -0.13886964  -3.28861827
  -0.15370575  -3.28861900
  -0.16854188  -3.28861980
  -0.18337803  -3.28862068
  -0.19821339  -3.28815768
  -0.21305038  -3.28862266
  -0.22788577  -3.28815981
  -0.24264594  -3.28783145
  -0.25755834  -3.28769829
  -0.27239460  -3.28769961
  -0.28723088  -3.28770101
  -0.30206719  -3.28770248
  -0.31690353  -3.28770402
  -0.33180226  -3.28804389
  -0.34638677  -3.28752626
  -0.36147401  -3.28711942
  -0.37614482  -3.28737094
  -0.39108486  -3.28678496
  -0.40592136  -3.28678695
  -0.42075881  -3.28717494
  -0.43559445  -3.28679114
  -0.45043104  -3.28679335
  -0.46532864  -3.28713386
  -0.48003061  -3.28693209
  -0.49494103  -3.28680041
  -0.50977777  -3.28680292
  -0.52461454  -3.28680550
  -0.53933011  -3.28641229
  -0.55437084  -3.28618125
  -0.56897040  -3.28564436
  -0.58406434  -3.28584435
  -0.59866713  -3.28561114
  -0.61363540  -3.28536995
  -0.62847246  -3.28537436
  -0.64330956  -3.28537884
  -0.65814671  -3.28538340
  -0.67298390  -3.28538803
  -0.68782114  -3.28539273
  -0.70265843  -3.28539751
  -0.71802628  -3.28760131
  -0.73306495  -3.29268362
  -0.74266514  -3.29686397
  -0.74833692  -3.29940837
  -0.76321440  -3.30739211
  -0.77234856  -3.31172646
  -0.77831161  -3.31453656
  -0.79280956  -3.32227066
  -0.80122911  -3.32630661
  -0.80799540  -3.32940041
  -0.82264251  -3.33804006
  -0.82906076  -3.34149568
  -0.83788206  -3.34612716
  -0.85210037  -3.35294518
  -0.85875461  -3.35650625
  -0.86766378  -3.36165477
  -0.88178577  -3.36873824
  -0.88735171  -3.37152544
  -0.89693353  -3.37649136
  -0.91177608  -3.38392439
  -0.91554666  -3.38588807
  -0.92687457  -3.39229088
  -0.94115760  -3.39939786
  -0.94417154  -3.40103778
  -0.95615972  -3.40772763
  -0.97084480  -3.41519281
  -0.97270022  -3.41612199
  -0.98595867  -3.42351284
  -1.00026158  -3.43059948
  -1.00131447  -3.43127922
  -1.01549833  -3.43839626
  -1.02944261  -3.44555697
  -1.03052417  -3.44617957
  -1.04516449  -3.45419688
  -1.05815509  -3.46021936
  -1.06004595  -3.46106817
  -1.07485240  -3.46906587
  -1.08696466  -3.47529420
  -1.08990155  -3.47684678
  -1.10452681  -3.48486677
  -1.11636003  -3.49075090
  -1.11928858  -3.49232034
  -1.13405228  -3.50024046
  -1.14506452  -3.50552640
  -1.14911830  -3.50753477
  -1.16389602  -3.51553853
  -1.17307334  -3.52037471
  -1.17858087  -3.52327436
  -1.19338098  -3.53046859
  -1.20197113  -3.53512348
  -1.20846248  -3.53883883
  -1.22333980  -3.54712931
  -1.22878829  -3.55007658
  -1.23859702  -3.55585779
  -1.25244133  -3.56443889
  -1.25349940  -3.56516066
  -1.26808306  -3.57500008
  -1.27539326  -3.57981700
  -1.28307543  -3.58523724
  -1.29738852  -3.59408715
  -1.29842453  -3.59484430
  -1.31238664  -3.60429469
  -1.32070838  -3.60967363
  -1.32747410  -3.61403708
  -1.34193824  -3.62289339
  -1.34406486  -3.62443130
  -1.35722899  -3.63356069
  -1.36706492  -3.63945465
  -1.37202825  -3.64263611
  -1.38679259  -3.65214820
  -1.38961841  -3.65394101
  -1.40185616  -3.66238881
  -1.41274033  -3.66875022
  -1.41669559  -3.67110873
  -1.43141515  -3.68096713
  -1.43594308  -3.68392450
  -1.44634530  -3.69119968
  -1.45821607  -3.69869520
  -1.46104163  -3.70048892
  -1.47592335  -3.70978614
  -1.48154169  -3.71340955
  -1.49102451  -3.72004592
  -1.50472887  -3.72807279
  -1.50579940  -3.72875033
  -1.52051599  -3.73860977
  -1.52712762  -3.74308771
  -1.53550035  -3.74885306
  -1.55003401  -3.75721163
  -1.55110017  -3.75789708
  -1.56501824  -3.76743233
  -1.57345528  -3.77290019
  -1.57992009  -3.77709341
  -1.59480685  -3.78696391
  -1.59642049  -3.78797138
  -1.60979519  -3.79721513
  -1.61953784  -3.80307680
  -1.62491095  -3.80662167
  -1.63926084  -3.81578665
  -1.64278459  -3.81777542
  -1.65425665  -3.82509718
  -1.66541937  -3.83226188
  -1.66930302  -3.83478018
  -1.68360144  -3.84411843
  -1.68917219  -3.84783751
  -1.69881591  -3.85485717
  -1.71160360  -3.86222352
  -1.71342151  -3.86322236
  -1.72819820  -3.87294391
  -1.73475269  -3.87739953
  -1.74317516  -3.88318583
  -1.75704322  -3.89224222
  -1.75809221  -3.89298007
  -1.77301258  -3.90228532
  -1.78032964  -3.90710126
  -1.78798930  -3.91253523
  -1.80172181  -3.92197347
  -1.80275517  -3.92275153
  -1.81742434  -3.93339576
  -1.82210289  -3.93703800
  -1.83255712  -3.94508958
  -1.84163910  -3.95190375
  -1.84729572  -3.95623195
  -1.86125595  -3.96659814
  -1.86227099  -3.96741336
  -1.87687794  -3.97896444
  -1.88056397  -3.98185554
  -1.89175292  -3.99105625
  -1.89919114  -3.99639242
  -1.90684485  -4.00183050
  -1.91900455  -4.01101689
  -1.92170302  -4.01299372
  -1.93633266  -4.02453799
  -1.93902805  -4.02651148
  -1.95121186  -4.03663220
  -1.95686098  -4.04098285
  -1.96638051  -4.04837594
  -1.97645274  -4.05581278
  -1.98139942  -4.05962541
  -1.99572763  -4.07010492
  -1.99671253  -4.07096068
  -2.01067128  -4.08221284
  -2.01607476  -4.08590965
  -2.02555436  -4.09338146
  -2.03491558  -4.10050275
  -2.04051395  -4.10449868
  -2.05452040  -4.11543828
  -2.05551478  -4.11628826
  -2.07032634  -4.12743754
  -2.07398867  -4.13043927
  -2.08480076  -4.13923251
  -2.09318030  -4.14544596
  -2.09974669  -4.15040389
  -2.11279336  -4.16021493
  -2.11481247  -4.16184234
  -2.12973197  -4.17302283
  -2.13247591  -4.17510694
  -2.14440931  -4.18454046
  -2.15181280  -4.19005537
  -2.15953341  -4.19631314
  -2.17051416  -4.20489686
  -2.17429698  -4.20785751
  -2.18913049  -4.21861187
  -2.19095293  -4.21978577
  -2.20388599  -4.23013839
  -2.20950040  -4.23468585
  -2.21855464  -4.24158211
  -2.22890905  -4.24961717
  -2.23347937  -4.25301783
  -2.24799404  -4.26389264
  -2.24925002  -4.26492497
  -2.26330847  -4.27572738
  -2.26799303  -4.27937215
  -2.27839383  -4.28750982
  -2.28753725  -4.29425106
  -2.29322004  -4.29905615
  -2.30690917  -4.30930287
  -2.30789452  -4.31015913
  -2.32279386  -4.32133516
  -2.32647834  -4.32407127
  -2.33774547  -4.33345972
  -2.34591709  -4.33900238
  -2.35272595  -4.34429794
  -2.36461623  -4.35400250
  -2.36726576  -4.35602341
  -2.38218237  -4.36692902
  -2.38497833  -4.36892343
  -2.39716665  -4.37905300
  -2.40359245  -4.38365482
  -2.41204800  -4.39022797
  -2.42381662  -4.39894482
  -2.42660550  -4.40137434
  -2.44154423  -4.41284591
  -2.44251662  -4.41372423
  -2.45638284  -4.42402082
  -2.46209499  -4.42836841
  -2.47154785  -4.43585249
  -2.48091735  -4.44300680
  -2.48651181  -4.44706787
  -2.50028588  -4.45823908
  -2.50125835  -4.45911750
  -2.51604940  -4.46934189
  -2.52074365  -4.47317331
  -2.53082593  -4.48174421
  -2.53841258  -4.48790956
  -2.54599990  -4.49455300
  -2.55353802  -4.50292097
  -2.56096159  -4.51136259
  -2.56642667  -4.51804315
  -2.57558572  -4.52830587
  -2.57939260  -4.53293419
  -2.59049963  -4.54600087
  -2.59225877  -4.54805903
  -2.60359582  -4.56271946
  -2.60529484  -4.56459466
  -2.61569980  -4.57761298
  -2.62017812  -4.58228121
  -2.62784038  -4.59250975
  -2.63513202  -4.60091472
  -2.64074590  -4.60740261
  -2.65004807  -4.61861393
  -2.65290656  -4.62229637
  -2.66490909  -4.63629430
  -2.66586470  -4.63745309
  -2.67729058  -4.65185822
  -2.68030993  -4.65554959
  -2.68924992  -4.66698708
  -2.69469368  -4.67353816
  -2.70192737  -4.68210654
  -2.70954855  -4.69121850
  -2.71425555  -4.69677783
  -2.72427456  -4.70910702
  -2.72624025  -4.71168898
  -2.73866860  -4.72637474
  -2.73956335  -4.72733668
  -2.75063567  -4.74147297
  -2.75428316  -4.74618432
  -2.76265859  -4.75636968
  -2.76911327  -4.76385333
  -2.77563895  -4.77127273
  -2.78402971  -4.78155880
  -2.78778060  -4.78616993
  -2.79912451  -4.79998078
  -2.80002483  -4.80108156
  -2.81199227  -4.81597060
  -2.81371241  -4.81784910
  -2.82410024  -4.83087178
  -2.82869637  -4.83650523
  -2.83618330  -4.84577352
  -2.84354982  -4.85418775
  -2.84850051  -4.86044819
  -2.85827557  -4.87207791
  -2.86117802  -4.87559541
  -2.87313791  -4.88977822
  -2.87401161  -4.89075515
  -2.88551199  -4.90538619
  -2.88810395  -4.90840463
  -2.89758589  -4.92029132
  -2.90313395  -4.92684992
  -2.90972135  -4.93519473
  -2.91800192  -4.94454102
  -2.92270750  -4.95010292
  -2.93272079  -4.96243661
  -2.93471313  -4.96502356
  -2.94713296  -4.97971638
  -2.94802811  -4.98067887
  -2.95932373  -4.99459248
  -2.96277471  -4.99862563
  -2.97139199  -5.00949913
  -2.97784025  -5.01704487
  -2.98354009  -5.02440756
  -2.99250752  -5.03492961
  -2.99626413  -5.03954416
  -3.00718178  -5.05281397
  -3.00895723  -5.05470277
  -3.02048485  -5.06936100
  -3.02222637  -5.07124293
  -3.03259711  -5.08427021
  -3.03743703  -5.08975025
  -3.04473688  -5.09918014
  -3.05206465  -5.10760107
  -3.05747234  -5.11431454
  -3.06721607  -5.12607086
  -3.06983831  -5.12900322
  -3.08165812  -5.14321014
  -3.08251741  -5.14416695
  -3.09403978  -5.15882730
  -3.09701606  -5.16242550
  -3.10616325  -5.17373905
  -3.11192852  -5.18016381
  -3.11830933  -5.18865223
  -3.12655423  -5.19800621
  -3.13125849  -5.20357079
  -3.14172143  -5.21650467
  -3.14343451  -5.21848079
  -3.15569700  -5.23320157
  -3.15655715  -5.23411678
  -3.16788745  -5.24808509
  -3.17174897  -5.25272114
  -3.17977910  -5.26322637
  -3.18641816  -5.27149133
  -3.19184493  -5.27814253
  -3.20105899  -5.28843092
  -3.20484857  -5.29306347
  -3.21623973  -5.30697544
  -3.21706353  -5.30797940
  -3.22907896  -5.32289723
  -3.23112030  -5.32555729
  -3.24119582  -5.33781484
  -3.24579645  -5.34345477
  -3.25329511  -5.35273473
  -3.26068187  -5.36116128
  -3.26607739  -5.36787525
  -3.27536739  -5.37907510
  -3.27818757  -5.38279503
  -3.29026322  -5.39679830
  -3.29116342  -5.39775011
  -3.30267099  -5.41241656
  -3.30564556  -5.41601612
  -3.31479744  -5.42733640
  -3.32031541  -5.43390647
  -3.32690157  -5.44225922
  -3.33500168  -5.45181339
  -3.33965168  -5.45741398
  -3.34989709  -5.46954143
  -3.35181002  -5.47231740
  -3.36433726  -5.48682771
  -3.36524117  -5.48775410
  -3.37630930  -5.50195137
  -3.37996231  -5.50667081
  -3.38838033  -5.51688164
  -3.39485271  -5.52438009
  -3.40052238  -5.53180261
  -3.40954032  -5.54229612
  -3.41327201  -5.54695785
  -3.42467392  -5.56076271
  -3.42558485  -5.56168177
  -3.43751308  -5.57680407
  -3.43933230  -5.57870733
  -3.44987582  -5.59151768
  -3.45450483  -5.59715561
  -3.46200967  -5.60644180
  -3.46940688  -5.61487495
  -3.47415808  -5.62136501
  -3.48409534  -5.63279891
  -3.48690696  -5.63651835
  -3.49857083  -5.65103535
  -3.49945557  -5.65195394
  -3.51141106  -5.66616049
  -3.51415474  -5.66993412
  -3.52351547  -5.68109481
  -3.52907031  -5.68766822
  -3.53565320  -5.69602134
  -3.54399068  -5.70541127
  -3.54843153  -5.71116766
  -3.55866646  -5.72332202
  -3.56075016  -5.72591345
  -3.57266418  -5.74103846
  -3.57357056  -5.74201226
  -3.58570049  -5.75599297
  -3.58851135  -5.75970669
  -3.59716921  -5.77069171
  -3.60365134  -5.77820384
  -3.60995144  -5.78584700
  -3.61856619  -5.79593436
  -3.62234184  -5.80056356
  -3.63325946  -5.81385349
  -3.63441247  -5.81552287
  -3.64631880  -5.83064933
  -3.64840749  -5.83327841
  -3.65843802  -5.84559258
  -3.66309703  -5.85120276
  -3.67081151  -5.86031940
  -3.67802006  -5.86893250
  -3.68361027  -5.87548282
  -3.69293688  -5.88668308
  -3.69596389  -5.89021343
  -3.70744150  -5.90494124
  -3.70832428  -5.90585308
  -3.71998808  -5.92028077
  -3.72277948  -5.92312732
  -3.73238066  -5.93501055
  -3.73793310  -5.94158687
  -3.74451976  -5.94994536
  -3.75285903  -5.96026026
  -3.75663608  -5.96489142
  -3.76755137  -5.97726533
  -3.76942222  -5.98002967
  -3.78154507  -5.99500250
  -3.78248095  -5.99597011
  -3.79393856  -6.00972662
  -3.79762698  -6.01443577
  -3.80516679  -6.02465211
  -3.81256315  -6.03310625
  -3.81819300  -6.03961647
  -3.82748317  -6.05085986
  -3.83033945  -6.05455040
  -3.84218240  -6.06878991
  -3.84312492  -6.06976139
  -3.85459446  -6.08444415
  -3.85710814  -6.08744181
  -3.86550953  -6.09958890
  -3.87072445  -6.11454791
  -3.87123536  -6.11900410
  -3.87240965  -6.12926366
  -3.87175442  -6.14417745
  -3.87178643  -6.15909395
  -3.87181852  -6.17401083
  -3.87185068  -6.18892809
  -3.87188291  -6.20384574
  -3.87103760  -6.21773047
  -3.87054378  -6.21868729
  -3.87055200  -6.23367748
  -3.87058444  -6.24859626
  -3.87061694  -6.26351544
  -3.86756492  -6.27805162
  -3.86011228  -6.29232682
  -3.85666227  -6.29583612
  -3.84643804  -6.30698314
  -3.84185926  -6.31160655
  -3.83165280  -6.32184027
  -3.82711559  -6.32566420
  -3.81598092  -6.33682813
  -3.81234502  -6.34045638
  -3.80105926  -6.35144596
  -3.79723322  -6.35524544
  -3.78530552  -6.36663288
  -3.78257459  -6.36938882
  -3.77043681  -6.38119929
  -3.76754044  -6.38408737
  -3.75463375  -6.39626678
  -3.75277809  -6.39812772
  -3.73895963  -6.41125388
  -3.73803177  -6.41218434
  -3.72401280  -6.42604051
  -3.72308498  -6.42697103
  -3.70916764  -6.44092898
  -3.70823982  -6.44185952
  -3.69348966  -6.45498316
  -3.69256181  -6.45591369
  -3.67871495  -6.46975461
  -3.67777266  -6.47066829
  -3.66369960  -6.48466211
  -3.66277180  -6.48559273
  -3.64885215  -6.49861950
  -3.64616470  -6.50057713
  -3.63410287  -6.51267520
  -3.63131938  -6.51546710
  -3.61935242  -6.52648275
  -3.61557443  -6.53012378
  -3.60476222  -6.53764466
  -3.59355829  -6.54498521
  -3.58975983  -6.54773932
  -3.57515772  -6.55519465
  -3.56854151  -6.55961001
  -3.56013745  -6.56427975
  -3.54535622  -6.57103949
  -3.53972996  -6.57466265
  -3.53057012  -6.57934976
  -3.51541570  -6.58771722
  -3.51263901  -6.58958976
  -3.50084730  -6.59607592
  -3.48664463  -6.60430337
  -3.48569045  -6.60519185
  -3.47130118  -6.61222816
  -3.45811922  -6.61930492
  -3.45615533  -6.62030520
  -3.44157477  -6.62801934
  -3.43025273  -6.63417120
  -3.42627569  -6.63693911
  -3.41156951  -6.64446453
  -3.40328460  -6.64923536
  -3.39700585  -6.65309838
  -3.38178935  -6.66101999
  -3.37625065  -6.66386821
  -3.36709183  -6.66855461
  -3.35205272  -6.67682761
  -3.34924813  -6.67865497
  -3.33721596  -6.68517598
  -3.32237622  -6.69280677
  -3.32141194  -6.69367922
  -3.30757859  -6.70112664
  -3.29544579  -6.70845742
  -3.29271179  -6.71022404
  -3.27792575  -6.71688225
  -3.26580972  -6.72330499
  -3.26315188  -6.72427033
  -3.24841641  -6.73019024
  -3.23367299  -6.73439095
  -3.22155652  -6.73795745
  -3.21845327  -6.73895511
  -3.20387958  -6.74367326
  -3.18906343  -6.74736377
  -3.17409892  -6.75202172
  -3.17310057  -6.75284170
  -3.15911047  -6.75709880
  -3.14455086  -6.76072303
  -3.12958665  -6.76497382
  -3.12111640  -6.76774264
  -3.11462234  -6.76963219
  -3.09981472  -6.77425339
  -3.08499652  -6.77833427
  -3.07194801  -6.78249381
  -3.06988200  -6.78339603
  -3.05515669  -6.78762435
  -3.04046786  -6.79130388
  -3.02550642  -6.79556356
  -3.02073960  -6.79736179
  -3.00999346  -6.80287764
  -2.99533840  -6.80968634
  -2.99068786  -6.81246336
         
