-1.418134 -2.314184 -4.579537
-1.423283 -2.322586 -4.591908
-1.424229 -2.324131 -4.594775
-1.430624 -2.334567 -4.609750
-1.431110 -2.335359 -4.610680
-1.436605 -2.344327 -4.624188
-1.438866 -2.348015 -4.629090
-1.443249 -2.355169 -4.639298
-1.446638 -2.360699 -4.647687
-1.449222 -2.364916 -4.653957
-1.454372 -2.373320 -4.666330
-1.455442 -2.375065 -4.669024
-1.461832 -2.385493 -4.683941
-1.462439 -2.386484 -4.685569
-1.468085 -2.395696 -4.698841
-1.470079 -2.398951 -4.703407
-1.474377 -2.405965 -4.713729
-1.477730 -2.411436 -4.721249
-1.480711 -2.416301 -4.728616
-1.485624 -2.424319 -4.739690
-1.487089 -2.426708 -4.743273
-1.493099 -2.436517 -4.757779
-1.493573 -2.437289 -4.758729
-1.499526 -2.447004 -4.773510
-1.501052 -2.449494 -4.777117
-1.505472 -2.456707 -4.788169
-1.508945 -2.462374 -4.796430
-1.512153 -2.467609 -4.803289
-1.516720 -2.475062 -4.814134
-1.518215 -2.477501 -4.817723
-1.524047 -2.487018 -4.832612
-1.524494 -2.487748 -4.833599
-1.530694 -2.497866 -4.847727
-1.532152 -2.500245 -4.851450
-1.536708 -2.507680 -4.862393
-1.540044 -2.513123 -4.869943
-1.543019 -2.517978 -4.877286
-1.547819 -2.525812 -4.888546
-1.549317 -2.528256 -4.892180
-1.555479 -2.538311 -4.906584
-1.555965 -2.539104 -4.907515
-1.561853 -2.548713 -4.922191
-1.563371 -2.551190 -4.925816
-1.568152 -2.558991 -4.937086
-1.571028 -2.563685 -4.943665
-1.574461 -2.569287 -4.951980
-1.578806 -2.576377 -4.962266
-1.580786 -2.579608 -4.966875
-1.586597 -2.589091 -4.980755
-1.587027 -2.589793 -4.981757
-1.593305 -2.600038 -4.996895
-1.594237 -2.601559 -4.998823
-1.599298 -2.609817 -5.011557
-1.602133 -2.614444 -5.017284
-1.605713 -2.620285 -5.026233
-1.610034 -2.627337 -5.036556
-1.612020 -2.630577 -5.041132
-1.617711 -2.639864 -5.055240
-1.618141 -2.640566 -5.056243
-1.624202 -2.650457 -5.070922
-1.625589 -2.652720 -5.073831
-1.630511 -2.660753 -5.085824
-1.633369 -2.665416 -5.092433
-1.636846 -2.671090 -5.100720
-1.641265 -2.678301 -5.110893
-1.643135 -2.681353 -5.115626
-1.648922 -2.690797 -5.129800
-1.649408 -2.691590 -5.130731
-1.655318 -2.701233 -5.145421
-1.656705 -2.703496 -5.148330
-1.661966 -2.712082 -5.160553
-1.664368 -2.716001 -5.166186
-1.667964 -2.721869 -5.175223
-1.672383 -2.729081 -5.185398
-1.674614 -2.732722 -5.190357
-1.680018 -2.741540 -5.203311
-1.680855 -2.742906 -5.205422
-1.687252 -2.753345 -5.220164
-1.687827 -2.754284 -5.221890
-1.693475 -2.763501 -5.235293
-1.695481 -2.766773 -5.239848
-1.699430 -2.773217 -5.249969
-1.703385 -2.779672 -5.259179
-1.705865 -2.783719 -5.264653
-1.711021 -2.792132 -5.277043
-1.712084 -2.793867 -5.279737
-1.718453 -2.804261 -5.294667
-1.718940 -2.805054 -5.295599
-1.724691 -2.814439 -5.309595
-1.726619 -2.817587 -5.314279
-1.730694 -2.824236 -5.324271
-1.734513 -2.830468 -5.332771
-1.736995 -2.834518 -5.339186
-1.742151 -2.842932 -5.351578
-1.743214 -2.844666 -5.354271
-1.749580 -2.855056 -5.369204
-1.750067 -2.855849 -5.370136
-1.755822 -2.865242 -5.384135
-1.757751 -2.868390 -5.388819
-1.762168 -2.875597 -5.399043
-1.765645 -2.881271 -5.407315
-1.768505 -2.885938 -5.413951
-1.773545 -2.894163 -5.425774
-1.774601 -2.895885 -5.428429
-1.780712 -2.905858 -5.443753
-1.781198 -2.906651 -5.444686
-1.786995 -2.916111 -5.458682
-1.788993 -2.919371 -5.463256
-1.793305 -2.926408 -5.473599
-1.796782 -2.932082 -5.481872
-1.799765 -2.936950 -5.488287
-1.804691 -2.944988 -5.500313
-1.806079 -2.947253 -5.503206
-1.812212 -2.957262 -5.517619
-1.812699 -2.958056 -5.518552
-1.818245 -2.967106 -5.533034
-1.820036 -2.970028 -5.536987
-1.824586 -2.977454 -5.547942
-1.827926 -2.982904 -5.555504
-1.830909 -2.987771 -5.562860
-1.835716 -2.995616 -5.574138
-1.837224 -2.998077 -5.577782
-1.843354 -3.008080 -5.592196
-1.843841 -3.008874 -5.593129
-1.849760 -3.018533 -5.607832
-1.851280 -3.021014 -5.611463
-1.855733 -3.028281 -5.622525
-1.859074 -3.033732 -5.630088
-1.862067 -3.038618 -5.637438
-1.866974 -3.046625 -5.648562
-1.868726 -3.049484 -5.652592
-1.874572 -3.059023 -5.666511
-1.875002 -3.059726 -5.667516
-1.881256 -3.069931 -5.682658
-1.882189 -3.071453 -5.684589
-1.887226 -3.079672 -5.697351
-1.890226 -3.084569 -5.704687
-1.893566 -3.090018 -5.712269
-1.898007 -3.097265 -5.722430
-1.899880 -3.100323 -5.727195
-1.905774 -3.109941 -5.741160
-1.906261 -3.110735 -5.742093
-1.912201 -3.120429 -5.756809
-1.913710 -3.122891 -5.760463
-1.918525 -3.130749 -5.771738
-1.921387 -3.135419 -5.778359
-1.924862 -3.141089 -5.786655
-1.929287 -3.148310 -5.796846
-1.931186 -3.151409 -5.801585
-1.937056 -3.160989 -5.815535
-1.937458 -3.161643 -5.816544
-1.943705 -3.171839 -5.831662
-1.944751 -3.173546 -5.834346
-1.949688 -3.181602 -5.846364
-1.952550 -3.186272 -5.852986
-1.956016 -3.191929 -5.861294
-1.960227 -3.198800 -5.870883
-1.962673 -3.202791 -5.876452
-1.967953 -3.211407 -5.889625
-1.968581 -3.212431 -5.891345
-1.975011 -3.222925 -5.906077
-1.975925 -3.224417 -5.908034
-1.981339 -3.233252 -5.921010
-1.983724 -3.237144 -5.926684
-1.987193 -3.242804 -5.935927
-1.991620 -3.250028 -5.946121
-1.993669 -3.253372 -5.950651
-1.999280 -3.262529 -5.964052
-1.999870 -3.263491 -5.965762
-2.006184 -3.273794 -5.980729
-2.007217 -3.275481 -5.983438
-2.012389 -3.283920 -5.995876
-2.014870 -3.287968 -6.001400
-2.018852 -3.294467 -6.010589
-2.022677 -3.300708 -6.019105
-2.025176 -3.304787 -6.025538
-2.030341 -3.313215 -6.037952
-2.031396 -3.314937 -6.040645
-2.037700 -3.325224 -6.055625
-2.038157 -3.325970 -6.056605
-2.043701 -3.335017 -6.070318
-2.046050 -3.338851 -6.075132
