# shadow point cont 3D ind 192  size 1138
# norm  0.0627905 -0.9980267  0.0000000
# angle  1.5079645
   3.34362762370713    0.21036321936565   -6.84226787040551
   3.35848396050794    0.21129790085208   -6.83965598305105
   3.37333376289357    0.21223217122795   -6.83688851966111
   3.38824603691362    0.21317037198592   -6.83254675889425
   3.39383028256955    0.21352170294322   -6.83073739701259
   3.40317125580428    0.21410938716611   -6.82716033271333
   3.41793958360511    0.21503853159559   -6.82234491731702
   3.43278711592440    0.21597265915100   -6.81771098154856
   3.43748443097959    0.21626818916468   -6.81604072456403
   3.44776950441689    0.21691527113767   -6.81149242501997
   3.46248017073689    0.21784078781427   -6.80657654572574
   3.47732806026038    0.21877493784306   -6.80194305910074
   3.48012025563789    0.21895060788614   -6.80104255468866
   3.49221096467757    0.21971129082224   -6.79647130350906
   3.50692190797647    0.22063682492487   -6.79146486589863
   3.52183351471925    0.22157498370131   -6.78696856304028
   3.52284266280751    0.22163847391750   -6.78636706048475
   3.53679255994042    0.22251612705384   -6.78079092114983
   3.55146372181458    0.22343915832137   -6.77569905919709
   3.56540210447563    0.22431608702855   -6.77106940260551
   3.56641979799849    0.22438011487790   -6.77043363006190
   3.58131113526608    0.22531699840706   -6.76497663815561
   3.59610950121860    0.22624803267686   -6.76021311467528
   3.60897969636613    0.22705775672205   -6.75616789235883
   3.61087610302362    0.22717706851589   -6.75535138141912
   3.62585474250380    0.22811944463469   -6.74921312039122
   3.64062036169374    0.22904841865282   -6.74524288393009
   3.65000762504925    0.22963901520326   -6.74185239816719
   3.65568168363605    0.22999599671122   -6.73924354420744
   3.67028857264621    0.23091498427291   -6.73317850509297
   3.68333151737046    0.23173557680024   -6.72680167841242
   3.68518710493182    0.23185232047423   -6.72587269125815
   3.70009276570101    0.23279010516172   -6.71762164142843
   3.70858817594532    0.23332459107042   -6.71226917227367
   3.71521143554261    0.23374129124412   -6.70782754116620
   3.72997548987326    0.23467016680965   -6.69937955641886
   3.73363679473348    0.23490051658664   -6.69743300542589
   3.74488332242231    0.23560808813394   -6.69015248647118
   3.75854283597927    0.23646747188422   -6.68230217787574
   3.75955001030689    0.23653083792191   -6.68150132158808
   3.77450246368543    0.23747156655085   -6.67241921637866
   3.78279824386982    0.23799349280076   -6.66764591603020
   3.78942163620701    0.23841020132574   -6.66320481516190
   3.80418800311245    0.23933922238615   -6.65475788667401
   3.80703301986551    0.23951821566850   -6.65300890039515
   3.81909461414365    0.24027706685905   -6.64553189830224
   3.83275456894684    0.24113647837020   -6.63768252228397
   3.83376174770738    0.24119984468678   -6.63688176154909
   3.84851832646173    0.24212824992891   -6.62837924005889
   3.85780781581056    0.24271269506025   -6.62282044201066
   3.86342564113694    0.24306613867135   -6.61918493728268
   3.87840258215457    0.24400840793195   -6.61014155315356
   3.88206413119365    0.24423877307138   -6.60819548340485
   3.89330800180928    0.24494617744980   -6.60091664677505
   3.90705774987665    0.24581123827428   -6.59322546309972
   3.90807097555010    0.24587498503038   -6.59244542557956
   3.92293207191216    0.24680996596302   -6.58318760844317
   3.93042706976568    0.24728151125905   -6.57862304237494
   3.93784829973458    0.24774841547315   -6.57397539943470
   3.95269083086671    0.24868222838053   -6.56468028200735
   3.95369655628695    0.24874550326069   -6.56387532173134
   3.96759165809793    0.24961970896759   -6.55254259918083
   3.97145181510102    0.24986256946098   -6.54892192228409
   3.98257448804280    0.25056234872809   -6.53775131785801
   3.98628203711272    0.25079560794415   -6.53402782873118
   3.99725554279022    0.25148600240245   -6.52268654832916
   4.00089133488607    0.25171474705237   -6.51889679102433
   4.01223322564970    0.25242831833579   -6.50703089805413
   4.01501390004778    0.25260326354028   -6.50423843864516
   4.02706352897512    0.25336136193478   -6.49213799212509
   4.02984420963566    0.25353630753327   -6.48934561171197
   4.04189386651086    0.25429440768610   -6.47724550672525
   4.04467455372989    0.25446935369722   -6.47445320498566
   4.05679852910290    0.25523212957360   -6.46146283908041
   4.05861899394858    0.25534666351362   -6.45957037148251
   4.07155285117732    0.25616039283747   -6.44652858515196
   4.07340665129345    0.25627702405493   -6.44466715601830
   4.08661499150959    0.25710802238460   -6.43093739855567
   4.08754189365100    0.25716633812441   -6.43000671039469
   4.10121378228905    0.25802650044880   -6.41674657404315
   4.10306759252870    0.25814313230318   -6.41488524829638
   4.11627598828061    0.25897413412686   -6.40115626175777
   4.11720289568059    0.25903245019751   -6.40022562507347
   4.13075400217365    0.25988501355344   -6.38588137161850
   4.13164780462027    0.25994124683696   -6.38492191181483
   4.14547019362733    0.26081087784199   -6.37091032437266
   4.14639710677104    0.26086919427400   -6.36997973882253
   4.16010836509698    0.26173183352920   -6.35583306699295
   4.16101861797651    0.26178910178623   -6.35488701239812
   4.17424401478938    0.26262117322601   -6.34022804125907
   4.17538396798105    0.26269289300175   -6.33856374786379
   4.18290347650403    0.26316598037839   -6.32544143024960
   4.18524996491926    0.26331360891624   -6.31038245262953
   4.18539703652971    0.26332286187768   -6.29533611130157
   4.18519081647621    0.26330988761163   -6.28041052601968
   4.18483290591041    0.26328736978748   -6.26545661126594
   4.18434015204658    0.26325636834210   -6.25057330705647
   4.18344922941721    0.26320031624132   -6.23557836513940
   4.18332674309602    0.26319261005518   -6.22073269416251
   4.18243581641252    0.26313655769934   -6.20574115062799
   4.18231400856111    0.26312889419890   -6.19089377150293
   4.18227233149699    0.26312627210028   -6.17597622147108
   4.18180227123516    0.26309669841532   -6.16102565107776
   4.18083890540296    0.26303608857454   -6.14610716818878
   4.17858109738103    0.26289403933412   -6.13107868068245
   4.17534059563582    0.26269016424508   -6.12246840286696
   4.17226407168364    0.26249660576433   -6.11608719261487
   4.16232889857884    0.26187153765434   -6.10067112003903
   4.16049239351464    0.26175599454931   -6.09806175972638
   4.15212835855920    0.26122977407319   -6.08591290597463
   4.14552074658011    0.26081405836419   -6.07749151031124
   4.14066231755879    0.26050839191894   -6.07112285104311
   4.13060234850097    0.25987547231308   -6.05705814005381
   4.12977862069906    0.25982364775252   -6.05605247749514
   4.11904319308246    0.25914823189619   -6.04079899690961
   4.11582565533251    0.25894580157928   -6.03639289478625
   4.10835579300992    0.25847583767682   -6.02614020692991
   4.10061828546548    0.25798903496429   -6.01606018857790
   4.09689461242611    0.25775476131406   -6.01139260489619
   4.08664065606993    0.25710963706188   -5.99648640941956
   4.08578431422429    0.25705576059960   -5.99549670264111
   4.07546816160050    0.25640672328994   -5.98155279799936
   4.07084087173729    0.25611559888791   -5.97498587919036
   4.06430414483837    0.25570434289014   -5.96660174288108
   4.05618213729555    0.25519334948815   -5.95613784191517
   4.05249101380846    0.25496112368217   -5.95144596692941
   4.04199390950776    0.25430070185796   -5.93663786769219
   4.04089807165066    0.25423175758382   -5.93500562906088
   4.03147897964653    0.25363915854455   -5.92142423717840
   4.02640096854771    0.25331967716595   -5.91507579106116
   4.01990794777980    0.25291117092487   -5.90665955919858
   4.01130663028545    0.25237002189677   -5.89470872051852
   4.00937029229306    0.25224819783629   -5.89196568455466
   3.99848075030824    0.25156308592577   -5.87668860359221
   3.99656084728130    0.25144229586567   -5.87407022594034
   3.98795986777559    0.25090116810201   -5.86210942021983
   3.98151929196816    0.25049596141816   -5.85365582429298
   3.97679095472082    0.25019847965358   -5.84718103212402
   3.96653014559356    0.24955292426159   -5.83318551703739
   3.96564561259163    0.24949727416210   -5.83221394640465
   3.95566806888332    0.24886954031968   -5.81717787625262
   3.95190186792996    0.24863259103989   -5.81245825896709
   3.94358450124195    0.24810930668229   -5.80214940353929
   3.93687350506994    0.24768708659119   -5.79300174127043
   3.93241429737802    0.24740653702303   -5.78726275460152
   3.92254291812395    0.24678548248193   -5.77275556000117
   3.92166940810769    0.24673052588991   -5.77177689037363
   3.91100468698795    0.24605955850931   -5.75743639545614
   3.90747536482844    0.24583751238001   -5.75257340002755
   3.89984681978364    0.24535756500689   -5.74245861596427
   3.89202021692175    0.24486515689211   -5.73157580521969
   3.88929087019608    0.24469344095104   -5.72780118376328
   3.87821425603606    0.24399655945687   -5.71274593530709
   3.87728445650512    0.24393806142877   -5.71181276227292
   3.86726857522621    0.24330791559085   -5.69774327846856
   3.86252722787130    0.24300961529968   -5.69122130402795
   3.85584934763551    0.24258947868669   -5.68296820729797
   3.84725911989792    0.24204902736695   -5.67102620981233
   3.84466206773054    0.24188563469400   -5.66807684366840
   3.83379571525038    0.24120198174345   -5.65282840106735
   3.83272490509815    0.24113461207903   -5.65119498829200
   3.82353847450585    0.24055665085506   -5.63805905010574
   3.81796692816179    0.24020611887074   -5.63056648659646
   3.81175357571700    0.23981520786914   -5.62288155677903
   3.80290093517233    0.23925824693496   -5.61019687498544
   3.80183826223734    0.23919138922086   -5.60842716525403
   3.79076482589961    0.23849470765831   -5.59344122254213
   3.78816802910993    0.23833133105237   -5.59051692294234
   3.77981431371596    0.23780575982802   -5.57838361438050
   3.77302181094126    0.23737841177613   -5.56924459176137
   3.76839756678045    0.23708747899346   -5.56362888244646
   3.75812687599353    0.23644130190013   -5.54967639919460
   3.75724286941660    0.23638568492049   -5.54870554618906
   3.74664473429404    0.23571890677575   -5.53345362912120
   3.74350330411546    0.23552126474136   -5.52896190593733
   3.73519112771117    0.23499830692873   -5.51866044824300
   3.72862381116561    0.23458512639352   -5.50938453628618
   3.72467705943982    0.23433681782196   -5.50397352227031
   3.71416333409259    0.23367535029014   -5.48928711233940
   3.71329034179657    0.23362042627032   -5.48830915445223
   3.70261504715515    0.23294879366012   -5.47397099988932
   3.69887684638379    0.23271360600247   -5.46836482743222
   3.69147951856805    0.23224820558437   -5.45901052975977
   3.68378052042695    0.23176382567814   -5.44803113917854
   3.68095886733984    0.23158630231306   -5.44432785713623
   3.66989120524765    0.23088998403525   -5.42932578986982
   3.66896193113908    0.23083151906392   -5.42839331056566
   3.65890690718898    0.23019891057788   -5.41431927850208
   3.65425767477548    0.22990640566760   -5.40777535849182
   3.64777201836310    0.22949836275249   -5.39936980573229
   3.63917545696220    0.22895751295243   -5.38743169523738
   3.63660979073638    0.22879609491554   -5.38446724109027
   3.62628092958468    0.22814625805308   -5.36966789741016
   3.62448187977342    0.22803307143283   -5.36680476635634
   3.61551886244793    0.22746916618021   -5.35445909503259
   3.60981561809463    0.22711034845945   -5.34703889760748
   3.60408651046663    0.22674990355938   -5.33970831564281
   3.59493118429042    0.22617389925940   -5.32747350110691
   3.59293492793336    0.22604830545494   -5.32479273582161
   3.58297116637207    0.22542143871172   -5.30976740462416
   3.58008002090676    0.22523954325679   -5.30603752834496
   3.57154456197514    0.22470253769825   -5.29499245371884
   3.56473940195287    0.22427439331984   -5.28591655632087
   3.56011788299623    0.22398363199248   -5.28030472084281
   3.55001116070050    0.22334777092221   -5.26623811838938
   3.54918885786393    0.22329603601287   -5.26523447858881
   3.53835708800051    0.22261455881614   -5.25010199512261
   3.53551260228877    0.22243559894408   -5.24639585951959
   3.52720744232799    0.22191308256866   -5.23517198017769
   3.52036584717035    0.22148264588584   -5.22609570474439
   3.51642152352058    0.22123449007587   -5.22068829947067
   3.50606666700745    0.22058301772389   -5.20594147647119
   3.50513778521469    0.22052457743498   -5.20500951849672
   3.49525408060062    0.21990274744795   -5.19072456654532
   3.49040878022028    0.21959790698678   -5.18434939422856
   3.48388337991696    0.21918736359800   -5.17598163767673
   3.47554647636946    0.21866285008538   -5.16478166044671
   3.47272649937515    0.21848543217112   -5.16108083489546
   3.46155632819883    0.21778266456840   -5.14618687041133
   3.46047808718017    0.21771482739349   -5.14443633968260
   3.45128707156437    0.21713657770430   -5.13130440105631
   3.44604005891756    0.21680646364955   -5.12455173996835
   3.43955819660376    0.21639865943889   -5.11615172763268
   3.43096385350296    0.21585794920244   -5.10422020626851
   3.42839960940948    0.21569662063854   -5.10125774371828
   3.41802878378625    0.21504414359531   -5.08649215929008
   3.41595499070170    0.21491367159344   -5.08381898734407
   3.40761058859958    0.21438868631176   -5.07169983073001
   3.40122867663572    0.21398717044411   -5.06324485779908
   3.39587724279656    0.21365048676479   -5.05655769773569
   3.38617307501858    0.21303995227806   -5.04288714759613
   3.38533191479882    0.21298703096273   -5.04189274879515
   3.37427777562352    0.21229156347474   -5.02692926515343
   3.37123499914110    0.21210012820482   -5.02244050221686
   3.36332614516334    0.21160254528845   -5.01188463385563
   3.35664994696941    0.21118251450056   -5.00270037062449
   3.35282295701273    0.21094174070085   -4.99719475005961
   3.34237541020772    0.21028443677000   -4.98250395403943
   3.34150326926390    0.21022956631272   -4.98152717631737
   3.33080806792986    0.20955668127958   -4.96719267033191
   3.32686647688649    0.20930869739064   -4.96179340262634
   3.31943589768926    0.20884120497294   -4.95248232115412
   3.31200441856309    0.20837365593651   -4.94224163968520
   3.30828925257993    0.20813991750489   -4.93758627678962
   3.29803132698079    0.20749454352911   -4.92270667692766
   3.29717686518526    0.20744078534956   -4.92171959270079
   3.28714593847134    0.20680969293311   -4.90760956987282
   3.28229963043067    0.20650478907532   -4.90032584132524
   3.27668195513354    0.20615135490326   -4.89291306802786
   3.26745252304299    0.20557068825435   -4.88076051850195
   3.26552050835662    0.20544913619323   -4.87802398710453
   3.25431972507717    0.20474444264022   -4.86327976941402
   3.25246309522836    0.20462763339107   -4.86141736884768
   3.24285313047340    0.20402302565619   -4.84784157531642
   3.23813550329956    0.20372621771232   -4.84135395838229
   3.23149850654296    0.20330865326982   -4.83309066946216
   3.22264922985631    0.20275190397164   -4.82042532650664
   3.22094062331848    0.20264440755985   -4.81845160466453
   3.21014686471914    0.20196532182915   -4.80329076962102
   3.20816097376109    0.20184038016032   -4.80060074765064
   3.19894883435036    0.20126080147460   -4.78844538951795
   3.19315387214576    0.20089621335575   -4.78023743607634
   3.18843637860013    0.20059941381906   -4.77377877951199
   3.17810103427890    0.19994916907014   -4.75988979668492
   3.17726031069622    0.19989627522568   -4.75889601823344
   3.16621520328695    0.19920137596825   -4.74394288298845
   3.16338404870511    0.19902325481979   -4.74023398530429
   3.15526244389438    0.19851228675555   -4.72890406556605
   3.14859613391061    0.19809287808111   -4.71972816847179
   3.14414674245233    0.19781294609804   -4.71400348151283
   3.13392230952889    0.19716967930280   -4.70006831998093
   3.13305060408981    0.19711483624516   -4.69909214961399
   3.12276216065302    0.19646754224977   -4.68423885805277
   3.11887887353028    0.19622322653260   -4.67879151397840
   3.11165248734743    0.19576858085046   -4.66933834766341
   3.10398586477793    0.19528623784254   -4.65930972621435
   3.10027262970817    0.19505262089369   -4.65465717619181
   3.09001278992029    0.19440712648736   -4.63978357911281
   3.08915875450674    0.19435339513349   -4.63879709727470
   3.07887230061596    0.19370622630973   -4.62489717136925
   3.07428470229690    0.19341759908799   -4.61836079632444
   3.06776631100771    0.19300749666901   -4.61000331185663
   3.05943611261760    0.19248340500914   -4.59881607054379
   3.05661918347382    0.19230617884938   -4.59511975090600
   3.04568598781087    0.19161832048222   -4.58003857409349
   3.04465024850158    0.19155315728822   -4.57825008926981
   3.03524049123946    0.19096114554113   -4.56535743098623
   3.02973482926526    0.19061475865002   -4.55787687663226
   3.02348436514143    0.19022151277949   -4.55024367325157
   3.01503772051782    0.18969009494358   -4.54016528643235
   3.01039863626452    0.18939822850142   -4.53551263160046
   3.00019279697279    0.18875613151834   -4.52527696797016
   2.99555384404014    0.18846427333818   -4.52062447340132
   2.98534829303071    0.18782219449228   -4.51038916169317
   2.98070947081509    0.18753034453613   -4.50573682678403
   2.97050490891652    0.18688832791982   -4.49643099159817
   2.96563403560060    0.18658187854591   -4.49108165882060
   2.95542975236227    0.18593987946141   -4.48177614983098
   2.94986347961964    0.18558967926396   -4.47619372569304
   2.94105080624561    0.18503523285102   -4.46828407923123
   2.93362931687641    0.18456831231683   -4.46084109587961
   2.92597646033330    0.18408683539388   -4.45363020302244
   2.91785966466825    0.18357616989545   -4.44595422503635
   2.91135462853021    0.18316690771135   -4.43946964947687
   2.90213251506699    0.18258670151144   -4.43103782895196
   2.89651447462118    0.18223324436617   -4.42551179732747
   2.88778636948951    0.18168411853606   -4.41661952876083
   2.88145159540293    0.18128556833227   -4.41083368127555
   2.87148028788394    0.18065822683763   -4.40129798333893
   2.86683374428661    0.18036589109333   -4.39667083824073
   2.85646157017609    0.17971332921047   -4.38662028682962
   2.85177010783361    0.17941816741826   -4.38199536092641
   2.84087179887998    0.17873250393681   -4.37153011276949
   2.83714820522080    0.17849823528076   -4.36785648879109
   2.82567459076327    0.17777637664496   -4.35708874125656
   2.82209938533280    0.17755144378494   -4.35411148809210
   2.80913102169901    0.17673554350210   -4.34200215517185
   2.80725171986279    0.17661730785240   -4.34013475937977
   2.79357190530828    0.17575664687162   -4.32688025375025
   2.79264445998774    0.17569829695788   -4.32595017246498
   2.77925106189458    0.17485565577345   -4.31246072228578
   2.77737051547294    0.17473734182108   -4.31057565159265
   2.76346379506892    0.17386240513427   -4.29755013399324
   2.76253666634516    0.17380407513911   -4.29661984423007
   2.74813001319922    0.17289768535020   -4.28316610748467
   2.74720264112925    0.17283934004499   -4.28223611569982
   2.73305599948913    0.17194930879345   -4.26862537410864
   2.73209077500231    0.17188858201604   -4.26774103977624
   2.71821964418272    0.17101588443609   -4.25465866670058
   2.71629976289333    0.17089509574360   -4.25287520785101
   2.70320496742026    0.17007124104366   -4.23987171287401
   2.70060562544390    0.16990770430814   -4.23782834757102
   2.68854808967008    0.16914910845703   -4.22581856616504
   2.68495441960839    0.16892301390088   -4.22289649015366
   2.67371516727842    0.16821590008036   -4.21179072983257
   2.67000616029549    0.16798254914019   -4.20807135200891
   2.65910817196696    0.16729690583076   -4.19765268821867
   2.65434457338794    0.16699720561123   -4.19314758286852
   2.64387972277179    0.16633881301686   -4.18313013851871
   2.63848157800231    0.16599919053490   -4.17831516136907
   2.62943993358026    0.16543033848466   -4.16974875420031
   2.62280332718261    0.16501279860146   -4.16340208695123
   2.61437537386127    0.16448255672262   -4.15507010450614
   2.60788527027651    0.16407423401514   -4.14856200264679
   2.59954144834481    0.16354928523468   -4.14112319104575
   2.59212437328402    0.16308264242524   -4.13368558849078
   2.58493924059650    0.16263059219303   -4.12697404154548
   2.57643582863195    0.16209560285876   -4.11878041033088
   2.56987417823031    0.16168277880711   -4.11230205029333
   2.56153038251595    0.16115783167611   -4.10393526077366
   2.55504131258151    0.16074957400039   -4.09835641751804
   2.54577065753702    0.16016631382305   -4.08906026633985
   2.54021005156450    0.15981647014856   -4.08352404947677
   2.53007489844257    0.15917882036233   -4.07416107818916
   2.52537616953639    0.15888320139668   -4.06953788028003
   2.51517894669211    0.15824164651452   -4.05931273355821
   2.51055151351992    0.15795051309625   -4.05474494879610
   2.49937788965452    0.15724752826874   -4.04457723340314
   2.49571286763039    0.15701694462762   -4.04164955588677
   2.48366218884915    0.15625878018192   -4.02956601301849
   2.48090017934527    0.15608500927303   -4.02680267533674
   2.46793903422404    0.15526956314050   -4.01470201454852
   2.46605050339159    0.15515074685158   -4.01283442619117
   2.45214696456597    0.15427601033272   -3.99982114877479
   2.45122004470579    0.15421769347814   -3.99889171436158
   2.43721651549298    0.15333666609734   -3.98505053421999
   2.43628992900188    0.15327837021657   -3.98412081514281
   2.42156282544155    0.15235181939646   -3.97100480152120
   2.42063619599110    0.15229352081292   -3.97007517443925
   2.40664029297047    0.15141297323146   -3.95622782420610
   2.40571375346522    0.15135468030679   -3.95529815596408
   2.39216157611407    0.15050204957818   -3.94391317961138
   2.38750329866500    0.15020897560250   -3.94022706042377
   2.37710707698851    0.14955490077503   -3.93199536498730
   2.36974546021040    0.14909174710498   -3.92543224261252
   2.36229738997707    0.14862315424457   -3.91900425712621
   2.35146399727477    0.14794157494748   -3.91030690836064
   2.34792166080233    0.14771871002702   -3.90738780631439
   2.33345002133996    0.14680823164563   -3.89578797515363
   2.33252358712873    0.14674994534549   -3.89485841680387
   2.31782583880090    0.14582524140007   -3.88366821010315
   2.31419083843156    0.14559654656137   -3.88079789345119
   2.30301725972680    0.14489356457512   -3.87160282973888
   2.29570534834887    0.14443353810379   -3.86590495339224
   2.28837573480270    0.14397239790644   -3.85932314188037
   2.27894398603603    0.14337900257116   -3.85116777207550
   2.27340643728025    0.14303060953379   -3.84654513396996
   2.25953539868926    0.14215791775638   -3.83628602903074
   2.25850303430140    0.14209296689443   -3.83526536552816
   2.24364129313617    0.14115794539421   -3.82241575201866
   2.24184419737235    0.14104488171221   -3.82142055209085
   2.22907828902935    0.14024171883662   -3.81099865210887
   2.22347419943534    0.13988913940455   -3.80640902008734
   2.21425848866553    0.13930933602796   -3.79892459144075
   2.20577894647739    0.13877584845273   -3.79167155376832
   2.19930427487191    0.13836849664310   -3.78612095893494
   2.18724267105989    0.13760964485272   -3.77685260221621
   2.18431366313792    0.13742536729392   -3.77399954247329
   2.16963057340388    0.13650158558905   -3.76283986322684
   2.16868974394155    0.13644239361649   -3.76192814988220
   2.15479120895302    0.13556797191237   -3.75072926825771
   2.15020415962893    0.13527937923047   -3.74696175647957
   2.13998745995879    0.13463659897029   -3.73866716692813
   2.13171281158525    0.13411600222123   -3.73208855834335
   2.12533481347719    0.13371473259252   -3.72646494897308
   2.11409587780020    0.13300763869411   -3.71733835735179
   2.11030504049763    0.13276913942661   -3.71443323789238
   2.09641726620571    0.13189539472814   -3.70251847789567
   2.09547837439677    0.13183632466239   -3.70160529927692
   2.08070345143033    0.13090676530026   -3.69032380024730
   2.07789427888790    0.13073002714449   -3.68757165648837
   2.06590192804179    0.12997553238142   -3.67826255928162
   2.05855659499780    0.12951340319709   -3.67260982078929
   2.05119188479428    0.12905005490522   -3.66695402423897
   2.04093446191057    0.12840471255761   -3.65774375255543
   2.03638778363460    0.12811865980677   -3.65397314059890
   2.02253628983094    0.12724719768314   -3.64277319971793
   2.02162721326835    0.12719000343370   -3.64196043477744
   2.00662498125939    0.12624614299880   -3.62992722861886
   2.00475028160312    0.12612819689372   -3.62809562320398
   1.99182499111005    0.12531500654319   -3.61786604268780
   1.98626181290694    0.12496500103767   -3.61322884645511
   1.97699286640749    0.12438184835287   -3.60576705398475
   1.96863683674014    0.12385613152678   -3.59836008303867
   1.96212790043331    0.12344662396486   -3.59286526774179
   1.94926419712227    0.12263730835140   -3.58344894031946
   1.94741439883397    0.12252092890761   -3.58236563378787
   1.93255674691765    0.12158616468112   -3.56954040655055
   1.93161803257905    0.12152710578086   -3.56862683412079
   1.91784844191343    0.12066079656591   -3.55829120174433
   1.91227177735460    0.12030994257081   -3.55367226478243
   1.90300091574861    0.11972666939771   -3.54638263769399
   1.89190882091980    0.11902881394241   -3.53892098179884
   1.88831449349834    0.11880267802869   -3.53624840841674
   1.87346832519387    0.11786863628982   -3.52675174445045
   1.86973370912669    0.11763367416264   -3.52401117810827
   1.85867783116046    0.11693809727920   -3.51654669067089
   1.84752401628697    0.11623635872782   -3.50918270897382
   1.84360806280543    0.11598998781755   -3.50627272762194
   1.82902644534606    0.11507259020707   -3.49701756385950
   1.82529270876561    0.11483768341250   -3.49427610700929
   1.81423702929023    0.11414211901704   -3.48681309040746
   1.80308466313309    0.11344047161118   -3.47944805766920
   1.79916712551538    0.11319400103551   -3.47653731891047
   1.78444485488644    0.11226775427767   -3.46735043955047
   1.77988939020730    0.11198114873319   -3.46446778272460
   1.76978702398996    0.11134556172416   -3.45707420356963
   1.75864729502857    0.11064470938325   -3.44971524888122
   1.75481707600048    0.11040373242759   -3.44764252952025
   1.74005069419006    0.10947471042945   -3.43765547084684
   1.73633486474072    0.10924093025607   -3.43488699417266
   1.72524651965761    0.10854331071478   -3.42744161893794
   1.71328428892260    0.10779071094847   -3.41990279463142
   1.71037803084987    0.10760786468887   -3.41791286710355
   1.69557303303602    0.10667641317772   -3.40788624115476
   1.69187799496088    0.10644394108674   -3.40508945080152
   1.68088947070924    0.10575260173984   -3.39759914338764
   1.66977836194080    0.10505355002885   -3.39025507252111
   1.66585636061302    0.10480679862034   -3.38734203760292
   1.65118368853512    0.10388367233884   -3.37819480952901
   1.64659014631623    0.10359467115862   -3.37535757285110
   1.63646801120436    0.10295784039616   -3.36880858982812
   1.62441673958818    0.10219963865245   -3.36044857692950
   1.62164521302272    0.10202526898080   -3.35858278179761
   1.60670881838787    0.10108555068238   -3.34842925908956
   1.60214798561348    0.10079860740598   -3.34555520994103
   1.59209798013299    0.10016631465527   -3.33911895863553
   1.57998578723336    0.09940428006928   -3.33072404987861
   1.57721425535640    0.09922991006346   -3.32885853706572
   1.56243125321439    0.09829984240269   -3.31958652296755
   1.55772954937325    0.09800403627000   -3.31590635726088
   1.54760700840323    0.09736717997311   -3.30936064876492
   1.53375187115894    0.09649548862363   -3.30110926655609
   1.53284718380988    0.09643857052009   -3.30025228118049
   1.51846030263877    0.09553342467839   -3.29574317901557
   1.50374138517096    0.09460738888357   -3.29372369154731
   1.48896910136927    0.09367799556361   -3.29321069718569
   1.47413426240076    0.09274466660615   -3.29315682655463
   1.45932381412665    0.09181287218111   -3.29314949552771
   1.44451344708638    0.09088108286686   -3.29314223850897
   1.42970316038822    0.08994929860732   -3.29313505549849
   1.41489295314045    0.08901751934637   -3.29312794649638
   1.40008307844135    0.08808576100760   -3.29265696527113
   1.38527303405024    0.08715399199272   -3.29265000476956
   1.37046306643412    0.08622222780812   -3.29264311826705
   1.35565290081880    0.08529045116646   -3.29310025057349
   1.34084335796001    0.08435871370532   -3.29262956725956
   1.32603332817554    0.08342694560941   -3.29308684666468
   1.31122394588529    0.08249521825039   -3.29261631224945
   1.29641434876841    0.08156347737562   -3.29260979574366
   1.28162534271240    0.08063303198060   -3.29218615525299
   1.26679542969307    0.07970001293758   -3.29213297455243
   1.25198925297359    0.07876848725598   -3.29254491727078
   1.23717666563067    0.07783655825213   -3.29258446971781
   1.22238683102646    0.07690606072927   -3.29216120138957
   1.20756231422911    0.07597338118777   -3.29252632269499
   1.19276798134213    0.07504260065695   -3.29214916597850
   1.17794011647209    0.07410971047257   -3.29209632442076
   1.16313112781961    0.07317800787913   -3.29209047503504
   1.14832220256571    0.07224630927440   -3.29208469964087
   1.13351333981867    0.07131461460226   -3.29207899823834
   1.11870453868678    0.07038292380663   -3.29207337082756
   1.10389579827834    0.06945123683138   -3.29206781740862
   1.08908711770163    0.06851955362043   -3.29206233798162
   1.07427849606493    0.06758787411768   -3.29205693254664
   1.05946993247654    0.06665619826701   -3.29205160110379
   1.04466183922386    0.06572455200736   -3.29158240682722
   1.02985339568199    0.06479288370937   -3.29157722362292
   1.01504458108414    0.06386119206653   -3.29203605072893
   1.00023667382567    0.06292955750864   -3.29156707916309
   0.98542839372780    0.06199789949368   -3.29156211790776
   0.97062016632786    0.06106624479420   -3.29155723063561
   0.95581153780688    0.06013456485832   -3.29201635279133
   0.94100386605494    0.05920294511724   -3.29154767804127
   0.92619579139855    0.05827130002757   -3.29154301271928
   0.91138776587326    0.05733965802896   -3.29153842138087
   0.89657978858739    0.05640801906532   -3.29153390402614
   0.88177185864922    0.05547638308055   -3.29152946065519
   0.86697679878065    0.05454555681192   -3.29110833447339
   0.85216665868079    0.05361378177556   -3.29147371618456
   0.83734834400391    0.05268149243840   -3.29151657444603
   0.82255259862086    0.05175062304086   -3.29109569314787
   0.80773287955394    0.05081824534697   -3.29104437602260
   0.79292521270367    0.04988662591428   -3.29104037745129
   0.77811758695851    0.04895500906771   -3.29103645285542
   0.76331000142677    0.04802339475115   -3.29103260223508
   0.74850245521675    0.04709178290850   -3.29102882559036
   0.73369494743676    0.04616017348367   -3.29102512292137
   0.71888747719509    0.04522856642054   -3.29102149422821
   0.70408004360005    0.04429696166303   -3.29101793951096
   0.68927264575993    0.04336535915503   -3.29101445876972
   0.67446586161064    0.04243379525718   -3.29054711912139
   0.65965853922622    0.04150219749645   -3.29054378634935
   0.64485184199396    0.04057063906695   -3.29007659512638
   0.63002420843994    0.03963776343574   -3.28965499430960
   0.61523672892878    0.03870741408278   -3.29007026565887
   0.60044463764658    0.03777677458177   -3.29048343077836
   0.58562240566708    0.03684423878883   -3.29052823199407
   0.57081526838600    0.03591265267381   -3.29052534302471
   0.55600815883457    0.03498106830339   -3.29052252802281
   0.54120107612108    0.03404948562148   -3.29051978698848
   0.52640057928252    0.03311831728769   -3.29010049029499
   0.51160365752268    0.03218737387879   -3.29046656607933
   0.49677998009144    0.03125474714573   -3.29051200769189
   0.48197874184597    0.03032353216657   -3.29009292707882
   0.46716597301908    0.02939159174472   -3.29004323252022
   0.45235903032027    0.02846001787178   -3.29004093597957
   0.43755210821693    0.02752844529460   -3.29003871339807
   0.42279308301420    0.02659988613498   -3.28998660996277
   0.40794278314170    0.02566558445989   -3.29008179272403
   0.39313216120703    0.02473377910905   -3.28956855567512
   0.37832531918749    0.02380221157031   -3.28956662876916
   0.36351849330499    0.02287064504683   -3.28956477581347
   0.34871168266786    0.02193907948251   -3.28956299680814
   0.33390488638440    0.02100751482124   -3.28956129175328
   0.31909810356295    0.02007595100693   -3.28955966064898
   0.30429133331182    0.01914438798348   -3.28955810349536
   0.28948679846146    0.01821296559953   -3.28913996320095
   0.27469876700560    0.01728258152114   -3.28950675237337
   0.25987108906357    0.01634970309728   -3.28955387573951
   0.24506436017694    0.01541814267626   -3.28955261438958
   0.23025763940224    0.01448658276560   -3.28955142699082
   0.21545092584779    0.01355502330920   -3.28955031354335
   0.20064482029934    0.01262350210530   -3.28913256136180
   0.18583741232745    0.01169189895986   -3.28908436160151
   0.17103071278400    0.01076034038496   -3.28908347052100
   0.15622482744055    0.00982883303518   -3.28861871637008
   0.14141732376404    0.00889722386852   -3.28908191018760
   0.12661063250420    0.00796566581478   -3.28908124093492
   0.11180477262277    0.00703416006693   -3.28861670764850
   0.09699808904492    0.00610260249650   -3.28861618594167
   0.08219056102512    0.00517099179829   -3.28907967683412
   0.06738471858129    0.00423948714752   -3.28861536432916
   0.05257802991218    0.00330792925678   -3.28861506442369
   0.03777133776264    0.00237637114706   -3.28861483845221
   0.02296464124102    0.00144481276228   -3.28861468641483
   0.00815793945563    0.00051325404633   -3.28861460831164
  -0.00664876848519   -0.00041830505689   -3.28861460414275
  -0.02145548347310   -0.00134986460348   -3.28861467390827
  -0.03626220639977   -0.00228142464952   -3.28861481760829
  -0.05110087249643   -0.00321499438948   -3.28773242208017
  -0.06581884152036   -0.00414097051327   -3.28810056580762
  -0.08068151778541   -0.00507605084499   -3.28814397543719
  -0.09548827550561   -0.00600761308006   -3.28814222133570
  -0.11030103988381   -0.00693955322202   -3.28819966584457
  -0.12510197730063   -0.00787074927464   -3.28768935071370
  -0.13990877646044   -0.00880231411687   -3.28769001178865
  -0.15465789915555   -0.00973025026352   -3.28810377725691
  -0.16955725615011   -0.01066763835113   -3.28773666957231
  -0.18432926794216   -0.01159701455769   -3.28769243851481
  -0.19913613274237   -0.01252858352966   -3.28769339525765
  -0.21394301618183   -0.01346015367432   -3.28769442591771
  -0.22874991915219   -0.01439172504776   -3.28769553049510
  -0.24355684254512   -0.01532329770608   -3.28769670898993
  -0.25836378725227   -0.01625487170537   -3.28769796140229
  -0.27317075416529   -0.01718644710174   -3.28769928773230
  -0.28797774417585   -0.01811802395128   -3.28770068798006
  -0.30278475817560   -0.01904960231009   -3.28770216214566
  -0.31762847003989   -0.01998348950285   -3.28682075640207
  -0.33236695753042   -0.02091075653913   -3.28765610507238
  -0.34724315209285   -0.02184668737003   -3.28682402258165
  -0.36201326195798   -0.02277594391749   -3.28724486479433
  -0.37681936287277   -0.02370746482987   -3.28678275549637
  -0.39162653523717   -0.02463905315215   -3.28678467268703
  -0.40643373783280   -0.02557064337641   -3.28678666377775
  -0.42124097155133   -0.02650223555876   -3.28678872876865
  -0.43604823728438   -0.02743382975529   -3.28679086765981
  -0.45085553592362   -0.02836542602210   -3.28679308045135
  -0.46566286836068   -0.02929702441529   -3.28679536714337
  -0.48047023548723   -0.03022862499096   -3.28679772773597
  -0.49527763819489   -0.03116022780521   -3.28680016222927
  -0.51008507737533   -0.03209183291412   -3.28680267062335
  -0.52489255392018   -0.03302344037381   -3.28680525291834
  -0.53970006872109   -0.03395505024036   -3.28680790911432
  -0.55450762266971   -0.03488666256988   -3.28681063921142
  -0.56931412275989   -0.03581820859624   -3.28626445144226
  -0.58413655785393   -0.03675075716807   -3.28639860026739
  -0.59889378484257   -0.03767920319365   -3.28676992034960
  -0.61373713900506   -0.03861306788171   -3.28626581197342
  -0.62854489716803   -0.03954469305931   -3.28626639678924
  -0.64339628609210   -0.04047906325172   -3.28594500101008
  -0.65816073355585   -0.04140796355108   -3.28590392139125
  -0.67296862849942   -0.04233959733419   -3.28590724186498
  -0.68777657061587   -0.04327123408515   -3.28591063622224
  -0.70258456079686   -0.04420287386009   -3.28591410446314
  -0.71739259993401   -0.04513451671508   -3.28591764658779
  -0.73220068891897   -0.04606616270623   -3.28592126259629
  -0.74700882864336   -0.04699781188964   -3.28592495248875
  -0.76181701999883   -0.04792946432139   -3.28592871626527
  -0.77662526387701   -0.04886112005760   -3.28593255392596
  -0.79145105501734   -0.04979387977397   -3.28551828962086
  -0.80624217278805   -0.05072445802682   -3.28547651966581
  -0.82100952325821   -0.05165354096787   -3.28589514632670
  -0.83585878244950   -0.05258777716885   -3.28594864341250
  -0.85066730231574   -0.05351945026875   -3.28595285049562
  -0.85443142228777   -0.05375626862430   -3.28532461896013
  -0.86553978310250   -0.05445514744869   -3.28444381826483
  -0.87935797314909   -0.05532451427752   -3.28503330155731
  -0.88028478829088   -0.05538282454377   -3.28549755444327
  -0.88306013682401   -0.05555743467325   -3.28503439930636
  -0.89509101005122   -0.05631435305911   -3.28443230499377
  -0.90989975815972   -0.05724604051880   -3.28443413970971
  -0.92470856773904   -0.05817773184590   -3.28443604060352
  -0.93944351964696   -0.05910477644219   -3.28456858779162
  -0.95439306048552   -0.06004532182964   -3.28445452782146
  -0.96913537421932   -0.06097282959275   -3.28444214057737
  -0.98394443859931   -0.06190453695055   -3.28444430640587
  -0.99875356890881   -0.06283624845629   -3.28444653852189
  -1.01356276603954   -0.06376796416607   -3.28444883694618
  -1.02837203088324   -0.06469968413598   -3.28445120169914
  -1.04318136433165   -0.06563140842213   -3.28445363280079
  -1.05799076727650   -0.06656313708063   -3.28445613027076
  -1.07280024060952   -0.06749487016758   -3.28445869412836
  -1.08760978522244   -0.06842660773908   -3.28446132439248
  -1.10241940200699   -0.06935834985124   -3.28446402108171
  -1.11722909185491   -0.07029009656015   -3.28446678421425
  -1.13213129543001   -0.07122766373942   -3.28385680056546
  -1.14674486965988   -0.07214707189948   -3.28443719201641
  -1.16165743148772   -0.07308529076478   -3.28368575937230
  -1.17659329177704   -0.07402497544503   -3.28389804755508
  -1.19127917445685   -0.07494893286715   -3.28375019321209
  -1.20608790401317   -0.07588061915964   -3.28329216841668
  -1.22089812536668   -0.07681239930805   -3.28329821808851
  -1.23554021095997   -0.07773360125105   -3.28365603652292
  -1.25058649032968   -0.07868023291100   -3.28336209107090
  -1.26532927397755   -0.07960777023860   -3.28331681009592
  -1.28013982133666   -0.08053957089754   -3.28332315509606
  -1.29495045242618   -0.08147137682436   -3.28332957392853
  -1.30976116813773   -0.08240318807514   -3.28333606659346
  -1.32457344154942   -0.08333509732810   -3.28380664438946
  -1.32912735034219   -0.08362160498450   -3.28465045312671
  -1.33942062088785   -0.08426920267584   -3.28694477459322
  -1.35442301437324   -0.08521307326998   -3.29201293672573
  -1.36752975462231   -0.08603767947153   -3.29849196114364
  -1.36963695529700   -0.08617025330081   -3.29984143556798
  -1.38409615018173   -0.08707994873574   -3.30904400009089
  -1.39071206893403   -0.08749618706262   -3.31342746681137
  -1.39912979968476   -0.08802578579183   -3.31894093367268
  -1.41371469128955   -0.08894338939408   -3.32763011943124
  -1.41467544829152   -0.08900383510117   -3.32840332361683
  -1.42876793769478   -0.08989045938275   -3.33752053591732
  -1.43796780805015   -0.09046926616494   -3.34313987892306
  -1.44358730187406   -0.09082281474900   -3.34681064830853
  -1.45838288676859   -0.09175367404946   -3.35609546564395
  -1.46118567584282   -0.09193001059145   -3.35795897856096
  -1.47324567907102   -0.09268876168163   -3.36632512806319
  -1.48426297335958   -0.09338191108583   -3.37288369476205
  -1.48819161844921   -0.09362908048440   -3.37568174162755
  -1.50284457363372   -0.09455096628412   -3.38489610279478
  -1.50744982779445   -0.09484070431726   -3.38772518629243
  -1.51773127402187   -0.09548755808554   -3.39513532936164
  -1.52982746709183   -0.09624858604758   -3.40226626363487
  -1.53294933822314   -0.09644499753101   -3.40418170718193
  -1.54733048614185   -0.09734978266704   -3.41370425311113
  -1.55288858939986   -0.09769946888408   -3.41742078214357
  -1.56217630418205   -0.09828380236915   -3.42393214573217
  -1.57594700264416   -0.09915018128074   -3.43240710767697
  -1.57695188107516   -0.09921340287286   -3.43321103903688
  -1.59178293487081   -0.10014649368743   -3.44250555499121
  -1.59996341407665   -0.10066116581465   -3.44739134995124
  -1.60645112092924   -0.10106933773252   -3.45210757984631
  -1.62138390236006   -0.10200882870741   -3.46108220037086
  -1.62321841988069   -0.10212424676679   -3.46218570463534
  -1.63604665334444   -0.10293133080661   -3.47070787872312
  -1.64626632390870   -0.10357429797961   -3.47714393532584
  -1.65108392793070   -0.10387739593361   -3.48060864208602
  -1.66588617074640   -0.10480867411497   -3.48989637928870
  -1.66946887825423   -0.10503407896569   -3.49197504140608
  -1.68074533975889   -0.10574353378905   -3.50012932146926
  -1.69177374552003   -0.10643738226785   -3.50668983713994
  -1.69567256925373   -0.10668267546574   -3.50948427155660
  -1.71035678958296   -0.10760652830163   -3.51870634558679
  -1.71496295815242   -0.10789632386449   -3.52153637062898
  -1.72523573364730   -0.10854263211653   -3.52894862482376
  -1.73733163872252   -0.10930364195947   -3.53611607158954
  -1.74039282704043   -0.10949623560389   -3.53804020931920
  -1.75487670970344   -0.11040748426217   -3.54846348587040
  -1.75854338512768   -0.11063817192642   -3.55136159411416
  -1.76972803367054   -0.11134185036784   -3.56055673224412
  -1.77723239471984   -0.11181398474621   -3.56589591556714
  -1.78475034230358   -0.11228697391687   -3.57227248486553
  -1.79681499722310   -0.11304601766666   -3.58061017307434
  -1.80004470514983   -0.11324921366620   -3.58322417113694
  -1.81420564598055   -0.11414014454656   -3.59401519875610
  -1.81614990120507   -0.11426246671707   -3.59576067159735
  -1.82924187199781   -0.11508614370319   -3.60576281487135
  -1.83569701931727   -0.11549226714886   -3.61045351464280
  -1.84409426779820   -0.11602057724289   -3.61695782607174
  -1.85507032074330   -0.11671113196169   -3.62550339359771
  -1.85873845387947   -0.11694191133739   -3.62844539945129
  -1.87349798265602   -0.11787050217919   -3.63954996986590
  -1.87523962103110   -0.11798007677803   -3.64062821620821
  -1.88812285621287   -0.11879062123264   -3.65099366900292
  -1.89385818540454   -0.11915145756033   -3.65533799997474
  -1.90318570390291   -0.11973829528295   -3.66280839308036
  -1.91413811637146   -0.12042736266904   -3.67039483115836
  -1.91820561553503   -0.12068326802547   -3.67364661292873
  -1.93281047075300   -0.12160212763180   -3.68416986167305
  -1.93379317925821   -0.12166395441041   -3.68502512606605
  -1.94766331809592   -0.12253658958014   -3.69626988714082
  -1.95233038034019   -0.12283021624829   -3.69989866246629
  -1.96246946096734   -0.12346811313221   -3.70741039269874
  -1.97105902356375   -0.12400852260482   -3.71453670807701
  -1.97785875647389   -0.12443632553827   -3.71968098894125
  -1.99136928115884   -0.12528633570325   -3.72950012085365
  -1.99231888229986   -0.12534607954306   -3.73031705850060
  -2.00675335746732   -0.12625421974520   -3.74116801664062
  -2.01145774202088   -0.12655019453402   -3.74476808064330
  -2.02179662521008   -0.12720066192964   -3.75297121623630
  -2.03028313367326   -0.12773458778575   -3.75922341027560
  -2.03663366297148   -0.12813412922343   -3.76413400637012
  -2.04970862814981   -0.12895673630698   -3.77420283106179
  -2.05149941783580   -0.12906940324420   -3.77532823389291
  -2.06627745846261   -0.12999915875289   -3.78643653671253
  -2.06924239996278   -0.13018569706080   -3.78895899185053
  -2.08111219167047   -0.13093248105646   -3.79852546243310
  -2.08865153505642   -0.13140681633690   -3.80387781021687
  -2.09595636177967   -0.13186639707954   -3.80969455497413
  -2.10791674969371   -0.13261888090537   -3.81910649844838
  -2.11076612911071   -0.13279814866327   -3.82176413221425
  -2.12585374420075   -0.13374738094632   -3.83174532700595
  -2.12852039995212   -0.13391515270559   -3.83374223549063
  -2.14043686673404   -0.13466487324802   -3.84315926881950
  -2.14712763435143   -0.13508582066634   -3.84846281230643
  -2.15547870666788   -0.13561122560234   -3.85492644878669
  -2.16754333834454   -0.13637026788981   -3.86327759513093
  -2.17037589018347   -0.13654847694624   -3.86529676175414
  -2.18494931412457   -0.13746535906424   -3.87665282274615
  -2.18689452723969   -0.13758774150011   -3.87839939047679
  -2.19976565629173   -0.13839752430160   -3.88872485399086
  -2.20550336613019   -0.13875851040689   -3.89312585839152
  -2.21482844420830   -0.13934519459128   -3.90051948159447
  -2.22501184395530   -0.13998587979788   -3.90798074295579
  -2.22968088793847   -0.14027963114647   -3.91171737996980
  -2.24354612478629   -0.14115195790914   -3.92293070477919
  -2.24447941395652   -0.14121067548674   -3.92374049179093
  -2.25937656349275   -0.14214792469284   -3.93690897973006
  -2.26030395021469   -0.14220627091987   -3.93783890776399
  -2.27398077755246   -0.14306674396091   -3.95016135063625
  -2.27676300480627   -0.14324178686281   -3.95295121792575
  -2.28880674971960   -0.14399951506652   -3.96408700955403
  -2.29264762154549   -0.14424116223941   -3.96765427619324
  -2.30387849867111   -0.14494774913673   -3.97778444214074
  -2.30936551826210   -0.14529296314851   -3.98252161604394
  -2.31871853911193   -0.14588140534310   -3.99174039857193
  -2.32514075886888   -0.14628545716213   -3.99739828033032
  -2.33355788821965   -0.14681501805447   -4.00476978679171
  -2.34184671054717   -0.14733650655313   -4.01227412711803
  -2.34839775241892   -0.14774866317266   -4.01872446058846
  -2.35761871412702   -0.14832879691028   -4.02715392152118
  -2.36323278391138   -0.14868200424270   -4.03265272173851
  -2.37426963704927   -0.14937638418540   -4.04206154733666
  -2.37807262817711   -0.14961564810678   -4.04567986801649
  -2.39099929557081   -0.15042892508455   -4.05690905758318
  -2.39291800006708   -0.15054963973949   -4.05875517297343
  -2.40681334461046   -0.15142386071781   -4.07176839399194
  -2.40775820839093   -0.15148330650816   -4.07270872629436
  -2.42235746325174   -0.15240181376988   -4.08592221180071
  -2.42334086357472   -0.15246368407398   -4.08677826135163
  -2.43743837710143   -0.15335062444661   -4.09968769659204
  -2.43998828728323   -0.15351105119723   -4.10178079391264
  -2.45204551121336   -0.15426962742879   -4.11292159645398
  -2.45588737616898   -0.15451133708411   -4.11649004544336
  -2.46688831330052   -0.15520345738322   -4.12688001325750
  -2.47167068247270   -0.15550433854837   -4.13136750677558
  -2.48196165972187   -0.15615179195772   -4.14058387862678
  -2.48838549706060   -0.15655594554638   -4.14624366131289
  -2.49657267545262   -0.15707103915066   -4.15386818818062
  -2.50487941928203   -0.15759365517464   -4.16135821528928
  -2.51141668084847   -0.15800494481085   -4.16781417933601
  -2.52081678610378   -0.15859634930513   -4.17604325898085
  -2.52648995047780   -0.15895327455400   -4.18151004775629
  -2.53752959324212   -0.15964783000512   -4.19092210408497
  -2.54133294404574   -0.15988711655538   -4.19454159237081
  -2.55353750932178   -0.16065496271869   -4.20554397457977
  -2.55639270800591   -0.16083459659385   -4.20829253958264
  -2.57007674490211   -0.16169552322186   -4.22063851235710
  -2.57101717712909   -0.16175469020249   -4.22157837173965
  -2.58562851738241   -0.16267395781266   -4.23483921104160
  -2.58655639654799   -0.16273233502162   -4.23576974289649
  -2.60047336954976   -0.16360791674720   -4.24879831608694
  -2.60302391667737   -0.16376838357105   -4.25089214358793
  -2.61531718758135   -0.16454181061943   -4.26182821617643
  -2.61902890147769   -0.16477533186416   -4.26555058270461
  -2.63017200571987   -0.16547639655973   -4.27576932823622
  -2.63568115149446   -0.16582300263299   -4.28048907399818
  -2.64524051534912   -0.16642442682906   -4.28951684299240
  -2.65150316448874   -0.16681843931581   -4.29533349342930
  -2.66009393457265   -0.16735892475709   -4.30344248391118
  -2.66745387514426   -0.16782197296916   -4.31002749938303
  -2.67517134589259   -0.16830751507333   -4.31715925218852
  -2.68416461705207   -0.16887332373585   -4.32491503815371
  -2.68978594610876   -0.16922698778298   -4.33044386175225
  -2.69994386361393   -0.16986606978280   -4.33980567727124
  -2.70463346318921   -0.17016111437964   -4.34440803166344
  -2.71643379115957   -0.17090352808737   -4.35492940013887
  -2.71926232916105   -0.17108148461455   -4.35766894497853
  -2.73262436206174   -0.17192215246833   -4.36931667948670
  -2.73455311534714   -0.17204349933950   -4.37119748188254
  -2.74876047710531   -0.17293735077706   -4.38402721712353
  -2.74976019397495   -0.17300024763127   -4.38485104396438
  -2.76378415807763   -0.17388256066636   -4.39772894665714
  -2.76564049476738   -0.17399935147151   -4.39959070871246
  -2.77886533013631   -0.17483138758823   -4.41146159983559
  -2.78234480472893   -0.17505029757444   -4.41448716936068
  -2.79371509403976   -0.17576565554301   -4.42542650620527
  -2.79812287991135   -0.17604296992445   -4.42938312461659
  -2.80834905482279   -0.17668634631628   -4.43867834395680
  -2.81407235127805   -0.17704642560835   -4.44409156068407
  -2.82342790557472   -0.17763502719390   -4.45239348980972
  -2.83007297946797   -0.17805309980677   -4.45874902872359
  -2.83827834689900   -0.17856933776839   -4.46636287636179
  -2.84657404962704   -0.17909125914516   -4.47387528500629
  -2.85311653415429   -0.17950287738220   -4.48036081177982
  -2.86147145404454   -0.18002852438703   -4.48874043202563
  -2.86812937578687   -0.18044740531805   -4.49611186820164
  -2.87370166399891   -0.18079798397675   -4.50355825688286
  -2.88294869776902   -0.18137975802948   -4.51664293207628
  -2.88459128894667   -0.18148310110686   -4.51864773281423
  -2.89418593695408   -0.18208674519366   -4.53332878261270
  -2.89779789974779   -0.18231399063096   -4.53899579468647
  -2.90411248226243   -0.18271127048871   -4.54842429262284
  -2.91246003120092   -0.18323645375256   -4.56053205468977
  -2.91431802008516   -0.18335334850497   -4.56332446201942
  -2.92330172664412   -0.18391855541383   -4.57778948302673
  -2.92752508690114   -0.18418426671910   -4.58367394617191
  -2.93384016341098   -0.18458157765640   -4.59310325224422
  -2.94242981790731   -0.18512199291086   -4.60504010492675
  -2.94433186165138   -0.18524165936012   -4.60780146058282
  -2.95369315898461   -0.18583062226690   -4.62267701738221
  -2.95704240217316   -0.18604133878766   -4.62756134199684
  -2.96357019223477   -0.18645203252729   -4.63778605779203
  -2.97216227429761   -0.18699260051129   -4.64972481325563
  -2.97406446748848   -0.18711227636294   -4.65248641031702
  -2.98342431543397   -0.18770114808198   -4.66736214085472
  -2.98677426739950   -0.18791190919520   -4.67224714187122
  -2.99330258912735   -0.18832263638444   -4.68247274051358
  -3.00165387310135   -0.18884805463680   -4.69458459642745
  -3.00351230544872   -0.18896497728955   -4.69737772973236
  -3.01311209420644   -0.18956894480495   -4.71206484370331
  -3.01672079007129   -0.18979598470450   -4.71773156154802
  -3.02303737448506   -0.19019339051107   -4.72716333162685
  -3.03138991632257   -0.19071888790150   -4.73927657075295
  -3.03324849903456   -0.19083582001439   -4.74206994995764
  -3.04284959126397   -0.19143986953728   -4.75675860724049
  -3.04624516997191   -0.19165350124182   -4.76163047672739
  -3.05277456870771   -0.19206429619065   -4.77185786232075
  -3.06137398167665   -0.19260532539617   -4.78380239063415
  -3.06327663088388   -0.19272502993794   -4.78656472362977
  -3.07263215288765   -0.19331362949179   -4.80144101944182
  -3.07598424811992   -0.19352452544793   -4.80632807407126
  -3.08251419219910   -0.19393535470686   -4.81655636375540
  -3.09100753257689   -0.19446971039060   -4.82857972972181
  -3.09276647056558   -0.19458037338888   -4.83143059399922
  -3.10233187682984   -0.19518217774114   -4.84615805117389
  -3.10590215299733   -0.19540680047822   -4.85091637841597
  -3.11227268863213   -0.19580760060791   -4.86124233654154
  -3.12061261865888   -0.19633230453046   -4.87337631219683
  -3.12247166009864   -0.19644926550406   -4.87617044079994
  -3.13268913732459   -0.19709209468390   -4.89108152957177
  -3.13546976017736   -0.19726703664544   -4.89573528428126
  -3.14200080862723   -0.19767793538548   -4.90596540334543
  -3.15035844485893   -0.19820375328803   -4.91808426941343
  -3.15221764175361   -0.19832072404201   -4.92087865170985
  -3.16182401977857   -0.19892510611897   -4.93557359234515
  -3.16521623491762   -0.19913852620569   -4.94044495933910
  -3.17174784239730   -0.19954946011691   -4.95067600367986
  -3.18010676771484   -0.20007535912186   -4.96279630021775
  -3.18196612133787   -0.20019233973636   -4.96559093815152
  -3.19157383858446   -0.20079680606999   -4.98028747732591
  -3.19513838091222   -0.20102106806446   -4.98504351507245
  -3.20151057738566   -0.20142197268526   -4.99537225569038
  -3.20985760760309   -0.20194712331394   -5.00751243570065
  -3.21171711922831   -0.20206411386910   -5.01030733121411
  -3.22132618272395   -0.20266866490155   -5.02500548007870
  -3.22488881519976   -0.20289280673831   -5.02976075317683
  -3.23126157437514   -0.20329374676132   -5.04009043540039
  -3.23939537257747   -0.20380548196872   -5.05144458357231
  -3.24147065580900   -0.20393604772269   -5.05502786195976
  -3.25108107254032   -0.20454068389351   -5.06972763170140
  -3.25468329535094   -0.20476731654302   -5.07539386923499
  -3.26100409106823   -0.20516498730235   -5.08483249933594
  -3.26936692001871   -0.20569113190307   -5.09695714493073
  -3.27122675147180   -0.20580814258009   -5.09975256142389
  -3.28053691240932   -0.20639388825755   -5.11464129928505
  -3.28422740195214   -0.20662607417914   -5.11932485020516
  -3.29076129121624   -0.20703715164806   -5.12955966608510
  -3.29912543333723   -0.20756337886646   -5.14168578072562
  -3.30098542661703   -0.20768039972476   -5.14448146061550
  -3.31059857061675   -0.20828520748076   -5.15918450581593
  -3.31419919224762   -0.20851173939257   -5.16485064124016
  -3.32052108408323   -0.20890947911382   -5.17429105185615
  -3.32888654527168   -0.20943578932092   -5.18641864529518
  -3.33074670165414   -0.20955282044076   -5.18921459051751
  -3.34036121960528   -0.21015771463846   -5.20391929037220
  -3.34398203653135   -0.21038551713055   -5.20864397188887
  -3.35060078323626   -0.21080193337713   -5.21882450536355
  -3.35876701672380   -0.21131570923971   -5.23105011175297
  -3.36052735834827   -0.21142646054727   -5.23390332473228
  -3.37012649572898   -0.21203038708150   -5.24865834792793
  -3.37367959851937   -0.21225392936127   -5.25340977822859
  -3.38005523945647   -0.21265505068936   -5.26374427402136
  -3.38841664667317   -0.21318110584217   -5.27589718456774
  -3.39027713309136   -0.21329815772610   -5.27869366625580
  -3.39989441937706   -0.21390322609265   -5.29340170945154
  -3.40327997952879   -0.21411622748306   -5.29827213249684
  -3.40981622373370   -0.21452745311230   -5.30851083232075
  -3.41818567700933   -0.21505401448023   -5.32064292111214
  -3.42004633036197   -0.21517107686679   -5.32343967393032
  -3.42995882328396   -0.21579471806063   -5.33853683351814
  -3.43287668873159   -0.21597829459436   -5.34316450488297
  -3.43958326497629   -0.21640023660721   -5.35328583615559
  -3.44821852335350   -0.21694352101466   -5.36523014988804
  -3.45012328187249   -0.21706335826308   -5.36799587402514
  -3.45913435703264   -0.21763028705838   -5.38304801651775
  -3.46303494790451   -0.21787569143517   -5.38856737109721
  -3.46935965597121   -0.21827360833867   -5.39801234716695
  -3.47773179921249   -0.21880033894489   -5.41014748243396
  -3.47959279027096   -0.21891742257810   -5.41294478329924
  -3.48921427953179   -0.21952275537343   -5.42765792714153
  -3.49275979403005   -0.21974582023833   -5.43240624842404
  -3.49913782241929   -0.22014709177217   -5.44274472137658
  -3.50742324510526   -0.22066836638351   -5.45413759699419
  -3.50965167549699   -0.22080856734011   -5.45756263257002
  -3.51960646349735   -0.22143486951473   -5.47260097031484
  -3.52237527855958   -0.22160906859306   -5.47728878271527
  -3.52891395101518   -0.22202044699488   -5.48753147851961
  -3.53728880661869   -0.22254734824847   -5.49966970033833
  -3.53915014050443   -0.22266445345054   -5.50246755695645
  -3.54877446492834   -0.22326996461922   -5.51718415875414
  -3.55231620153294   -0.22349279179919   -5.52193090976915
  -3.55869545105706   -0.22389414016033   -5.53227141328204
  -3.56688434399459   -0.22440934163467   -5.54362937283042
  -3.56963039725001   -0.22458210866150   -5.54739093511017
  -3.57917164096554   -0.22518239283505   -5.56217220909565
  -3.58209855500492   -0.22536653865791   -5.56669995432493
  -3.58847842196002   -0.22576792586452   -5.57704148359475
  -3.59668622712416   -0.22628431719530   -5.58839061270360
  -3.59943423166167   -0.22645720698639   -5.59215142557845
  -3.60834573081721   -0.22701787099049   -5.60672834740742
  -3.61172557913578   -0.22723051302282   -5.61159797849301
  -3.61826612100321   -0.22764200903807   -5.62184374459610
  -3.62664508627813   -0.22816916885027   -5.63398667217274
  -3.62850694402349   -0.22828630701080   -5.63678537684288
  -3.63813557016238   -0.22889208882043   -5.65150725261211
  -3.64151461310061   -0.22910468018253   -5.65637677103705
  -3.64805578730912   -0.22951621598130   -5.66662357450964
  -3.65643613324468   -0.23004346265731   -5.67876809110138
  -3.65829816817894   -0.23016061196561   -5.68156708229592
  -3.66792824112282   -0.23076648480051   -5.69629073941743
  -3.67130648163175   -0.23097902567803   -5.70116014500334
  -3.67784829278957   -0.23139060155026   -5.71140799280531
  -3.68623002468887   -0.23191793542371   -5.72355410870241
  -3.68809223809834   -0.23203509596073   -5.72635338833927
  -3.69740000966437   -0.23262069131167   -5.74125413257939
  -3.70103726457148   -0.23284952799387   -5.74603107254348
  -3.70765148148807   -0.23326565925032   -5.75622947361743
  -3.71611482877346   -0.23379812792864   -5.76822101065224
  -3.71787720143928   -0.23390900701848   -5.77107759923067
  -3.72752216003951   -0.23451581637949   -5.78587158074447
  -3.73091375424066   -0.23472919740012   -5.79073114530415
  -3.73744848619758   -0.23514032788678   -5.80098648369967
  -3.74574586818454   -0.23566235491356   -5.81226030135405
  -3.74770310483957   -0.23578549380645   -5.81593051711772
  -3.75701218193738   -0.23637117129450   -5.83083271548210
  -3.76067469712934   -0.23660159721911   -5.83559685115280
  -3.76728010446173   -0.23701717422350   -5.84580437682772
  -3.77569093938150   -0.23754633910381   -5.85700169251785
  -3.77780998953082   -0.23767965843885   -5.86055256533503
  -3.78713267851234   -0.23826619231403   -5.87543516143755
  -3.79055139354837   -0.23848127963295   -5.88030876071313
  -3.79708685870073   -0.23889245624836   -5.89056660484695
  -3.80548056774927   -0.23942054366018   -5.90271402313845
  -3.80734457696034   -0.23953781717945   -5.90551376281425
  -3.81693478946359   -0.24014118220798   -5.92027797239864
  -3.82037548686455   -0.24035765254008   -5.92510409090206
  -3.82691135003381   -0.24076885419659   -5.93536318256565
  -3.83522186746323   -0.24129170763537   -5.94663448202263
  -3.83799203795166   -0.24146599198989   -5.95040459671258
  -3.84674488197488   -0.24201667425913   -5.96508959348202
  -3.85026795712649   -0.24223832736000   -5.96982827486415
  -3.85761197142984   -0.24270037357620   -5.98032371949951
  -3.86506335067172   -0.24316917462179   -5.99134164801123
  -3.86697032931854   -0.24328915154881   -5.99505115027891
  -3.87655795024322   -0.24389235352904   -6.00990601086539
  -3.88003419918536   -0.24411106057453   -6.01470802954468
  -3.88657091577379   -0.24452231592362   -6.02496960909057
  -3.89490241070978   -0.24504648915524   -6.03635354808034
  -3.89688118095165   -0.24517098282658   -6.03999732126877
  -3.90614506838567   -0.24575381722197   -6.05483000203984
  -3.90981676389365   -0.24598482072311   -6.05948367321210
  -3.91626599391525   -0.24639057188396   -6.06979723496413
  -3.92458567528321   -0.24691400186888   -6.08376446985801
  -3.92545589044282   -0.24696875116609   -6.08467737858101
  -3.92847958145610   -0.24715898568007   -6.09937327827833
  -3.92770674064124   -0.24711036265736   -6.11393243973031
  -3.92660788772154   -0.24704122869156   -6.12876649079186
  -3.92501271024510   -0.24694086863142   -6.14282710156142
  -3.92451985139471   -0.24690986058084   -6.14378397498868
  -3.92310293989023   -0.24682071606501   -6.15840831884984
  -3.92046865548659   -0.24665498093830   -6.17353119678324
  -3.91934327142331   -0.24658417777443   -6.18841679982077
  -3.91752737262065   -0.24646993110549   -6.20333030301691
  -3.91571157402244   -0.24635569074089   -6.21824417817862
  -3.91405156937989   -0.24625125210116   -6.23323676889793
  -3.91211136919407   -0.24612918505207   -6.24800973460388
  -3.91040366603604   -0.24602174547611   -6.25648043541553
  -3.90905117608933   -0.24593665402115   -6.26306378130918
  -3.90078874525486   -0.24541682593449   -6.27777420978538
  -3.89640950316122   -0.24514130737535   -6.28347722098696
  -3.88896379976326   -0.24467286342359   -6.29273447605304
  -3.88180624412600   -0.24422254819233   -6.30131961672286
  -3.87631997828351   -0.24387738160238   -6.30790846724765
  -3.86667901854929   -0.24327082382870   -6.31965941634445
  -3.86400642920010   -0.24310267875909   -6.32254205278888
  -3.85254486457390   -0.24238157823442   -6.33715454598515
  -3.85167112586966   -0.24232660725458   -6.33812746359917
  -3.83962529116576   -0.24156874757239   -6.35205431894594
  -3.83673405664824   -0.24138684651477   -6.35571523541246
  -3.82690134510235   -0.24076822473966   -6.36715825724959
  -3.82224732192110   -0.24047541841982   -6.37270329104168
  -3.81464357951748   -0.23999703149661   -6.38183609865417
  -3.80735602260412   -0.23953853727832   -6.39033869797543
  -3.80179087121601   -0.23918840763052   -6.39676841635195
  -3.79249386025913   -0.23860348927971   -6.40799545612838
  -3.78903536834700   -0.23838589941186   -6.41191054606812
  -3.77777166444557   -0.23767724722886   -6.42573921888553
  -3.77689794905935   -0.23762227771606   -6.42671226834241
  -3.76463804322121   -0.23685094981969   -6.44139005279042
  -3.76285637520836   -0.23673885676951   -6.44331217453401
  -3.75172308038551   -0.23603840923029   -6.45629500797260
  -3.74789133924064   -0.23579733651116   -6.46088517793761
  -3.73892441003269   -0.23523318514376   -6.47137828429513
  -3.73338007247694   -0.23488436499129   -6.47786978147046
  -3.72666615536050   -0.23446196112994   -6.48605759239076
  -3.71849001124806   -0.23394756174369   -6.49550978715915
  -3.71383764249415   -0.23365485951160   -6.50099560640750
  -3.70362646077171   -0.23301242641126   -6.51316925773984
  -3.70166247430883   -0.23288886285646   -6.51587163268670
  -3.68883626502547   -0.23208190616727   -6.52891359342253
  -3.68628814752072   -0.23192159220234   -6.53100560596775
  -3.67438195716183   -0.23117251819765   -6.53945710439851
  -3.66525859221589   -0.23059852472784   -6.54617384879980
  -3.65976685465299   -0.23025301388643   -6.55000487480338
  -3.64463118909384   -0.22930075852411   -6.55970946682219
  -3.64280141276629   -0.22918563875532   -6.56068222935754
  -3.62995810513429   -0.22837760632921   -6.56836379913194
  -3.61969074685251   -0.22773163889934   -6.57573083612412
  -3.61515772778426   -0.22744644551301   -6.57863466911438
  -3.60041873566335   -0.22651914672807   -6.58807376313932
  -3.59665753392544   -0.22628251197225   -6.59078403023358
  -3.58553149349289   -0.22558252084059   -6.59728535150156
  -3.57337468693727   -0.22481767940127   -6.60550570723561
  -3.57063590759940   -0.22464537001055   -6.60740092599948
  -3.55592459679496   -0.22371981278642   -6.61688634638442
  -3.55034131687015   -0.22336854258777   -6.62058329894973
  -3.54099038893052   -0.22278023206794   -6.62601460445250
  -3.52793831777064   -0.22195906535394   -6.63523427623374
  -3.52619551242446   -0.22184941733550   -6.63631224672765
  -3.51143125169554   -0.22092052878449   -6.64570088137161
  -3.50569247761075   -0.22055947572250   -6.65010828024998
  -3.49662381172618   -0.21998892362594   -6.65596187927830
  -3.48362438358353   -0.21917106892986   -6.66522064443170
  -3.48187054202452   -0.21906072657176   -6.66628809536890
  -3.46706087783880   -0.21812898147737   -6.67474081484660
  -3.45861900165448   -0.21759786364624   -6.68012953075729
  -3.45219611657221   -0.21719376996848   -6.68396387054702
  -3.43722881718663   -0.21625210730795   -6.69396661451694
  -3.43544597192773   -0.21613994019172   -6.69500309968613
  -3.42237236609910   -0.21531741863121   -6.70320466220602
  -3.41212974294554   -0.21467300740370   -6.70966175077214
  -3.40758575556306   -0.21438712394953   -6.71258988656084
  -3.39285062651973   -0.21346006820883   -6.72203332019019
  -3.38903946728547   -0.21322029039375   -6.72465582031935
  -3.37791191486270   -0.21252020413573   -6.73114275502998
  -3.36317986324313   -0.21159334201012   -6.73876755669874
  -3.36216369311033   -0.21152941000434   -6.73952870847904
  -3.34827302160802   -0.21065548302884   -6.74510786020830
  -3.33365761429947   -0.20973595954125   -6.75028029160094
  -3.32335143258243   -0.20908754954786   -6.75471625518027
  -3.31869542199066   -0.20879461819075   -6.75652103045191
  -3.30388592833623   -0.20786288382529   -6.76129833281289
  -3.28901482137610   -0.20692727307920   -6.76672039194681
  -3.28167790558308   -0.20646567346341   -6.76962017359336
  -3.27419952901919   -0.20599517389030   -6.77238188348139
  -3.25936778175998   -0.20506203944670   -6.77706463427517
  -3.24434584589952   -0.20411693935053   -6.78301036969736
  -3.24158240825444   -0.20394307859061   -6.78398869992407
  -3.22954500184584   -0.20318574917182   -6.78866158329335
  -3.21496963713592   -0.20226874495099   -6.79309725290709
  -3.20082607058223   -0.20137890716749   -6.79896371785028
  -3.19980563522547   -0.20131470681656   -6.79962845241618
  -3.18514295832063   -0.20039220937805   -6.80475501060779
  -3.17033728145438   -0.19946071514454   -6.80953422646246
  -3.15936088152362   -0.19877013859526   -6.81430266883701
  -3.15558480748046   -0.19853256815331   -6.81613121530389
  -3.14074254934761   -0.19759877242158   -6.82527081089962
  -3.13754535827510   -0.19739762220911   -6.82838263521622
      
      
