# shadow point cont 3D ind 195  size 1130
# norm  0.0392598 -0.9992290  0.0000000
# angle  1.5315264
   3.35276191042006    0.13173037423164   -6.84339609085961
   3.35282504412068    0.13173285476150   -6.84335433162893
   3.36117002784088    0.13206073006484   -6.84108445591893
   3.37611888160297    0.13264807212879   -6.83666589971665
   3.39098392691148    0.13323212134964   -6.83203150774635
   3.39289137695430    0.13330706526593   -6.83126177489690
   3.40583651027121    0.13381568093918   -6.82633227158702
   3.42071205711463    0.13440014276646   -6.82089613054269
   3.43542439972918    0.13497819228212   -6.81670299709078
   3.43732873755430    0.13505301391905   -6.81591386870217
   3.45039089976024    0.13556622766987   -6.81048282303452
   3.46517480881345    0.13614708903856   -6.80563556217963
   3.47825291335800    0.13666092916557   -6.80121107022156
   3.48015728090673    0.13673575197035   -6.80042200435151
   3.49498486559688    0.13731832935949   -6.79471519099271
   3.50963866994462    0.13789407890038   -6.79037632976355
   3.52094376133519    0.13833825715085   -6.78623338422288
   3.52475256080180    0.13848790528946   -6.78465537659038
   3.53957988290868    0.13907047236168   -6.77894893623226
   3.55436638770590    0.13965143571743   -6.77410287885145
   3.56363561147884    0.14001562451135   -6.77125694274138
   3.56934812517017    0.14024006978556   -6.76883033674534
   3.58402394117471    0.14081668416680   -6.76370785904257
   3.59890927545556    0.14140153054354   -6.75904335989354
   3.60554934596392    0.14166241962436   -6.75680804915509
   3.61397070790045    0.14199329583599   -6.75311818797922
   3.62877317501897    0.14257488635306   -6.74742052190493
   3.64269091530734    0.14312171585829   -6.74178090837552
   3.64371507254426    0.14316195510572   -6.74106087260405
   3.65862829787174    0.14374789732467   -6.73272698064826
   3.66961865927865    0.14417970980040   -6.72687432738479
   3.67347375853492    0.14433117706270   -6.72428524828333
   3.68824148914026    0.14491140277845   -6.71582163877857
   3.69400034911876    0.14513766900325   -6.71247504895637
   3.70345969408034    0.14550932767901   -6.70606581210636
   3.71783674539022    0.14607420356343   -6.69792125404198
   3.71884965350504    0.14611400083165   -6.69713527779718
   3.73292787658605    0.14666713572298   -6.68810053081093
   3.74310368055638    0.14706694414986   -6.68244755757009
   3.74777058581574    0.14725030735690   -6.67965992210137
   3.76264853338070    0.14783486350878   -6.67043816282600
   3.76814714764902    0.14805090465178   -6.66751853136441
   3.77765797549249    0.14842458609548   -6.66133599574931
   3.79152813183616    0.14896954602243   -6.65291517692308
   3.79254104128846    0.14900934334320   -6.65212929736605
   3.80722939036426    0.14958645015016   -6.64347949258911
   3.81656789234087    0.14995336089211   -6.63793404879388
   3.82212943555599    0.15017187452016   -6.63418478488554
   3.83684684428598    0.15075012308404   -6.62564532183411
   3.84158431085322    0.15093625865241   -6.62304373515329
   3.85178824611966    0.15133717236093   -6.61644684114684
   3.86567799918628    0.15188290224522   -6.60804650156952
   3.86669545861818    0.15192287833518   -6.60727916192213
   3.88153297745675    0.15250584603807   -6.59886377877415
   3.89086860549093    0.15287264386252   -6.59331913576318
   3.89642936493887    0.15309112669627   -6.58957042755749
   3.91112575767138    0.15366854953936   -6.58004285357691
   3.91392699500640    0.15377861045401   -6.57820688440330
   3.92612872913000    0.15425801789340   -6.56905921559993
   3.93195461003000    0.15448691737738   -6.56378981320469
   3.94146922124427    0.15486074747012   -6.55467000905392
   3.94719553060266    0.15508573477757   -6.54925445578863
   3.95608618663392    0.15543504960441   -6.54039992835451
   3.96177773195756    0.15565867102922   -6.53399757856189
   3.97102488509294    0.15602199266542   -6.52469304922133
   3.97659285139221    0.15624075865713   -6.51910791094250
   3.98576939943936    0.15660130621187   -6.50967198697003
   3.99055739125429    0.15678942692263   -6.50422412210782
   4.00071901669640    0.15718867827362   -6.49397312205655
   4.00535900596171    0.15737098394837   -6.48931910749500
   4.01556700869900    0.15777205746825   -6.47908044884196
   4.02020700823631    0.15795436354659   -6.47442656574453
   4.03072420521255    0.15836758534121   -6.46356512687898
   4.03443493035486    0.15851338012912   -6.45984084891303
   4.04524915911032    0.15893827233413   -6.44829822257685
   4.04882857668685    0.15907890803374   -6.44445994633131
   4.05996869348891    0.15951660441497   -6.43238089664487
   4.06270265709886    0.15962402213776   -6.42954232731387
   4.07457253408887    0.16009039087486   -6.41726298450339
   4.07730267604502    0.16019765844447   -6.41442119269073
   4.08956834901001    0.16067957804778   -6.40159073509450
   4.09142437031906    0.16075250132362   -6.39972944494837
   4.10441655756258    0.16126296575068   -6.38670061823204
   4.10627258416007    0.16133588923431   -6.38483937937176
   4.11913979737969    0.16184144341860   -6.37074980572688
   4.12002583928861    0.16187625610001   -6.36978389505873
   4.13341341873085    0.16240225552887   -6.35528618171216
   4.13434143650682    0.16243871744660   -6.35435561483713
   4.14608684936852    0.16290019597478   -6.34006046128856
   4.14899044912625    0.16301427871997   -6.33262359356873
   4.15104555210049    0.16309502393574   -6.32523177859150
   4.15266992074748    0.16315884555370   -6.31020595543463
   4.15269254003457    0.16315973426791   -6.29527406511831
   4.15219250103152    0.16314008768197   -6.28034964201786
   4.15128163888905    0.16310429981093   -6.26538251677120
   4.15078386997086    0.16308474241686   -6.25049424840479
   4.15028618593817    0.16306518835796   -6.23560639419548
   4.14972810842448    0.16304326143273   -6.22066891908600
   4.14969343640925    0.16304189916554   -6.20575069931924
   4.14965884108018    0.16304053991136   -6.19083289628022
   4.14921809246771    0.16302322285122   -6.17593504262834
   4.14865785471865    0.16300121105011   -6.17311100777896
   4.14778684786972    0.16296698909781   -6.16098343360637
   4.14635570833773    0.16291075947245   -6.14603226527496
   4.14337815916809    0.16279377124696   -6.13088494699839
   4.13748178172717    0.16256210194634   -6.11612147001536
   4.13402251496107    0.16242618698494   -6.11128931593589
   4.12701143928028    0.16215072107120   -6.10073833561354
   4.11919235102517    0.16184350825695   -6.08969131195923
   4.11581882562339    0.16171096208292   -6.08568252256386
   4.10585704048428    0.16131956247882   -6.07122232608019
   4.10412638116526    0.16125156468898   -6.06930192854434
   4.09501608194341    0.16089362005768   -6.05609068155678
   4.08925927848837    0.16066743463391   -6.04779116895511
   4.08409899080937    0.16046468637882   -6.04095779422803
   4.07432701270322    0.16008074431335   -6.02725349613061
   4.07347814952213    0.16004739238813   -6.02625920538722
   4.06295159467396    0.15963380292172   -6.01151428858608
   4.05934700327870    0.15949217814008   -6.00677667957335
   4.05145169791057    0.15918197074731   -5.99616860792945
   4.04447937245109    0.15890802733392   -5.98619772726956
   4.04085211583321    0.15876551203326   -5.98145671637716
   4.03031706427931    0.15835158873037   -5.96672779161117
   4.02944983482704    0.15831751519239   -5.96574393072153
   4.01939490099787    0.15792245576629   -5.95163033607225
   4.01479910875546    0.15774188659730   -5.94504620624858
   4.00854846420518    0.15749629810405   -5.93645854808846
   3.99991716128968    0.15715717328889   -5.92446859307505
   3.99797848545435    0.15708100250786   -5.92172542173469
   3.98681254396126    0.15664229147176   -5.90675262717407
   3.98493466494035    0.15656850940408   -5.90403606094270
   3.97683690543947    0.15625034756677   -5.89172408193820
   3.97020103059904    0.15598962333420   -5.88330804502589
   3.96537165931265    0.15579987681957   -5.87691320871379
   3.95506474486323    0.15539491704794   -5.86296371710795
   3.95419006828582    0.15536055091161   -5.86198484503931
   3.94392586258999    0.15495726917148   -5.84708430083151
   3.94013910756480    0.15480848716133   -5.84154634935213
   3.93304004263058    0.15452956414041   -5.83197143966804
   3.92523378760112    0.15422285554497   -5.82101317792048
   3.92248241077722    0.15411475365514   -5.81725009040038
   3.91223123026245    0.15371198367576   -5.80232585608583
   3.91031314602602    0.15363662194086   -5.79956263710484
   3.90113760150523    0.15327611381478   -5.78733155572724
   3.89547253082165    0.15305353258142   -5.77991981601040
   3.88988273379930    0.15283390885826   -5.77245731860082
   3.88069588299702    0.15247295650718   -5.75930990100971
   3.87962534622983    0.15243089500304   -5.75754587549994
   3.86911613657137    0.15201798703099   -5.74281564729828
   3.86549725322431    0.15187580071704   -5.73807363367799
   3.85818181445226    0.15158837634487   -5.72771925301540
   3.85074353764515    0.15129612565317   -5.71742972687553
   3.84703860619832    0.15115055850017   -5.71274977655863
   3.83649896488636    0.15073645486520   -5.69805845636071
   3.83563223618372    0.15070240100173   -5.69707529094253
   3.82543422176690    0.15030171992402   -5.68304355271198
   3.82076450890322    0.15011824640591   -5.67653246001624
   3.81470298888235    0.14988008863566   -5.66785118733765
   3.80607091111623    0.14954093337654   -5.65678670036148
   3.80325440685289    0.14943027262264   -5.65307386694774
   3.79298582864221    0.14902681908593   -5.63818078785315
   3.79107021122885    0.14895155427277   -5.63541951936477
   3.78189807246304    0.14859117995917   -5.62319345512714
   3.77614905843428    0.14836530058279   -5.61492302762380
   3.77155094058278    0.14818464004037   -5.60835574181310
   3.76129669098997    0.14778174947659   -5.59436545249605
   3.76042250654089    0.14774740267604   -5.59338726179169
   3.75079000893659    0.14736894081442   -5.57871858367403
   3.74628327992116    0.14719187094915   -5.57301200536645
   3.73835052597827    0.14688019219786   -5.56335124950395
   3.73175428182782    0.14662102505934   -5.55407536410527
   3.72782397970502    0.14646660306837   -5.54864380080967
   3.71728756331588    0.14605262614096   -5.53395809371057
   3.71642112894483    0.14601858384181   -5.53297533772723
   3.70717411990417    0.14565526786710   -5.51892588276004
   3.70195776523201    0.14545031673384   -5.51213702891496
   3.69551488754161    0.14519717537995   -5.50369104461425
   3.68691142950659    0.14485914459311   -5.49174148625914
   3.68497469752428    0.14478305018628   -5.48900124392545
   3.67468815923554    0.14437889099618   -5.47412272044657
   3.67198525483603    0.14427269359309   -5.47033175554066
   3.66384207591238    0.14395274722180   -5.45898370618049
   3.65700882894557    0.14368426821726   -5.44988010674751
   3.65241166567569    0.14350364518046   -5.44424154983977
   3.64233878659814    0.14310788068363   -5.43014931600573
   3.64150163728732    0.14307498899762   -5.42915132652786
   3.63097520397698    0.14266140430645   -5.41443952926759
   3.62717725535537    0.14251218249870   -5.40890013420626
   3.62008503011839    0.14223352821021   -5.39933537731121
   3.61234686981257    0.14192949506376   -5.38742163797809
   3.60984488580783    0.14183119184448   -5.38442370310990
   3.59902621140263    0.14140612496942   -5.36993321150971
   3.59731384828470    0.14133884603928   -5.36795703661753
   3.58800183330313    0.14097297597420   -5.35490812898425
   3.58269000169878    0.14076427354205   -5.34726052086693
   3.57726264214712    0.14055103200450   -5.33969730207999
   3.56780110046919    0.14017928701952   -5.32675463448457
   3.56673167982367    0.14013726936792   -5.32499238801161
   3.55560348634578    0.13970004145537   -5.31005608268304
   3.55260750980224    0.13958232921638   -5.30553565465945
   3.54529912129127    0.13929518184973   -5.29519194094748
   3.53811780822716    0.13901302729099   -5.28567659225813
   3.53418979201545    0.13885869511370   -5.28024846506940
   3.52365834961843    0.13844491361498   -5.26557156768290
   3.52279237392982    0.13841088933751   -5.26458945378600
   3.51288442770038    0.13802160506992   -5.25035197605693
   3.50813001007013    0.13783480349247   -5.24391075663208
   3.50248617260170    0.13761305651440   -5.23556815859085
   3.49329563718447    0.13725195939440   -5.22337971094658
   3.49136002671445    0.13717590905191   -5.22064117127764
   3.48024264620578    0.13673910598208   -5.20570542906419
   3.47826177356176    0.13666127728393   -5.20299232289450
   3.46909806388083    0.13630123414998   -5.19077876153201
   3.46356108933654    0.13608368582763   -5.18329244241112
   3.45813560378700    0.13587051791982   -5.17573205172861
   3.44874089727233    0.13550139889556   -5.16182235728801
   3.44790419185329    0.13546852465011   -5.16082500162370
   3.43739116548732    0.13505546671922   -5.14612558348294
   3.43358608758935    0.13490596480143   -5.14058527543281
   3.42649780380763    0.13462746537315   -5.13102640985658
   3.41871406561482    0.13432164146663   -5.12009159309899
   3.41596687708008    0.13421370413513   -5.11633477131080
   3.40482804826361    0.13377605835899   -5.10142185318153
   3.40374866598491    0.13373364931376   -5.09967152013341
   3.39443656534691    0.13336777588323   -5.08662821409891
   3.38880898391700    0.13314666760665   -5.07920010226017
   3.38338464644953    0.13293354480711   -5.07164145566924
   3.37407227176465    0.13256766060924   -5.05864538041827
   3.37296467544821    0.13252414303145   -5.05692856918480
   3.36271476964549    0.13212142313564   -5.04203637425092
   3.35905787804288    0.13197774347326   -5.03728358194947
   3.35113958412067    0.13166663285774   -5.02672754424083
   3.34446880177598    0.13140453710559   -5.01753186061537
   3.33999967514664    0.13122894464209   -5.01181131316866
   3.32972380526555    0.13082520461487   -4.99787747169817
   3.32885826258223    0.13079119735022   -4.99689596612842
   3.31916803469176    0.13041046725948   -4.98237747395707
   3.31450746684841    0.13022735305019   -4.97669311752991
   3.30803540323119    0.12997306497811   -4.96735616608548
   3.29952640429265    0.12963874549929   -4.95538599358437
   3.29693902881872    0.12953708724005   -4.95243641513503
   3.28604303727150    0.12910898256621   -4.93733677858676
   3.28498355595688    0.12906735543198   -4.93557754526116
   3.27539677368246    0.12869068973056   -4.92277045660202
   3.27005965642640    0.12848099382246   -4.91511312226249
   3.26463708383476    0.12826794036507   -4.90755715520800
   3.25497189263092    0.12788819396843   -4.89386235725125
   3.25412498008412    0.12785491868384   -4.89287082309866
   3.24391315789148    0.12745369509714   -4.87797203688006
   3.24026812307287    0.12731048128907   -4.87326163449508
   3.23275468822261    0.12701527762981   -4.86307845441920
   3.22542329443520    0.12672722638339   -4.85368537404755
   3.22095555010485    0.12655168823057   -4.84796686208646
   3.21111063432726    0.12616488043618   -4.83350387130646
   3.21023575254109    0.12613050623719   -4.83253019546997
   3.20035648137930    0.12574234861608   -4.81828866486042
   3.19556460870902    0.12555407542610   -4.81186168612496
   3.18931198382889    0.12530840912548   -4.80330848915470
   3.18075794375969    0.12497231997581   -4.79135664115104
   3.17819216377812    0.12487151020578   -4.78839629257469
   3.16763586697601    0.12445675217482   -4.77373861591580
   3.16573234305151    0.12438196251613   -4.77093681279179
   3.15765491412661    0.12406459946933   -4.75865649133165
   3.15114403561110    0.12380878635574   -4.75031545511493
   3.14632605341959    0.12361948731987   -4.74393749520445
   3.13617547366706    0.12322066995521   -4.73082731764746
   3.13510743355968    0.12317870654510   -4.72906729294995
   3.12470019194325    0.12276980490834   -4.71435644243410
   3.12098676965420    0.12262390414923   -4.70962964448158
   3.11307339045970    0.12231298663389   -4.69908095868050
   3.10654625409091    0.12205653474751   -4.68980980428416
   3.10262287128576    0.12190238461726   -4.68438869286480
   3.09216602085236    0.12149153384477   -4.66967932197900
   3.09117746315387    0.12145269330701   -4.66786468651168
   3.08133885470221    0.12106613332814   -4.65449260295239
   3.07656151046049    0.12087843096167   -4.64808393677452
   3.07031078417678    0.12063283925711   -4.63953361344466
   3.06176500847328    0.12029707481525   -4.62758825354565
   3.05983166891517    0.12022111369713   -4.62485318595761
   3.04875354907290    0.11978585318309   -4.60994551539206
   3.04673254386805    0.11970644767233   -4.60716963524702
   3.03806259085634    0.11936580429074   -4.59468312038768
   3.03216446022663    0.11913406610716   -4.58656228293388
   3.02734790367315    0.11894482308476   -4.58018646126521
   3.01706846187022    0.11854094271635   -4.56627805298382
   3.01619592593761    0.11850666068619   -4.56530216968603
   3.00504424615781    0.11806850999432   -4.55041832242140
   3.00219276364753    0.11795647494136   -4.54677953259483
   2.99216401205704    0.11756244421822   -4.53545061482881
   2.98755441859389    0.11738133279779   -4.53081468850549
   2.97733663590761    0.11697987502267   -4.52057927636906
   2.97266104319380    0.11679617048462   -4.51598642443015
   2.96226284664404    0.11638762422949   -4.50590394289382
   2.95761843185752    0.11620514467554   -4.50121215042052
   2.94691691341778    0.11578468087090   -4.49057163158205
   2.94317080192352    0.11563749574942   -4.48689250535687
   2.93182412598116    0.11519168363747   -4.47591718649940
   2.92809482152112    0.11504515886617   -4.47224099220330
   2.91676483016526    0.11460000229340   -4.46123013814102
   2.91305085555331    0.11445407983347   -4.45750762351229
   2.90117520791824    0.11398748436711   -4.44614459352286
   2.89839421342535    0.11387821879589   -4.44338210399908
   2.88612584943731    0.11339619346199   -4.43144944924736
   2.88334054017369    0.11328675836298   -4.42865773221675
   2.87052798830351    0.11278335182896   -4.41637404279128
   2.86867059645315    0.11271037470440   -4.41451352909333
   2.85548874857794    0.11219245849082   -4.40167060488997
   2.85363198789116    0.11211950616475   -4.39980957182997
   2.83988245073572    0.11157928537861   -4.38660551836475
   2.83895380527790    0.11154279879920   -4.38567532301234
   2.82485350280312    0.11098879640613   -4.37189359751960
   2.82392517807137    0.11095232242808   -4.37096313685155
   2.80947091435119    0.11038441285979   -4.35753596594095
   2.80854231895544    0.11034792824733   -4.35660583137780
   2.79461357255841    0.10980066631091   -4.34265404394336
   2.79368500185618    0.10976418266865   -4.34172393989975
   2.77952490218756    0.10920783083743   -4.32800455846594
   2.77859635620591    0.10917134816645   -4.32707448467352
   2.76466834995955    0.10862411531063   -4.31312360768821
   2.76373982843047    0.10858763360039   -4.31219356417471
   2.75004447744224    0.10804954179456   -4.29894002518840
   2.74818748320606    0.10797658029230   -4.29707999802369
   2.73518925675165    0.10746587858400   -4.28498883086315
   2.73240383870283    0.10735643921080   -4.28219887911341
   2.72033384993548    0.10688220806055   -4.27010928483531
   2.71754850415847    0.10677277152692   -4.26731942284247
   2.70524711962247    0.10628944881216   -4.25546215764491
   2.70246184619025    0.10618001512096   -4.25267238461301
   2.69039248328543    0.10570580856091   -4.24058356391423
   2.68691112539551    0.10556902563689   -4.23756079424361
   2.67570099623430    0.10512857846257   -4.22650496581290
   2.67190376331119    0.10497938477469   -4.22287787206524
   2.66091709557219    0.10454771742357   -4.21245327760049
   2.65627533059991    0.10436534198110   -4.20780409629734
   2.64606357655425    0.10396412107191   -4.19757606089004
   2.64142192902680    0.10378175024387   -4.19292702617978
   2.63097873893914    0.10337143618782   -4.18293124560456
   2.62633720896447    0.10318906997844   -4.17828235617581
   2.61635816027000    0.10279699208740   -4.16875167960954
   2.61078846423157    0.10257815813405   -4.16317318543237
   2.60144940109934    0.10221122534423   -4.15396209461115
   2.59577344261885    0.10198821632816   -4.14849938743627
   2.58665419710419    0.10162992019606   -4.13992907676734
   2.58015654283694    0.10137462666460   -4.13342123560738
   2.57180251880453    0.10104639616642   -4.12505414273786
   2.56530502475752    0.10079110893004   -4.11854650260681
   2.55673041185008    0.10045421147135   -4.11040069621163
   2.54952614857440    0.10017115519634   -4.10367116078373
   2.54205354209702    0.09987755568822   -4.09630857715186
   2.53450515285343    0.09958097866710   -4.08900396549517
   2.52725057085195    0.09929594536397   -4.08228914844076
   2.51889726518944    0.09896774309062   -4.07392294504321
   2.51240032812602    0.09871247773818   -4.06741599906262
   2.50404722414236    0.09838428338881   -4.05905004981573
   2.49769674926328    0.09813477255126   -4.05335585055356
   2.48813070183124    0.09775892152402   -4.04438735204539
   2.48250135833396    0.09753774401563   -4.03879972718407
   2.47322333297507    0.09717320940646   -4.02950202799285
   2.46765659429866    0.09695449164818   -4.02392348530768
   2.45764396679999    0.09656109444233   -4.01443202645715
   2.45300374302337    0.09637877955360   -4.00978476502314
   2.44279537098562    0.09597769152387   -3.99956093751168
   2.43835819090565    0.09580335424371   -3.99565270311012
   2.42778885348618    0.09538808384550   -3.98488811343966
   2.42313164174666    0.09520510149790   -3.98026289682448
   2.41199266508827    0.09476744991303   -3.96999826394803
   2.40828190214233    0.09462165363981   -3.96627962874009
   2.39642197347715    0.09415567577345   -3.95505085460583
   2.39349210001621    0.09404056073165   -3.95238726084267
   2.37953300517827    0.09349210640174   -3.94033492553127
   2.37859456204847    0.09345523487075   -3.93941795936829
   2.36408281473795    0.09288506676605   -3.92786309215925
   2.36122252557241    0.09277268569866   -3.92516159530165
   2.34939532258973    0.09230799362787   -3.91562227370335
   2.34351848436081    0.09207709202499   -3.91045012980699
   2.33431804139289    0.09171560563626   -3.90292617461593
   2.32493536053295    0.09134695910125   -3.89563145322636
   2.31933751058989    0.09112701897798   -3.89093807476260
   2.30735921748871    0.09065639056026   -3.88069458758278
   2.30448223384271    0.09054335356495   -3.87803217151634
   2.28984381002544    0.08996820832675   -3.86655419311882
   2.28888334878559    0.08993047170186   -3.86566321638092
   2.27480350472158    0.08937727312193   -3.85374550687667
   2.27198978978958    0.08926672196117   -3.85099195136491
   2.26012111472482    0.08880040044783   -3.84154381399113
   2.25351938103247    0.08854101762462   -3.83610608582163
   2.24529209781075    0.08821776678646   -3.82943131735420
   2.23585955292754    0.08784716108864   -3.82126089204360
   2.23022157975247    0.08762564451929   -3.81666590854276
   2.21813963684160    0.08715094368946   -3.80636828706864
   2.21547908460895    0.08704641030754   -3.80438681033154
   2.20060666962212    0.08646207153124   -3.79241246522755
   2.19966710074753    0.08642515576962   -3.79149707346969
   2.18592855076958    0.08588536667086   -3.78017551497049
   2.18131141506879    0.08570395891510   -3.77643339951834
   2.17110661351612    0.08530301117011   -3.76805279786951
   2.16292220903297    0.08498144504217   -3.76135730410763
   2.15644044285022    0.08472677575525   -3.75580191933661
   2.14592284786740    0.08431353832291   -3.74693182222816
   2.14129974054600    0.08413189594155   -3.74316588909943
   2.12822398686308    0.08361814818014   -3.73208946628915
   2.12642103795836    0.08354731012474   -3.73109735351897
   2.11175333235991    0.08297101440222   -3.71879077326421
   2.10984086129620    0.08289587320948   -3.71699864569777
   2.09674727600431    0.08238142484225   -3.70595107421941
   2.09218780584944    0.08220228277197   -3.70214890620565
   2.08204041217424    0.08180359058862   -3.69379062691694
   2.07373879523895    0.08147741917089   -3.68723057744530
   2.06720670384826    0.08122077260117   -3.68169878095758
   2.05687597341468    0.08081487709697   -3.67256865820732
   2.05228448518549    0.08063447703312   -3.66881809999730
   2.03833633543443    0.08008645273684   -3.65756603162475
   2.03740909907798    0.08005002152117   -3.65663697107182
   2.02257024841251    0.07946700149066   -3.64463041491478
   2.02069696257496    0.07939339988964   -3.64279362761934
   2.00789510349808    0.07889041347662   -3.63236033274547
   2.00243552563965    0.07867590607834   -3.62760045112444
   1.99326284045620    0.07831551029594   -3.62007150267793
   1.98485113942757    0.07798501366240   -3.61271740431772
   1.97837976089638    0.07773075250743   -3.60716409134144
   1.96704550782872    0.07728542849155   -3.59815153841795
   1.96342846088850    0.07714331433021   -3.59521896769628
   1.94934626295113    0.07659002326635   -3.58332439524324
   1.94840586973215    0.07655307511615   -3.58241143725095
   1.93369777781802    0.07597519261096   -3.57107683308839
   1.93085038954361    0.07586331842097   -3.56836457333769
   1.91904165812892    0.07539935210006   -3.55884680694976
   1.91241316104572    0.07513891774036   -3.55345370401609
   1.90417924884895    0.07481540644906   -3.54685465511615
   1.89211236135872    0.07434129714832   -3.53851424034102
   1.88933886872427    0.07423232632593   -3.53665903452801
   1.87449755470722    0.07364920951006   -3.52647482835773
   1.87157347587796    0.07353432213996   -3.52391345594234
   1.85967524078617    0.07306683921000   -3.51620152918023
   1.84860362943035    0.07263183441509   -3.50869182495859
   1.84477060197828    0.07248123435633   -3.50612654619552
   1.82985232421095    0.07189509362648   -3.49597987773665
   1.82708026846248    0.07178617925949   -3.49410889047479
   1.81538950912968    0.07132684807431   -3.48709130603138
   1.80488078132125    0.07091395903420   -3.47918576400997
   1.80027008681849    0.07073280435381   -3.47640400822085
   1.78534739541601    0.07014649021176   -3.46619221064646
   1.78260112986763    0.07003858914449   -3.46428951990562
   1.77086989489752    0.06957766766718   -3.45649229262381
   1.76129936923658    0.06920164068985   -3.44954418325136
   1.75573487136941    0.06898301097320   -3.44578738343629
   1.74102274455273    0.06840496993626   -3.43626204547745
   1.73829714354396    0.06829788078097   -3.43433043129395
   1.72637284285737    0.06782937373100   -3.42677305083430
   1.71681029815906    0.06745366032654   -3.41981328229424
   1.71124524706048    0.06723500887337   -3.41605743992389
   1.69652450950365    0.06665662951953   -3.40654411445333
   1.69379902033600    0.06654954475849   -3.40461262283784
   1.68168805984261    0.06607370382474   -3.39634582646696
   1.67249166077254    0.06571237632119   -3.38974523902430
   1.66703370695241    0.06549793273155   -3.38596759790221
   1.65188280003389    0.06490265197746   -3.37609435179703
   1.65007613672866    0.06483166798287   -3.37510229754087
   1.63739434608538    0.06433339907145   -3.36637902065995
   1.62805367557369    0.06396640312752   -3.35998634987598
   1.62255353953546    0.06375030219402   -3.35619883105450
   1.60751493253412    0.06315943371569   -3.34631830555710
   1.60655268494845    0.06312162690508   -3.34544670259548
   1.59291422517516    0.06258577036117   -3.33662942147434
   1.58444676686314    0.06225308301801   -3.33030616618210
   1.57806243657637    0.06200224199787   -3.32648609079836
   1.56303384312153    0.06141176695285   -3.31651014067003
   1.56127390874086    0.06134261894271   -3.31544981010135
   1.54840248119349    0.06083689917703   -3.30791549529503
   1.53717613149427    0.06039581469605   -3.30065461103288
   1.53358044640490    0.06025453984412   -3.29890701674477
   1.51896189958557    0.05968017557529   -3.29452530125325
   1.50413338793550    0.05909756176579   -3.29358984251265
   1.48930288911978    0.05851486988035   -3.29316318762227
   1.47447451676588    0.05793226154381   -3.29315578954264
   1.45964622663706    0.05734965643791   -3.29314846547328
   1.44481801784053    0.05676705452756   -3.29314121541428
   1.42998988948350    0.05618445577769   -3.29313403936573
   1.41516184067316    0.05560186015322   -3.29312693732774
   1.40033387051671    0.05501926761907   -3.29311990930038
   1.38550597812137    0.05443667814015   -3.29311295528376
   1.37067844383095    0.05385410273122   -3.29264213000553
   1.35585042304282    0.05327150820775   -3.29309926928308
   1.34102275857401    0.05268892768409   -3.29309253729921
   1.32619516829513    0.05210635007537   -3.29308587932645
   1.31136795910580    0.05152378743970   -3.29261535189193
   1.29654020673596    0.05094120346240   -3.29307278541461
   1.28173958306049    0.05035968537441   -3.29302367000646
   1.26686495478891    0.04977525963792   -3.29217762554052
   1.25205863284676    0.04919351766443   -3.29258975780570
   1.23723147559641    0.04861095706944   -3.29258354428915
   1.22240112868889    0.04802827115248   -3.29253299263493
   1.20757741078688    0.04744584568986   -3.29210733394262
   1.19275045242063    0.04686329290905   -3.29210134356898
   1.17790426988102    0.04627998480842   -3.29214070907529
   1.16309669059170    0.04569819343361   -3.29255358674118
   1.14826525859525    0.04511546488340   -3.29250348324232
   1.13344326263912    0.04453310707621   -3.29207812201064
   1.11861662165069    0.04395056676521   -3.29207250160557
   1.10379004145947    0.04336802884294   -3.29206695519449
   1.08896352117267    0.04278549327432   -3.29206148277750
   1.07413705989751    0.04220296002428   -3.29205608435470
   1.05931065674121    0.04162042905773   -3.29205075992617
   1.04448431081097    0.04103790033960   -3.29204550949201
   1.02965802121403    0.04045537383480   -3.29204033305232
   1.01483222767881    0.03987286682033   -3.29157129427936
   1.00000605470351    0.03929034489762   -3.29156626606377
   0.98517948149512    0.03870780724970   -3.29202524770098
   0.97035386882456    0.03812530734142   -3.29155643158839
   0.95552785413536    0.03754279163779   -3.29155162532879
   0.94070189042264    0.03696027793702   -3.29154689305472
   0.92587597679361    0.03637776620405   -3.29154223476628
   0.91105011235552    0.03579525640380   -3.29153765046355
   0.89622429621557    0.03521274850118   -3.29153314014665
   0.88139852748099    0.03463024246113   -3.29152870381566
   0.86657280525901    0.03404773824856   -3.29152434147070
   0.85174712865685    0.03346523582840   -3.29152005311184
   0.83691093228535    0.03288232008538   -3.29147177060985
   0.82209589651464    0.03230023574463   -3.29104772008489
   0.80727034914000    0.03171773840183   -3.29104365458717
   0.79244484381341    0.03113524271110   -3.29103966306692
   0.77761937964209    0.03055274863738   -3.29103574552423
   0.76278242391097    0.02996980305903   -3.29107589491989
   0.74795635413527    0.02938728519104   -3.29144806796105
   0.73314322513206    0.02880527576739   -3.29102443676249
   0.71831791665412    0.02822278781087   -3.29102081513101
   0.70349322482658    0.02764032408261   -3.29055333453000
   0.68866799546839    0.02705783923471   -3.29054986089036
   0.67384280101601    0.02647535575827   -3.29054646121951
   0.65901704072882    0.02589285005011   -3.29100706838642
   0.64417832043070    0.02530983514174   -3.29049590925182
   0.62936737625884    0.02472791156035   -3.29007273921027
   0.61453353703491    0.02414508842990   -3.29011321686640
   0.59971732109457    0.02356295772016   -3.29053057240043
   0.58489231732901    0.02298048173582   -3.29052761654435
   0.57005175775994    0.02239739456230   -3.29048075978873
   0.55523467313790    0.02181522972196   -3.29010140978523
   0.54041747440005    0.02123306039799   -3.29051919279336
   0.52557616137860    0.02064994362125   -3.29047255289399
   0.51076081022717    0.02006784688915   -3.29009333537170
   0.49594286527464    0.01948564824633   -3.29051143477033
   0.48111804335630    0.01890317940679   -3.29050899670266
   0.46629324384507    0.01832071144763   -3.29050663260517
   0.45145065862660    0.01773754468612   -3.29046034604281
   0.43664363682697    0.01715577521515   -3.29003816900016
   0.42181889688825    0.01657330959660   -3.29003602747999
   0.40699417578495    0.01599084471809   -3.29003395992127
   0.39216947262430    0.01540838054455   -3.29003196632410
   0.37734478651355    0.01482591704090   -3.29003004668856
   0.36252011655993    0.01424345417207   -3.29002820101477
   0.34769620095182    0.01366102094156   -3.28956249504964
   0.33287156726172    0.01307855949752   -3.28956079710932
   0.31804694705050    0.01249609858308   -3.28955917312165
   0.30322233942542    0.01191363816314   -3.28955762308675
   0.28839774349373    0.01133117820264   -3.28955614700470
   0.27357315836266    0.01074871866649   -3.28955474487561
   0.25874858313947    0.01016625951963   -3.28955341669957
   0.24390232742224    0.00958294854384   -3.28950811308328
   0.22909935501265    0.00900133817384   -3.28908703381873
   0.21427347752259    0.00841882786077   -3.28912868013577
   0.19942784365364    0.00783554131746   -3.28950476232348
   0.18462571365698    0.00725396404595   -3.28908393831780
   0.16980068052473    0.00667148690779   -3.28912573804752
   0.15495340926890    0.00608813603138   -3.28950207348860
   0.14015211325769    0.00550659152725   -3.28908150831727
   0.12532791654097    0.00492414725194   -3.28912346513772
   0.11045396513347    0.00433974810952   -3.28898609961140
   0.09567852971058    0.00375921967067   -3.28907974381978
   0.08085485981220    0.00317679609411   -3.28861536487227
   0.06603033647015    0.00259433898566   -3.28861499818303
   0.05120493891148    0.00201184752915   -3.28907864482796
   0.03638128111977    0.00142942442827   -3.28861448661252
   0.02155674732594    0.00084696690917   -3.28861434173145
   0.00673131675626    0.00026447415566   -3.28907821134446
  -0.00809233696269   -0.00031794878521   -3.28861427377818
  -0.02291688924298   -0.00090040703064   -3.28861435070619
  -0.03774144947090   -0.00148286558834   -3.28861450157077
  -0.05256601853919   -0.00206532449337   -3.28861472637200
  -0.06739059734059   -0.00264778378082   -3.28861502511000
  -0.08221429088199   -0.00323020828631   -3.28804383069987
  -0.09709058451645   -0.00381469945509   -3.28802216858242
  -0.11182998591378   -0.00439381211322   -3.28772892005628
  -0.12674004077432   -0.00497962976418   -3.28801803509130
  -0.14147869181235   -0.00555871294061   -3.28773015371839
  -0.15638955153681   -0.00614456221476   -3.28801415821635
  -0.17116219168124   -0.00672498082682   -3.28769130427575
  -0.18598687617764   -0.00730744426704   -3.28769219428468
  -0.20081157844231   -0.00788990840538   -3.28769315821278
  -0.21563629936798   -0.00847237327691   -3.28769419606015
  -0.23046103984737   -0.00905483891670   -3.28769530782689
  -0.24528580077323   -0.00963730535984   -3.28769649351310
  -0.26011058303827   -0.01021977264140   -3.28769775311889
  -0.27493538753524   -0.01080224079645   -3.28769908664436
  -0.28976021515685   -0.01138470986008   -3.28770049408962
  -0.30461698592802   -0.01196843397347   -3.28765737172860
  -0.31941013278672   -0.01254965829652   -3.28723959701763
  -0.33419621635460   -0.01313060510213   -3.28681748724966
  -0.34905977474435   -0.01371459590178   -3.28770686307049
  -0.36393739721501   -0.01429913928067   -3.28706636560562
  -0.37870885151007   -0.01487951130058   -3.28678260485862
  -0.39353386170019   -0.01546198753734   -3.28678452925915
  -0.40835890215725   -0.01604446496329   -3.28678652756176
  -0.42318397377398   -0.01662694361351   -3.28678859976656
  -0.43800907744308   -0.01720942352307   -3.28679074587366
  -0.45283421405729   -0.01779190472704   -3.28679296588315
  -0.46765938450932   -0.01837438726051   -3.28679525979514
  -0.48248458969189   -0.01895687115855   -3.28679762760973
  -0.49730983049773   -0.01953935645622   -3.28680006932703
  -0.51213510781955   -0.02012184318861   -3.28680258494714
  -0.52695938463611   -0.02070429061105   -3.28614896012891
  -0.54183959798908   -0.02128893578598   -3.28613153157031
  -0.55656831086577   -0.02186762849099   -3.28592276181125
  -0.57143660012103   -0.02245180516685   -3.28681338645772
  -0.58626207341354   -0.02303429959896   -3.28681627159342
  -0.60114178153792   -0.02361892492341   -3.28613130743513
  -0.61591221285782   -0.02419925675051   -3.28589436822795
  -0.63073781015309   -0.02478175605470   -3.28589747429194
  -0.64556345199921   -0.02536425710929   -3.28590065424115
  -0.66038913928889   -0.02594675994936   -3.28590390807568
  -0.67521487291484   -0.02652926460999   -3.28590723579565
  -0.69004065376978   -0.02711177112626   -3.28591063740116
  -0.70486648274641   -0.02769427953323   -3.28591411289230
  -0.71969236073745   -0.02827678986598   -3.28591766226919
  -0.73455823066833   -0.02886087148632   -3.28587587601362
  -0.74932783812564   -0.02944117094378   -3.28550295252480
  -0.76417029772408   -0.03002433276966   -3.28592875371535
  -0.77899638069982   -0.03060685115628   -3.28593259863626
  -0.79386356655777   -0.03119098447955   -3.28589095670763
  -0.80863117003135   -0.03177120520027   -3.28551849474168
  -0.82351655741316   -0.03235605366335   -3.28589893790425
  -0.83828316342877   -0.03293623519384   -3.28552671153082
  -0.85316977307835   -0.03352113167996   -3.28590721300099
  -0.86795430870076   -0.03410201766662   -3.28549328802612
  -0.88276158288741   -0.03468379705391   -3.28553959381563
  -0.88550918176891   -0.03479175050797   -3.28510871695874
  -0.89766924522883   -0.03526952070253   -3.28440751866725
  -0.90970058141147   -0.03574223318860   -3.28507232543884
  -0.91243392402313   -0.03584962651230   -3.28550659559495
  -0.91428595059183   -0.03592239283436   -3.28504318459029
  -0.92725813549597   -0.03643207136737   -3.28430868045032
  -0.94208484825345   -0.03701461449818   -3.28431018838791
  -0.95691162434530   -0.03759716011741   -3.28431176316618
  -0.97167936398781   -0.03817738618823   -3.28432326891115
  -0.98663005309861   -0.03876480036323   -3.28441416818760
  -1.00139234155507   -0.03934481225636   -3.28431688875078
  -1.01621937991241   -0.03992736818003   -3.28431873109547
  -1.03104648606811   -0.04050992676750   -3.28432064038067
  -1.04587366091498   -0.04109248805385   -3.28432261662516
  -1.06070090534582   -0.04167505207417   -3.28432465984732
  -1.07562979601244   -0.04226160978597   -3.28429609911786
  -1.09026618393438   -0.04283667503363   -3.28383159770113
  -1.10518306507014   -0.04342276088967   -3.28433119155792
  -1.12001059676483   -0.04400533619661   -3.28433350286700
  -1.13498789622882   -0.04459379589524   -3.28428410492823
  -1.14959132848055   -0.04516756631109   -3.28383655537213
  -1.16456217922577   -0.04575577263887   -3.28350606249236
  -1.17892754456402   -0.04632018938021   -3.28324758694383
  -1.19442236897013   -0.04692898268919   -3.28421005105159
  -1.20897779453944   -0.04750086691735   -3.28375642609387
  -1.22380586398656   -0.04808346335265   -3.28376248423716
  -1.23846653086927   -0.04865948252327   -3.28329805388398
  -1.25366246312817   -0.04925653232780   -3.28347871085535
  -1.26828912976746   -0.04983121562523   -3.28327131158535
  -1.28311752105002   -0.05041382470547   -3.28327516095734
  -1.29794599619778   -0.05099643708079   -3.28327907184771
  -1.31277455610357   -0.05157905278626   -3.28328304432555
  -1.32730395758657   -0.05214991452528   -3.28400807108026
  -1.33025264584230   -0.05226576880238   -3.28495780906088
  -1.34225990668892   -0.05273753536591   -3.28769062361065
  -1.35733297532159   -0.05332975784542   -3.29351132308388
  -1.36755829032235   -0.05373151156599   -3.29903713806538
  -1.37214386138312   -0.05391167914366   -3.30192735500327
  -1.38680257790244   -0.05448762168430   -3.31060139695377
  -1.39168097614739   -0.05467929447337   -3.31388363481846
  -1.40202702587236   -0.05508579187417   -3.32110117101702
  -1.41485228612772   -0.05558969772200   -3.32878339769509
  -1.41668992044786   -0.05566189857108   -3.32971826423421
  -1.43132100612738   -0.05623675549307   -3.33939539192553
  -1.43804390058447   -0.05650089873569   -3.34361773310154
  -1.44633030155769   -0.05682647231664   -3.34930429689073
  -1.46093812378663   -0.05740041521516   -3.35800966053866
  -1.46193723651844   -0.05743967046131   -3.35883149727539
  -1.47599091921339   -0.05799184115824   -3.36790771294065
  -1.48433754210238   -0.05831978086470   -3.37348190056452
  -1.49086616122804   -0.05857629100876   -3.37806725760944
  -1.50588195884823   -0.05916626330407   -3.38709697726937
  -1.50766507528485   -0.05923632213967   -3.38813322407477
  -1.52051508586663   -0.05974120043048   -3.39669642537349
  -1.53070163736878   -0.06014143112903   -3.40322373098298
  -1.53557009748445   -0.06033271344794   -3.40657305895944
  -1.55038419116739   -0.06091476077397   -3.41593724525804
  -1.55313517676419   -0.06102284729244   -3.41783935438607
  -1.56505014970786   -0.06149098785439   -3.42640393459362
  -1.57613825346645   -0.06192664063758   -3.43297689116752
  -1.57987988871368   -0.06207364988683   -3.43571042725213
  -1.59471942416796   -0.06265669682277   -3.44500270812362
  -1.59853418445498   -0.06280657916265   -3.44762338739553
  -1.60976886288799   -0.06324799088048   -3.45489036493441
  -1.62180010479395   -0.06372069966240   -3.46236628906815
  -1.62452533469814   -0.06382777423696   -3.46432508862818
  -1.63925079674028   -0.06440633921633   -3.47379490351538
  -1.64489817710325   -0.06462822539511   -3.47737559160444
  -1.65429048490697   -0.06499725017376   -3.48369773842475
  -1.66653197596664   -0.06547821966743   -3.49176939754323
  -1.66918717410987   -0.06558254268661   -3.49384125512983
  -1.68394824048276   -0.06616250656394   -3.50327491557603
  -1.69024433109441   -0.06640988063781   -3.50727270701981
  -1.69860543792608   -0.06673838941993   -3.51284051134193
  -1.71264332396390   -0.06728993946451   -3.52194276128983
  -1.71364271398805   -0.06732920560550   -3.52276490126637
  -1.72848393875180   -0.06791231891460   -3.53205920250413
  -1.73504914598966   -0.06817026660950   -3.53659894564234
  -1.74353659288320   -0.06850373930617   -3.54291297567691
  -1.75560984832627   -0.06897809880446   -3.55125785102924
  -1.75846673133493   -0.06909034604358   -3.55396208488080
  -1.77316197635084   -0.06966772379276   -3.56445282325746
  -1.77581378823848   -0.06977191376559   -3.56646440056954
  -1.78764472928658   -0.07023675270537   -3.57606028589208
  -1.79442574220522   -0.07050317942856   -3.58120824251398
  -1.80289267290155   -0.07083584604165   -3.58758807298874
  -1.81402590375744   -0.07127327187331   -3.59595293652689
  -1.81767235048754   -0.07141654115554   -3.59884588314181
  -1.83233553015750   -0.07199265905384   -3.61022542815961
  -1.83405472002297   -0.07206020620762   -3.61132482770569
  -1.84700809515604   -0.07256914570271   -3.62161904030402
  -1.85275013168093   -0.07279475093222   -3.62601725454044
  -1.86205767762933   -0.07316044540851   -3.63341589602415
  -1.87224887675406   -0.07356085871266   -3.64087237130542
  -1.87689528402520   -0.07374341655154   -3.64458227183175
  -1.89091800197251   -0.07429437064023   -3.65564517524902
  -1.89184602900794   -0.07433083292176   -3.65657453844917
  -1.90636401782926   -0.07490124625608   -3.66718845017968
  -1.91105939255907   -0.07508572803166   -3.67083245388753
  -1.92142446495046   -0.07549297283506   -3.67898923884522
  -1.92903850893699   -0.07579212943805   -3.68524937142623
  -1.93650446051892   -0.07608546747462   -3.69076346713179
  -1.94937017378629   -0.07659096272562   -3.70026491479723
  -1.95123870996732   -0.07666437771212   -3.70207671203850
  -1.96593104189003   -0.07724164100556   -3.71342670996885
  -1.96860038010678   -0.07734651958973   -3.71542304918094
  -1.98083553938705   -0.07782724030711   -3.72544074613703
  -1.98731098148862   -0.07808166112020   -3.73011709749835
  -1.99570352904322   -0.07841140521169   -3.73656679075309
  -2.00700220308079   -0.07885533132367   -3.74469838472701
  -2.01067274924748   -0.07899954747534   -3.74757865635130
  -2.02533934372350   -0.07957579954174   -3.75896201106198
  -2.02631290830403   -0.07961405099829   -3.75983505626673
  -2.04024361119135   -0.08016138980542   -3.77097736521091
  -2.04576769001532   -0.08037843145354   -3.77475928386313
  -2.05527161981533   -0.08075184187237   -3.78283940881864
  -2.06435811257646   -0.08110885114528   -3.78959440024226
  -2.07013801794353   -0.08133594424565   -3.79396300300024
  -2.08392050912579   -0.08187745979903   -3.80439434522604
  -2.08484877815161   -0.08191393158839   -3.80532399904451
  -2.09961377594119   -0.08249404993151   -3.81657692741794
  -2.10332617497897   -0.08263991048696   -3.81936666733832
  -2.11446472356512   -0.08307754525282   -3.82866502254088
  -2.12188968237903   -0.08336927267914   -3.83424467857592
  -2.12931470997410   -0.08366100280789   -3.83982441101907
  -2.14143655330294   -0.08413727132941   -3.84904972549850
  -2.14449892912066   -0.08425759240298   -3.85148724013471
  -2.15896406669974   -0.08482592920635   -3.86219839697544
  -2.16089703802990   -0.08490187585675   -3.86396676925398
  -2.17388152482918   -0.08541203773253   -3.87421692986885
  -2.18035852710145   -0.08566651984490   -3.87889495323897
  -2.18897495637711   -0.08600506027317   -3.88596098037011
  -2.19928008790006   -0.08640994999343   -3.89326407033090
  -2.20392556830191   -0.08659247141552   -3.89706328039164
  -2.21819904040944   -0.08715327766200   -3.90801291668291
  -2.21918331555939   -0.08719194993796   -3.90886861343827
  -2.23334683161793   -0.08774843599951   -3.92156895922432
  -2.23520376818866   -0.08782139523608   -3.92342874086019
  -2.24828132692752   -0.08833521391833   -3.93542976681600
  -2.25187925676252   -0.08847657696655   -3.93835154578233
  -2.26328802783543   -0.08892482880283   -3.94923614175250
  -2.26769738726078   -0.08909807300649   -3.95318839811759
  -2.27774468946708   -0.08949283258531   -3.96267604269657
  -2.28345462109331   -0.08971717640991   -3.96810227264599
  -2.29282058433529   -0.09008516610792   -3.97638295941298
  -2.29945558747506   -0.09034585609128   -3.98274608733547
  -2.30790520742503   -0.09067784256329   -3.99101760777484
  -2.31524389008976   -0.09096618019048   -3.99762488272406
  -2.32252557084268   -0.09125227820646   -4.00429395527901
  -2.33103203538199   -0.09158649810846   -4.01250451850931
  -2.33737926374833   -0.09183588139018   -4.01824914948599
  -2.34753145710422   -0.09223476215350   -4.02761691028483
  -2.35227650922960   -0.09242119575926   -4.03215771406776
  -2.36353466603020   -0.09286352994466   -4.04225859332560
  -2.36731017431585   -0.09301187006921   -4.04592282397358
  -2.37935119109937   -0.09348496290712   -4.05712866188383
  -2.38190394943758   -0.09358526105539   -4.05922152389690
  -2.39577220249341   -0.09413014620197   -4.07238370519626
  -2.39677253688187   -0.09416944944713   -4.07320688971709
  -2.41161870826494   -0.09475275710943   -4.08619936724608
  -2.41254743841586   -0.09478924701644   -4.08712958260643
  -2.42671058072703   -0.09534571839341   -4.10085127888163
  -2.42763933418416   -0.09538220921612   -4.10178152340940
  -2.44133615977357   -0.09592035895920   -4.11410828810291
  -2.44481793321424   -0.09605715821026   -4.11713169738147
  -2.45627707489812   -0.09650738911323   -4.12798743982387
  -2.46009491412950   -0.09665739242517   -4.13159358475109
  -2.47112921377502   -0.09709093123900   -4.14195150341878
  -2.47660873824267   -0.09730622234168   -4.14670649830361
  -2.48598305650861   -0.09767454030948   -4.15591431318242
  -2.49168240305010   -0.09789846824497   -4.16135807531570
  -2.50106475380392   -0.09826710181007   -4.16963063202483
  -2.50840565144351   -0.09855552646386   -4.17624054297555
  -2.51592187558892   -0.09885083971483   -4.18359280937259
  -2.52419818413929   -0.09917601676340   -4.19112599422571
  -2.53063939512442   -0.09942909263226   -4.19677723522933
  -2.54109848856169   -0.09984003153262   -4.20578600155773
  -2.54582124731327   -0.10002558922934   -4.21041006351423
  -2.55673517055107   -0.10045439844122   -4.22087799761556
  -2.56048710260858   -0.10060181225325   -4.22455762873516
  -2.57252621226303   -0.10107483015985   -4.23576698870863
  -2.57533576091967   -0.10118521762721   -4.23853084036898
  -2.58831767176314   -0.10169527829342   -4.25065648386282
  -2.59018934882879   -0.10176881668561   -4.25249480418369
  -2.60434160337547   -0.10232486028115   -4.26531471194616
  -2.60527063359229   -0.10236136197778   -4.26624529549812
  -2.61990043763282   -0.10293616854403   -4.27950731685093
  -2.62082949257056   -0.10297267121195   -4.28043793037252
  -2.63464866182095   -0.10351562785056   -4.29359978575255
  -2.63730352234797   -0.10361993760476   -4.29561477027513
  -2.64949893101017   -0.10409909651610   -4.30757496026358
  -2.65237269664166   -0.10421200707527   -4.31026853833381
  -2.66442630800620   -0.10468559475561   -4.32147263587851
  -2.66832443428431   -0.10483875255421   -4.32496931413391
  -2.67943220717892   -0.10527517813986   -4.33526999103755
  -2.68490086261180   -0.10549004219700   -4.34004005601493
  -2.69411874579118   -0.10585221381350   -4.34850737203744
  -2.70087008527515   -0.10611747466427   -4.35473181475126
  -2.70914638545601   -0.10644265138401   -4.36228381313640
  -2.71671255591114   -0.10673992703083   -4.36958796611907
  -2.72395237013414   -0.10702438010637   -4.37630946138570
  -2.73301112587276   -0.10738029958869   -4.38491970054388
  -2.73892473240559   -0.10761264582217   -4.39015755215057
  -2.74923193738188   -0.10801761700864   -4.39936876071345
  -2.75391742279401   -0.10820171023186   -4.40400515263969
  -2.76483523102946   -0.10863067208572   -4.41447775080550
  -2.76863665270226   -0.10878003035003   -4.41811273309702
  -2.78086399202370   -0.10926044382039   -4.42914166355801
  -2.78366496745730   -0.10937049444490   -4.43190631509240
  -2.79735684640137   -0.10990844983375   -4.44427073375093
  -2.79828619290340   -0.10994496395726   -4.44520170064317
  -2.81292080108047   -0.11051995927855   -4.45846935797936
  -2.81385017360904   -0.11055647442465   -4.45940035607042
  -2.82802304900147   -0.11111332821542   -4.47313377102129
  -2.82895244751330   -0.11114984438241   -4.47406480086729
  -2.84271848466470   -0.11169071345516   -4.48816075315289
  -2.84360219105620   -0.11172543437384   -4.48912979219569
  -2.85364791828991   -0.11212013207182   -4.50342152296039
  -2.85804850119967   -0.11229303144525   -4.51015922286245
  -2.86350323774384   -0.11250734862776   -4.51861358748509
  -2.87295079737691   -0.11287854425671   -4.53153791223696
  -2.87400611278167   -0.11292000771189   -4.53331193209582
  -2.88325207819313   -0.11328328268229   -4.54826605165038
  -2.88801836211951   -0.11347055048779   -4.55563381837323
  -2.89266927576826   -0.11365328538273   -4.56307963887586
  -2.90265076940624   -0.11404545933587   -4.57719343845196
  -2.90347310238178   -0.11407776888647   -4.57819593681606
  -2.91238303639779   -0.11442784114739   -4.59273080205130
  -2.91765629111714   -0.11463502788959   -4.60040201174557
  -2.92213114015855   -0.11481084518727   -4.60794736028154
  -2.93173474322089   -0.11518817177925   -4.62265212365065
  -2.93253907833010   -0.11521977419176   -4.62366151290873
  -2.94210865151552   -0.11559576374624   -4.63741090710170
  -2.94761900905864   -0.11581226628376   -4.64590220814230
  -2.95189461565908   -0.11598025532461   -4.65262946530226
  -2.96143660010081   -0.11635516091439   -4.66735821862254
  -2.96227835770558   -0.11638823366076   -4.66835223541393
  -2.97080432153292   -0.11672321969188   -4.68223142939241
  -2.97712966218668   -0.11697174300302   -4.69165945784481
  -2.98071419631394   -0.11711257973245   -4.69732731856509
  -2.99031087942373   -0.11748963443876   -4.71203359626402
  -2.99195889249502   -0.11755438504868   -4.71403722324029
  -3.00052975949419   -0.11789113533022   -4.72693666913650
  -3.00689849333810   -0.11814136356445   -4.73634947339002
  -3.01048332260011   -0.11828221188976   -4.74201782696397
  -3.02008246482003   -0.11865936321477   -4.75672635408449
  -3.02193024336664   -0.11873196263159   -4.75953528735818
  -3.02941650189036   -0.11902609853007   -4.77161333720582
  -3.03679843899528   -0.11931613562885   -4.78283248254711
  -3.03933901620296   -0.11941595517920   -4.78670019839028
  -3.04897343202219   -0.11979449240769   -4.80140476759604
  -3.05157976139922   -0.11989689536781   -4.80524024597133
  -3.05885660748002   -0.12018280342901   -4.81651917969408
  -3.06639281832225   -0.12047890195943   -4.82763984985401
  -3.06907653035244   -0.12058434529228   -4.83143668531893
  -3.07874814646656   -0.12096434412434   -4.84610447717330
  -3.08156539025415   -0.12107503393422   -4.85074092963703
  -3.08803819867773   -0.12132935126982   -4.86101100375611
  -3.09638638867601   -0.12165735254817   -4.87313074018513
  -3.09824758707902   -0.12173047923259   -4.87592481676534
  -3.10780616808058   -0.12210603690298   -4.89063051842178
  -3.11155353578872   -0.12225327138123   -4.89624576097479
  -3.11781679290947   -0.12249935542372   -4.90571644596120
  -3.12616218810481   -0.12282724689397   -4.91877801894439
  -3.12715127291832   -0.12286610814213   -4.92060680020261
  -3.13672956614210   -0.12324244030784   -4.93531943371421
  -3.14121055949036   -0.12341849901600   -4.94196318469146
  -3.14666957123954   -0.12363298417178   -4.95042467561639
  -3.15587829549486   -0.12399479593318   -4.96352734326165
  -3.15689990572171   -0.12403493510831   -4.96533267452425
  -3.16629604876116   -0.12440411057379   -4.98019937851456
  -3.17087011951274   -0.12458382630308   -4.98768483237111
  -3.17611943292211   -0.12479007238865   -4.99534665648145
  -3.18557076434177   -0.12516141621149   -5.00922699582430
  -3.18636426638284   -0.12519259299160   -5.01024086281777
  -3.19546533776449   -0.12555017506007   -5.02466526805266
  -3.20065572549771   -0.12575410594952   -5.03240180808089
  -3.20531077900454   -0.12593700349993   -5.03985459891727
  -3.21466103992246   -0.12630437625194   -5.05473854132605
  -3.21543347794421   -0.12633472542447   -5.05575815749484
  -3.22440262741291   -0.12668712426686   -5.06932261529929
  -3.23050249517871   -0.12692678872412   -5.07802092172613
  -3.23420560406452   -0.12707228426850   -5.08455445414403
  -3.24436814671772   -0.12747157165681   -5.09951638546325
  -3.24521050293334   -0.12750466792266   -5.10051130761922
  -3.25372185214344   -0.12783907974391   -5.11439144509956
  -3.26021784519211   -0.12809430800591   -5.12372530243084
  -3.26394200285602   -0.12824063055904   -5.12931635058726
  -3.27325429568041   -0.12860651154060   -5.14422521043177
  -3.27512697252052   -0.12868008921404   -5.14701528333633
  -3.28287299989102   -0.12898443145831   -5.15892607300772
  -3.28995427594746   -0.12926265555232   -5.16942260852086
  -3.29281881063874   -0.12937520342686   -5.17403655272989
  -3.30304984234865   -0.12977718175755   -5.18895736921295
  -3.30492320662737   -0.12985078644052   -5.19174797256846
  -3.31266992038537   -0.13015515565303   -5.20365988990324
  -3.31975630125828   -0.13043358031582   -5.21507239222303
  -3.32229895341432   -0.13053348139112   -5.21894353851033
  -3.33224075338690   -0.13092409577589   -5.23347829633492
  -3.33489654244466   -0.13102844201216   -5.23730006737047
  -3.34158455636168   -0.13129121479463   -5.24837910781741
  -3.34947807749286   -0.13160135208454   -5.25986564360103
  -3.35208967009545   -0.13170396183735   -5.26370597379883
  -3.36115992900605   -0.13206033328054   -5.27819942156954
  -3.36457309232723   -0.13219443683266   -5.28304984120776
  -3.37105135684314   -0.13244896853872   -5.29332905017035
  -3.37941651638562   -0.13277763655228   -5.30546543593440
  -3.38127925046874   -0.13285082357373   -5.30826203360952
  -3.39086591732084   -0.13322748474020   -5.32299001941333
  -3.39458609538758   -0.13337365093453   -5.32859562146862
  -3.40025963368648   -0.13359656486140   -5.33786491000909
  -3.40893175079333   -0.13393729327051   -5.35039072243761
  -3.41076456983558   -0.13400930492681   -5.35320666422586
  -3.42040091412506   -0.13438791792511   -5.36792582397284
  -3.42394116948965   -0.13452701493721   -5.37271958383154
  -3.43064002490206   -0.13479021368320   -5.38285311822335
  -3.43868536993927   -0.13510631615062   -5.39605480512824
  -3.43965022168431   -0.13514422527893   -5.39790124984914
  -3.44934432378441   -0.13552510758779   -5.41260305080897
  -3.45387269437802   -0.13570302775298   -5.41925561930308
  -3.45952140382886   -0.13592496615176   -5.42760699567445
  -3.46865953589934   -0.13628400433866   -5.44167586328915
  -3.46945366151731   -0.13631520561917   -5.44269069619646
  -3.47837769630870   -0.13666583190106   -5.45729174779442
  -3.48397402980519   -0.13688571244299   -5.46567697625831
  -3.48842264870117   -0.13706049915545   -5.47233541752655
  -3.49776406879417   -0.13742752455050   -5.48722152440270
  -3.49853713013873   -0.13745789821346   -5.48824211744468
  -3.50705983182237   -0.13779275607460   -5.50217504171643
  -3.51335366853301   -0.13804004159245   -5.51073313113693
  -3.51791512503508   -0.13821926170653   -5.51732620521834
  -3.52755592025637   -0.13859804958241   -5.53201982439760
  -3.52857208963895   -0.13863797498619   -5.53383246335388
  -3.53687554172461   -0.13896421850717   -5.54694135243679
  -3.54338721877931   -0.13922006299545   -5.55628982639364
  -3.54711458416493   -0.13936651158031   -5.56188612603880
  -3.55673372682564   -0.13974444872477   -5.57661344438430
  -3.55860036513066   -0.13981778914352   -5.57940330786146
  -3.56609890894614   -0.14011240773243   -5.59150201680625
  -3.57322425905556   -0.14039236350069   -5.60195909296487
  -3.57602085665684   -0.14050224211971   -5.60662249181429
  -3.58564898404017   -0.14088053227488   -5.62136750559173
  -3.58829765546173   -0.14098459885846   -5.62518731831135
  -3.59558630550826   -0.14127097069873   -5.63648582247597
  -3.60295450760328   -0.14156046814750   -5.64770832236033
  -3.60554978208312   -0.14166243675953   -5.65155436837953
  -3.61516419397240   -0.14204018803147   -5.66632427109779
  -3.61786497391639   -0.14214630196448   -5.67015818794954
  -3.62478673952841   -0.14241825887605   -5.68108140048758
  -3.63271316009443   -0.14272968878828   -5.69255159451683
  -3.63540169544363   -0.14283532162984   -5.69634969923446
  -3.64497055569678   -0.14321128317313   -5.71118870879005
  -3.64782399055999   -0.14332339493425   -5.71575942198623
  -3.65430813022207   -0.14357815747542   -5.72604841663912
  -3.66248322898223   -0.14389935798051   -5.73828338216242
  -3.66431225388668   -0.14397122056472   -5.74110313626434
  -3.67387933851783   -0.14434711234363   -5.75593049982147
  -3.67752987680176   -0.14449054238344   -5.76155757707807
  -3.68320866999419   -0.14471366277565   -5.77083570637906
  -3.69243742040725   -0.14507626136692   -5.78396520274756
  -3.69346084664544   -0.14511647189334   -5.78577367536533
  -3.70310427941455   -0.14549536339876   -5.80050736441318
  -3.70757257050287   -0.14567092303376   -5.80715201117209
  -3.71304117686359   -0.14588578516285   -5.81562937765347
  -3.72221278192771   -0.14624613850726   -5.82970576867428
  -3.72309046065450   -0.14628062259835   -5.83067178206462
  -3.73190337076270   -0.14662688277955   -5.84537433607875
  -3.73728432057261   -0.14683830087338   -5.85295980374786
  -3.74194733820838   -0.14702151133527   -5.86042591322858
  -3.75159268541824   -0.14740047805927   -5.87516988229263
  -3.75241691152510   -0.14743286199121   -5.87617526427168
  -3.76113394243224   -0.14777535506834   -5.88996044903302
  -3.76733294702498   -0.14801891462213   -5.89856392622501
  -3.77178560671460   -0.14819386009780   -5.90522894790786
  -3.78143295679647   -0.14857290551486   -5.91997511207177
  -3.78225725660202   -0.14860529234243   -5.92098060462477
  -3.79097516710228   -0.14894781997887   -5.93476723697388
  -3.79719199635830   -0.14919207986558   -5.94426826669399
  -3.80070166441939   -0.14932997509927   -5.94999330096660
  -3.81035954318100   -0.14970943418928   -5.96476201843661
  -3.81197214822429   -0.14977279361399   -5.96678684561970
  -3.81968798923445   -0.15007594983293   -5.97969825402157
  -3.82681737903528   -0.15035606432111   -5.99015893999487
  -3.83041436876199   -0.15049739043237   -5.99490716547972
  -3.84018161490207   -0.15088114657839   -6.00962264215215
  -3.84202829601852   -0.15095370287706   -6.01240321860641
  -3.84953402832859   -0.15124860390270   -6.02451392562787
  -3.85665658505547   -0.15152844991866   -6.03500908253782
  -3.85948865744950   -0.15163972234608   -6.03965620246621
  -3.86881752744926   -0.15200625464663   -6.05456712988751
  -3.87173015110062   -0.15212069194156   -6.05921689979718
  -3.87843876945026   -0.15238427427440   -6.06936640892315
  -3.88646644833998   -0.15269968263700   -6.08345229902470
  -3.88732963363292   -0.15273359727952   -6.08441832435284
  -3.88920579166277   -0.15280731172928   -6.09905623087078
  -3.88927503848971   -0.15281003244452   -6.11386233151473
  -3.88750762363405   -0.15274059052571   -6.12867379709098
  -3.88692072996335   -0.15271753141059   -6.12964619631525
  -3.88467713620275   -0.15262938037165   -6.14368664898707
  -3.88332177995550   -0.15257612827967   -6.15854306808113
  -3.88143366745296   -0.15250194413740   -6.17353367962954
  -3.87969512531644   -0.15243363663082   -6.18835739272630
  -3.87784085054446   -0.15236078197660   -6.20327870824816
  -3.87569417984176   -0.15227643905499   -6.21810150045088
  -3.87474637142529   -0.15223919956088   -6.23311467767471
  -3.87295413337913   -0.15216878233626   -6.24797803589582
  -3.87215332327653   -0.15213731842164   -6.25065200207328
  -3.86845395819029   -0.15199196997154   -6.26276070026841
  -3.86129009364168   -0.15171050096684   -6.27761900833351
  -3.85763901315583   -0.15156704962385   -6.28313467475836
  -3.85031482033025   -0.15127928130399   -6.29241238047822
  -3.84293942288116   -0.15098950114899   -6.30089540148756
  -3.83749073032537   -0.15077542143542   -6.30749913786215
  -3.82824401217917   -0.15041211688999   -6.31868053422781
  -3.82539374234472   -0.15030012948319   -6.32234606538499
  -3.81359746722180   -0.14983665257132   -6.33650859399732
  -3.81271184850802   -0.14980185651729   -6.33747410629493
  -3.80110163458886   -0.14934568997002   -6.35192303881286
  -3.79819671001421   -0.14923155517264   -6.35561044428559
  -3.78834916947208   -0.14884464425097   -6.36702590619382
  -3.78369609262390   -0.14866182436369   -6.37260077671483
  -3.77616354016067   -0.14836586957137   -6.38173699329285
  -3.76878027033606   -0.14807578010990   -6.39022464284515
  -3.76333168446051   -0.14786170458781   -6.39682930721473
  -3.75385967791102   -0.14748954843690   -6.40875898468833
  -3.75123541235506   -0.14738644076239   -6.41167808510139
  -3.73984216858967   -0.14693879899568   -6.42636575953031
  -3.73894394784063   -0.14690350780634   -6.42731900481819
  -3.72694726661148   -0.14643215691711   -6.44125766703968
  -3.72422694427538   -0.14632527516143   -6.44416494141752
  -3.71419327807210   -0.14593105134262   -6.45636347403644
  -3.70953927686365   -0.14574819513713   -6.46193964119674
  -3.70201349410515   -0.14545250632723   -6.47107461837204
  -3.69444747230055   -0.14515523652090   -6.48035770366239
  -3.68917375461105   -0.14494803158855   -6.48617246110618
  -3.67992836898859   -0.14458477939812   -6.49735653431707
  -3.67707815989726   -0.14447279437793   -6.50102315233287
  -3.66502572408441   -0.14399925288514   -6.51496455821613
  -3.66413674223445   -0.14396432469313   -6.51592788506049
  -3.65103111131259   -0.14344940305180   -6.53063715229007
  -3.65010376850793   -0.14341296765377   -6.53156758573369
  -3.63560744079567   -0.14284340538674   -6.54206993006305
  -3.63006643783249   -0.14262569878739   -6.54582727700078
  -3.62090873459558   -0.14226589164727   -6.55157900166555
  -3.60779925171986   -0.14175081866226   -6.56073055947373
  -3.60606791298855   -0.14168279417824   -6.56182058474943
  -3.59117270362069   -0.14109755980828   -6.57196370598538
  -3.58475362225743   -0.14084535341463   -6.57580557129972
  -3.57636533429549   -0.14051577668299   -6.58132231803356
  -3.56315474391045   -0.13999673117313   -6.59031218635981
  -3.56138553724182   -0.13992721885380   -6.59136603811809
  -3.54672757062828   -0.13935130577704   -6.60001303550519
  -3.53896005385242   -0.13904611921173   -6.60523040164842
  -3.53179403683381   -0.13876456563625   -6.61009435280555
  -3.51765302718992   -0.13820896385415   -6.62003254499152
  -3.51666532138488   -0.13817015678737   -6.62087986572326
  -3.50229123024297   -0.13760539720827   -6.62992567016473
  -3.49464486174056   -0.13730497057159   -6.63521182389012
  -3.48729446603667   -0.13701617273784   -6.64084842736075
  -3.47750855826258   -0.13663168337422   -6.64956513279047
  -3.47197284915388   -0.13641418477098   -6.65418818144244
  -3.45771436260131   -0.13585396730856   -6.66240812214210
  -3.45307382354409   -0.13567164003243   -6.66519619583539
  -3.44297345156806   -0.13527479533668   -6.67013299144518
  -3.42791231680973   -0.13468304174036   -6.67897412061362
  -3.42612734856923   -0.13461291014719   -6.68001059758883
  -3.41320570471853   -0.13410521737758   -6.68849245485671
  -3.40376170404268   -0.13373416158045   -6.69473161546247
  -3.39808903637625   -0.13351128186081   -6.69824482433626
  -3.38322839086696   -0.13292740550855   -6.70760345953244
  -3.38047603826639   -0.13281926528035   -6.70950718521071
  -3.36845305622300   -0.13234688102931   -6.71697687362328
  -3.35804743707223   -0.13193804313940   -6.72416337842811
  -3.35352991934709   -0.13176054938457   -6.72710317230240
  -3.33886563778330   -0.13118438819274   -6.73573970700157
  -3.33153884862839   -0.13089651786282   -6.73963264597123
  -3.32403486037791   -0.13060168536147   -6.74320588832274
  -3.30939668584344   -0.13002654991762   -6.74842854609135
  -3.29458139691356   -0.12944445563021   -6.75406314565341
  -3.29355812310099   -0.12940425109262   -6.75475246855778
  -3.27953291797798   -0.12885319928253   -6.76008422905058
  -3.26473503343646   -0.12827178881541   -6.76494349770974
  -3.25348740779423   -0.12782986840034   -6.76923522115709
  -3.24972723770007   -0.12768213091497   -6.77098608451507
  -3.23502303068133   -0.12710440104775   -6.77607686583580
  -3.22010504929319   -0.12651827196267   -6.78141783134499
  -3.21354908459603   -0.12626068740818   -6.78404964435552
  -3.20515626718390   -0.12593093271396   -6.78764634476029
  -3.19039309589899   -0.12535088613440   -6.79255197353101
  -3.17559360044198   -0.12476941237424   -6.79824310588640
  -3.17284914165081   -0.12466158229465   -6.79926985804273
  -3.16074500457466   -0.12418600945370   -6.80391298333500
  -3.14582599784108   -0.12359984008269   -6.80925434489525
  -3.13637634526664   -0.12322856222185   -6.81358100171825
  -3.13043301857809   -0.12299504828028   -6.81991529961868
  -3.12470140727719   -0.12276985265894   -6.82816357855452
      
      
