# shadow cont 2D ind 233  size 18
# norm -0.2562894 -0.9666001  0.0000000
# angle  1.8299777
#  0 type   0
   3.62137000  -6.84517333
   3.96014558  -6.74509621
      
#  1 type   0
   3.96014558  -6.74509621
   4.28560527  -6.57087944
      
#  2 type   0
   4.28560527  -6.57087944
   4.53179598  -6.33817043
      
#  3 type   0
   4.53179598  -6.33817043
   4.52725693  -6.14473288
      
#  4 type   0
   4.52725693  -6.14473288
   3.28832953  -4.63733637
      
#  5 type   0
   3.28832953  -4.63733637
   3.22508955  -4.56229310
      
#  6 type   0
   3.22508955  -4.56229310
   2.52800030  -3.97658226
      
#  7 type   0
   2.52800030  -3.97658226
   1.94032632  -3.55464872
      
#  8 type   0
   1.94032632  -3.55464872
   1.49472381  -3.29498261
      
#  9 type   0
   1.49472381  -3.29498261
  -1.25162267  -3.28495129
      
# 10 type   0
  -1.25162267  -3.28495129
  -1.73448934  -3.55312721
      
# 11 type   0
  -1.73448934  -3.55312721
  -2.27283827  -3.91289170
      
# 12 type   0
  -2.27283827  -3.91289170
  -2.99407342  -4.48905101
      
# 13 type   0
  -2.99407342  -4.48905101
  -4.21564701  -6.07672840
      
# 14 type   0
  -4.21564701  -6.07672840
  -4.20029409  -6.23757909
      
# 15 type   0
  -4.20029409  -6.23757909
  -3.94073653  -6.51258917
      
# 16 type   0
  -3.94073653  -6.51258917
  -3.57127697  -6.72827474
      
# 17 type   0
  -3.57127697  -6.72827474
  -3.20569251  -6.84456136
      
