# shadow cont 2D ind 345  size 17
# norm -0.9081432 -0.4186597  0.0000000
# angle  2.7096237
#  0 type   0
   2.98563116  -6.81249271
   3.22557764  -6.74426340
      
#  1 type   0
   3.22557764  -6.74426340
   3.56115033  -6.56893116
      
#  2 type   0
   3.56115033  -6.56893116
   3.81886918  -6.32554818
      
#  3 type   0
   3.81886918  -6.32554818
   3.80545131  -6.13120402
      
#  4 type   0
   3.80545131  -6.13120402
   2.50244074  -4.55105496
      
#  5 type   0
   2.50244074  -4.55105496
   1.77835125  -3.97333911
      
#  6 type   0
   1.77835125  -3.97333911
   1.15872035  -3.55048335
      
#  7 type   0
   1.15872035  -3.55048335
   0.68835620  -3.29442812
      
#  8 type   0
   0.68835620  -3.29442812
  -0.41480182  -3.28437284
      
#  9 type   0
  -0.41480182  -3.28437284
  -0.90420047  -3.54278387
      
# 10 type   0
  -0.90420047  -3.54278387
  -1.46402662  -3.91687288
      
# 11 type   0
  -1.46402662  -3.91687288
  -2.19535247  -4.49300103
      
# 12 type   0
  -2.19535247  -4.49300103
  -3.51009155  -6.10553712
      
# 13 type   0
  -3.51009155  -6.10553712
  -3.51820883  -6.28544453
      
# 14 type   0
  -3.51820883  -6.28544453
  -3.25263395  -6.53878364
      
# 15 type   0
  -3.25263395  -6.53878364
  -2.91331738  -6.72232244
      
# 16 type   0
  -2.91331738  -6.72232244
  -2.64263005  -6.80517700
      
