# shadow cont 2D ind 162  size 18
# norm  0.2940403 -0.9557930  0.0000000
# angle  1.2723450
#  0 type   0
   3.54785552  -6.83658658
   3.89768617  -6.72833405
      
#  1 type   0
   3.89768617  -6.72833405
   4.20150272  -6.55863536
      
#  2 type   0
   4.20150272  -6.55863536
   4.43936523  -6.32955372
      
#  3 type   0
   4.43936523  -6.32955372
   4.43912133  -6.12593009
      
#  4 type   0
   4.43912133  -6.12593009
   3.14489843  -4.54939903
      
#  5 type   0
   3.14489843  -4.54939903
   3.12495764  -4.52923120
      
#  6 type   0
   3.12495764  -4.52923120
   2.44904651  -3.95168700
      
#  7 type   0
   2.44904651  -3.95168700
   1.88764921  -3.54862380
      
#  8 type   0
   1.88764921  -3.54862380
   1.44799999  -3.29280136
      
#  9 type   0
   1.44799999  -3.29280136
  -1.32439168  -3.28284625
      
# 10 type   0
  -1.32439168  -3.28284625
  -1.77401627  -3.53621867
      
# 11 type   0
  -1.77401627  -3.53621867
  -2.34279364  -3.91959200
      
# 12 type   0
  -2.34279364  -3.91959200
  -3.04228995  -4.48937566
      
# 13 type   0
  -3.04228995  -4.48937566
  -4.24430722  -6.08875734
      
# 14 type   0
  -4.24430722  -6.08875734
  -4.22867706  -6.26743942
      
# 15 type   0
  -4.22867706  -6.26743942
  -3.98087041  -6.53052104
      
# 16 type   0
  -3.98087041  -6.53052104
  -3.62394699  -6.73840740
      
# 17 type   0
  -3.62394699  -6.73840740
  -3.28240230  -6.84612069
      
