# shadow cont 2D ind 333  size 17
# norm -0.8647134 -0.5022655  0.0000000
# angle  2.6153759
#  0 type   0
   3.14128010  -6.81573361
   3.39585358  -6.74369003
      
#  1 type   0
   3.39585358  -6.74369003
   3.73156357  -6.56876246
      
#  2 type   0
   3.73156357  -6.56876246
   3.98780481  -6.32824499
      
#  3 type   0
   3.98780481  -6.32824499
   3.98059436  -6.13175513
      
#  4 type   0
   3.98059436  -6.13175513
   2.65351154  -4.54973751
      
#  5 type   0
   2.65351154  -4.54973751
   1.92064790  -3.97369730
      
#  6 type   0
   1.92064790  -3.97369730
   1.28957868  -3.54969484
      
#  7 type   0
   1.28957868  -3.54969484
   0.81193962  -3.29403180
      
#  8 type   0
   0.81193962  -3.29403180
  -0.53344624  -3.28453534
      
#  9 type   0
  -0.53344624  -3.28453534
  -1.02965613  -3.54240375
      
# 10 type   0
  -1.02965613  -3.54240375
  -1.60100556  -3.91686037
      
# 11 type   0
  -1.60100556  -3.91686037
  -2.34489448  -4.49306286
      
# 12 type   0
  -2.34489448  -4.49306286
  -3.67303325  -6.10497297
      
# 13 type   0
  -3.67303325  -6.10497297
  -3.67750357  -6.28483041
      
# 14 type   0
  -3.67750357  -6.28483041
  -3.41194214  -6.53756263
      
# 15 type   0
  -3.41194214  -6.53756263
  -3.06787889  -6.72286042
      
# 16 type   0
  -3.06787889  -6.72286042
  -2.79257133  -6.80616702
      
