# shadow cont 2D ind 302  size 17
# norm -0.7181263 -0.6959128  0.0000000
# angle  2.3719025
#  0 type   0
   3.35074029  -6.84525704
   3.68581020  -6.74865978
      
#  1 type   0
   3.68581020  -6.74865978
   4.01776852  -6.57041447
      
#  2 type   0
   4.01776852  -6.57041447
   4.26670648  -6.32657005
      
#  3 type   0
   4.26670648  -6.32657005
   4.26359575  -6.12960900
      
#  4 type   0
   4.26359575  -6.12960900
   2.93515366  -4.54972662
      
#  5 type   0
   2.93515366  -4.54972662
   2.21108587  -3.97833005
      
#  6 type   0
   2.21108587  -3.97833005
   1.58099173  -3.55373003
      
#  7 type   0
   1.58099173  -3.55373003
   1.10297083  -3.29539753
      
#  8 type   0
   1.10297083  -3.29539753
  -0.81597466  -3.28592922
      
#  9 type   0
  -0.81597466  -3.28592922
  -1.31418099  -3.54599325
      
# 10 type   0
  -1.31418099  -3.54599325
  -1.88400955  -3.91742875
      
# 11 type   0
  -1.88400955  -3.91742875
  -2.62963474  -4.49380845
      
# 12 type   0
  -2.62963474  -4.49380845
  -3.93887470  -6.10481622
      
# 13 type   0
  -3.93887470  -6.10481622
  -3.93505875  -6.28014110
      
# 14 type   0
  -3.93505875  -6.28014110
  -3.67977202  -6.53560235
      
# 15 type   0
  -3.67977202  -6.53560235
  -3.33553057  -6.72592388
      
# 16 type   0
  -3.33553057  -6.72592388
  -3.06191185  -6.81010099
      
