# shadow cont 3D ind 268  size 18
# norm -0.5090414 -0.8607420  0.0000000
# angle  2.1048671
   3.0929660506  -1.8291750232  -6.8474577360
   3.4021483232  -2.0120249095  -6.7461896884
      
      
   3.4021483232  -2.0120249095  -6.7461896884
   3.6815836199  -2.1772824833  -6.5771200022
      
      
   3.6815836199  -2.1772824833  -6.5771200022
   3.7066184603  -2.1920880467  -6.5551204303
      
      
   3.7066184603  -2.1920880467  -6.5551204303
   3.9045760033  -2.3091598113  -6.3372983747
      
      
   3.9045760033  -2.3091598113  -6.3372983747
   3.9020435005  -2.3076620933  -6.1422078704
      
      
   3.9020435005  -2.3076620933  -6.1422078704
   2.7432465464  -1.6223514850  -4.5666376331
      
      
   2.7432465464  -1.6223514850  -4.5666376331
   2.1057681095  -1.2453477884  -3.9793775995
      
      
   2.1057681095  -1.2453477884  -3.9793775995
   1.5674394901  -0.9269811304  -3.5557743341
      
      
   1.5674394901  -0.9269811304  -3.5557743341
   1.1553450880  -0.6832691803  -3.2951847774
      
      
   1.1553450880  -0.6832691803  -3.2951847774
  -0.9214968492   0.5449717174  -3.2863036262
      
      
  -0.9214968492   0.5449717174  -3.2863036262
  -1.3590428087   0.8037356766  -3.5512918468
      
      
  -1.3590428087   0.8037356766  -3.5512918468
  -1.8463872980   1.0919504041  -3.9125545888
      
      
  -1.8463872980   1.0919504041  -3.9125545888
  -2.5014246401   1.4793384083  -4.4910209274
      
      
  -2.5014246401   1.4793384083  -4.4910209274
  -3.6154422768   2.1381666021  -6.0762773918
      
      
  -3.6154422768   2.1381666021  -6.0762773918
  -3.6057507402   2.1324350433  -6.2356251268
      
      
  -3.6057507402   2.1324350433  -6.2356251268
  -3.3692855465   1.9925899176  -6.5135376132
      
      
  -3.3692855465   1.9925899176  -6.5135376132
  -3.0442946075   1.8003908121  -6.7279473178
      
      
  -3.0442946075   1.8003908121  -6.7279473178
  -2.7322037155   1.6158207731  -6.8394989181
      
      
  -3.0442946075   1.8003908121  -6.7279473178
  -3.5533360233   0.9396487851  -6.7279473178
      
      
