# shadow cont 3D ind 5  size 19
# norm  0.9992290 -0.0392598  0.0000000
# angle  0.0392699
   0.0790443877   2.0118140097  -6.7957607607
   0.0871832908   2.2189629261  -6.7287266271
      
      
   0.0871832908   2.2189629261  -6.7287266271
   0.0993360805   2.5282720792  -6.5458643457
      
      
   0.0993360805   2.5282720792  -6.5458643457
   0.1082780627   2.7558607235  -6.3116955769
      
      
   0.1082780627   2.7558607235  -6.3116955769
   0.1075166164   2.7364806212  -6.1248322551
      
      
   0.1075166164   2.7364806212  -6.1248322551
   0.0615176769   1.5657294304  -4.5290166206
      
      
   0.0615176769   1.5657294304  -4.5290166206
   0.0602068101   1.5323656425  -4.4878314433
      
      
   0.0602068101   1.5323656425  -4.4878314433
   0.0357089516   0.9088535076  -3.9204331994
      
      
   0.0357089516   0.9088535076  -3.9204331994
   0.0164384816   0.4183872956  -3.5410785461
      
      
   0.0164384816   0.4183872956  -3.5410785461
   0.0002549305   0.0064884140  -3.2945700504
      
      
   0.0002549305   0.0064884140  -3.2945700504
  -0.0083628506  -0.2128487613  -3.2854939542
      
      
  -0.0083628506  -0.2128487613  -3.2854939542
  -0.0241625672  -0.6149784007  -3.5300180975
      
      
  -0.0241625672  -0.6149784007  -3.5300180975
  -0.0438160258  -1.1151923257  -3.9134210090
      
      
  -0.0438160258  -1.1151923257  -3.9134210090
  -0.0692434487  -1.7623634536  -4.4961726364
      
      
  -0.0692434487  -1.7623634536  -4.4961726364
  -0.1153204333  -2.9351010238  -6.1376594495
      
      
  -0.1153204333  -2.9351010238  -6.1376594495
  -0.1160264152  -2.9530694625  -6.3241162037
      
      
  -0.1160264152  -2.9530694625  -6.3241162037
  -0.1063159103  -2.7059206091  -6.5757266645
      
      
  -0.1063159103  -2.7059206091  -6.5757266645
  -0.0946203614  -2.4082490127  -6.7457767959
      
      
  -0.0946203614  -2.4082490127  -6.7457767959
  -0.0866230345  -2.2047034501  -6.8090856628
      
      
  -0.0866230345  -2.2047034501  -6.8090856628
  -0.0862240118  -2.1945476454  -6.8261899737
      
      
  -0.0866230345  -2.2047034501  -6.8090856628
   0.9126060018  -2.2439632658  -6.8090856628
      
      
