# shadow cont 2D ind 19  size 19
# norm  0.9888865 -0.1486724  0.0000000
# angle  0.1492257
#  0 type   0
   2.29950409  -6.79924992
   2.53151715  -6.72758150
      
#  1 type   0
   2.53151715  -6.72758150
   2.85050586  -6.54503378
      
#  2 type   0
   2.85050586  -6.54503378
   3.08357897  -6.31204193
      
#  3 type   0
   3.08357897  -6.31204193
   3.06849800  -6.12445644
      
#  4 type   0
   3.06849800  -6.12445644
   1.80549531  -4.50301459
      
#  5 type   0
   1.80549531  -4.50301459
   1.78815874  -4.48596458
      
#  6 type   0
   1.78815874  -4.48596458
   1.13391872  -3.92198792
      
#  7 type   0
   1.13391872  -3.92198792
   0.61364303  -3.54308606
      
#  8 type   0
   0.61364303  -3.54308606
   0.17542725  -3.29427117
      
#  9 type   0
   0.17542725  -3.29427117
  -0.35663964  -3.28532358
      
# 10 type   0
  -0.35663964  -3.28532358
  -0.78352049  -3.53087239
      
# 11 type   0
  -0.78352049  -3.53087239
  -1.32212840  -3.91792086
      
# 12 type   0
  -1.32212840  -3.91792086
  -2.00158685  -4.49637208
      
# 13 type   0
  -2.00158685  -4.49637208
  -3.23358770  -6.13664521
      
# 14 type   0
  -3.23358770  -6.13664521
  -3.24744986  -6.32639055
      
# 15 type   0
  -3.24744986  -6.32639055
  -2.99200634  -6.57457224
      
# 16 type   0
  -2.99200634  -6.57457224
  -2.68287932  -6.74470608
      
# 17 type   3
  -2.68287932  -6.74470608
  -2.46161512  -6.81051677
      
# 18 type   3
  -2.46161512  -6.81051677
  -2.45337127  -6.82785236
      
