# shadow cont 2D ind 330  size 17
# norm -0.8526402 -0.5224986  0.0000000
# angle  2.5918139
#  0 type   0
   3.17155374  -6.81745313
   3.43347469  -6.74343365
      
#  1 type   0
   3.43347469  -6.74343365
   3.76883754  -6.56864106
      
#  2 type   0
   3.76883754  -6.56864106
   4.02694168  -6.32514744
      
#  3 type   0
   4.02694168  -6.32514744
   4.01722283  -6.13006670
      
#  4 type   0
   4.01722283  -6.13006670
   2.68757674  -4.54976578
      
#  5 type   0
   2.68757674  -4.54976578
   1.95796065  -3.97719277
      
#  6 type   0
   1.95796065  -3.97719277
   1.32426821  -3.55205873
      
#  7 type   0
   1.32426821  -3.55205873
   0.84382334  -3.29449419
      
#  8 type   0
   0.84382334  -3.29449419
  -0.56261683  -3.28416989
      
#  9 type   0
  -0.56261683  -3.28416989
  -1.06093995  -3.54282470
      
# 10 type   0
  -1.06093995  -3.54282470
  -1.63472804  -3.91744638
      
# 11 type   0
  -1.63472804  -3.91744638
  -2.37942587  -4.49244851
      
# 12 type   0
  -2.37942587  -4.49244851
  -3.71065797  -6.10595661
      
# 13 type   0
  -3.71065797  -6.10595661
  -3.71336059  -6.28205933
      
# 14 type   0
  -3.71336059  -6.28205933
  -3.45111851  -6.53561082
      
# 15 type   0
  -3.45111851  -6.53561082
  -3.10479831  -6.72205284
      
# 16 type   0
  -3.10479831  -6.72205284
  -2.82686022  -6.80688293
      
