# shadow cont 3D ind 378  size 17
# norm -0.9851093 -0.1719291  0.0000000
# angle  2.9688051
   0.4172571376  -2.3907755987  -6.8016093943
   0.4503351089  -2.5803038284  -6.7434366219
      
      
   0.4503351089  -2.5803038284  -6.7434366219
   0.5044334032  -2.8902730782  -6.5685267823
      
      
   0.5044334032  -2.8902730782  -6.5685267823
   0.5464820069  -3.1312007139  -6.3252249078
      
      
   0.5464820069  -3.1312007139  -6.3252249078
   0.5433807047  -3.1134310539  -6.1341397913
      
      
   0.5433807047  -3.1134310539  -6.1341397913
   0.3398196112  -1.9470785785  -4.5524698255
      
      
   0.3398196112  -1.9470785785  -4.5524698255
   0.2252384145  -1.2905579238  -3.9707783492
      
      
   0.2252384145  -1.2905579238  -3.9707783492
   0.1276855931  -0.7316054607  -3.5460011660
      
      
   0.1276855931  -0.7316054607  -3.5460011660
   0.0541487581  -0.3102583944  -3.2930576852
      
      
   0.0541487581  -0.3102583944  -3.2930576852
  -0.0124467240   0.0713165127  -3.2829679260
      
      
  -0.0124467240   0.0713165127  -3.2829679260
  -0.0885021508   0.5070944592  -3.5379056943
      
      
  -0.0885021508   0.5070944592  -3.5379056943
  -0.1764724626   1.0111416185  -3.9161583117
      
      
  -0.1764724626   1.0111416185  -3.9161583117
  -0.2903397560   1.6635717916  -4.4918148169
      
      
  -0.2903397560   1.6635717916  -4.4918148169
  -0.4999993187   2.8648669196  -6.1077144503
      
      
  -0.4999993187   2.8648669196  -6.1077144503
  -0.5024282980   2.8787843438  -6.2904300896
      
      
  -0.5024282980   2.8787843438  -6.2904300896
  -0.4599206866   2.6352267124  -6.5385131628
      
      
  -0.4599206866   2.6352267124  -6.5385131628
  -0.4046814272   2.3187200273  -6.7231031895
      
      
  -0.4046814272   2.3187200273  -6.7231031895
  -0.3615407435   2.0715350553  -6.8018673128
      
      
  -0.4046814272   2.3187200273  -6.7231031895
  -1.3897907534   2.1467909271  -6.7231031895
      
      
