# shadow cont 3D ind 43  size 18
# norm  0.9435122 -0.3313379  0.0000000
# angle  0.3377212
   0.9090339703   2.5885497505  -6.7984837929
   0.9882912342   2.8142413940  -6.7277800874
      
      
   0.9882912342   2.8142413940  -6.7277800874
   1.0969654039   3.1237001205  -6.5462339128
      
      
   1.0969654039   3.1237001205  -6.5462339128
   1.1766270569   3.3505432954  -6.3103741236
      
      
   1.1766270569   3.3505432954  -6.3103741236
   1.1729498416   3.3400721195  -6.1217038822
      
      
   1.1729498416   3.3400721195  -6.1217038822
   0.7258933271   2.0670415541  -4.5038669218
      
      
   0.7258933271   2.0670415541  -4.5038669218
   0.7157818869   2.0382483882  -4.4765192497
      
      
   0.7157818869   2.0382483882  -4.4765192497
   0.4909964465   1.3981531719  -3.9251632134
      
      
   0.4909964465   1.3981531719  -3.9251632134
   0.3053022997   0.8693736619  -3.5437451868
      
      
   0.3053022997   0.8693736619  -3.5437451868
   0.1508643156   0.4295986721  -3.2945024833
      
      
   0.1508643156   0.4295986721  -3.2945024833
  -0.1964915647  -0.5595260546  -3.2853128690
      
      
  -0.1964915647  -0.5595260546  -3.2853128690
  -0.3486986759  -0.9929484485  -3.5335816184
      
      
  -0.3486986759  -0.9929484485  -3.5335816184
  -0.5413590594  -1.5415648962  -3.9214345491
      
      
  -0.5413590594  -1.5415648962  -3.9214345491
  -0.7794511855  -2.2195520053  -4.4961095110
      
      
  -0.7794511855  -2.2195520053  -4.4961095110
  -1.2087864081  -3.4421197197  -6.1334556227
      
      
  -1.2087864081  -3.4421197197  -6.1334556227
  -1.2119003060  -3.4509868026  -6.3238614907
      
      
  -1.2119003060  -3.4509868026  -6.3238614907
  -1.1246571587  -3.2025546928  -6.5735044642
      
      
  -1.1246571587  -3.2025546928  -6.5735044642
  -1.0197013217  -2.9036842275  -6.7408908425
      
      
  -1.0197013217  -2.9036842275  -6.7408908425
  -0.9341273087  -2.6600051163  -6.8188666008
      
      
  -1.0197013217  -2.9036842275  -6.7408908425
  -0.0761891577  -3.2350221159  -6.7408908425
      
      
