# shadow cont 2D ind 347  size 17
# norm -0.9146072 -0.4043436  0.0000000
# angle  2.7253316
#  0 type   0
   2.95629386  -6.81287415
   3.19662263  -6.74354053
      
#  1 type   0
   3.19662263  -6.74354053
   3.52926223  -6.56924947
      
#  2 type   0
   3.52926223  -6.56924947
   3.78654940  -6.32601440
      
#  3 type   0
   3.78654940  -6.32601440
   3.77374685  -6.13201409
      
#  4 type   0
   3.77374685  -6.13201409
   2.47487241  -4.55104529
      
#  5 type   0
   2.47487241  -4.55104529
   1.75345893  -3.97370139
      
#  6 type   0
   1.75345893  -3.97370139
   1.13569935  -3.55023489
      
#  7 type   0
   1.13569935  -3.55023489
   0.66565654  -3.29419501
      
#  8 type   0
   0.66565654  -3.29419501
  -0.39442857  -3.28452463
      
#  9 type   0
  -0.39442857  -3.28452463
  -0.87951434  -3.54138670
      
# 10 type   0
  -0.87951434  -3.54138670
  -1.44003561  -3.91711729
      
# 11 type   0
  -1.44003561  -3.91711729
  -2.16805811  -4.49299122
      
# 12 type   0
  -2.16805811  -4.49299122
  -3.47973415  -6.10563563
      
# 13 type   0
  -3.47973415  -6.10563563
  -3.48786656  -6.28570992
      
# 14 type   0
  -3.48786656  -6.28570992
  -3.22942801  -6.53459969
      
# 15 type   0
  -3.22942801  -6.53459969
  -2.88647334  -6.72208369
      
# 16 type   0
  -2.88647334  -6.72208369
  -2.61282832  -6.80563818
      
