# shadow cont 3D ind 116  size 17
# norm  0.6129071 -0.7901550  0.0000000
# angle  0.9110619
   2.7095284618   2.1017257124  -6.8388640302
   3.0038156448   2.3299982506  -6.7300068515
      
      
   3.0038156448   2.3299982506  -6.7300068515
   3.2437900603   2.5161414879  -6.5615160977
      
      
   3.2437900603   2.5161414879  -6.5615160977
   3.4288616943   2.6596977625  -6.3309391089
      
      
   3.4288616943   2.6596977625  -6.3309391089
   3.4308481173   2.6612385901  -6.1261300338
      
      
   3.4308481173   2.6612385901  -6.1261300338
   2.3461236687   1.8198400602  -4.5373288032
      
      
   2.3461236687   1.8198400602  -4.5373288032
   1.7742043335   1.3762139499  -3.9517086858
      
      
   1.7742043335   1.3762139499  -3.9517086858
   1.3067479609   1.0136176194  -3.5552439261
      
      
   1.3067479609   1.0136176194  -3.5552439261
   0.9290438824   0.7206403045  -3.2948461267
      
      
   0.9290438824   0.7206403045  -3.2948461267
  -0.9104261419  -0.7061989046  -3.2853985917
      
      
  -0.9104261419  -0.7061989046  -3.2853985917
  -1.2908384055  -1.0012769032  -3.5378619047
      
      
  -1.2908384055  -1.0012769032  -3.5378619047
  -1.7741744357  -1.3761907588  -3.9240824880
      
      
  -1.7741744357  -1.3761907588  -3.9240824880
  -2.3539924872  -1.8259437415  -4.4903628297
      
      
  -2.3539924872  -1.8259437415  -4.4903628297
  -3.3668226793  -2.6115753697  -6.0911600414
      
      
  -3.3668226793  -2.6115753697  -6.0911600414
  -3.3603552862  -2.6065587454  -6.2713960728
      
      
  -3.3603552862  -2.6065587454  -6.2713960728
  -3.1524367084  -2.4452805646  -6.5354675109
      
      
  -3.1524367084  -2.4452805646  -6.5354675109
  -2.8577264691  -2.2166798703  -6.7435746538
      
      
  -2.8577264691  -2.2166798703  -6.7435746538
  -2.5862555473  -2.0061054384  -6.8450191647
      
      
  -2.8577264691  -2.2166798703  -6.7435746538
  -2.2448194154  -3.0068348826  -6.7435746538
      
      
