# shadow cont 3D ind 9  size 18
# norm  0.9975028 -0.0706270  0.0000000
# angle  0.0706858
   0.1483011520   2.0945366972  -6.7962127303
   0.1635322395   2.3096535140  -6.7268430904
      
      
   0.1635322395   2.3096535140  -6.7268430904
   0.1856586284   2.6221563692  -6.5435789188
      
      
   0.1856586284   2.6221563692  -6.5435789188
   0.2016684101   2.8482711015  -6.3118549149
      
      
   0.2016684101   2.8482711015  -6.3118549149
   0.2004628649   2.8312445405  -6.1244370001
      
      
   0.2004628649   2.8312445405  -6.1244370001
   0.1143570953   1.6151265815  -4.4956296452
      
      
   0.1143570953   1.6151265815  -4.4956296452
   0.0687387197   0.9708337995  -3.9183350642
      
      
   0.0687387197   0.9708337995  -3.9183350642
   0.0334836557   0.4729076255  -3.5399917651
      
      
   0.0334836557   0.4729076255  -3.5399917651
   0.0038737761   0.0547114168  -3.2941596553
      
      
   0.0038737761   0.0547114168  -3.2941596553
  -0.0180081191  -0.2543383227  -3.2850238313
      
      
  -0.0180081191  -0.2543383227  -3.2850238313
  -0.0469966239  -0.6637585211  -3.5303034704
      
      
  -0.0469966239  -0.6637585211  -3.5303034704
  -0.0832962074  -1.1764370055  -3.9162501112
      
      
  -0.0832962074  -1.1764370055  -3.9162501112
  -0.1296292863  -1.8308239251  -4.4964866547
      
      
  -0.1296292863  -1.8308239251  -4.4964866547
  -0.2137762903  -3.0192771865  -6.1367659141
      
      
  -0.2137762903  -3.0192771865  -6.1367659141
  -0.2149790717  -3.0362647130  -6.3237096524
      
      
  -0.2149790717  -3.0362647130  -6.3237096524
  -0.1974825815  -2.7891523994  -6.5733285692
      
      
  -0.1974825815  -2.7891523994  -6.5733285692
  -0.1762099491  -2.4887076043  -6.7440677813
      
      
  -0.1762099491  -2.4887076043  -6.7440677813
  -0.1611300777  -2.2757264946  -6.8096325325
      
      
  -0.1611300777  -2.2757264946  -6.8096325325
  -0.1605862975  -2.2680463944  -6.8266110235
      
      
  -0.1611300777  -2.2757264946  -6.8096325325
   0.8363727187  -2.3463534805  -6.8096325325
      
      
