# shadow cont 3D ind 111  size 17
# norm  0.6434559 -0.7654832  0.0000000
# angle  0.8717920
   2.5908840995   2.1778656139  -6.8399696609
   2.8785727667   2.4196932032  -6.7305746253
      
      
   2.8785727667   2.4196932032  -6.7305746253
   3.1095606509   2.6138588048  -6.5619109141
      
      
   3.1095606509   2.6138588048  -6.5619109141
   3.2870619663   2.7630642484  -6.3322841828
      
      
   3.2870619663   2.7630642484  -6.3322841828
   3.2900776962   2.7655992343  -6.1269993066
      
      
   3.2900776962   2.7655992343  -6.1269993066
   2.2412516626   1.8839688464  -4.5370179247
      
      
   2.2412516626   1.8839688464  -4.5370179247
   1.6894582066   1.4201379888  -3.9525845283
      
      
   1.6894582066   1.4201379888  -3.9525845283
   1.2332233068   1.0366324895  -3.5528418090
      
      
   1.2332233068   1.0366324895  -3.5528418090
   0.8696555587   0.7310218691  -3.2946795370
      
      
   0.8696555587   0.7310218691  -3.2946795370
  -0.8603359345  -0.7231879066  -3.2855006411
      
      
  -0.8603359345  -0.7231879066  -3.2855006411
  -1.2288077894  -1.0329208594  -3.5382741999
      
      
  -1.2288077894  -1.0329208594  -3.5382741999
  -1.6952083463  -1.4249714862  -3.9231872846
      
      
  -1.6952083463  -1.4249714862  -3.9231872846
  -2.2565379538  -1.8968183165  -4.4900149857
      
      
  -2.2565379538  -1.8968183165  -4.4900149857
  -3.2370540553  -2.7210282076  -6.0914046419
      
      
  -3.2370540553  -2.7210282076  -6.0914046419
  -3.2315719670  -2.7164200310  -6.2703437264
      
      
  -3.2315719670  -2.7164200310  -6.2703437264
  -3.0329439014  -2.5494556985  -6.5333304634
      
      
  -3.0329439014  -2.5494556985  -6.5333304634
  -2.7446621480  -2.3071295683  -6.7450103073
      
      
  -2.7446621480  -2.3071295683  -6.7450103073
  -2.4811539646  -2.0856277991  -6.8474605554
      
      
  -2.7446621480  -2.3071295683  -6.7450103073
  -2.1012062833  -3.0726127818  -6.7450103073
      
      
