# shadow cont 2D ind 16  size 19
# norm  0.9921147 -0.1253332  0.0000000
# angle  0.1256637
#  0 type   0
   2.23699128  -6.79913363
   2.46668846  -6.72660633
      
#  1 type   0
   2.46668846  -6.72660633
   2.78196202  -6.54519352
      
#  2 type   0
   2.78196202  -6.54519352
   3.01369971  -6.31302526
      
#  3 type   0
   3.01369971  -6.31302526
   2.99963260  -6.12433815
      
#  4 type   0
   2.99963260  -6.12433815
   1.74456500  -4.49512031
      
#  5 type   0
   1.74456500  -4.49512031
   1.08467923  -3.92045089
      
#  6 type   0
   1.08467923  -3.92045089
   0.56911132  -3.54050316
      
#  7 type   0
   0.56911132  -3.54050316
   0.13708054  -3.29404408
      
#  8 type   0
   0.13708054  -3.29404408
  -0.32535584  -3.28497662
      
#  9 type   0
  -0.32535584  -3.28497662
  -0.74805873  -3.53101876
      
# 10 type   0
  -0.74805873  -3.53101876
  -1.27664922  -3.91582471
      
# 11 type   0
  -1.27664922  -3.91582471
  -1.95093807  -4.49597337
      
# 12 type   0
  -1.95093807  -4.49597337
  -3.17142662  -6.13643084
      
# 13 type   0
  -3.17142662  -6.13643084
  -3.18632453  -6.32546870
      
# 14 type   0
  -3.18632453  -6.32546870
  -2.94657768  -6.56035278
      
# 15 type   0
  -2.94657768  -6.56035278
  -2.91947210  -6.58177266
      
# 16 type   0
  -2.91947210  -6.58177266
  -2.65157644  -6.73003288
      
# 17 type   0
  -2.65157644  -6.73003288
  -2.62202018  -6.74545223
      
# 18 type   0
  -2.62202018  -6.74545223
  -2.39737463  -6.81320081
      
