# shadow cont 2D ind 316  size 17
# norm -0.7901550 -0.6129071  0.0000000
# angle  2.4818582
#  0 type   0
   3.20421384  -6.85033607
   3.58285606  -6.74518615
      
#  1 type   0
   3.58285606  -6.74518615
   3.91894782  -6.56757929
      
#  2 type   0
   3.91894782  -6.56757929
   4.17151789  -6.32632768
      
#  3 type   0
   4.17151789  -6.32632768
   4.16537244  -6.12984234
      
#  4 type   0
   4.16537244  -6.12984234
   2.82808317  -4.54976610
      
#  5 type   0
   2.82808317  -4.54976610
   2.09412784  -3.97563048
      
#  6 type   0
   2.09412784  -3.97563048
   1.46067080  -3.55271435
      
#  7 type   0
   1.46067080  -3.55271435
   0.97768249  -3.29476943
      
#  8 type   0
   0.97768249  -3.29476943
  -0.69459341  -3.28527451
      
#  9 type   0
  -0.69459341  -3.28527451
  -1.19839163  -3.54655992
      
# 10 type   0
  -1.19839163  -3.54655992
  -1.77216349  -3.91874255
      
# 11 type   0
  -1.77216349  -3.91874255
  -2.52091799  -4.49330166
      
# 12 type   0
  -2.52091799  -4.49330166
  -3.84823518  -6.10430921
      
# 13 type   0
  -3.84823518  -6.10430921
  -3.84817806  -6.28268930
      
# 14 type   0
  -3.84817806  -6.28268930
  -3.58734131  -6.53591724
      
# 15 type   0
  -3.58734131  -6.53591724
  -3.24137495  -6.72429704
      
# 16 type   0
  -3.24137495  -6.72429704
  -2.96588682  -6.80741668
      
