# shadow cont 2D ind 184  size 17
# norm  0.1253332 -0.9921147  0.0000000
# angle  1.4451326
#  0 type   0
   3.43979283  -6.83842827
   3.76219971  -6.73045375
      
#  1 type   0
   3.76219971  -6.73045375
   4.05229049  -6.56098592
      
#  2 type   0
   4.05229049  -6.56098592
   4.28376820  -6.32914601
      
#  3 type   0
   4.28376820  -6.32914601
   4.27942046  -6.12502759
      
#  4 type   0
   4.27942046  -6.12502759
   3.07103485  -4.54090256
      
#  5 type   0
   3.07103485  -4.54090256
   2.43394518  -3.95366576
      
#  6 type   0
   2.43394518  -3.95366576
   1.91672961  -3.54984267
      
#  7 type   0
   1.91672961  -3.54984267
   1.51465641  -3.29400828
      
#  8 type   0
   1.51465641  -3.29400828
  -1.34733198  -3.28391568
      
#  9 type   0
  -1.34733198  -3.28391568
  -1.76283477  -3.53944910
      
# 10 type   0
  -1.76283477  -3.53944910
  -2.28202402  -3.91912362
      
# 11 type   0
  -2.28202402  -3.91912362
  -2.93371107  -4.49193674
      
# 12 type   0
  -2.93371107  -4.49193674
  -4.04189241  -6.09141853
      
# 13 type   0
  -4.04189241  -6.09141853
  -4.02143240  -6.26908650
      
# 14 type   0
  -4.02143240  -6.26908650
  -3.79229123  -6.53099953
      
# 15 type   0
  -3.79229123  -6.53099953
  -3.46129534  -6.73737239
      
# 16 type   0
  -3.46129534  -6.73737239
  -3.16621498  -6.84055176
      
