# shadow cont 2D ind 207  size 18
# norm -0.0549502 -0.9984891  0.0000000
# angle  1.6257742
#  0 type   0
   3.45828566  -6.84633812
   3.77544227  -6.74280727
      
#  1 type   0
   3.77544227  -6.74280727
   4.07562226  -6.56983936
      
#  2 type   0
   4.07562226  -6.56983936
   4.30766737  -6.33732651
      
#  3 type   0
   4.30766737  -6.33732651
   4.30288984  -6.14663975
      
#  4 type   0
   4.30288984  -6.14663975
   3.10460787  -4.56545410
      
#  5 type   0
   3.10460787  -4.56545410
   2.46695535  -3.97446457
      
#  6 type   0
   2.46695535  -3.97446457
   1.93614536  -3.55395850
      
#  7 type   0
   1.93614536  -3.55395850
   1.53517433  -3.29419250
      
#  8 type   4
   1.53517433  -3.29419250
  -1.32677066  -3.28425121
      
#  9 type   0
  -1.32677066  -3.28425121
  -1.76502251  -3.55400341
      
# 10 type   0
  -1.76502251  -3.55400341
  -2.25576486  -3.91217529
      
# 11 type   0
  -2.25576486  -3.91217529
  -2.91266028  -4.48649084
      
# 12 type   0
  -2.91266028  -4.48649084
  -4.02059279  -6.07615511
      
# 13 type   0
  -4.02059279  -6.07615511
  -4.00244496  -6.24015114
      
# 14 type   0
  -4.00244496  -6.24015114
  -3.76787437  -6.51089945
      
# 15 type   0
  -3.76787437  -6.51089945
  -3.44287829  -6.71582417
      
# 16 type   0
  -3.44287829  -6.71582417
  -3.41311673  -6.73049722
      
# 17 type   0
  -3.41311673  -6.73049722
  -3.14050766  -6.82784070
      
