# shadow cont 2D ind 311  size 17
# norm -0.7654832 -0.6434559  0.0000000
# angle  2.4425883
#  0 type   0
   3.26326558  -6.84732864
   3.62422563  -6.74497353
      
#  1 type   0
   3.62422563  -6.74497353
   3.95754960  -6.56899599
      
#  2 type   0
   3.95754960  -6.56899599
   4.20777690  -6.32794844
      
#  3 type   0
   4.20777690  -6.32794844
   4.20545296  -6.13069070
      
#  4 type   0
   4.20545296  -6.13069070
   2.86857700  -4.54955117
      
#  5 type   0
   2.86857700  -4.54955117
   2.13916946  -3.97802833
      
#  6 type   0
   2.13916946  -3.97802833
   1.50378687  -3.55290716
      
#  7 type   0
   1.50378687  -3.55290716
   1.02089573  -3.29481340
      
#  8 type   0
   1.02089573  -3.29481340
  -0.74027522  -3.28561468
      
#  9 type   0
  -0.74027522  -3.28561468
  -1.23970800  -3.54559383
      
# 10 type   0
  -1.23970800  -3.54559383
  -1.81589098  -3.91879519
      
# 11 type   0
  -1.81589098  -3.91879519
  -2.56418078  -4.49349871
      
# 12 type   0
  -2.56418078  -4.49349871
  -3.88720760  -6.10486050
      
# 13 type   0
  -3.88720760  -6.10486050
  -3.88472796  -6.28380499
      
# 14 type   0
  -3.88472796  -6.28380499
  -3.62525567  -6.53632551
      
# 15 type   0
  -3.62525567  -6.53632551
  -3.28032251  -6.72464640
      
# 16 type   0
  -3.28032251  -6.72464640
  -3.00475829  -6.80886147
      
