# shadow cont 2D ind 2  size 20
# norm  0.9998766 -0.0157073  0.0000000
# angle  0.0157080
#  0 type   0
   1.95430352  -6.79296067
   2.15274205  -6.72812979
      
#  1 type   0
   2.15274205  -6.72812979
   2.46028337  -6.54488001
      
#  2 type   0
   2.46028337  -6.54488001
   2.68500057  -6.31118299
      
#  3 type   0
   2.68500057  -6.31118299
   2.66578002  -6.12630763
      
#  4 type   0
   2.66578002  -6.12630763
   1.50629827  -4.52228559
      
#  5 type   0
   1.50629827  -4.52228559
   1.47824187  -4.48800083
      
#  6 type   0
   1.47824187  -4.48800083
   0.86266784  -3.92067209
      
#  7 type   0
   0.86266784  -3.92067209
   0.37741937  -3.53998312
      
#  8 type   0
   0.37741937  -3.53998312
  -0.02899417  -3.29420124
      
#  9 type   0
  -0.02899417  -3.29420124
  -0.18204463  -3.28493271
      
# 10 type   0
  -0.18204463  -3.28493271
  -0.57973289  -3.53048182
      
# 11 type   0
  -0.57973289  -3.53048182
  -1.07152998  -3.91324731
      
# 12 type   0
  -1.07152998  -3.91324731
  -1.70208057  -4.48874428
      
# 13 type   0
  -1.70208057  -4.48874428
  -1.72622330  -4.51863635
      
# 14 type   0
  -1.72622330  -4.51863635
  -2.87062609  -6.13960677
      
# 15 type   0
  -2.87062609  -6.13960677
  -2.88698292  -6.32520510
      
# 16 type   0
  -2.88698292  -6.32520510
  -2.64449499  -6.57413493
      
# 17 type   0
  -2.64449499  -6.57413493
  -2.35119520  -6.74422610
      
# 18 type   3
  -2.35119520  -6.74422610
  -2.14349452  -6.80987081
      
# 19 type   3
  -2.14349452  -6.80987081
  -2.13882147  -6.82725319
      
