# shadow cont 2D ind 48  size 17
# norm  0.9297765 -0.3681246  0.0000000
# angle  0.3769911
#  0 type   0
   2.82095348  -6.79872131
   3.06231451  -6.72792367
      
#  1 type   0
   3.06231451  -6.72792367
   3.38696625  -6.54884455
      
#  2 type   0
   3.38696625  -6.54884455
   3.63039191  -6.31297436
      
#  3 type   0
   3.63039191  -6.31297436
   3.62258767  -6.12187797
      
#  4 type   0
   3.62258767  -6.12187797
   2.25370768  -4.49580164
      
#  5 type   0
   2.25370768  -4.49580164
   1.54682031  -3.92543147
      
#  6 type   0
   1.54682031  -3.92543147
   0.98354151  -3.54547103
      
#  7 type   0
   0.98354151  -3.54547103
   0.51184207  -3.29463498
      
#  8 type   0
   0.51184207  -3.29463498
  -0.63855379  -3.28516634
      
#  9 type   0
  -0.63855379  -3.28516634
  -1.10010958  -3.53233047
      
# 10 type   0
  -1.10010958  -3.53233047
  -1.69338223  -3.92415493
      
# 11 type   0
  -1.69338223  -3.92415493
  -2.41481970  -4.49703264
      
# 12 type   0
  -2.41481970  -4.49703264
  -3.71669822  -6.13237909
      
# 13 type   0
  -3.71669822  -6.13237909
  -3.72570605  -6.32448085
      
# 14 type   0
  -3.72570605  -6.32448085
  -3.46056563  -6.57416132
      
# 15 type   0
  -3.46056563  -6.57416132
  -3.14226936  -6.74155507
      
# 16 type   0
  -3.14226936  -6.74155507
  -2.88191579  -6.81935663
      
