# shadow cont 2D ind 369  size 18
# norm -0.9705065 -0.2410751  0.0000000
# angle  2.8981192
#  0 type   0
   2.57675358  -6.81151886
   2.80658093  -6.74229339
      
#  1 type   0
   2.80658093  -6.74229339
   3.12435850  -6.56951712
      
#  2 type   0
   3.12435850  -6.56951712
   3.37443540  -6.32855314
      
#  3 type   0
   3.37443540  -6.32855314
   3.36182576  -6.13699982
      
#  4 type   0
   3.36182576  -6.13699982
   2.18961719  -4.62250549
      
#  5 type   0
   2.18961719  -4.62250549
   2.12915163  -4.54715289
      
#  6 type   0
   2.12915163  -4.54715289
   1.45013836  -3.97289610
      
#  7 type   0
   1.45013836  -3.97289610
   0.86438887  -3.54835997
      
#  8 type   0
   0.86438887  -3.54835997
   0.42057506  -3.29303525
      
#  9 type   0
   0.42057506  -3.29303525
  -0.16555853  -3.28317640
      
# 10 type   0
  -0.16555853  -3.28317640
  -0.62170691  -3.53753885
      
# 11 type   0
  -0.62170691  -3.53753885
  -1.14962385  -3.91378548
      
# 12 type   0
  -1.14962385  -3.91378548
  -1.83760989  -4.49133651
      
# 13 type   0
  -1.83760989  -4.49133651
  -3.09098625  -6.10537362
      
# 14 type   0
  -3.09098625  -6.10537362
  -3.10619117  -6.28599415
      
# 15 type   0
  -3.10619117  -6.28599415
  -2.85159839  -6.53783600
      
# 16 type   0
  -2.85159839  -6.53783600
  -2.52908703  -6.71944207
      
# 17 type   0
  -2.52908703  -6.71944207
  -2.26503079  -6.80456314
      
