# shadow cont 2D ind 334  size 17
# norm -0.8686315 -0.4954587  0.0000000
# angle  2.6232299
#  0 type   0
   3.13666512  -6.81363080
   3.38438201  -6.74342005
      
#  1 type   0
   3.38438201  -6.74342005
   3.72220741  -6.56723124
      
#  2 type   0
   3.72220741  -6.56723124
   3.97702859  -6.32455685
      
#  3 type   0
   3.97702859  -6.32455685
   3.96677440  -6.13022425
      
#  4 type   0
   3.96677440  -6.13022425
   2.64287206  -4.55035675
      
#  5 type   0
   2.64287206  -4.55035675
   1.91291930  -3.97578506
      
#  6 type   0
   1.91291930  -3.97578506
   1.27962752  -3.54960771
      
#  7 type   0
   1.27962752  -3.54960771
   0.80176101  -3.29393014
      
#  8 type   0
   0.80176101  -3.29393014
  -0.52363004  -3.28457802
      
#  9 type   0
  -0.52363004  -3.28457802
  -1.01879107  -3.54204463
      
# 10 type   0
  -1.01879107  -3.54204463
  -1.59202556  -3.91819882
      
# 11 type   0
  -1.59202556  -3.91819882
  -2.33334356  -4.49306569
      
# 12 type   0
  -2.33334356  -4.49306569
  -3.66035347  -6.10431931
      
# 13 type   0
  -3.66035347  -6.10431931
  -3.66641046  -6.28261431
      
# 14 type   0
  -3.66641046  -6.28261431
  -3.40256166  -6.53615796
      
# 15 type   0
  -3.40256166  -6.53615796
  -3.05585102  -6.72277714
      
# 16 type   0
  -3.05585102  -6.72277714
  -2.78153310  -6.80605333
      
