# shadow cont 2D ind 240  size 18
# norm -0.3090170 -0.9510565  0.0000000
# angle  1.8849556
#  0 type   0
   3.65091241  -6.84328891
   3.98501128  -6.74421148
      
#  1 type   0
   3.98501128  -6.74421148
   4.31179197  -6.57137235
      
#  2 type   0
   4.31179197  -6.57137235
   4.55983910  -6.33859551
      
#  3 type   0
   4.55983910  -6.33859551
   4.55594018  -6.14487585
      
#  4 type   0
   4.55594018  -6.14487585
   3.24960270  -4.57716915
      
#  5 type   0
   3.24960270  -4.57716915
   3.22873528  -4.55666259
      
#  6 type   0
   3.22873528  -4.55666259
   2.52575327  -3.97639334
      
#  7 type   0
   2.52575327  -3.97639334
   1.92846206  -3.55524571
      
#  8 type   0
   1.92846206  -3.55524571
   1.47409363  -3.29540710
      
#  9 type   0
   1.47409363  -3.29540710
  -1.22244528  -3.28531282
      
# 10 type   0
  -1.22244528  -3.28531282
  -1.71068933  -3.55110860
      
# 11 type   0
  -1.71068933  -3.55110860
  -2.26068451  -3.91271696
      
# 12 type   0
  -2.26068451  -3.91271696
  -2.99489836  -4.49002153
      
# 13 type   0
  -2.99489836  -4.49002153
  -4.23847860  -6.07781614
      
# 14 type   0
  -4.23847860  -6.07781614
  -4.22332600  -6.23520940
      
# 15 type   0
  -4.22332600  -6.23520940
  -3.96202104  -6.51109395
      
# 16 type   0
  -3.96202104  -6.51109395
  -3.58598936  -6.72857975
      
# 17 type   0
  -3.58598936  -6.72857975
  -3.22011736  -6.84320674
      
