# shadow cont 3D ind 251  size 17
# norm -0.3899277 -0.9208455  0.0000000
# angle  1.9713494
   3.3486013271  -1.4179494833  -6.8475321940
   3.6777919009  -1.5573436836  -6.7457697540
      
      
   3.6777919009  -1.5573436836  -6.7457697540
   3.9857333692  -1.6877400501  -6.5706729994
      
      
   3.9857333692  -1.6877400501  -6.5706729994
   4.2148294678  -1.7847497156  -6.3384196863
      
      
   4.2148294678  -1.7847497156  -6.3384196863
   4.2113820087  -1.7832899053  -6.1440605972
      
      
   4.2113820087  -1.7832899053  -6.1440605972
   2.9816129321  -1.2625499734  -4.5665709561
      
      
   2.9816129321  -1.2625499734  -4.5665709561
   2.3092429870  -0.9778380824  -3.9770030535
      
      
   2.3092429870  -0.9778380824  -3.9770030535
   1.7483713053  -0.7403396066  -3.5569593569
      
      
   1.7483713053  -0.7403396066  -3.5569593569
   1.3174221904  -0.5578562306  -3.2954300747
      
      
   1.3174221904  -0.5578562306  -3.2954300747
  -1.0764761863   0.4558287784  -3.2858181342
      
      
  -1.0764761863   0.4558287784  -3.2858181342
  -1.5360137510   0.6504177989  -3.5511524075
      
      
  -1.5360137510   0.6504177989  -3.5511524075
  -2.0519755399   0.8688993918  -3.9130374645
      
      
  -2.0519755399   0.8688993918  -3.9130374645
  -2.7411688559   1.1607350602  -4.4901985331
      
      
  -2.7411688559   1.1607350602  -4.4901985331
  -3.9118967876   1.6564742969  -6.0769932353
      
      
  -3.9118967876   1.6564742969  -6.0769932353
  -3.8995023475   1.6512259295  -6.2358007414
      
      
  -3.8995023475   1.6512259295  -6.2358007414
  -3.6496293453   1.5454183819  -6.5145872053
      
      
  -3.6496293453   1.5454183819  -6.5145872053
  -3.3003317937   1.3975099765  -6.7299538780
      
      
  -3.3003317937   1.3975099765  -6.7299538780
  -2.9627571836   1.2545655954  -6.8420811259
      
      
  -3.3003317937   1.3975099765  -6.7299538780
  -3.6902594815   0.4766644963  -6.7299538780
      
      
