# shadow cont 2D ind 69  size 17
# norm  0.8567175 -0.5157859  0.0000000
# angle  0.5419247
#  0 type   0
   3.10125657  -6.80076872
   3.35278044  -6.72692082
      
#  1 type   0
   3.35278044  -6.72692082
   3.67193535  -6.54824305
      
#  2 type   0
   3.67193535  -6.54824305
   3.91060210  -6.31306657
      
#  3 type   0
   3.91060210  -6.31306657
   3.90782430  -6.11923655
      
#  4 type   0
   3.90782430  -6.11923655
   2.51032545  -4.49530532
      
#  5 type   0
   2.51032545  -4.49530532
   1.79454783  -3.92592928
      
#  6 type   0
   1.79454783  -3.92592928
   1.22052634  -3.54757232
      
#  7 type   0
   1.22052634  -3.54757232
   0.74055482  -3.29514347
      
#  8 type   0
   0.74055482  -3.29514347
  -0.82655730  -3.28551000
      
#  9 type   0
  -0.82655730  -3.28551000
  -1.30177591  -3.53616468
      
# 10 type   0
  -1.30177591  -3.53616468
  -1.90826098  -3.92605332
      
# 11 type   0
  -1.90826098  -3.92605332
  -2.63893482  -4.49632372
      
# 12 type   0
  -2.63893482  -4.49632372
  -3.95258444  -6.13103426
      
# 13 type   0
  -3.95258444  -6.13103426
  -3.95560517  -6.32369084
      
# 14 type   0
  -3.95560517  -6.32369084
  -3.69436991  -6.57294404
      
# 15 type   0
  -3.69436991  -6.57294404
  -3.37348683  -6.74201431
      
# 16 type   0
  -3.37348683  -6.74201431
  -3.10012803  -6.82285671
      
