# shadow cont 3D ind 382  size 20
# norm -0.9900237 -0.1409012  0.0000000
# angle  3.0002210
   0.3303273154  -2.3210006932  -6.8017052168
   0.3572249108  -2.5099930492  -6.7427011536
      
      
   0.3572249108  -2.5099930492  -6.7427011536
   0.4006143168  -2.8148629062  -6.5694153200
      
      
   0.4006143168  -2.8148629062  -6.5694153200
   0.4347948200  -3.0550276400  -6.3273914322
      
      
   0.4347948200  -3.0550276400  -6.3273914322
   0.4324837932  -3.0387895191  -6.1375883006
      
      
   0.4324837932  -3.0387895191  -6.1375883006
   0.2712216976  -1.9057029765  -4.5812298647
      
      
   0.2712216976  -1.9057029765  -4.5812298647
   0.2670145006  -1.8761416698  -4.5448904552
      
      
   0.2670145006  -1.8761416698  -4.5448904552
   0.1757986438  -1.2352256537  -3.9709573295
      
      
   0.1757986438  -1.2352256537  -3.9709573295
   0.0975069170  -0.6851193086  -3.5479426136
      
      
   0.0975069170  -0.6851193086  -3.5479426136
   0.0382617254  -0.2688408950  -3.2941652968
      
      
   0.0382617254  -0.2688408950  -3.2941652968
  -0.0038598618   0.0271208024  -3.2825341160
      
      
  -0.0038598618   0.0271208024  -3.2825341160
  -0.0651513728   0.4577774057  -3.5350962762
      
      
  -0.0651513728   0.4577774057  -3.5350962762
  -0.1363587384   0.9581064345  -3.9154863492
      
      
  -0.1363587384   0.9581064345  -3.9154863492
  -0.2281742500   1.6032358449  -4.4915587636
      
      
  -0.2281742500   1.6032358449  -4.4915587636
  -0.3973524310   2.7919437020  -6.1057915397
      
      
  -0.3973524310   2.7919437020  -6.1057915397
  -0.3997343847   2.8086801816  -6.2614201664
      
      
  -0.3997343847   2.8086801816  -6.2614201664
  -0.3991284423   2.8044226081  -6.2940271748
      
      
  -0.3991284423   2.8044226081  -6.2940271748
  -0.3650543456   2.5650055254  -6.5396802372
      
      
  -0.3650543456   2.5650055254  -6.5396802372
  -0.3208850948   2.2546561933  -6.7221774295
      
      
  -0.3208850948   2.2546561933  -6.7221774295
  -0.2879984809   2.0235828005  -6.7972755203
      
      
  -0.2879984809   2.0235828005  -6.7972755203
  -0.2857229535   2.0075941116  -6.8125004827
      
      
  -0.2879984809   2.0235828005  -6.7972755203
  -1.2780221387   1.8826815685  -6.7972755203
      
      
