# shadow cont 3D ind 241  size 17
# norm -0.3164770 -0.9486002  0.0000000
# angle  1.8928096
   3.4494465155  -1.1508224201  -6.8467127253
   3.7799863902  -1.2610988650  -6.7457993445
      
      
   3.7799863902  -1.2610988650  -6.7457993445
   4.0927044292  -1.3654294957  -6.5715625138
      
      
   4.0927044292  -1.3654294957  -6.5715625138
   4.3294611383  -1.4444175095  -6.3379149887
      
      
   4.3294611383  -1.4444175095  -6.3379149887
   4.3231864701  -1.4423241218  -6.1420488866
      
      
   4.3231864701  -1.4423241218  -6.1420488866
   3.0739914921  -1.0255611480  -4.5655506935
      
      
   3.0739914921  -1.0255611480  -4.5655506935
   2.3969326524  -0.7996772304  -3.9780402452
      
      
   2.3969326524  -0.7996772304  -3.9780402452
   1.8257454403  -0.6091147599  -3.5542615697
      
      
   1.8257454403  -0.6091147599  -3.5542615697
   1.3928837834  -0.4647011859  -3.2950616374
      
      
   1.3928837834  -0.4647011859  -3.2950616374
  -1.1552113261   0.3854076554  -3.2854760739
      
      
  -1.1552113261   0.3854076554  -3.2854760739
  -1.6189170578   0.5401115912  -3.5508435527
      
      
  -1.6189170578   0.5401115912  -3.5508435527
  -2.1431398044   0.7150055307  -3.9135845342
      
      
  -2.1431398044   0.7150055307  -3.9135845342
  -2.8398253704   0.9474374195  -4.4896674606
      
      
  -2.8398253704   0.9474374195  -4.4896674606
  -4.0219285921   1.3418168900  -6.0761266402
      
      
  -4.0219285921   1.3418168900  -6.0761266402
  -4.0093822333   1.3376311081  -6.2361988729
      
      
  -4.0093822333   1.3376311081  -6.2361988729
  -3.7565724157   1.2532873721  -6.5137332046
      
      
  -3.7565724157   1.2532873721  -6.5137332046
  -3.4018935355   1.1349575458  -6.7288438618
      
      
  -3.4018935355   1.1349575458  -6.7288438618
  -3.0550297378   1.0192350281  -6.8432246865
      
      
  -3.4018935355   1.1349575458  -6.7288438618
  -3.7183705027   0.1863573511  -6.7288438618
      
      
