# shadow cont 3D ind 0  size 17
# norm  1.0000000  0.0000000  0.0000000
# angle -0.0000000
   0.0000000000   1.9004689764  -6.7957883950
   0.0000000000   2.1053888763  -6.7278062439
      
      
   0.0000000000   2.1053888763  -6.7278062439
   0.0000000000   2.4098126434  -6.5453634186
      
      
   0.0000000000   2.4098126434  -6.5453634186
   0.0000000000   2.6334239783  -6.3118458697
      
      
   0.0000000000   2.6334239783  -6.3118458697
   0.0000000000   2.6131142571  -6.1239314937
      
      
   0.0000000000   2.6131142571  -6.1239314937
   0.0000000000   1.4469531165  -4.4955058711
      
      
   0.0000000000   1.4469531165  -4.4955058711
   0.0000000000   0.8268479951  -3.9188838896
      
      
   0.0000000000   0.8268479951  -3.9188838896
   0.0000000000   0.3509075496  -3.5417138665
      
      
   0.0000000000   0.3509075496  -3.5417138665
   0.0000000000  -0.0492930380  -3.2967153200
      
      
   0.0000000000  -0.0492930380  -3.2967153200
   0.0000000000  -0.1607401242  -3.2853194092
      
      
   0.0000000000  -0.1607401242  -3.2853194092
   0.0000000000  -0.5537737400  -3.5302146285
      
      
   0.0000000000  -0.5537737400  -3.5302146285
   0.0000000000  -1.0378251844  -3.9111524297
      
      
   0.0000000000  -1.0378251844  -3.9111524297
   0.0000000000  -1.6725133724  -4.4960232550
      
      
   0.0000000000  -1.6725133724  -4.4960232550
   0.0000000000  -2.8224121009  -6.1389120188
      
      
   0.0000000000  -2.8224121009  -6.1389120188
   0.0000000000  -2.8396400890  -6.3263359096
      
      
   0.0000000000  -2.8396400890  -6.3263359096
   0.0000000000  -2.5971338117  -6.5755626381
      
      
   0.0000000000  -2.5971338117  -6.5755626381
   0.0000000000  -2.3141116527  -6.7404714962
      
      
   0.0000000000  -2.3141116527  -6.7404714962
   0.0000000000  -2.0919791610  -6.8165414684
      
      
   0.0000000000  -2.3141116527  -6.7404714962
   1.0000000000  -2.3141116527  -6.7404714962
      
      
