# shadow cont 3D ind 208  size 18
# norm -0.0627905 -0.9980267  0.0000000
# angle  1.6336282
   3.4630757902  -0.2178782610  -6.8449871227
   3.7758359226  -0.2375554607  -6.7435963076
      
      
   3.7758359226  -0.2375554607  -6.7435963076
   4.0756409653  -0.2564175952  -6.5714116101
      
      
   4.0756409653  -0.2564175952  -6.5714116101
   4.3102505034  -0.2711779762  -6.3382709783
      
      
   4.3102505034  -0.2711779762  -6.3382709783
   4.3040904462  -0.2707904183  -6.1437567565
      
      
   4.3040904462  -0.2707904183  -6.1437567565
   3.1049851947  -0.1953491104  -4.5651946832
      
      
   3.1049851947  -0.1953491104  -4.5651946832
   2.4679134211  -0.1552679517  -3.9757546967
      
      
   2.4679134211  -0.1552679517  -3.9757546967
   1.9321148290  -0.1215583616  -3.5521988784
      
      
   1.9321148290  -0.1215583616  -3.5521988784
   1.5306623572  -0.0963011129  -3.2939637939
      
      
   1.5306623572  -0.0963011129  -3.2939637939
  -1.3217423286   0.0831569788  -3.2840312056
      
      
  -1.3217423286   0.0831569788  -3.2840312056
  -1.7615659711   0.1108283369  -3.5539532609
      
      
  -1.7615659711   0.1108283369  -3.5539532609
  -2.2532909115   0.1417650479  -3.9121800380
      
      
  -2.2532909115   0.1417650479  -3.9121800380
  -2.9119494045   0.1832043278  -4.4867848191
      
      
  -2.9119494045   0.1832043278  -4.4867848191
  -4.0228302177   0.2530950246  -6.0772389663
      
      
  -4.0228302177   0.2530950246  -6.0772389663
  -4.0036339952   0.2518873006  -6.2406269396
      
      
  -4.0036339952   0.2518873006  -6.2406269396
  -3.7684369344   0.2370899558  -6.5111284631
      
      
  -3.7684369344   0.2370899558  -6.5111284631
  -3.4516423789   0.2171589317  -6.7107079569
      
      
  -3.4516423789   0.2171589317  -6.7107079569
  -3.4254107134   0.2155085752  -6.7248502577
      
      
  -3.4254107134   0.2155085752  -6.7248502577
  -3.1364598626   0.1973293286  -6.8321130015
      
      
  -3.4254107134   0.2155085752  -6.7248502577
  -3.4882012329  -0.7825181532  -6.7248502577
      
      
