# shadow cont 2D ind 90  size 18
# norm  0.7604060 -0.6494480  0.0000000
# angle  0.7068583
#  0 type   0
   3.18485169  -6.83929600
   3.54577899  -6.73170176
      
#  1 type   0
   3.54577899  -6.73170176
   3.85350419  -6.55333327
      
#  2 type   0
   3.85350419  -6.55333327
   4.08691587  -6.31490369
      
#  3 type   0
   4.08691587  -6.31490369
   4.08998935  -6.11847257
      
#  4 type   0
   4.08998935  -6.11847257
   2.70109201  -4.49493827
      
#  5 type   0
   2.70109201  -4.49493827
   1.99803592  -3.92811015
      
#  6 type   0
   1.99803592  -3.92811015
   1.42998543  -3.55147589
      
#  7 type   0
   1.42998543  -3.55147589
   0.95132439  -3.29500578
      
#  8 type   0
   0.95132439  -3.29500578
  -0.99056628  -3.28563977
      
#  9 type   0
  -0.99056628  -3.28563977
  -1.45984197  -3.53476492
      
# 10 type   0
  -1.45984197  -3.53476492
  -2.06778793  -3.92534229
      
# 11 type   0
  -2.06778793  -3.92534229
  -2.78753620  -4.49380843
      
# 12 type   0
  -2.78753620  -4.49380843
  -4.07797181  -6.12974894
      
# 13 type   0
  -4.07797181  -6.12974894
  -4.07546324  -6.32322865
      
# 14 type   0
  -4.07546324  -6.32322865
  -3.82302119  -6.57273710
      
# 15 type   0
  -3.82302119  -6.57273710
  -3.51668494  -6.73911382
      
# 16 type   0
  -3.51668494  -6.73911382
  -3.50437098  -6.74396809
      
# 17 type   0
  -3.50437098  -6.74396809
  -3.16745340  -6.84538346
      
