# shadow cont 3D ind 223  size 18
# norm -0.1796607 -0.9837286  0.0000000
# angle  1.7514379
   3.5187857493  -0.6426443871  -6.8451587854
   3.8455391378  -0.7023201520  -6.7430365513
      
      
   3.8455391378  -0.7023201520  -6.7430365513
   4.1552833386  -0.7588894877  -6.5700374521
      
      
   4.1552833386  -0.7588894877  -6.5700374521
   4.3931825516  -0.8023375987  -6.3382413421
      
      
   4.3931825516  -0.8023375987  -6.3382413421
   4.3879366952  -0.8013795352  -6.1432821310
      
      
   4.3879366952  -0.8013795352  -6.1432821310
   3.1431533442  -0.5740417287  -4.5648162270
      
      
   3.1431533442  -0.5740417287  -4.5648162270
   2.4758568448  -0.4521717484  -3.9764488274
      
      
   2.4758568448  -0.4521717484  -3.9764488274
   1.9138615923  -0.3495331906  -3.5527538624
      
      
   1.9138615923  -0.3495331906  -3.5527538624
   1.4910984751  -0.2723229358  -3.2943098716
      
      
   1.4910984751  -0.2723229358  -3.2943098716
  -1.2669070376   0.2313783091  -3.2844497341
      
      
  -1.2669070376   0.2313783091  -3.2844497341
  -1.7261749986   0.3152555322  -3.5523296945
      
      
  -1.7261749986   0.3152555322  -3.5523296945
  -2.2427600601   0.4096007165  -3.9132819672
      
      
  -2.2427600601   0.4096007165  -3.9132819672
  -2.9178951643   0.5329022803  -4.4778707030
      
      
  -2.9178951643   0.5329022803  -4.4778707030
  -2.9424380598   0.5373846089  -4.5044457963
      
      
  -2.9424380598   0.5373846089  -4.5044457963
  -4.0951380187   0.7479050018  -6.0786158777
      
      
  -4.0951380187   0.7479050018  -6.0786158777
  -4.0774158360   0.7446683566  -6.2380475239
      
      
  -4.0774158360   0.7446683566  -6.2380475239
  -3.8313283318   0.6997247980  -6.5114767997
      
      
  -3.8313283318   0.6997247980  -6.5114767997
  -3.4775616417   0.6351155282  -6.7268420089
      
      
  -3.4775616417   0.6351155282  -6.7268420089
  -3.1245700187   0.5706478109  -6.8449336413
      
      
  -3.4775616417   0.6351155282  -6.7268420089
  -3.6572223903  -0.3486131007  -6.7268420089
      
      
