# shadow cont 3D ind 176  size 18
# norm  0.1873813 -0.9822873  0.0000000
# angle  1.3823008
   3.4287779388   0.6540743730  -6.8367817625
   3.7570637423   0.7166982392  -6.7285783139
      
      
   3.7570637423   0.7166982392  -6.7285783139
   4.0478621633   0.7721710048  -6.5591133917
      
      
   4.0478621633   0.7721710048  -6.5591133917
   4.2772386634   0.8159269124  -6.3290656159
      
      
   4.2772386634   0.8159269124  -6.3290656159
   4.2762960370   0.8157470968  -6.1262325511
      
      
   4.2762960370   0.8157470968  -6.1262325511
   3.0499195681   0.5818032736  -4.5393082723
      
      
   3.0499195681   0.5818032736  -4.5393082723
   2.4029872706   0.4583943377  -3.9514311250
      
      
   2.4029872706   0.4583943377  -3.9514311250
   1.8753982389   0.3577513473  -3.5467793745
      
      
   1.8753982389   0.3577513473  -3.5467793745
   1.4673170550   0.2799056981  -3.2928633636
      
      
   1.4673170550   0.2799056981  -3.2928633636
  -1.3200929498  -0.2518211980  -3.2827016505
      
      
  -1.3200929498  -0.2518211980  -3.2827016505
  -1.7413613673  -0.3321824466  -3.5367914333
      
      
  -1.7413613673  -0.3321824466  -3.5367914333
  -2.2720011065  -0.4334073905  -3.9186230941
      
      
  -2.2720011065  -0.4334073905  -3.9186230941
  -2.9314535405  -0.5592046702  -4.4902611042
      
      
  -2.9314535405  -0.5592046702  -4.4902611042
  -4.0578845216  -0.7740828719  -6.0897508206
      
      
  -4.0578845216  -0.7740828719  -6.0897508206
  -4.0395440060  -0.7705842315  -6.2677996490
      
      
  -4.0395440060  -0.7705842315  -6.2677996490
  -3.8064901069  -0.7261268225  -6.5301548305
      
      
  -3.8064901069  -0.7261268225  -6.5301548305
  -3.4724557653  -0.6624063640  -6.7365744435
      
      
  -3.4724557653  -0.6624063640  -6.7365744435
  -3.1799452451  -0.6066069980  -6.8368302642
      
      
  -3.1799452451  -0.6066069980  -6.8368302642
  -3.1288641877  -0.5968627652  -6.8442334928
      
      
  -3.1799452451  -0.6066069980  -6.8368302642
  -2.9925639305  -1.5888942487  -6.8368302642
      
      
