# shadow cont 2D ind 359  size 17
# norm -0.9486002 -0.3164770  0.0000000
# angle  2.8195794
#  0 type   0
   2.76914559  -6.80919232
   2.99574346  -6.74286075
      
#  1 type   0
   2.99574346  -6.74286075
   3.32121014  -6.56913322
      
#  2 type   0
   3.32121014  -6.56913322
   3.57467894  -6.32828496
      
#  3 type   0
   3.57467894  -6.32828496
   3.56160072  -6.13446537
      
#  4 type   0
   3.56160072  -6.13446537
   2.29765461  -4.55196751
      
#  5 type   0
   2.29765461  -4.55196751
   1.59173701  -3.97238044
      
#  6 type   0
   1.59173701  -3.97238044
   0.98845334  -3.54818456
      
#  7 type   0
   0.98845334  -3.54818456
   0.53251633  -3.29383238
      
#  8 type   0
   0.53251633  -3.29383238
  -0.27217554  -3.28439275
      
#  9 type   0
  -0.27217554  -3.28439275
  -0.74347007  -3.53972861
      
# 10 type   0
  -0.74347007  -3.53972861
  -1.29002811  -3.91739991
      
# 11 type   0
  -1.29002811  -3.91739991
  -1.99685645  -4.49247963
      
# 12 type   0
  -1.99685645  -4.49247963
  -3.28158061  -6.10622759
      
# 13 type   0
  -3.28158061  -6.10622759
  -3.29314161  -6.28603846
      
# 14 type   0
  -3.29314161  -6.28603846
  -3.03304681  -6.53907556
      
# 15 type   0
  -3.03304681  -6.53907556
  -2.69915029  -6.72249916
      
# 16 type   0
  -2.69915029  -6.72249916
  -2.43375328  -6.80467506
      
