# shadow cont 2D ind 72  size 17
# norm  0.8443279 -0.5358268  0.0000000
# angle  0.5654867
#  0 type   0
   3.12691400  -6.80344616
   3.38490409  -6.72816625
      
#  1 type   0
   3.38490409  -6.72816625
   3.70338656  -6.54990605
      
#  2 type   0
   3.70338656  -6.54990605
   3.94194482  -6.31466543
      
#  3 type   0
   3.94194482  -6.31466543
   3.94040418  -6.11938574
      
#  4 type   0
   3.94040418  -6.11938574
   2.54197521  -4.49574075
      
#  5 type   0
   2.54197521  -4.49574075
   1.82783257  -3.92728889
      
#  6 type   0
   1.82783257  -3.92728889
   1.25419953  -3.54940011
      
#  7 type   0
   1.25419953  -3.54940011
   0.77170345  -3.29533341
      
#  8 type   0
   0.77170345  -3.29533341
  -0.85038265  -3.28580731
      
#  9 type   0
  -0.85038265  -3.28580731
  -1.32563674  -3.53660618
      
# 10 type   0
  -1.32563674  -3.53660618
  -1.93407971  -3.92703373
      
# 11 type   0
  -1.93407971  -3.92703373
  -2.66395666  -4.49683738
      
# 12 type   0
  -2.66395666  -4.49683738
  -3.97739899  -6.13258441
      
# 13 type   0
  -3.97739899  -6.13258441
  -3.97749773  -6.32602269
      
# 14 type   0
  -3.97749773  -6.32602269
  -3.71560861  -6.57446103
      
# 15 type   0
  -3.71560861  -6.57446103
  -3.39721156  -6.74250571
      
# 16 type   0
  -3.39721156  -6.74250571
  -3.11961041  -6.82422569
      
