# shadow cont 3D ind 248  size 18
# norm -0.3681246 -0.9297765  0.0000000
# angle  1.9477874
   3.3946449849  -1.3440350294  -6.8446335688
   3.7127360503  -1.4699761916  -6.7452800070
      
      
   3.7127360503  -1.4699761916  -6.7452800070
   4.0227896447  -1.5927350938  -6.5707234736
      
      
   4.0227896447  -1.5927350938  -6.5707234736
   4.2534532028  -1.6840612571  -6.3383928695
      
      
   4.2534532028  -1.6840612571  -6.3383928695
   4.2507066932  -1.6829738370  -6.1449356005
      
      
   4.2507066932  -1.6829738370  -6.1449356005
   3.0298176706  -1.1995896773  -4.5877767297
      
      
   3.0298176706  -1.1995896773  -4.5877767297
   3.0020798776  -1.1886075082  -4.5567647049
      
      
   3.0020798776  -1.1886075082  -4.5567647049
   2.3380853389  -0.9257134726  -3.9772627915
      
      
   2.3380853389  -0.9257134726  -3.9772627915
   1.7725821777  -0.7018149321  -3.5552101274
      
      
   1.7725821777  -0.7018149321  -3.5552101274
   1.3400824013  -0.5305761568  -3.2949565744
      
      
   1.3400824013  -0.5305761568  -3.2949565744
  -1.1027050726   0.4365918237  -3.2858243740
      
      
  -1.1027050726   0.4365918237  -3.2858243740
  -1.5646442588   0.6194864859  -3.5514239504
      
      
  -1.5646442588   0.6194864859  -3.5514239504
  -2.0829060542   0.8246808465  -3.9132216651
      
      
  -2.0829060542   0.8246808465  -3.9132216651
  -2.7752877032   1.0988141341  -4.4900809612
      
      
  -2.7752877032   1.0988141341  -4.4900809612
  -3.9502102814   1.5639988910  -6.0761809315
      
      
  -3.9502102814   1.5639988910  -6.0761809315
  -3.9381706708   1.5592320720  -6.2361815639
      
      
  -3.9381706708   1.5592320720  -6.2361815639
  -3.6871869159   1.4598605737  -6.5143794010
      
      
  -3.6871869159   1.4598605737  -6.5143794010
  -3.3377648187   1.3215145785  -6.7282494725
      
      
  -3.3377648187   1.3215145785  -6.7282494725
  -3.0047383638   1.1896600773  -6.8401298948
      
      
  -3.3377648187   1.3215145785  -6.7282494725
  -3.7058893714   0.3917380926  -6.7282494725
      
      
