# shadow cont 2D ind 163  size 17
# norm  0.2865246 -0.9580729  0.0000000
# angle  1.2801990
#  0 type   0
   3.54186971  -6.83771309
   3.89313686  -6.72845351
      
#  1 type   0
   3.89313686  -6.72845351
   4.19665475  -6.55930022
      
#  2 type   0
   4.19665475  -6.55930022
   4.43558834  -6.32835162
      
#  3 type   0
   4.43558834  -6.32835162
   4.43246520  -6.12296556
      
#  4 type   0
   4.43246520  -6.12296556
   3.13380204  -4.53763968
      
#  5 type   0
   3.13380204  -4.53763968
   2.44869831  -3.95083611
      
#  6 type   0
   2.44869831  -3.95083611
   1.88737636  -3.54669650
      
#  7 type   0
   1.88737636  -3.54669650
   1.45191929  -3.29281434
      
#  8 type   0
   1.45191929  -3.29281434
  -1.32667052  -3.28283958
      
#  9 type   0
  -1.32667052  -3.28283958
  -1.77505339  -3.53661088
      
# 10 type   0
  -1.77505339  -3.53661088
  -2.34077758  -3.91878278
      
# 11 type   0
  -2.34077758  -3.91878278
  -3.03950244  -4.48979723
      
# 12 type   0
  -3.03950244  -4.48979723
  -4.23805343  -6.08943410
      
# 13 type   0
  -4.23805343  -6.08943410
  -4.22140102  -6.26781853
      
# 14 type   0
  -4.22140102  -6.26781853
  -3.97476951  -6.53002572
      
# 15 type   0
  -3.97476951  -6.53002572
  -3.62079971  -6.73738591
      
# 16 type   0
  -3.62079971  -6.73738591
  -3.29141690  -6.84269278
      
