# shadow cont 2D ind 399  size 18
# norm -0.9999692 -0.0078539  0.0000000
# angle  3.1337387
#  0 type   0
   2.08976199  -6.80698368
   2.28271432  -6.74583263
      
#  1 type   0
   2.28271432  -6.74583263
   2.57215700  -6.57650963
      
#  2 type   0
   2.57215700  -6.57650963
   2.81762634  -6.32559327
      
#  3 type   0
   2.81762634  -6.32559327
   2.79958447  -6.13878580
      
#  4 type   0
   2.79958447  -6.13878580
   1.67147563  -4.51935935
      
#  5 type   0
   1.67147563  -4.51935935
   1.64730767  -4.48854017
      
#  6 type   0
   1.64730767  -4.48854017
   1.02280057  -3.91024579
      
#  7 type   0
   1.02280057  -3.91024579
   0.54234441  -3.53007503
      
#  8 type   0
   0.54234441  -3.53007503
   0.15023990  -3.28434385
      
#  9 type   0
   0.15023990  -3.28434385
   0.06332417  -3.29491921
      
# 10 type   0
   0.06332417  -3.29491921
  -0.33715559  -3.54104224
      
# 11 type   0
  -0.33715559  -3.54104224
  -0.81284975  -3.92046014
      
# 12 type   0
  -0.81284975  -3.92046014
  -1.42746708  -4.49475525
      
# 13 type   0
  -1.42746708  -4.49475525
  -2.58827848  -6.12422940
      
# 14 type   0
  -2.58827848  -6.12422940
  -2.60736339  -6.31117785
      
# 15 type   0
  -2.60736339  -6.31117785
  -2.38397381  -6.54489371
      
# 16 type   0
  -2.38397381  -6.54489371
  -2.08394815  -6.72506238
      
# 17 type   0
  -2.08394815  -6.72506238
  -1.85160282  -6.80555410
      
