# shadow cont 3D ind 232  size 17
# norm -0.2486899 -0.9685832  0.0000000
# angle  1.8221237
   3.5030184416  -0.8994222654  -6.8457564807
   3.8314449380  -0.9837478572  -6.7450611137
      
      
   3.8314449380  -0.9837478572  -6.7450611137
   4.1443711973  -1.0640936646  -6.5720511500
      
      
   4.1443711973  -1.0640936646  -6.5720511500
   4.3829091660  -1.1253398053  -6.3405705290
      
      
   4.3829091660  -1.1253398053  -6.3405705290
   4.3798330787  -1.1245500003  -6.1446298535
      
      
   4.3798330787  -1.1245500003  -6.1446298535
   3.1256563229  -0.8025321412  -4.5659993312
      
      
   3.1256563229  -0.8025321412  -4.5659993312
   2.4485861539  -0.6286900689  -3.9766941891
      
      
   2.4485861539  -0.6286900689  -3.9766941891
   1.8802960777  -0.4827779773  -3.5541125263
      
      
   1.8802960777  -0.4827779773  -3.5541125263
   1.4494455556  -0.3721543654  -3.2947954861
      
      
   1.4494455556  -0.3721543654  -3.2947954861
  -1.2163271203   0.3122997244  -3.2850716456
      
      
  -1.2163271203   0.3122997244  -3.2850716456
  -1.6815416567   0.4317465156  -3.5526489316
      
      
  -1.6815416567   0.4317465156  -3.5526489316
  -2.2019935922   0.5653758603  -3.9125875267
      
      
  -2.2019935922   0.5653758603  -3.9125875267
  -2.8985990535   0.7442337431  -4.4887413183
      
      
  -2.8985990535   0.7442337431  -4.4887413183
  -4.0787443265   1.0472435481  -6.0769810282
      
      
  -4.0787443265   1.0472435481  -6.0769810282
  -4.0622933750   1.0430196617  -6.2395997338
      
      
  -4.0622933750   1.0430196617  -6.2395997338
  -3.8112606495   0.9785654128  -6.5136122290
      
      
  -3.8112606495   0.9785654128  -6.5136122290
  -3.4543576974   0.8869283098  -6.7292277781
      
      
  -3.4543576974   0.8869283098  -6.7292277781
  -3.0916672602   0.7938052332  -6.8472775547
      
      
  -3.4543576974   0.8869283098  -6.7292277781
  -3.7030475845  -0.0816548513  -6.7292277781
      
      
