# shadow cont 2D ind 64  size 17
# norm  0.8763067 -0.4817537  0.0000000
# angle  0.5026548
#  0 type   0
   3.03767472  -6.80082623
   3.28834284  -6.72777485
      
#  1 type   0
   3.28834284  -6.72777485
   3.61057782  -6.54898195
      
#  2 type   0
   3.61057782  -6.54898195
   3.85149538  -6.31337215
      
#  3 type   0
   3.85149538  -6.31337215
   3.84808136  -6.12034348
      
#  4 type   0
   3.84808136  -6.12034348
   2.45389461  -4.49540286
      
#  5 type   0
   2.45389461  -4.49540286
   1.73976281  -3.92684616
      
#  6 type   0
   1.73976281  -3.92684616
   1.16784984  -3.54836654
      
#  7 type   0
   1.16784984  -3.54836654
   0.68639105  -3.29489147
      
#  8 type   0
   0.68639105  -3.29489147
  -0.78452502  -3.28532303
      
#  9 type   0
  -0.78452502  -3.28532303
  -1.25883009  -3.53612381
      
# 10 type   0
  -1.25883009  -3.53612381
  -1.86247066  -3.92574521
      
# 11 type   0
  -1.86247066  -3.92574521
  -2.59232745  -4.49639096
      
# 12 type   0
  -2.59232745  -4.49639096
  -3.90706740  -6.13191956
      
# 13 type   0
  -3.90706740  -6.13191956
  -3.91074323  -6.32408333
      
# 14 type   0
  -3.91074323  -6.32408333
  -3.64775579  -6.57345300
      
# 15 type   0
  -3.64775579  -6.57345300
  -3.32734711  -6.74162801
      
# 16 type   0
  -3.32734711  -6.74162801
  -3.05796832  -6.82170625
      
