# shadow cont 3D ind 179  size 17
# norm  0.1641868 -0.9864293  0.0000000
# angle  1.4058627
   3.4267675836   0.5703705150  -6.8370541623
   3.7494931043   0.6240867701  -6.7296870474
      
      
   3.7494931043   0.6240867701  -6.7296870474
   4.0402143228   0.6724760486  -6.5602462951
      
      
   4.0402143228   0.6724760486  -6.5602462951
   4.2704054420   0.7107903562  -6.3288571187
      
      
   4.2704054420   0.7107903562  -6.3288571187
   4.2675649657   0.7103175713  -6.1252460555
      
      
   4.2675649657   0.7103175713  -6.1252460555
   3.0512917907   0.5078742073  -4.5399277940
      
      
   3.0512917907   0.5078742073  -4.5399277940
   2.4099113909   0.4011192378  -3.9524888693
      
      
   2.4099113909   0.4011192378  -3.9524888693
   1.8895445132   0.3145064411  -3.5496758477
      
      
   1.8895445132   0.3145064411  -3.5496758477
   1.4826617870   0.2467825863  -3.2932396058
      
      
   1.4826617870   0.2467825863  -3.2932396058
  -1.3278396090  -0.2210131102  -3.2833913481
      
      
  -1.3278396090  -0.2210131102  -3.2833913481
  -1.7460604353  -0.2906241423  -3.5383511856
      
      
  -1.7460604353  -0.2906241423  -3.5383511856
  -2.2703614971  -0.3778917668  -3.9187295991
      
      
  -2.2703614971  -0.3778917668  -3.9187295991
  -2.9252195557  -0.4868900338  -4.4907459703
      
      
  -2.9252195557  -0.4868900338  -4.4907459703
  -4.0418335611  -0.6727455638  -6.0897686794
      
      
  -4.0418335611  -0.6727455638  -6.0897686794
  -4.0228746291  -0.6695899323  -6.2681618383
      
      
  -4.0228746291  -0.6695899323  -6.2681618383
  -3.7923609295  -0.6312219326  -6.5304781596
      
      
  -3.7923609295  -0.6312219326  -6.5304781596
  -3.4587045403  -0.5756862822  -6.7376395519
      
      
  -3.4587045403  -0.5756862822  -6.7376395519
  -3.1386344279  -0.5224120083  -6.8470510779
      
      
  -3.4587045403  -0.5756862822  -6.7376395519
  -3.2945176937  -1.5621155393  -6.7376395519
      
      
