# shadow cont 2D ind 146  size 18
# norm  0.4115144 -0.9114033  0.0000000
# angle  1.1466813
#  0 type   0
   3.55024385  -6.83922614
   3.92114244  -6.72953806
      
#  1 type   0
   3.92114244  -6.72953806
   4.23258245  -6.55902891
      
#  2 type   0
   4.23258245  -6.55902891
   4.47248718  -6.32735299
      
#  3 type   0
   4.47248718  -6.32735299
   4.47194276  -6.12524152
      
#  4 type   0
   4.47194276  -6.12524152
   3.12501636  -4.53780853
      
#  5 type   0
   3.12501636  -4.53780853
   2.41340952  -3.95017366
      
#  6 type   0
   2.41340952  -3.95017366
   1.83044736  -3.54818256
      
#  7 type   0
   1.83044736  -3.54818256
   1.37382526  -3.29313513
      
#  8 type   0
   1.37382526  -3.29313513
  -1.28229425  -3.28334938
      
#  9 type   0
  -1.28229425  -3.28334938
  -1.74920338  -3.53594860
      
# 10 type   0
  -1.74920338  -3.53594860
  -2.34028015  -3.91920047
      
# 11 type   0
  -2.34028015  -3.91920047
  -3.04951955  -4.47724773
      
# 12 type   0
  -3.04951955  -4.47724773
  -3.07832546  -4.50588800
      
# 13 type   0
  -3.07832546  -4.50588800
  -4.31460337  -6.09289716
      
# 14 type   0
  -4.31460337  -6.09289716
  -4.29904742  -6.26963998
      
# 15 type   0
  -4.29904742  -6.26963998
  -4.04407517  -6.53064885
      
# 16 type   0
  -4.04407517  -6.53064885
  -3.67814225  -6.73830234
      
# 17 type   0
  -3.67814225  -6.73830234
  -3.33920133  -6.84260967
      
