# shadow cont 2D ind 257  size 17
# norm -0.4328726 -0.9014551  0.0000000
# angle  2.0184733
#  0 type   0
   3.63624032  -6.84613784
   3.98780367  -6.74569490
      
#  1 type   0
   3.98780367  -6.74569490
   4.32173711  -6.57203020
      
#  2 type   0
   4.32173711  -6.57203020
   4.57235371  -6.33893413
      
#  3 type   0
   4.57235371  -6.33893413
   4.56834841  -6.14282419
      
#  4 type   0
   4.56834841  -6.14282419
   3.22670321  -4.56667560
      
#  5 type   0
   3.22670321  -4.56667560
   2.49160956  -3.97815665
      
#  6 type   0
   2.49160956  -3.97815665
   1.87451677  -3.55620039
      
#  7 type   0
   1.87451677  -3.55620039
   1.40284260  -3.29536824
      
#  8 type   0
   1.40284260  -3.29536824
  -1.13649233  -3.28610944
      
#  9 type   0
  -1.13649233  -3.28610944
  -1.64053897  -3.55180787
      
# 10 type   0
  -1.64053897  -3.55180787
  -2.20390805  -3.91346247
      
# 11 type   0
  -2.20390805  -3.91346247
  -2.95748947  -4.49058464
      
# 12 type   0
  -2.95748947  -4.49058464
  -4.23886374  -6.07564350
      
# 13 type   0
  -4.23886374  -6.07564350
  -4.22831276  -6.23173660
      
# 14 type   0
  -4.22831276  -6.23173660
  -3.95791537  -6.51208057
      
# 15 type   0
  -3.95791537  -6.51208057
  -3.57529729  -6.72856508
      
# 16 type   0
  -3.57529729  -6.72856508
  -3.21937616  -6.83839961
      
