# shadow cont 2D ind 348  size 17
# norm -0.9177546 -0.3971479  0.0000000
# angle  2.7331856
#  0 type   0
   2.95543781  -6.80861519
   3.18271773  -6.74381124
      
#  1 type   0
   3.18271773  -6.74381124
   3.51726497  -6.56712358
      
#  2 type   0
   3.51726497  -6.56712358
   3.77055372  -6.32819231
      
#  3 type   0
   3.77055372  -6.32819231
   3.75929963  -6.13291115
      
#  4 type   0
   3.75929963  -6.13291115
   2.46222747  -4.55108452
      
#  5 type   0
   2.46222747  -4.55108452
   1.74405082  -3.97529009
      
#  6 type   0
   1.74405082  -3.97529009
   1.12551509  -3.55060576
      
#  7 type   0
   1.12551509  -3.55060576
   0.65460258  -3.29383025
      
#  8 type   0
   0.65460258  -3.29383025
  -0.38587229  -3.28510904
      
#  9 type   0
  -0.38587229  -3.28510904
  -0.87088628  -3.54215349
      
# 10 type   0
  -0.87088628  -3.54215349
  -1.42985247  -3.91765541
      
# 11 type   0
  -1.42985247  -3.91765541
  -2.15561544  -4.49291511
      
# 12 type   0
  -2.15561544  -4.49291511
  -3.46526636  -6.10513091
      
# 13 type   0
  -3.46526636  -6.10513091
  -3.47523429  -6.28346563
      
# 14 type   0
  -3.47523429  -6.28346563
  -3.21351412  -6.53719644
      
# 15 type   0
  -3.21351412  -6.53719644
  -2.87434581  -6.72112780
      
# 16 type   0
  -2.87434581  -6.72112780
  -2.59865434  -6.80696990
      
