# shadow cont 2D ind 282  size 18
# norm -0.6004202 -0.7996847  0.0000000
# angle  2.2148228
#  0 type   0
   3.50810247  -6.84758516
   3.86331241  -6.74747665
      
#  1 type   0
   3.86331241  -6.74747665
   4.19828301  -6.57099333
      
#  2 type   0
   4.19828301  -6.57099333
   4.44159956  -6.33775889
      
#  3 type   0
   4.44159956  -6.33775889
   4.43940774  -6.14374530
      
#  4 type   0
   4.43940774  -6.14374530
   3.11123133  -4.57893111
      
#  5 type   0
   3.11123133  -4.57893111
   3.08110987  -4.55142944
      
#  6 type   0
   3.08110987  -4.55142944
   2.35876187  -3.97980550
      
#  7 type   0
   2.35876187  -3.97980550
   1.73585089  -3.55872457
      
#  8 type   0
   1.73585089  -3.55872457
   1.25382399  -3.29579047
      
#  9 type   0
   1.25382399  -3.29579047
  -0.97536115  -3.28677258
      
# 10 type   0
  -0.97536115  -3.28677258
  -1.48346885  -3.55098524
      
# 11 type   0
  -1.48346885  -3.55098524
  -2.04685590  -3.91106247
      
# 12 type   0
  -2.04685590  -3.91106247
  -2.81025270  -4.49246831
      
# 13 type   0
  -2.81025270  -4.49246831
  -4.10591324  -6.07607711
      
# 14 type   0
  -4.10591324  -6.07607711
  -4.09647590  -6.23623015
      
# 15 type   0
  -4.09647590  -6.23623015
  -3.81889914  -6.51742389
      
# 16 type   0
  -3.81889914  -6.51742389
  -3.44639077  -6.72928015
      
# 17 type   0
  -3.44639077  -6.72928015
  -3.14863820  -6.82317226
      
