# shadow cont 2D ind 127  size 17
# norm  0.5424415 -0.8400936  0.0000000
# angle  0.9974557
#  0 type   0
   3.51145268  -6.83501328
   3.87093921  -6.73003491
      
#  1 type   0
   3.87093921  -6.73003491
   4.17875991  -6.56090560
      
#  2 type   0
   4.17875991  -6.56090560
   4.41681977  -6.33078870
      
#  3 type   0
   4.41681977  -6.33078870
   4.41837103  -6.12613053
      
#  4 type   0
   4.41837103  -6.12613053
   3.04557628  -4.53734631
      
#  5 type   0
   3.04557628  -4.53734631
   2.32275014  -3.95194460
      
#  6 type   0
   2.32275014  -3.95194460
   1.73170065  -3.55408830
      
#  7 type   0
   1.73170065  -3.55408830
   1.25692151  -3.29479462
      
#  8 type   0
   1.25692151  -3.29479462
  -1.20779537  -3.28492932
      
#  9 type   0
  -1.20779537  -3.28492932
  -1.68804367  -3.53816011
      
# 10 type   0
  -1.68804367  -3.53816011
  -2.29326644  -3.92140664
      
# 11 type   0
  -2.29326644  -3.92140664
  -3.02979810  -4.49006119
      
# 12 type   0
  -3.02979810  -4.49006119
  -4.30798496  -6.09096589
      
# 13 type   0
  -4.30798496  -6.09096589
  -4.29811697  -6.26992280
      
# 14 type   0
  -4.29811697  -6.26992280
  -4.03487986  -6.53480571
      
# 15 type   0
  -4.03487986  -6.53480571
  -3.66088753  -6.74274208
      
# 16 type   0
  -3.66088753  -6.74274208
  -3.31700207  -6.84454149
      
